0 950 439 1049 577 52770 0 0 0 moving 
0 954 439 1046 576 52771 0 0 1 moving 
0 959 440 1044 576 52772 0 0 1 moving 
0 964 441 1042 576 52773 0 0 0 moving 
0 968 441 1046 576 52774 0 0 1 moving 
0 973 442 1051 576 52775 0 0 1 moving 
0 978 443 1055 576 52776 0 0 1 moving 
0 983 444 1060 576 52777 0 0 0 moving 
0 988 445 1072 576 52778 0 0 1 moving 
0 993 446 1084 577 52779 0 0 1 moving 
0 998 447 1096 578 52780 0 0 0 moving 
0 1011 448 1105 581 52781 0 0 1 moving 
0 1025 449 1115 584 52782 0 0 1 moving 
0 1039 450 1124 588 52783 0 0 1 moving 
0 1053 451 1134 591 52784 0 0 1 moving 
0 1066 452 1143 594 52785 0 0 1 moving 
0 1080 453 1153 598 52786 0 0 1 moving 
0 1094 454 1162 601 52787 0 0 1 moving 
0 1108 455 1172 605 52788 0 0 0 moving 
0 1119 456 1183 606 52789 0 0 1 moving 
1 878 423 941 524 52770 0 0 0 moving 
1 891 423 957 522 52771 0 0 1 falling 
1 905 424 974 521 52772 0 0 1 falling 
1 918 424 991 520 52773 0 0 1 falling 
1 932 425 1008 519 52774 0 0 1 falling 
1 946 425 1025 518 52775 0 0 1 falling 
1 959 426 1042 517 52776 0 0 1 falling 
1 973 426 1059 516 52777 0 0 1 falling 
1 986 427 1076 515 52778 0 0 1 falling 
1 1000 427 1093 514 52779 0 0 1 falling 
1 1014 428 1110 513 52780 0 0 0 falling 
1 1032 425 1126 513 52781 0 0 1 falling 
1 1051 423 1142 513 52782 0 0 1 falling 
1 1069 420 1158 513 52783 0 0 1 falling 
1 1088 418 1174 513 52784 0 0 1 falling 
1 1107 416 1191 513 52785 0 0 0 falling 
1 1120 414 1202 513 52786 0 0 1 falling 
1 1133 413 1214 513 52787 0 0 1 falling 
1 1146 411 1225 513 52788 0 0 1 falling 
1 1159 410 1237 513 52789 0 0 1 falling 
2 842 382 916 481 52770 0 0 0 falling 
2 840 377 922 481 52771 0 0 1 moving 
2 838 372 928 481 52772 0 0 1 moving 
2 836 367 935 482 52773 0 0 0 moving 
2 847 366 942 482 52774 0 0 1 moving 
2 859 365 949 483 52775 0 0 1 moving 
2 871 364 956 484 52776 0 0 1 moving 
2 882 364 964 484 52777 0 0 1 moving 
2 894 363 971 485 52778 0 0 1 moving 
2 906 362 978 486 52779 0 0 1 moving 
2 918 362 986 487 52780 0 0 0 moving 
2 927 363 995 488 52781 0 0 1 moving 
2 936 365 1004 490 52782 0 0 1 moving 
2 946 366 1014 491 52783 0 0 1 moving 
2 955 368 1023 493 52784 0 0 1 moving 
2 965 370 1033 495 52785 0 0 1 moving 
2 974 371 1042 496 52786 0 0 1 moving 
2 983 373 1051 498 52787 0 0 1 moving 
2 993 374 1061 499 52788 0 0 1 moving 
2 1002 376 1070 501 52789 0 0 1 moving 
3 640 429 710 564 52770 0 0 0 moving 
3 650 427 716 562 52771 0 0 1 standing 
3 660 425 723 561 52772 0 0 1 standing 
3 671 423 730 559 52773 0 0 1 standing 
3 681 421 737 558 52774 0 0 1 standing 
3 692 420 744 557 52775 0 0 0 standing 
3 702 418 756 555 52776 0 0 1 standing 
3 713 416 768 554 52777 0 0 1 standing 
3 723 414 780 553 52778 0 0 1 standing 
3 734 412 792 552 52779 0 0 1 standing 
3 745 411 805 551 52780 0 0 0 standing 
3 757 411 816 551 52781 0 0 1 standing 
3 769 411 827 551 52782 0 0 1 standing 
3 782 411 838 551 52783 0 0 1 standing 
3 794 411 849 551 52784 0 0 1 standing 
3 807 411 860 551 52785 0 0 1 standing 
3 819 411 871 551 52786 0 0 1 standing 
3 832 412 883 551 52787 0 0 0 standing 
3 840 412 890 551 52788 0 0 1 standing 
3 848 412 897 551 52789 0 0 1 standing 
4 562 414 617 572 52770 0 0 0 standing 
4 573 418 628 573 52771 0 0 1 standing 
4 584 422 639 574 52772 0 0 1 standing 
4 595 426 650 576 52773 0 0 1 standing 
4 606 430 661 577 52774 0 0 1 standing 
4 618 434 672 579 52775 0 0 0 standing 
4 634 437 688 579 52776 0 0 1 standing 
4 651 440 705 579 52777 0 0 1 standing 
4 667 443 721 580 52778 0 0 1 standing 
4 684 446 738 580 52779 0 0 1 standing 
4 701 450 755 581 52780 0 0 0 standing 
4 721 446 772 578 52781 0 0 1 standing 
4 742 443 790 576 52782 0 0 1 standing 
4 763 440 807 574 52783 0 0 1 standing 
4 784 437 825 572 52784 0 0 0 standing 
4 794 436 837 570 52785 0 0 1 standing 
4 805 435 850 569 52786 0 0 1 standing 
4 815 434 863 567 52787 0 0 1 standing 
4 826 433 875 566 52788 0 0 1 standing 
4 836 432 888 564 52789 0 0 1 standing 
5 664 480 754 626 52770 0 0 0 standing 
5 674 479 760 625 52771 0 0 1 standing 
5 685 479 767 625 52772 0 0 1 standing 
5 696 479 773 625 52773 0 0 1 standing 
5 707 479 780 624 52774 0 0 1 standing 
5 718 479 786 624 52775 0 0 1 standing 
5 728 478 793 624 52776 0 0 1 standing 
5 739 478 799 623 52777 0 0 1 standing 
5 750 478 806 623 52778 0 0 1 standing 
5 761 478 812 623 52779 0 0 1 standing 
5 772 478 819 623 52780 0 0 0 standing 
5 781 483 833 627 52781 0 0 1 standing 
5 791 488 848 632 52782 0 0 1 standing 
5 801 493 863 637 52783 0 0 0 standing 
5 809 491 875 635 52784 0 0 1 standing 
5 817 490 887 633 52785 0 0 1 standing 
5 826 489 900 632 52786 0 0 0 standing 
5 834 488 902 631 52787 0 0 1 standing 
5 843 487 904 631 52788 0 0 1 standing 
5 852 486 906 630 52789 0 0 1 standing 
6 320 450 375 568 52770 0 1 0 standing 
6 330 446 385 566 52771 0 1 1 standing 
6 340 443 395 565 52772 0 1 1 standing 
6 350 440 405 564 52773 0 1 1 standing 
6 360 437 415 563 52774 0 1 0 standing 
6 375 433 430 561 52775 0 1 1 standing 
6 390 429 445 559 52776 0 1 1 standing 
6 405 425 460 558 52777 0 1 1 standing 
6 420 421 475 556 52778 0 1 1 standing 
6 435 417 490 554 52779 0 1 1 standing 
6 451 414 505 553 52780 0 1 0 standing 
6 468 416 523 555 52781 0 1 1 standing 
6 485 418 542 557 52782 0 1 1 standing 
6 502 421 560 559 52783 0 1 1 standing 
6 519 423 579 561 52784 0 1 1 standing 
6 536 425 597 563 52785 0 1 1 standing 
6 553 428 616 566 52786 0 1 0 standing 
6 563 432 624 570 52787 0 1 1 standing 
6 574 437 632 575 52788 0 1 1 standing 
6 584 441 640 580 52789 0 1 1 standing 
7 214 483 276 632 52770 0 0 0 standing 
7 224 484 284 630 52771 0 0 1 standing 
7 234 486 292 628 52772 0 0 1 standing 
7 244 488 300 626 52773 0 0 1 standing 
7 255 490 308 625 52774 0 0 0 standing 
7 271 488 328 620 52775 0 0 1 standing 
7 287 487 348 616 52776 0 0 1 standing 
7 304 485 368 611 52777 0 0 1 standing 
7 320 484 388 607 52778 0 0 1 standing 
7 336 482 408 602 52779 0 0 1 standing 
7 353 481 429 598 52780 0 0 0 standing 
7 364 479 444 598 52781 0 0 1 standing 
7 376 477 459 598 52782 0 0 1 standing 
7 387 476 474 598 52783 0 0 1 standing 
7 399 474 489 598 52784 0 0 1 standing 
7 410 472 504 598 52785 0 0 1 standing 
7 422 471 519 598 52786 0 0 0 standing 
7 425 469 517 599 52787 0 0 1 standing 
7 429 468 515 600 52788 0 0 1 standing 
7 432 466 513 601 52789 0 0 1 standing 
8 52 449 111 588 52770 0 0 0 standing 
8 61 449 120 588 52771 0 0 1 standing 
8 70 450 129 589 52772 0 0 1 standing 
8 79 450 138 589 52773 0 0 1 standing 
8 88 451 147 590 52774 0 0 0 standing 
8 103 449 162 588 52775 0 0 1 standing 
8 119 448 178 587 52776 0 0 1 standing 
8 135 446 194 585 52777 0 0 1 standing 
8 151 445 210 584 52778 0 0 1 standing 
8 167 443 226 582 52779 0 0 1 standing 
8 183 442 242 581 52780 0 0 0 standing 
8 197 441 259 580 52781 0 0 1 standing 
8 212 440 277 579 52782 0 0 1 standing 
8 226 439 295 578 52783 0 0 1 standing 
8 241 438 313 577 52784 0 0 0 standing 
8 248 437 323 576 52785 0 0 1 standing 
8 256 437 334 576 52786 0 0 1 standing 
8 263 437 345 576 52787 0 0 1 standing 
8 271 437 355 575 52788 0 0 1 standing 
8 278 437 366 575 52789 0 0 1 standing 
9 476 479 534 621 52770 0 0 0 standing 
9 487 478 546 620 52771 0 0 1 standing 
9 498 477 559 619 52772 0 0 1 standing 
9 509 476 571 618 52773 0 0 1 standing 
9 520 476 584 617 52774 0 0 1 standing 
9 532 475 596 617 52775 0 0 1 standing 
9 543 474 609 616 52776 0 0 1 standing 
9 554 474 621 615 52777 0 0 1 standing 
9 565 473 634 614 52778 0 0 1 standing 
9 576 472 646 613 52779 0 0 1 standing 
9 588 472 659 613 52780 0 0 0 standing 
9 600 473 671 612 52781 0 0 1 standing 
9 613 474 684 612 52782 0 0 1 standing 
9 626 476 697 611 52783 0 0 1 standing 
9 639 477 709 611 52784 0 0 1 standing 
9 652 479 722 610 52785 0 0 1 standing 
9 664 480 735 610 52786 0 0 1 standing 
9 677 481 747 609 52787 0 0 1 standing 
9 690 483 760 609 52788 0 0 1 standing 
9 703 484 773 608 52789 0 0 1 standing 
10 495 409 540 552 52770 0 0 0 standing 
10 506 408 551 551 52771 0 0 1 standing 
10 518 408 563 551 52772 0 0 1 standing 
10 530 408 575 551 52773 0 0 1 standing 
10 542 408 587 551 52774 0 0 1 standing 
10 554 408 599 551 52775 0 0 1 standing 
10 565 407 610 550 52776 0 0 1 standing 
10 577 407 622 550 52777 0 0 1 standing 
10 589 407 634 550 52778 0 0 1 standing 
10 601 407 646 550 52779 0 0 1 standing 
10 613 407 658 550 52780 0 0 0 standing 
10 622 403 670 543 52781 0 0 1 standing 
10 631 400 682 536 52782 0 0 1 standing 
10 640 396 694 529 52783 0 0 1 standing 
10 649 393 706 523 52784 0 0 1 standing 
10 658 389 718 516 52785 0 0 1 standing 
10 667 386 730 509 52786 0 0 1 standing 
10 677 383 743 503 52787 0 0 0 standing 
10 677 384 746 501 52788 0 0 1 standing 
10 677 386 750 499 52789 0 0 1 standing 
11 494 418 546 552 52770 0 0 0 standing 
11 505 417 557 551 52771 0 0 1 standing 
11 517 416 569 550 52772 0 0 1 standing 
11 529 415 581 549 52773 0 0 1 standing 
11 541 414 593 548 52774 0 0 1 standing 
11 553 413 605 547 52775 0 0 1 standing 
11 565 412 617 546 52776 0 0 1 standing 
11 577 412 629 546 52777 0 0 0 standing 
11 596 411 648 545 52778 0 0 1 standing 
11 616 411 668 545 52779 0 0 1 standing 
11 636 411 688 545 52780 0 0 0 standing 
11 651 411 703 548 52781 0 0 1 standing 
11 666 412 718 552 52782 0 0 1 standing 
11 681 412 733 556 52783 0 0 1 standing 
11 696 413 748 560 52784 0 0 1 standing 
11 712 414 763 564 52785 0 0 0 standing 
11 722 413 773 560 52786 0 0 1 standing 
11 732 413 783 556 52787 0 0 1 standing 
11 742 412 794 553 52788 0 0 1 standing 
11 752 412 804 549 52789 0 0 1 standing 
