0 248 438 352 546 81850 1 0 1 moving 
0 248 438 352 546 81851 1 0 1 moving 
0 248 438 352 546 81852 0 1 0 moving 
0 253 436 357 545 81853 0 1 1 moving 
0 259 435 362 544 81854 0 1 1 moving 
0 265 434 367 543 81855 0 1 1 moving 
0 271 433 372 542 81856 0 1 1 moving 
0 277 432 378 541 81857 0 1 0 moving 
0 278 431 389 540 81858 0 1 1 moving 
0 279 431 400 540 81859 0 1 1 moving 
0 281 431 411 540 81860 0 1 0 moving 
0 289 429 414 540 81861 0 1 1 moving 
0 298 427 418 540 81862 0 1 1 moving 
0 307 425 422 540 81863 0 1 1 moving 
0 315 423 426 540 81864 0 1 1 moving 
0 324 421 430 540 81865 0 1 1 moving 
0 333 420 434 541 81866 0 1 0 moving 
0 337 418 440 538 81867 0 1 1 moving 
0 341 416 446 536 81868 0 1 1 moving 
0 345 414 452 533 81869 0 1 1 moving 
1 357 400 403 519 81850 0 0 0 moving 
1 349 398 395 517 81851 0 0 1 standing 
1 341 397 387 516 81852 0 0 1 standing 
1 333 396 379 515 81853 0 0 1 standing 
1 325 394 371 513 81854 0 0 1 standing 
1 317 393 363 512 81855 0 0 1 standing 
1 309 392 355 511 81856 0 0 1 standing 
1 301 390 347 509 81857 0 0 1 standing 
1 293 389 339 508 81858 0 0 1 standing 
1 285 388 331 507 81859 0 0 1 standing 
1 278 387 324 506 81860 0 0 0 standing 
1 270 387 318 506 81861 0 0 1 standing 
1 263 387 313 506 81862 0 0 1 standing 
1 256 387 308 506 81863 0 0 1 standing 
1 249 388 303 506 81864 0 0 1 standing 
1 242 388 298 507 81865 0 0 1 standing 
1 235 388 292 507 81866 0 0 1 standing 
1 228 389 287 507 81867 0 0 1 standing 
1 221 389 282 507 81868 0 0 1 standing 
1 214 389 277 507 81869 0 0 1 standing 
2 327 530 426 660 81850 0 1 0 standing 
2 326 527 426 659 81851 0 1 1 moving 
2 325 525 427 658 81852 0 1 1 moving 
2 324 522 428 657 81853 0 1 1 moving 
2 323 520 429 656 81854 0 1 0 moving 
2 325 519 429 656 81855 0 1 1 moving 
2 328 518 430 656 81856 0 1 1 moving 
2 331 517 431 656 81857 0 1 0 moving 
2 334 520 434 657 81858 0 1 1 moving 
2 337 524 437 658 81859 0 1 1 moving 
2 341 528 440 659 81860 0 1 0 moving 
2 342 526 447 656 81861 0 1 1 moving 
2 344 524 455 654 81862 0 1 1 moving 
2 346 522 463 652 81863 0 1 1 moving 
2 348 521 471 650 81864 0 1 0 moving 
2 355 519 474 648 81865 0 1 1 moving 
2 363 518 477 647 81866 0 1 1 moving 
2 371 517 481 646 81867 0 1 1 moving 
2 379 516 484 644 81868 0 1 1 moving 
2 387 515 487 643 81869 0 1 1 moving 
3 536 393 611 484 81850 0 1 0 moving 
3 528 391 603 482 81851 0 1 1 moving 
3 521 390 596 481 81852 0 1 1 moving 
3 513 389 588 479 81853 0 1 1 moving 
3 506 388 581 478 81854 0 1 0 moving 
3 502 387 581 477 81855 0 1 1 moving 
3 498 386 581 476 81856 0 1 1 moving 
3 494 385 581 475 81857 0 1 1 moving 
3 490 385 581 475 81858 0 1 0 moving 
3 490 384 580 474 81859 0 1 1 moving 
3 491 383 579 473 81860 0 1 1 moving 
3 491 382 579 472 81861 0 1 1 moving 
3 492 381 578 472 81862 0 1 1 moving 
3 492 380 577 471 81863 0 1 1 moving 
3 493 380 577 470 81864 0 1 1 moving 
3 494 379 576 469 81865 0 1 1 moving 
3 494 378 575 469 81866 0 1 1 moving 
3 495 377 575 468 81867 0 1 1 moving 
3 495 376 574 467 81868 0 1 1 moving 
3 496 375 573 466 81869 0 1 1 moving 
4 562 423 637 550 81850 0 1 0 moving 
4 564 421 638 551 81851 0 1 1 standing 
4 566 419 639 552 81852 0 1 1 standing 
4 569 417 641 553 81853 0 1 0 standing 
4 567 418 638 551 81854 0 1 1 standing 
4 565 419 635 550 81855 0 1 1 standing 
4 564 421 632 549 81856 0 1 0 standing 
4 562 415 628 548 81857 0 1 1 standing 
4 561 409 625 548 81858 0 1 1 standing 
4 559 403 621 547 81859 0 1 1 standing 
4 558 397 618 547 81860 0 1 0 standing 
4 553 395 614 545 81861 0 1 1 standing 
4 548 393 610 543 81862 0 1 1 standing 
4 544 391 606 541 81863 0 1 1 standing 
4 539 389 602 539 81864 0 1 1 standing 
4 534 387 598 537 81865 0 1 1 standing 
4 530 386 594 535 81866 0 1 1 standing 
4 525 384 590 533 81867 0 1 1 standing 
4 520 382 586 531 81868 0 1 1 standing 
4 516 380 582 529 81869 0 1 1 standing 
5 647 462 711 582 81850 0 1 0 standing 
5 640 450 703 579 81851 0 1 1 setting 
5 634 438 696 577 81852 0 1 1 setting 
5 628 426 689 575 81853 0 1 1 setting 
5 622 414 682 573 81854 0 1 1 setting 
5 616 402 675 571 81855 0 1 0 setting 
5 610 396 668 563 81856 0 1 1 setting 
5 604 391 662 556 81857 0 1 1 setting 
5 598 386 656 549 81858 0 1 1 setting 
5 592 381 650 542 81859 0 1 1 setting 
5 586 376 644 535 81860 0 1 0 setting 
5 580 376 638 533 81861 0 1 1 setting 
5 574 376 632 532 81862 0 1 1 setting 
5 568 376 626 530 81863 0 1 1 setting 
5 562 377 621 529 81864 0 1 0 setting 
5 555 385 615 537 81865 0 1 1 setting 
5 549 394 609 545 81866 0 1 1 setting 
5 543 403 603 553 81867 0 1 1 setting 
5 536 411 597 561 81868 0 1 1 setting 
5 530 420 591 569 81869 0 1 1 setting 
6 940 391 1008 527 81850 0 0 0 setting 
6 937 390 1005 526 81851 0 0 1 standing 
6 935 389 1003 525 81852 0 0 1 standing 
6 932 388 1000 525 81853 0 0 1 standing 
6 930 387 998 524 81854 0 0 1 standing 
6 927 387 995 524 81855 0 0 1 standing 
6 925 386 993 523 81856 0 0 1 standing 
6 922 385 990 522 81857 0 0 1 standing 
6 920 384 988 522 81858 0 0 1 standing 
6 917 383 985 521 81859 0 0 1 standing 
6 915 383 983 521 81860 0 0 0 standing 
6 910 382 978 521 81861 0 0 1 standing 
6 905 382 973 521 81862 0 0 1 standing 
6 900 382 968 521 81863 0 0 1 standing 
6 895 382 963 521 81864 0 0 1 standing 
6 890 382 958 521 81865 0 0 1 standing 
6 885 382 953 521 81866 0 0 1 standing 
6 880 382 948 521 81867 0 0 1 standing 
6 875 382 943 521 81868 0 0 1 standing 
6 870 382 938 521 81869 0 0 1 standing 
7 1039 437 1099 555 81850 0 0 0 standing 
7 1035 436 1095 554 81851 0 0 1 standing 
7 1031 435 1091 553 81852 0 0 1 standing 
7 1027 434 1087 552 81853 0 0 1 standing 
7 1023 434 1083 552 81854 0 0 1 standing 
7 1020 433 1080 551 81855 0 0 1 standing 
7 1016 432 1076 550 81856 0 0 1 standing 
7 1012 432 1072 550 81857 0 0 1 standing 
7 1008 431 1068 549 81858 0 0 1 standing 
7 1004 430 1064 548 81859 0 0 1 standing 
7 1001 430 1061 548 81860 0 0 0 standing 
7 995 430 1055 548 81861 0 0 1 standing 
7 989 431 1049 549 81862 0 0 1 standing 
7 984 432 1044 550 81863 0 0 1 standing 
7 978 433 1038 551 81864 0 0 1 standing 
7 972 434 1032 552 81865 0 0 1 standing 
7 967 435 1027 553 81866 0 0 1 standing 
7 961 436 1021 554 81867 0 0 1 standing 
7 955 437 1015 555 81868 0 0 1 standing 
7 950 438 1010 556 81869 0 0 1 standing 
8 1164 479 1223 631 81850 0 0 0 standing 
8 1157 479 1216 630 81851 0 0 1 standing 
8 1151 479 1210 630 81852 0 0 1 standing 
8 1144 479 1203 630 81853 0 0 1 standing 
8 1138 479 1197 630 81854 0 0 1 standing 
8 1131 479 1190 630 81855 0 0 1 standing 
8 1125 479 1184 630 81856 0 0 1 standing 
8 1118 479 1177 630 81857 0 0 1 standing 
8 1112 479 1171 630 81858 0 0 1 standing 
8 1105 479 1164 630 81859 0 0 1 standing 
8 1099 480 1158 630 81860 0 0 0 standing 
8 1091 479 1151 629 81861 0 0 1 standing 
8 1084 479 1144 628 81862 0 0 1 standing 
8 1077 478 1138 628 81863 0 0 1 standing 
8 1070 478 1131 627 81864 0 0 1 standing 
8 1062 477 1124 626 81865 0 0 1 standing 
8 1055 477 1118 626 81866 0 0 1 standing 
8 1048 477 1111 625 81867 0 0 1 standing 
8 1041 476 1104 624 81868 0 0 1 standing 
8 1033 476 1098 624 81869 0 0 1 standing 
9 758 465 822 601 81850 0 0 0 standing 
9 752 465 816 601 81851 0 0 1 standing 
9 747 466 811 602 81852 0 0 1 standing 
9 741 467 806 603 81853 0 0 1 standing 
9 736 467 801 604 81854 0 0 1 standing 
9 731 468 796 605 81855 0 0 1 standing 
9 725 469 790 606 81856 0 0 1 standing 
9 720 469 785 607 81857 0 0 1 standing 
9 714 470 780 608 81858 0 0 1 standing 
9 709 471 775 609 81859 0 0 1 standing 
9 704 472 770 610 81860 0 0 0 standing 
9 697 472 763 610 81861 0 0 1 standing 
9 690 473 756 611 81862 0 0 1 standing 
9 683 474 750 612 81863 0 0 1 standing 
9 676 475 743 613 81864 0 0 1 standing 
9 669 476 737 614 81865 0 0 1 standing 
9 662 477 730 615 81866 0 0 1 standing 
9 655 477 723 616 81867 0 0 1 standing 
9 648 478 717 617 81868 0 0 1 standing 
9 641 479 710 618 81869 0 0 1 standing 
10 749 390 800 563 81850 0 0 0 standing 
10 743 389 793 562 81851 0 0 1 blocking 
10 737 388 787 562 81852 0 0 1 blocking 
10 731 387 781 561 81853 0 0 1 blocking 
10 725 386 775 561 81854 0 0 1 blocking 
10 720 385 769 560 81855 0 0 1 blocking 
10 714 384 763 560 81856 0 0 1 blocking 
10 708 383 757 559 81857 0 0 1 blocking 
10 702 382 751 559 81858 0 0 1 blocking 
10 696 381 745 558 81859 0 0 1 blocking 
10 691 380 739 558 81860 0 0 0 blocking 
10 684 384 732 557 81861 0 0 1 blocking 
10 677 389 725 557 81862 0 0 1 blocking 
10 670 393 718 557 81863 0 0 1 blocking 
10 664 398 712 557 81864 0 0 1 blocking 
10 657 402 705 557 81865 0 0 1 blocking 
10 650 407 698 556 81866 0 0 1 blocking 
10 644 411 692 556 81867 0 0 1 blocking 
10 637 416 685 556 81868 0 0 1 blocking 
10 630 420 678 556 81869 0 0 1 blocking 
11 763 400 808 522 81850 0 0 0 blocking 
11 756 397 801 519 81851 0 0 1 standing 
11 750 395 795 517 81852 0 0 1 standing 
11 743 392 789 514 81853 0 0 1 standing 
11 737 390 783 512 81854 0 0 1 standing 
11 730 388 777 510 81855 0 0 1 standing 
11 724 385 771 507 81856 0 0 1 standing 
11 717 383 765 505 81857 0 0 1 standing 
11 711 380 759 502 81858 0 0 1 standing 
11 704 378 753 500 81859 0 0 1 standing 
11 698 376 747 498 81860 0 0 0 standing 
11 691 377 744 498 81861 0 0 1 standing 
11 684 378 741 499 81862 0 0 1 standing 
11 677 379 738 499 81863 0 0 1 standing 
11 670 380 735 500 81864 0 0 1 standing 
11 663 381 732 500 81865 0 0 1 standing 
11 657 382 729 501 81866 0 0 0 standing 
11 650 383 717 502 81867 0 0 1 standing 
11 644 384 705 504 81868 0 0 1 standing 
11 637 385 693 505 81869 0 0 1 standing 
