0 293 464 350 594 32255 0 1 0 standing 
0 320 456 378 588 32256 0 1 1 standing 
0 348 448 407 582 32257 0 1 1 standing 
0 376 441 436 576 32258 0 1 1 standing 
0 403 433 465 570 32259 0 1 1 standing 
0 431 426 494 564 32260 0 1 1 standing 
0 459 418 523 558 32261 0 1 1 standing 
0 487 411 552 552 32262 0 1 0 standing 
0 499 408 565 551 32263 0 1 1 standing 
0 511 405 579 550 32264 0 1 1 standing 
0 524 402 593 549 32265 0 1 0 standing 
0 529 400 598 547 32266 0 1 1 standing 
0 534 399 603 546 32267 0 1 1 standing 
0 539 397 608 544 32268 0 1 1 standing 
0 544 396 613 543 32269 0 1 1 standing 
0 549 395 618 542 32270 0 1 1 standing 
0 554 393 623 540 32271 0 1 1 standing 
0 559 392 628 539 32272 0 1 1 standing 
0 564 390 633 537 32273 0 1 1 standing 
0 569 389 638 536 32274 0 1 1 standing 
1 461 378 523 496 32255 0 1 0 standing 
1 487 375 549 493 32256 0 1 1 standing 
1 513 372 575 490 32257 0 1 1 standing 
1 539 369 601 487 32258 0 1 1 standing 
1 565 366 627 484 32259 0 1 1 standing 
1 591 363 653 481 32260 0 1 1 standing 
1 617 360 679 478 32261 0 1 1 standing 
1 643 357 705 475 32262 0 1 0 standing 
1 659 354 721 472 32263 0 1 1 standing 
1 675 352 737 470 32264 0 1 1 standing 
1 692 350 754 468 32265 0 1 0 standing 
1 694 350 756 468 32266 0 1 1 standing 
1 696 351 758 469 32267 0 1 1 standing 
1 698 351 760 469 32268 0 1 1 standing 
1 701 352 763 470 32269 0 1 1 standing 
1 703 353 765 471 32270 0 1 1 standing 
1 705 353 767 471 32271 0 1 1 standing 
1 708 354 770 472 32272 0 1 1 standing 
1 710 354 772 472 32273 0 1 1 standing 
1 712 355 774 473 32274 0 1 1 standing 
2 522 486 601 601 32255 0 1 0 standing 
2 548 479 627 598 32256 0 1 1 standing 
2 574 472 654 596 32257 0 1 1 standing 
2 601 466 681 593 32258 0 1 1 standing 
2 627 459 708 591 32259 0 1 1 standing 
2 654 453 735 588 32260 0 1 1 standing 
2 680 446 762 586 32261 0 1 1 standing 
2 707 440 789 584 32262 0 1 0 standing 
2 724 434 806 583 32263 0 1 1 standing 
2 741 429 824 582 32264 0 1 1 standing 
2 759 424 842 581 32265 0 1 0 standing 
2 761 421 844 578 32266 0 1 1 standing 
2 764 419 847 576 32267 0 1 1 standing 
2 767 417 850 574 32268 0 1 1 standing 
2 770 414 853 571 32269 0 1 1 standing 
2 773 412 856 569 32270 0 1 1 standing 
2 775 410 858 567 32271 0 1 1 standing 
2 778 407 861 564 32272 0 1 1 standing 
2 781 405 864 562 32273 0 1 1 standing 
2 784 403 867 560 32274 0 1 1 standing 
3 794 314 877 485 32255 0 1 0 standing 
3 823 316 903 484 32256 0 1 1 standing 
3 853 319 929 483 32257 0 1 1 standing 
3 883 321 955 482 32258 0 1 1 standing 
3 912 324 982 482 32259 0 1 1 standing 
3 942 326 1008 481 32260 0 1 1 standing 
3 972 329 1034 480 32261 0 1 1 standing 
3 1002 332 1061 480 32262 0 1 0 standing 
3 1024 338 1080 483 32263 0 1 1 standing 
3 1046 344 1099 486 32264 0 1 1 standing 
3 1069 351 1119 489 32265 0 1 0 standing 
3 1071 350 1121 488 32266 0 1 1 standing 
3 1074 349 1124 487 32267 0 1 1 standing 
3 1077 348 1127 486 32268 0 1 1 standing 
3 1080 347 1130 485 32269 0 1 1 standing 
3 1083 346 1133 484 32270 0 1 1 standing 
3 1086 345 1136 483 32271 0 1 1 standing 
3 1089 344 1139 482 32272 0 1 1 standing 
3 1092 343 1142 481 32273 0 1 1 standing 
3 1095 342 1145 480 32274 0 1 1 standing 
4 832 304 880 481 32255 0 1 0 standing 
4 859 307 907 481 32256 0 1 1 standing 
4 886 310 934 481 32257 0 1 1 standing 
4 913 313 961 481 32258 0 1 1 standing 
4 941 316 988 481 32259 0 1 1 standing 
4 968 319 1015 481 32260 0 1 1 standing 
4 995 322 1042 481 32261 0 1 1 standing 
4 1023 325 1070 481 32262 0 1 0 standing 
4 1038 325 1085 478 32263 0 1 1 standing 
4 1053 325 1100 475 32264 0 1 1 standing 
4 1068 325 1115 472 32265 0 1 0 standing 
4 1070 326 1117 473 32266 0 1 1 standing 
4 1072 328 1119 475 32267 0 1 1 standing 
4 1074 330 1121 477 32268 0 1 1 standing 
4 1076 332 1123 479 32269 0 1 1 standing 
4 1078 334 1125 481 32270 0 1 1 standing 
4 1080 336 1127 483 32271 0 1 1 standing 
4 1082 338 1129 485 32272 0 1 1 standing 
4 1084 340 1131 487 32273 0 1 1 standing 
4 1086 342 1133 489 32274 0 1 1 standing 
5 833 315 881 475 32255 0 1 0 standing 
5 859 317 909 475 32256 0 1 1 standing 
5 886 320 937 475 32257 0 1 1 standing 
5 912 322 965 475 32258 0 1 1 standing 
5 939 325 993 475 32259 0 1 1 standing 
5 965 327 1021 475 32260 0 1 1 standing 
5 992 330 1049 475 32261 0 1 1 standing 
5 1019 333 1078 476 32262 0 1 0 standing 
5 1029 335 1089 475 32263 0 1 1 standing 
5 1039 337 1100 475 32264 0 1 1 standing 
5 1049 339 1112 475 32265 0 1 0 standing 
5 1050 339 1112 474 32266 0 1 1 standing 
5 1052 339 1112 474 32267 0 1 1 standing 
5 1053 339 1112 474 32268 0 1 1 standing 
5 1055 339 1112 474 32269 0 1 1 standing 
5 1056 339 1112 474 32270 0 1 1 standing 
5 1058 339 1112 474 32271 0 1 1 standing 
5 1059 339 1112 474 32272 0 1 1 standing 
5 1061 339 1112 474 32273 0 1 1 standing 
5 1062 339 1112 474 32274 0 1 1 standing 
6 933 334 1039 462 32255 0 0 0 standing 
6 957 342 1060 461 32256 0 0 1 standing 
6 982 350 1082 461 32257 0 0 1 standing 
6 1007 359 1104 461 32258 0 0 0 standing 
6 1047 363 1128 467 32259 0 0 1 standing 
6 1088 367 1152 473 32260 0 0 1 standing 
6 1129 372 1176 479 32261 0 0 0 standing 
6 1150 371 1197 478 32262 0 0 1 standing 
6 1171 371 1218 478 32263 0 0 1 standing 
6 1192 371 1239 478 32264 0 0 0 standing 
6 1200 365 1252 471 32265 0 0 1 standing 
6 1209 359 1265 465 32266 0 0 1 standing 
6 1218 353 1279 459 32267 0 0 0 standing 
6 1224 347 1278 459 32268 0 0 1 standing 
6 1230 341 1278 459 32269 0 0 1 standing 
6 1236 336 1278 460 32270 0 0 0 standing 
6 1240 335 1278 459 32271 0 0 1 standing 
6 1244 335 1278 459 32272 0 0 1 standing 
6 1248 334 1278 458 32273 0 0 1 standing 
6 1252 334 1278 458 32274 0 0 1 standing 
7 922 402 1003 513 32255 0 0 0 standing 
7 947 400 1028 512 32256 0 0 1 standing 
7 973 398 1053 511 32257 0 0 1 standing 
7 999 396 1079 511 32258 0 0 0 standing 
7 1030 392 1106 511 32259 0 0 1 standing 
7 1062 389 1134 511 32260 0 0 1 standing 
7 1094 386 1162 512 32261 0 0 0 standing 
7 1116 383 1181 510 32262 0 0 1 standing 
7 1139 381 1200 509 32263 0 0 1 standing 
7 1162 379 1220 508 32264 0 0 0 standing 
7 1166 376 1224 508 32265 0 0 1 standing 
7 1171 374 1228 509 32266 0 0 1 standing 
7 1176 372 1233 510 32267 0 0 0 standing 
7 1177 373 1234 511 32268 0 0 1 standing 
7 1178 374 1235 512 32269 0 0 1 standing 
7 1180 375 1237 513 32270 0 0 0 standing 
7 1178 375 1237 512 32271 0 0 1 standing 
7 1177 375 1237 512 32272 0 0 1 standing 
7 1176 375 1237 512 32273 0 0 1 standing 
7 1175 375 1237 512 32274 0 0 1 standing 
8 954 466 1041 577 32255 0 0 0 standing 
8 981 462 1069 576 32256 0 0 1 standing 
8 1008 458 1098 575 32257 0 0 1 standing 
8 1036 454 1127 575 32258 0 0 0 standing 
8 1066 448 1158 575 32259 0 0 1 standing 
8 1096 442 1189 575 32260 0 0 1 standing 
8 1127 437 1220 576 32261 0 0 0 standing 
8 1148 434 1233 575 32262 0 0 1 standing 
8 1169 431 1246 575 32263 0 0 1 standing 
8 1190 428 1259 575 32264 0 0 0 standing 
8 1198 426 1265 574 32265 0 0 1 standing 
8 1206 424 1271 573 32266 0 0 1 standing 
8 1214 423 1277 572 32267 0 0 0 standing 
8 1218 422 1277 571 32268 0 0 1 standing 
8 1223 421 1278 570 32269 0 0 1 standing 
8 1228 421 1279 570 32270 0 0 0 standing 
8 1231 419 1279 568 32271 0 0 1 standing 
8 1234 417 1279 566 32272 0 0 1 standing 
8 1237 415 1279 564 32273 0 0 1 standing 
8 1240 413 1279 562 32274 0 0 1 standing 
9 1099 399 1155 511 32255 0 0 0 standing 
9 1129 397 1184 510 32256 0 0 1 standing 
9 1159 395 1213 509 32257 0 0 1 standing 
9 1190 394 1242 508 32258 0 0 0 standing 
9 1217 385 1254 499 32259 0 0 1 standing 
9 1244 376 1266 490 32260 0 0 1 standing 
9 1271 367 1279 481 32261 0 0 0 standing 
9 1270 375 1278 489 32262 0 0 1 standing 
9 1269 383 1278 497 32263 0 0 1 standing 
9 1269 391 1278 505 32264 0 0 1 standing 
9 1268 399 1278 513 32265 0 0 1 standing 
9 1267 407 1278 521 32266 0 0 1 standing 
9 1267 416 1278 529 32267 0 0 1 standing 
9 1266 424 1277 537 32268 0 0 1 standing 
9 1265 432 1277 545 32269 0 0 1 standing 
9 1265 440 1277 553 32270 0 0 1 standing 
9 1264 448 1277 561 32271 0 0 1 standing 
9 1263 456 1277 569 32272 0 0 1 standing 
9 1263 465 1277 577 32273 0 0 0 standing 
9 1263 465 1277 577 32274 0 0 1 standing 
10 1152 328 1214 451 32255 0 0 0 standing 
10 1181 327 1235 447 32256 0 0 1 standing 
10 1210 326 1256 443 32257 0 0 1 standing 
10 1240 325 1278 439 32258 0 0 0 standing 
10 1250 325 1278 439 32259 0 0 1 standing 
10 1261 325 1278 439 32260 0 0 1 standing 
10 1272 326 1279 440 32261 0 0 0 standing 
10 1272 326 1279 440 32262 0 0 1 standing 
10 1272 326 1279 440 32263 0 0 1 standing 
10 1272 326 1279 440 32264 0 0 1 standing 
10 1272 326 1279 440 32265 0 0 1 standing 
10 1272 326 1279 440 32266 0 0 1 standing 
10 1272 326 1279 440 32267 0 0 1 standing 
10 1272 326 1279 440 32268 0 0 1 standing 
10 1272 326 1279 440 32269 0 0 1 standing 
10 1272 326 1279 440 32270 0 0 1 standing 
10 1272 326 1279 440 32271 0 0 1 standing 
10 1272 326 1279 440 32272 0 0 1 standing 
10 1272 326 1279 440 32273 0 0 1 standing 
10 1272 326 1279 440 32274 0 0 1 standing 
11 1200 443 1249 571 32255 0 0 0 standing 
11 1220 444 1259 572 32256 0 0 1 standing 
11 1240 446 1269 574 32257 0 0 1 standing 
11 1260 448 1279 576 32258 0 0 0 standing 
11 1262 448 1279 576 32259 0 0 1 standing 
11 1265 448 1279 576 32260 0 0 1 standing 
11 1268 448 1279 576 32261 0 0 0 standing 
11 1268 448 1279 575 32262 0 0 1 standing 
11 1268 448 1279 575 32263 0 0 1 standing 
11 1268 448 1279 575 32264 0 0 1 standing 
11 1268 448 1279 575 32265 0 0 1 standing 
11 1268 448 1279 575 32266 0 0 1 standing 
11 1269 448 1279 575 32267 0 0 1 standing 
11 1269 448 1279 575 32268 0 0 1 standing 
11 1269 448 1279 575 32269 0 0 1 standing 
11 1269 448 1279 575 32270 0 0 1 standing 
11 1269 448 1279 575 32271 0 0 1 standing 
11 1269 448 1279 575 32272 0 0 1 standing 
11 1270 448 1279 575 32273 0 0 0 standing 
11 1270 448 1279 575 32274 0 0 1 standing 
