0 918 472 971 570 96945 0 1 0 standing 
0 902 469 956 570 96946 0 1 1 standing 
0 887 467 941 570 96947 0 1 1 standing 
0 871 464 927 570 96948 0 1 1 standing 
0 856 462 912 570 96949 0 1 1 standing 
0 841 460 898 571 96950 0 1 0 standing 
0 822 456 879 568 96951 0 1 1 standing 
0 803 453 861 566 96952 0 1 1 standing 
0 784 450 843 563 96953 0 1 1 standing 
0 766 446 825 561 96954 0 1 1 standing 
0 747 443 807 558 96955 0 1 1 standing 
0 728 440 789 556 96956 0 1 1 standing 
0 710 437 771 554 96957 0 1 0 standing 
0 699 439 760 554 96958 0 1 1 standing 
0 688 441 749 554 96959 0 1 1 standing 
0 678 444 739 555 96960 0 1 0 standing 
0 668 446 729 555 96961 0 1 1 standing 
0 659 449 720 556 96962 0 1 1 standing 
0 650 452 711 557 96963 0 1 0 standing 
0 650 452 711 557 96964 0 1 1 standing 
1 636 494 735 620 96945 0 0 0 standing 
1 623 495 722 619 96946 0 0 1 standing 
1 611 497 709 618 96947 0 0 1 standing 
1 598 498 696 617 96948 0 0 1 standing 
1 586 500 683 616 96949 0 0 0 standing 
1 571 497 668 614 96950 0 0 1 standing 
1 557 495 654 613 96951 0 0 1 standing 
1 543 493 639 612 96952 0 0 1 standing 
1 529 491 625 611 96953 0 0 0 standing 
1 521 490 614 612 96954 0 0 1 standing 
1 514 490 604 613 96955 0 0 1 standing 
1 506 490 593 615 96956 0 0 1 standing 
1 499 490 583 616 96957 0 0 1 standing 
1 491 490 572 617 96958 0 0 1 standing 
1 484 490 562 619 96959 0 0 0 standing 
1 482 492 560 619 96960 0 0 1 standing 
1 480 494 559 620 96961 0 0 1 standing 
1 479 496 558 621 96962 0 0 1 standing 
1 477 498 556 621 96963 0 0 1 standing 
1 475 500 555 622 96964 0 0 1 standing 
2 970 450 1037 573 96945 0 0 0 standing 
2 958 449 1023 572 96946 0 0 1 standing 
2 946 449 1010 572 96947 0 0 1 standing 
2 934 449 997 571 96948 0 0 1 standing 
2 923 449 984 571 96949 0 0 0 standing 
2 906 447 965 569 96950 0 0 1 standing 
2 889 446 946 567 96951 0 0 1 standing 
2 872 444 928 565 96952 0 0 1 standing 
2 855 443 909 563 96953 0 0 1 standing 
2 838 441 890 561 96954 0 0 1 standing 
2 821 440 872 560 96955 0 0 0 standing 
2 804 439 856 559 96956 0 0 1 standing 
2 788 438 841 558 96957 0 0 1 standing 
2 771 437 825 557 96958 0 0 1 standing 
2 755 436 810 556 96959 0 0 0 standing 
2 748 435 804 555 96960 0 0 1 standing 
2 742 434 799 554 96961 0 0 1 standing 
2 736 433 793 553 96962 0 0 1 standing 
2 729 432 788 552 96963 0 0 1 standing 
2 723 431 782 551 96964 0 0 1 standing 
3 854 369 906 483 96945 0 0 0 standing 
3 841 368 893 483 96946 0 0 1 standing 
3 828 367 880 483 96947 0 0 1 standing 
3 815 366 867 483 96948 0 0 1 standing 
3 803 365 854 483 96949 0 0 0 standing 
3 785 363 836 482 96950 0 0 1 standing 
3 767 362 818 482 96951 0 0 1 standing 
3 750 361 801 482 96952 0 0 1 standing 
3 732 360 783 481 96953 0 0 1 standing 
3 714 359 765 481 96954 0 0 1 standing 
3 697 358 748 481 96955 0 0 0 standing 
3 681 358 736 480 96956 0 0 1 standing 
3 666 358 725 479 96957 0 0 1 standing 
3 651 358 713 478 96958 0 0 1 standing 
3 636 359 702 478 96959 0 0 0 standing 
3 629 358 699 476 96960 0 0 1 standing 
3 622 357 696 475 96961 0 0 1 standing 
3 616 357 693 474 96962 0 0 1 standing 
3 609 356 690 473 96963 0 0 1 standing 
3 602 355 687 472 96964 0 0 1 standing 
4 551 317 608 488 96945 0 0 0 standing 
4 538 315 595 483 96946 0 0 1 jumping 
4 526 313 583 479 96947 0 0 1 jumping 
4 514 311 571 475 96948 0 0 1 jumping 
4 502 309 559 471 96949 0 0 0 jumping 
4 485 314 543 473 96950 0 0 1 jumping 
4 469 319 527 476 96951 0 0 1 jumping 
4 453 324 511 479 96952 0 0 1 jumping 
4 437 329 495 482 96953 0 0 1 jumping 
4 421 334 479 485 96954 0 0 1 jumping 
4 405 340 463 488 96955 0 0 0 jumping 
4 389 343 447 489 96956 0 0 1 jumping 
4 374 346 432 491 96957 0 0 1 jumping 
4 358 349 416 493 96958 0 0 1 jumping 
4 343 353 401 495 96959 0 0 0 jumping 
4 340 353 398 494 96960 0 0 1 jumping 
4 337 353 395 493 96961 0 0 1 jumping 
4 335 354 393 493 96962 0 0 1 jumping 
4 332 354 390 492 96963 0 0 1 jumping 
4 329 354 387 491 96964 0 0 1 jumping 
5 547 304 600 458 96945 0 0 0 jumping 
5 531 308 584 460 96946 0 0 1 jumping 
5 516 313 569 462 96947 0 0 1 jumping 
5 501 318 554 464 96948 0 0 1 jumping 
5 486 323 538 467 96949 0 0 1 jumping 
5 471 328 523 469 96950 0 0 1 jumping 
5 456 332 508 471 96951 0 0 1 jumping 
5 441 337 492 474 96952 0 0 1 jumping 
5 426 342 477 476 96953 0 0 1 jumping 
5 411 347 462 478 96954 0 0 1 jumping 
5 396 352 447 481 96955 0 0 0 jumping 
5 381 351 429 483 96956 0 0 1 jumping 
5 367 351 411 485 96957 0 0 1 jumping 
5 352 350 393 487 96958 0 0 1 jumping 
5 338 350 375 489 96959 0 0 0 jumping 
5 332 351 368 489 96960 0 0 1 jumping 
5 326 353 362 489 96961 0 0 1 jumping 
5 320 355 356 489 96962 0 0 1 jumping 
5 314 357 350 489 96963 0 0 1 jumping 
5 308 359 344 489 96964 0 0 1 jumping 
6 438 497 493 649 96945 0 0 0 jumping 
6 425 494 486 646 96946 0 0 1 standing 
6 412 492 479 643 96947 0 0 1 standing 
6 399 490 472 640 96948 0 0 1 standing 
6 387 488 465 638 96949 0 0 0 standing 
6 370 487 448 637 96950 0 0 1 standing 
6 353 487 431 636 96951 0 0 1 standing 
6 336 487 415 636 96952 0 0 1 standing 
6 319 486 398 635 96953 0 0 1 standing 
6 302 486 381 634 96954 0 0 1 standing 
6 286 486 365 634 96955 0 0 0 standing 
6 271 485 345 632 96956 0 0 1 standing 
6 257 484 326 631 96957 0 0 1 standing 
6 243 483 306 630 96958 0 0 1 standing 
6 229 482 287 629 96959 0 0 0 standing 
6 225 481 282 628 96960 0 0 1 standing 
6 221 481 278 628 96961 0 0 1 standing 
6 218 481 273 627 96962 0 0 1 standing 
6 214 480 269 627 96963 0 0 1 standing 
6 210 480 264 626 96964 0 0 1 standing 
7 378 475 451 589 96945 0 0 0 standing 
7 365 473 438 589 96946 0 0 1 standing 
7 352 471 426 589 96947 0 0 1 standing 
7 339 469 414 589 96948 0 0 1 standing 
7 326 467 402 589 96949 0 0 0 standing 
7 307 465 383 590 96950 0 0 1 standing 
7 289 464 365 591 96951 0 0 1 standing 
7 270 463 346 592 96952 0 0 1 standing 
7 252 462 328 593 96953 0 0 1 standing 
7 233 461 309 594 96954 0 0 1 standing 
7 215 460 291 595 96955 0 0 0 standing 
7 193 459 270 594 96956 0 0 1 standing 
7 171 458 250 594 96957 0 0 1 standing 
7 149 457 229 594 96958 0 0 1 standing 
7 128 457 209 594 96959 0 0 0 standing 
7 117 457 199 595 96960 0 0 1 standing 
7 107 458 190 596 96961 0 0 1 standing 
7 96 459 181 597 96962 0 0 1 standing 
7 86 460 172 598 96963 0 0 1 standing 
7 75 461 163 599 96964 0 0 1 standing 
8 463 320 526 426 96945 0 0 0 standing 
8 454 321 517 428 96946 0 0 1 standing 
8 446 323 508 430 96947 0 0 1 standing 
8 437 325 499 432 96948 0 0 1 standing 
8 429 327 491 434 96949 0 0 0 standing 
8 414 333 474 441 96950 0 0 1 standing 
8 399 340 458 449 96951 0 0 1 standing 
8 385 347 441 457 96952 0 0 1 standing 
8 370 354 425 465 96953 0 0 1 standing 
8 355 361 408 473 96954 0 0 1 standing 
8 341 368 392 481 96955 0 0 0 standing 
8 328 372 378 485 96956 0 0 1 standing 
8 316 376 365 489 96957 0 0 1 standing 
8 304 380 352 493 96958 0 0 1 standing 
8 292 385 339 497 96959 0 0 0 standing 
8 286 384 331 496 96960 0 0 1 standing 
8 280 384 324 496 96961 0 0 1 standing 
8 274 384 317 496 96962 0 0 1 standing 
8 268 383 310 495 96963 0 0 1 standing 
8 262 383 303 495 96964 0 0 1 standing 
9 469 449 538 584 96945 0 0 0 standing 
9 454 448 524 585 96946 0 0 1 standing 
9 439 448 510 586 96947 0 0 1 standing 
9 424 448 496 587 96948 0 0 1 standing 
9 409 448 482 588 96949 0 0 0 standing 
9 392 447 464 588 96950 0 0 1 standing 
9 375 447 446 588 96951 0 0 1 standing 
9 358 446 429 588 96952 0 0 1 standing 
9 341 446 411 588 96953 0 0 1 standing 
9 324 445 393 588 96954 0 0 1 standing 
9 308 445 376 588 96955 0 0 0 standing 
9 291 444 358 587 96956 0 0 1 standing 
9 275 444 340 586 96957 0 0 1 standing 
9 259 443 322 585 96958 0 0 1 standing 
9 243 443 304 585 96959 0 0 0 standing 
9 238 442 297 584 96960 0 0 1 standing 
9 233 442 290 583 96961 0 0 1 standing 
9 228 441 284 582 96962 0 0 1 standing 
9 223 441 277 581 96963 0 0 1 standing 
9 218 440 270 580 96964 0 0 1 standing 
10 424 396 483 508 96945 0 0 0 standing 
10 413 397 470 508 96946 0 0 1 standing 
10 402 399 457 509 96947 0 0 1 standing 
10 391 400 444 510 96948 0 0 1 standing 
10 380 402 431 511 96949 0 0 0 standing 
10 362 402 415 509 96950 0 0 1 standing 
10 345 403 399 508 96951 0 0 1 standing 
10 328 403 383 507 96952 0 0 1 standing 
10 310 404 367 505 96953 0 0 1 standing 
10 293 404 351 504 96954 0 0 1 standing 
10 276 405 335 503 96955 0 0 0 standing 
10 259 404 315 505 96956 0 0 1 standing 
10 242 404 296 507 96957 0 0 1 standing 
10 225 403 276 509 96958 0 0 1 standing 
10 208 403 257 512 96959 0 0 0 standing 
10 201 402 250 513 96960 0 0 1 standing 
10 194 402 243 515 96961 0 0 1 standing 
10 187 402 237 516 96962 0 0 1 standing 
10 180 402 230 518 96963 0 0 1 standing 
10 173 402 223 519 96964 0 0 1 standing 
11 382 422 435 527 96945 0 0 0 standing 
11 367 422 419 526 96946 0 0 1 standing 
11 352 422 404 525 96947 0 0 1 standing 
11 337 422 388 524 96948 0 0 1 standing 
11 323 423 373 523 96949 0 0 0 standing 
11 302 422 352 524 96950 0 0 1 standing 
11 281 421 332 525 96951 0 0 1 standing 
11 261 420 312 526 96952 0 0 1 standing 
11 240 419 291 527 96953 0 0 1 standing 
11 219 418 271 528 96954 0 0 1 standing 
11 199 418 251 530 96955 0 0 0 standing 
11 178 415 228 529 96956 0 0 1 standing 
11 158 412 205 528 96957 0 0 1 standing 
11 137 409 182 527 96958 0 0 1 standing 
11 117 407 160 527 96959 0 0 0 standing 
11 102 409 149 529 96960 0 0 1 standing 
11 88 411 138 531 96961 0 0 1 standing 
11 73 413 128 534 96962 0 0 1 standing 
11 59 415 117 536 96963 0 0 1 standing 
11 44 417 106 538 96964 0 0 1 standing 
