0 570 402 637 557 57280 0 1 0 setting 
0 569 400 636 556 57281 0 1 1 setting 
0 568 398 635 556 57282 0 1 1 setting 
0 567 396 634 555 57283 0 1 1 setting 
0 566 394 633 555 57284 0 1 1 setting 
0 566 392 633 555 57285 0 1 1 setting 
0 565 390 632 554 57286 0 1 1 setting 
0 564 388 631 554 57287 0 1 1 setting 
0 563 386 630 553 57288 0 1 1 setting 
0 562 384 629 553 57289 0 1 1 setting 
0 562 383 629 553 57290 0 1 0 setting 
0 557 384 624 556 57291 0 1 1 setting 
0 553 385 619 559 57292 0 1 1 setting 
0 548 387 615 562 57293 0 1 1 setting 
0 544 388 610 565 57294 0 1 1 setting 
0 540 390 606 569 57295 0 1 0 setting 
0 535 396 602 572 57296 0 1 1 setting 
0 531 402 598 575 57297 0 1 1 setting 
0 527 408 594 578 57298 0 1 1 setting 
0 523 414 590 581 57299 0 1 1 setting 
1 600 308 653 440 57280 0 1 0 setting 
1 595 307 649 439 57281 0 1 1 standing 
1 590 307 645 439 57282 0 1 1 standing 
1 586 307 641 439 57283 0 1 1 standing 
1 581 307 638 438 57284 0 1 1 standing 
1 577 307 634 438 57285 0 1 1 standing 
1 572 306 630 438 57286 0 1 1 standing 
1 567 306 627 437 57287 0 1 1 standing 
1 563 306 623 437 57288 0 1 1 standing 
1 558 306 619 437 57289 0 1 1 standing 
1 554 306 616 437 57290 0 1 0 standing 
1 549 307 611 437 57291 0 1 1 standing 
1 545 308 607 438 57292 0 1 1 standing 
1 540 310 602 439 57293 0 1 1 standing 
1 536 311 598 440 57294 0 1 1 standing 
1 532 313 594 441 57295 0 1 0 standing 
1 527 314 589 442 57296 0 1 1 standing 
1 523 316 584 443 57297 0 1 1 standing 
1 518 317 580 445 57298 0 1 1 standing 
1 514 319 575 446 57299 0 1 1 standing 
2 301 500 392 657 57280 0 1 0 standing 
2 295 500 386 657 57281 0 1 1 moving 
2 289 500 380 657 57282 0 1 1 moving 
2 283 500 374 657 57283 0 1 1 moving 
2 277 500 368 657 57284 0 1 1 moving 
2 272 500 363 657 57285 0 1 1 moving 
2 266 500 357 657 57286 0 1 1 moving 
2 260 500 351 657 57287 0 1 1 moving 
2 254 500 345 657 57288 0 1 1 moving 
2 248 500 339 657 57289 0 1 1 moving 
2 243 500 334 657 57290 0 1 0 moving 
2 241 500 332 657 57291 0 1 1 moving 
2 240 501 331 658 57292 0 1 1 moving 
2 239 501 330 658 57293 0 1 1 moving 
2 237 502 328 659 57294 0 1 1 moving 
2 236 502 327 659 57295 0 1 1 moving 
2 235 503 326 660 57296 0 1 1 moving 
2 233 503 324 660 57297 0 1 1 moving 
2 232 504 323 661 57298 0 1 1 moving 
2 231 504 322 661 57299 0 1 1 moving 
3 292 416 361 553 57280 0 0 0 moving 
3 294 415 363 553 57281 0 0 1 standing 
3 296 415 365 553 57282 0 0 1 standing 
3 298 415 367 553 57283 0 0 1 standing 
3 300 415 369 553 57284 0 0 1 standing 
3 303 415 371 553 57285 0 0 1 standing 
3 305 414 373 553 57286 0 0 1 standing 
3 307 414 375 553 57287 0 0 1 standing 
3 309 414 377 553 57288 0 0 1 standing 
3 311 414 379 553 57289 0 0 1 standing 
3 314 414 381 553 57290 0 0 0 standing 
3 314 414 381 553 57291 0 0 1 standing 
3 314 414 381 553 57292 0 0 1 standing 
3 314 414 381 553 57293 0 0 1 standing 
3 314 414 381 553 57294 0 0 1 standing 
3 314 414 381 553 57295 0 0 1 standing 
3 314 414 381 553 57296 0 0 1 standing 
3 314 414 381 553 57297 0 0 1 standing 
3 314 414 381 553 57298 0 0 1 standing 
3 314 414 381 553 57299 0 0 1 standing 
4 739 408 796 547 57280 0 0 0 standing 
4 735 407 792 546 57281 0 0 1 standing 
4 731 407 788 546 57282 0 0 1 standing 
4 727 406 784 545 57283 0 0 1 standing 
4 724 406 781 545 57284 0 0 1 standing 
4 720 405 777 544 57285 0 0 1 standing 
4 716 405 773 544 57286 0 0 1 standing 
4 713 404 770 543 57287 0 0 1 standing 
4 709 404 766 543 57288 0 0 1 standing 
4 705 403 762 542 57289 0 0 1 standing 
4 702 403 759 542 57290 0 0 0 standing 
4 696 403 753 542 57291 0 0 1 standing 
4 690 403 747 542 57292 0 0 1 standing 
4 684 403 741 542 57293 0 0 1 standing 
4 678 403 735 542 57294 0 0 1 standing 
4 672 403 729 542 57295 0 0 1 standing 
4 666 403 723 542 57296 0 0 1 standing 
4 660 403 717 542 57297 0 0 1 standing 
4 654 403 711 542 57298 0 0 1 standing 
4 648 403 705 542 57299 0 0 1 standing 
5 841 441 908 604 57280 0 0 0 standing 
5 839 441 906 604 57281 0 0 1 digging 
5 837 441 904 604 57282 0 0 1 digging 
5 836 441 903 604 57283 0 0 1 digging 
5 834 441 901 604 57284 0 0 1 digging 
5 833 441 900 604 57285 0 0 1 digging 
5 831 441 898 604 57286 0 0 1 digging 
5 829 441 896 604 57287 0 0 1 digging 
5 828 441 895 604 57288 0 0 1 digging 
5 826 441 893 604 57289 0 0 1 digging 
5 825 441 892 604 57290 0 0 0 digging 
5 820 442 887 605 57291 0 0 1 digging 
5 816 443 883 606 57292 0 0 1 digging 
5 811 444 878 607 57293 0 0 1 digging 
5 807 445 874 608 57294 0 0 1 digging 
5 802 446 869 609 57295 0 0 1 digging 
5 798 447 865 610 57296 0 0 1 digging 
5 793 448 860 611 57297 0 0 1 digging 
5 789 449 856 612 57298 0 0 1 digging 
5 784 450 851 613 57299 0 0 1 digging 
6 862 361 921 516 57280 0 0 0 digging 
6 859 361 918 516 57281 0 0 1 standing 
6 857 361 916 516 57282 0 0 1 standing 
6 854 361 913 516 57283 0 0 1 standing 
6 852 361 911 516 57284 0 0 1 standing 
6 850 361 909 516 57285 0 0 1 standing 
6 847 361 906 516 57286 0 0 1 standing 
6 845 361 904 516 57287 0 0 1 standing 
6 842 361 901 516 57288 0 0 1 standing 
6 840 361 899 516 57289 0 0 1 standing 
6 838 361 897 516 57290 0 0 0 standing 
6 832 362 891 517 57291 0 0 1 standing 
6 827 364 886 519 57292 0 0 1 standing 
6 822 366 881 521 57293 0 0 1 standing 
6 816 367 875 522 57294 0 0 1 standing 
6 811 369 870 524 57295 0 0 1 standing 
6 806 371 865 526 57296 0 0 1 standing 
6 800 372 859 527 57297 0 0 1 standing 
6 795 374 854 529 57298 0 0 1 standing 
6 790 376 849 531 57299 0 0 1 standing 
7 1099 383 1161 537 57280 0 0 0 standing 
7 1106 383 1168 537 57281 0 0 1 standing 
7 1113 384 1175 538 57282 0 0 1 standing 
7 1120 385 1182 539 57283 0 0 1 standing 
7 1127 385 1189 539 57284 0 0 1 standing 
7 1135 386 1197 540 57285 0 0 1 standing 
7 1142 387 1204 541 57286 0 0 1 standing 
7 1149 387 1211 541 57287 0 0 1 standing 
7 1156 388 1218 542 57288 0 0 1 standing 
7 1163 389 1225 543 57289 0 0 1 standing 
7 1171 390 1233 544 57290 0 0 0 standing 
7 1177 390 1239 544 57291 0 0 1 standing 
7 1183 390 1245 545 57292 0 0 1 standing 
7 1190 391 1251 545 57293 0 0 1 standing 
7 1196 391 1257 546 57294 0 0 1 standing 
7 1202 391 1263 546 57295 0 0 1 standing 
7 1209 392 1269 547 57296 0 0 0 standing 
7 1211 392 1271 547 57297 0 0 1 standing 
7 1214 393 1273 548 57298 0 0 1 standing 
7 1216 393 1275 548 57299 0 0 1 standing 
8 1167 364 1231 519 57280 0 0 0 standing 
8 1164 363 1228 518 57281 0 0 1 standing 
8 1161 362 1225 517 57282 0 0 1 standing 
8 1159 362 1223 517 57283 0 0 1 standing 
8 1156 361 1220 516 57284 0 0 1 standing 
8 1154 361 1218 516 57285 0 0 1 standing 
8 1151 360 1215 515 57286 0 0 1 standing 
8 1148 359 1212 514 57287 0 0 1 standing 
8 1146 359 1210 514 57288 0 0 1 standing 
8 1143 358 1207 513 57289 0 0 1 standing 
8 1141 358 1205 513 57290 0 0 0 standing 
8 1136 358 1200 513 57291 0 0 1 standing 
8 1132 358 1196 513 57292 0 0 1 standing 
8 1127 358 1191 513 57293 0 0 1 standing 
8 1123 358 1187 513 57294 0 0 1 standing 
8 1119 358 1183 513 57295 0 0 1 standing 
8 1114 358 1178 513 57296 0 0 1 standing 
8 1110 358 1174 513 57297 0 0 1 standing 
8 1105 358 1169 513 57298 0 0 1 standing 
8 1101 358 1165 513 57299 0 0 1 standing 
9 712 332 775 490 57280 0 0 0 standing 
9 709 332 772 490 57281 0 0 1 standing 
9 707 333 770 491 57282 0 0 1 standing 
9 705 334 768 492 57283 0 0 1 standing 
9 702 335 765 493 57284 0 0 1 standing 
9 700 336 763 494 57285 0 0 1 standing 
9 698 336 761 494 57286 0 0 1 standing 
9 695 337 758 495 57287 0 0 1 standing 
9 693 338 756 496 57288 0 0 1 standing 
9 691 339 754 497 57289 0 0 1 standing 
9 689 340 752 498 57290 0 0 0 standing 
9 685 340 748 498 57291 0 0 1 standing 
9 681 341 744 499 57292 0 0 1 standing 
9 677 342 740 500 57293 0 0 1 standing 
9 673 343 736 500 57294 0 0 1 standing 
9 670 344 733 501 57295 0 0 1 standing 
9 666 345 729 502 57296 0 0 1 standing 
9 662 346 725 502 57297 0 0 1 standing 
9 658 347 721 503 57298 0 0 1 standing 
9 654 348 717 504 57299 0 0 1 standing 
10 853 395 915 552 57280 0 0 0 standing 
10 849 395 911 552 57281 0 0 1 digging 
10 846 395 908 552 57282 0 0 1 digging 
10 843 395 905 552 57283 0 0 1 digging 
10 840 395 902 552 57284 0 0 1 digging 
10 837 396 899 552 57285 0 0 1 digging 
10 834 396 896 552 57286 0 0 1 digging 
10 831 396 893 552 57287 0 0 1 digging 
10 828 396 890 552 57288 0 0 1 digging 
10 825 396 887 552 57289 0 0 1 digging 
10 822 397 884 552 57290 0 0 0 digging 
10 817 399 879 554 57291 0 0 1 digging 
10 813 401 875 556 57292 0 0 1 digging 
10 809 404 871 559 57293 0 0 1 digging 
10 804 406 866 561 57294 0 0 1 digging 
10 800 409 862 564 57295 0 0 1 digging 
10 796 411 858 566 57296 0 0 1 digging 
10 791 413 853 568 57297 0 0 1 digging 
10 787 416 849 571 57298 0 0 1 digging 
10 783 418 845 573 57299 0 0 1 digging 
11 1190 481 1235 622 57280 1 0 1 digging 
11 1193 481 1238 622 57281 1 0 1 digging 
11 1197 481 1240 622 57282 1 0 1 digging 
11 1201 481 1243 622 57283 1 0 1 digging 
11 1204 480 1246 621 57284 1 0 1 digging 
11 1208 480 1248 621 57285 1 0 1 digging 
11 1211 480 1251 621 57286 1 0 1 digging 
11 1215 480 1254 621 57287 1 0 1 digging 
11 1219 480 1257 621 57288 1 0 1 digging 
11 1222 480 1259 621 57289 1 0 1 digging 
11 1226 480 1262 621 57290 1 0 1 digging 
11 1229 480 1265 621 57291 1 0 1 digging 
11 1233 480 1268 621 57292 1 0 1 digging 
11 1237 480 1270 621 57293 1 0 1 digging 
11 1240 480 1273 621 57294 1 0 1 digging 
11 1244 480 1276 621 57295 1 0 1 digging 
11 1248 480 1279 621 57296 0 0 0 digging 
11 1248 480 1279 621 57297 0 0 1 digging 
11 1248 480 1279 621 57298 0 0 1 digging 
11 1248 480 1279 621 57299 0 0 1 digging 
