0 232 499 345 638 101925 0 1 0 moving 
0 235 501 346 637 101926 0 1 1 moving 
0 239 504 347 637 101927 0 1 1 moving 
0 243 506 348 636 101928 0 1 1 moving 
0 247 509 349 636 101929 0 1 1 moving 
0 251 512 350 636 101930 0 1 0 moving 
0 255 508 364 636 101931 0 1 1 moving 
0 259 504 378 636 101932 0 1 1 moving 
0 264 500 392 637 101933 0 1 0 moving 
0 270 499 395 636 101934 0 1 1 moving 
0 277 499 398 636 101935 0 1 1 moving 
0 284 499 402 636 101936 0 1 1 moving 
0 290 498 405 636 101937 0 1 1 moving 
0 297 498 409 636 101938 0 1 1 moving 
0 304 498 412 636 101939 0 1 1 moving 
0 310 497 415 636 101940 0 1 1 moving 
0 317 497 419 636 101941 0 1 1 moving 
0 324 497 422 636 101942 0 1 1 moving 
0 331 497 426 636 101943 0 1 0 moving 
0 331 497 426 636 101944 0 1 1 moving 
1 341 445 425 564 101925 0 1 0 moving 
1 344 443 428 562 101926 0 1 1 moving 
1 348 441 432 560 101927 0 1 1 moving 
1 352 439 435 558 101928 0 1 1 moving 
1 356 437 439 556 101929 0 1 1 moving 
1 360 436 443 555 101930 0 1 1 moving 
1 364 434 446 553 101931 0 1 1 moving 
1 368 432 450 551 101932 0 1 1 moving 
1 372 430 454 549 101933 0 1 1 moving 
1 375 429 457 548 101934 0 1 1 moving 
1 379 427 461 546 101935 0 1 1 moving 
1 383 425 465 544 101936 0 1 1 moving 
1 387 423 468 542 101937 0 1 1 moving 
1 391 422 472 541 101938 0 1 1 moving 
1 395 420 476 539 101939 0 1 1 moving 
1 399 418 479 537 101940 0 1 1 moving 
1 403 416 483 535 101941 0 1 1 moving 
1 407 415 487 534 101942 0 1 0 moving 
1 404 412 481 531 101943 0 1 1 moving 
1 401 409 476 528 101944 0 1 1 moving 
2 370 397 416 514 101925 0 0 1 moving 
2 365 395 411 512 101926 0 0 1 standing 
2 360 394 406 511 101927 0 0 0 standing 
2 353 394 402 511 101928 0 0 1 standing 
2 346 395 398 511 101929 0 0 1 standing 
2 340 395 394 512 101930 0 0 1 standing 
2 333 396 390 512 101931 0 0 1 standing 
2 327 397 387 513 101932 0 0 0 standing 
2 321 397 383 513 101933 0 0 1 standing 
2 315 397 380 513 101934 0 0 1 standing 
2 309 397 377 513 101935 0 0 0 standing 
2 304 396 371 512 101936 0 0 1 standing 
2 299 395 365 512 101937 0 0 1 standing 
2 294 395 359 511 101938 0 0 1 standing 
2 289 394 353 511 101939 0 0 1 standing 
2 284 394 347 510 101940 0 0 1 standing 
2 279 393 341 510 101941 0 0 1 standing 
2 274 393 335 509 101942 0 0 1 standing 
2 269 392 329 509 101943 0 0 1 standing 
2 264 392 324 509 101944 0 0 0 standing 
3 529 467 635 586 101925 0 1 0 standing 
3 535 462 633 583 101926 0 1 1 jumping 
3 541 457 631 581 101927 0 1 1 jumping 
3 548 453 630 579 101928 0 1 1 jumping 
3 554 448 628 577 101929 0 1 1 jumping 
3 561 444 627 575 101930 0 1 0 jumping 
3 557 433 625 567 101931 0 1 1 jumping 
3 554 423 623 560 101932 0 1 1 jumping 
3 550 413 621 552 101933 0 1 1 jumping 
3 547 403 620 545 101934 0 1 1 jumping 
3 543 393 618 537 101935 0 1 1 jumping 
3 540 383 616 530 101936 0 1 1 jumping 
3 536 373 614 522 101937 0 1 1 jumping 
3 533 363 613 515 101938 0 1 0 jumping 
3 532 359 605 514 101939 0 1 1 jumping 
3 531 355 598 513 101940 0 1 1 jumping 
3 531 352 591 513 101941 0 1 0 jumping 
3 525 359 587 512 101942 0 1 1 jumping 
3 519 366 583 512 101943 0 1 1 jumping 
3 513 373 579 511 101944 0 1 1 jumping 
4 436 350 524 448 101925 0 1 0 jumping 
4 439 349 526 448 101926 0 1 1 moving 
4 442 348 528 449 101927 0 1 1 moving 
4 445 347 530 449 101928 0 1 1 moving 
4 448 346 532 450 101929 0 1 1 moving 
4 451 345 534 450 101930 0 1 1 moving 
4 454 344 536 451 101931 0 1 1 moving 
4 457 343 538 452 101932 0 1 0 moving 
4 462 344 540 452 101933 0 1 1 moving 
4 468 346 542 453 101934 0 1 1 moving 
4 473 347 544 453 101935 0 1 1 moving 
4 479 349 546 454 101936 0 1 1 moving 
4 484 350 548 454 101937 0 1 1 moving 
4 490 352 550 455 101938 0 1 1 moving 
4 495 353 552 455 101939 0 1 1 moving 
4 501 355 554 456 101940 0 1 1 moving 
4 507 357 557 457 101941 0 1 0 moving 
4 504 356 560 461 101942 0 1 1 moving 
4 501 356 564 465 101943 0 1 1 moving 
4 498 356 568 469 101944 0 1 1 moving 
5 684 378 735 556 101925 0 1 0 moving 
5 676 374 728 548 101926 0 1 1 setting 
5 668 370 722 541 101927 0 1 1 setting 
5 661 367 715 534 101928 0 1 1 setting 
5 653 363 709 527 101929 0 1 1 setting 
5 646 360 703 520 101930 0 1 0 setting 
5 639 364 696 522 101931 0 1 1 setting 
5 632 368 689 525 101932 0 1 1 setting 
5 625 372 682 528 101933 0 1 1 setting 
5 618 376 675 531 101934 0 1 1 setting 
5 611 380 668 534 101935 0 1 1 setting 
5 605 384 661 537 101936 0 1 1 setting 
5 598 388 654 540 101937 0 1 1 setting 
5 591 392 647 543 101938 0 1 1 setting 
5 584 396 640 546 101939 0 1 1 setting 
5 577 400 633 549 101940 0 1 1 setting 
5 571 405 627 552 101941 0 1 0 setting 
5 559 409 616 554 101942 0 1 1 setting 
5 547 414 606 557 101943 0 1 1 setting 
5 535 418 595 559 101944 0 1 1 setting 
6 1017 402 1087 505 101925 0 0 0 setting 
6 1012 401 1081 505 101926 0 0 1 waiting 
6 1008 401 1076 505 101927 0 0 1 waiting 
6 1003 401 1071 505 101928 0 0 1 waiting 
6 999 401 1065 506 101929 0 0 1 waiting 
6 994 401 1060 506 101930 0 0 1 waiting 
6 990 400 1055 506 101931 0 0 1 waiting 
6 985 400 1050 506 101932 0 0 1 waiting 
6 981 400 1044 507 101933 0 0 1 waiting 
6 976 400 1039 507 101934 0 0 1 waiting 
6 972 400 1034 507 101935 0 0 1 waiting 
6 968 400 1029 508 101936 0 0 0 waiting 
6 960 400 1020 508 101937 0 0 1 waiting 
6 952 400 1012 508 101938 0 0 1 waiting 
6 944 400 1003 508 101939 0 0 1 waiting 
6 936 400 995 508 101940 0 0 1 waiting 
6 928 400 987 508 101941 0 0 0 waiting 
6 917 400 978 508 101942 0 0 1 waiting 
6 906 400 970 509 101943 0 0 1 waiting 
6 895 400 962 509 101944 0 0 1 waiting 
7 1101 502 1171 620 101925 0 0 0 waiting 
7 1093 501 1162 619 101926 0 0 1 waiting 
7 1085 501 1153 618 101927 0 0 1 waiting 
7 1077 500 1145 618 101928 0 0 1 waiting 
7 1069 500 1136 617 101929 0 0 1 waiting 
7 1061 499 1127 617 101930 0 0 1 waiting 
7 1053 499 1119 616 101931 0 0 1 waiting 
7 1045 498 1110 616 101932 0 0 1 waiting 
7 1037 498 1101 615 101933 0 0 1 waiting 
7 1029 497 1093 615 101934 0 0 1 waiting 
7 1021 497 1084 614 101935 0 0 1 waiting 
7 1014 497 1076 614 101936 0 0 0 waiting 
7 1007 496 1068 613 101937 0 0 1 waiting 
7 1000 496 1060 613 101938 0 0 1 waiting 
7 993 496 1053 613 101939 0 0 1 waiting 
7 986 496 1045 613 101940 0 0 1 waiting 
7 980 496 1038 613 101941 0 0 0 waiting 
7 968 494 1029 611 101942 0 0 1 waiting 
7 957 492 1021 610 101943 0 0 1 waiting 
7 946 490 1012 608 101944 0 0 1 waiting 
8 774 450 834 598 101925 0 0 1 waiting 
8 767 449 827 597 101926 0 0 1 blocking 
8 761 449 821 596 101927 0 0 0 blocking 
8 754 449 813 596 101928 0 0 1 blocking 
8 747 449 805 596 101929 0 0 1 blocking 
8 740 449 798 597 101930 0 0 1 blocking 
8 733 449 790 597 101931 0 0 1 blocking 
8 726 449 783 598 101932 0 0 1 blocking 
8 719 449 775 598 101933 0 0 1 blocking 
8 712 449 768 599 101934 0 0 1 blocking 
8 705 449 760 599 101935 0 0 1 blocking 
8 698 450 753 600 101936 0 0 0 blocking 
8 691 441 746 600 101937 0 0 1 blocking 
8 684 432 740 601 101938 0 0 1 blocking 
8 677 423 733 601 101939 0 0 1 blocking 
8 670 415 727 602 101940 0 0 0 blocking 
8 659 408 716 595 101941 0 0 1 blocking 
8 649 401 706 588 101942 0 0 1 blocking 
8 638 394 696 581 101943 0 0 1 blocking 
8 628 387 685 574 101944 0 0 1 blocking 
9 786 435 841 557 101925 0 0 1 blocking 
9 778 435 834 555 101926 0 0 1 blocking 
9 771 435 827 554 101927 0 0 0 blocking 
9 761 432 818 553 101928 0 0 1 blocking 
9 752 429 810 552 101929 0 0 1 blocking 
9 743 427 802 551 101930 0 0 1 blocking 
9 734 424 794 550 101931 0 0 1 blocking 
9 725 422 786 550 101932 0 0 0 blocking 
9 716 408 780 542 101933 0 0 1 blocking 
9 707 394 774 534 101934 0 0 1 blocking 
9 698 380 768 527 101935 0 0 0 blocking 
9 689 376 758 525 101936 0 0 1 blocking 
9 681 372 748 524 101937 0 0 1 blocking 
9 672 369 738 523 101938 0 0 1 blocking 
9 664 365 728 522 101939 0 0 1 blocking 
9 656 362 719 521 101940 0 0 0 blocking 
9 645 360 709 522 101941 0 0 1 blocking 
9 634 359 700 524 101942 0 0 1 blocking 
9 623 357 690 526 101943 0 0 1 blocking 
9 612 356 681 527 101944 0 0 1 blocking 
10 782 374 832 501 101925 0 0 1 blocking 
10 775 373 825 500 101926 0 0 1 blocking 
10 769 372 819 500 101927 0 0 0 blocking 
10 763 372 813 500 101928 0 0 1 blocking 
10 757 372 807 500 101929 0 0 1 blocking 
10 752 373 802 500 101930 0 0 1 blocking 
10 746 373 796 500 101931 0 0 1 blocking 
10 740 373 790 500 101932 0 0 1 blocking 
10 735 374 785 500 101933 0 0 1 blocking 
10 729 374 779 500 101934 0 0 1 blocking 
10 724 375 774 501 101935 0 0 0 blocking 
10 716 372 768 499 101936 0 0 1 blocking 
10 709 370 762 498 101937 0 0 1 blocking 
10 702 368 756 497 101938 0 0 1 blocking 
10 695 366 750 495 101939 0 0 1 blocking 
10 688 364 744 494 101940 0 0 1 blocking 
10 681 362 739 493 101941 0 0 0 blocking 
10 670 361 731 493 101942 0 0 1 blocking 
10 659 360 724 494 101943 0 0 1 blocking 
10 648 359 716 494 101944 0 0 1 blocking 
11 1188 440 1243 568 101925 0 0 0 blocking 
11 1180 440 1235 568 101926 0 0 1 waiting 
11 1172 441 1228 568 101927 0 0 1 waiting 
11 1164 441 1220 568 101928 0 0 1 waiting 
11 1156 442 1213 568 101929 0 0 1 waiting 
11 1148 443 1205 568 101930 0 0 1 waiting 
11 1140 443 1198 569 101931 0 0 1 waiting 
11 1132 444 1190 569 101932 0 0 1 waiting 
11 1124 445 1183 569 101933 0 0 1 waiting 
11 1116 445 1175 569 101934 0 0 1 waiting 
11 1108 446 1168 569 101935 0 0 1 waiting 
11 1101 447 1161 570 101936 0 0 0 waiting 
11 1094 446 1153 569 101937 0 0 1 waiting 
11 1087 446 1145 569 101938 0 0 1 waiting 
11 1080 446 1137 568 101939 0 0 1 waiting 
11 1073 446 1130 568 101940 0 0 0 waiting 
11 1063 445 1119 567 101941 0 0 1 waiting 
11 1053 444 1108 566 101942 0 0 1 waiting 
11 1043 443 1097 565 101943 0 0 1 waiting 
11 1033 442 1086 564 101944 0 0 1 waiting 
