0 94 421 148 527 39020 0 0 0 standing 
0 89 418 143 524 39021 0 0 1 standing 
0 85 416 139 522 39022 0 0 1 standing 
0 81 414 135 520 39023 0 0 1 standing 
0 77 412 131 518 39024 0 0 1 standing 
0 73 409 126 516 39025 0 0 1 standing 
0 69 407 122 514 39026 0 0 1 standing 
0 65 405 118 512 39027 0 0 1 standing 
0 61 403 114 510 39028 0 0 0 standing 
0 59 402 112 509 39029 0 0 1 standing 
0 57 401 111 508 39030 0 0 1 standing 
0 55 400 109 507 39031 0 0 1 standing 
0 54 399 108 506 39032 0 0 0 standing 
0 56 398 112 504 39033 0 0 1 standing 
0 59 397 116 503 39034 0 0 1 standing 
0 62 396 121 502 39035 0 0 0 standing 
0 65 394 123 501 39036 0 0 1 standing 
0 68 393 125 500 39037 0 0 1 standing 
0 71 392 127 499 39038 0 0 1 standing 
0 74 391 129 498 39039 0 0 1 standing 
1 156 478 206 580 39020 0 0 0 standing 
1 144 476 195 579 39021 0 0 1 standing 
1 133 474 185 579 39022 0 0 1 standing 
1 122 473 175 579 39023 0 0 1 standing 
1 111 471 164 579 39024 0 0 1 standing 
1 99 469 154 578 39025 0 0 1 standing 
1 88 468 144 578 39026 0 0 1 standing 
1 77 466 133 578 39027 0 0 1 standing 
1 66 464 123 578 39028 0 0 1 standing 
1 55 463 113 578 39029 0 0 0 standing 
1 47 460 108 575 39030 0 0 1 standing 
1 40 458 104 572 39031 0 0 1 standing 
1 33 456 100 570 39032 0 0 0 standing 
1 30 454 96 569 39033 0 0 1 standing 
1 27 453 92 569 39034 0 0 1 standing 
1 25 452 88 569 39035 0 0 1 standing 
1 22 451 85 569 39036 0 0 1 standing 
1 19 449 81 568 39037 0 0 1 standing 
1 17 448 77 568 39038 0 0 1 standing 
1 14 447 73 568 39039 0 0 1 standing 
2 265 473 304 592 39020 0 0 0 standing 
2 253 471 291 592 39021 0 0 1 standing 
2 242 469 279 593 39022 0 0 1 standing 
2 230 468 267 593 39023 0 0 1 standing 
2 219 466 255 594 39024 0 0 1 standing 
2 207 464 243 594 39025 0 0 1 standing 
2 196 463 231 595 39026 0 0 0 standing 
2 185 463 224 596 39027 0 0 1 standing 
2 174 463 217 597 39028 0 0 1 standing 
2 164 464 211 598 39029 0 0 0 standing 
2 158 464 206 599 39030 0 0 1 standing 
2 152 465 201 600 39031 0 0 1 standing 
2 146 466 196 601 39032 0 0 0 standing 
2 142 465 193 600 39033 0 0 1 standing 
2 138 464 190 600 39034 0 0 1 standing 
2 134 464 187 600 39035 0 0 1 standing 
2 130 463 184 600 39036 0 0 1 standing 
2 126 462 181 599 39037 0 0 1 standing 
2 122 462 178 599 39038 0 0 1 standing 
2 118 461 175 599 39039 0 0 1 standing 
3 395 445 425 546 39020 0 0 0 standing 
3 387 442 417 544 39021 0 0 1 standing 
3 379 440 410 542 39022 0 0 1 standing 
3 371 438 403 540 39023 0 0 1 standing 
3 363 436 396 538 39024 0 0 1 standing 
3 355 434 389 536 39025 0 0 1 standing 
3 347 432 382 535 39026 0 0 0 standing 
3 342 430 380 533 39027 0 0 1 standing 
3 337 428 379 531 39028 0 0 1 standing 
3 332 427 378 530 39029 0 0 0 standing 
3 332 425 377 528 39030 0 0 1 standing 
3 332 423 376 526 39031 0 0 1 standing 
3 332 422 375 524 39032 0 0 1 standing 
3 332 420 374 522 39033 0 0 1 standing 
3 332 418 373 520 39034 0 0 1 standing 
3 332 417 372 518 39035 0 0 1 standing 
3 332 415 371 516 39036 0 0 1 standing 
3 332 413 370 514 39037 0 0 1 standing 
3 332 412 369 512 39038 0 0 1 standing 
3 332 410 368 510 39039 0 0 1 standing 
4 419 459 466 564 39020 0 0 0 standing 
4 411 457 458 562 39021 0 0 1 standing 
4 403 455 450 560 39022 0 0 1 standing 
4 395 453 442 558 39023 0 0 1 standing 
4 387 451 434 556 39024 0 0 1 standing 
4 380 450 427 555 39025 0 0 1 standing 
4 372 448 419 553 39026 0 0 1 standing 
4 364 446 411 551 39027 0 0 1 standing 
4 356 444 403 549 39028 0 0 1 standing 
4 348 442 395 547 39029 0 0 1 standing 
4 341 441 388 546 39030 0 0 0 standing 
4 340 439 387 546 39031 0 0 1 standing 
4 340 437 387 547 39032 0 0 1 standing 
4 340 435 387 548 39033 0 0 1 standing 
4 340 433 387 548 39034 0 0 1 standing 
4 340 431 387 549 39035 0 0 1 standing 
4 339 429 386 550 39036 0 0 1 standing 
4 339 427 386 550 39037 0 0 1 standing 
4 339 425 386 551 39038 0 0 1 standing 
4 339 423 386 552 39039 0 0 1 standing 
5 426 483 462 608 39020 0 0 0 standing 
5 416 481 453 606 39021 0 0 1 standing 
5 407 480 445 604 39022 0 0 1 standing 
5 398 479 437 603 39023 0 0 1 standing 
5 388 478 428 601 39024 0 0 1 standing 
5 379 477 420 599 39025 0 0 1 standing 
5 370 476 412 598 39026 0 0 0 standing 
5 363 474 403 597 39027 0 0 1 standing 
5 356 473 395 597 39028 0 0 1 standing 
5 349 472 387 596 39029 0 0 1 standing 
5 343 471 379 596 39030 0 0 0 standing 
5 341 469 377 596 39031 0 0 1 standing 
5 340 468 376 596 39032 0 0 1 standing 
5 339 467 374 596 39033 0 0 1 standing 
5 337 465 373 596 39034 0 0 1 standing 
5 336 464 372 596 39035 0 0 1 standing 
5 335 463 370 596 39036 0 0 1 standing 
5 333 461 369 596 39037 0 0 1 standing 
5 332 460 367 596 39038 0 0 1 standing 
5 331 459 366 596 39039 0 0 1 standing 
6 503 446 538 548 39020 0 0 0 standing 
6 493 444 528 546 39021 0 0 1 standing 
6 484 442 519 545 39022 0 0 1 standing 
6 475 441 510 544 39023 0 0 0 standing 
6 466 439 504 542 39024 0 0 1 standing 
6 458 437 498 540 39025 0 0 1 standing 
6 450 435 492 539 39026 0 0 0 standing 
6 444 433 486 539 39027 0 0 1 standing 
6 438 431 480 539 39028 0 0 1 standing 
6 432 429 474 540 39029 0 0 0 standing 
6 428 429 471 538 39030 0 0 1 standing 
6 424 429 469 537 39031 0 0 1 standing 
6 420 430 467 536 39032 0 0 0 standing 
6 417 430 465 535 39033 0 0 1 standing 
6 414 430 463 535 39034 0 0 1 standing 
6 411 431 462 535 39035 0 0 0 standing 
6 412 428 464 533 39036 0 0 1 standing 
6 413 425 467 531 39037 0 0 1 standing 
6 414 422 470 530 39038 0 0 1 standing 
6 415 419 473 528 39039 0 0 1 standing 
7 625 457 658 552 39020 0 0 0 standing 
7 615 453 649 550 39021 0 0 1 standing 
7 605 449 640 548 39022 0 0 1 standing 
7 596 445 631 547 39023 0 0 0 standing 
7 590 442 625 544 39024 0 0 1 standing 
7 585 439 619 542 39025 0 0 1 standing 
7 580 437 614 540 39026 0 0 0 standing 
7 576 434 615 537 39027 0 0 1 standing 
7 572 431 616 534 39028 0 0 1 standing 
7 568 429 618 531 39029 0 0 0 standing 
7 567 427 617 529 39030 0 0 1 standing 
7 566 425 616 528 39031 0 0 1 standing 
7 566 424 616 527 39032 0 0 0 standing 
7 567 422 616 525 39033 0 0 1 standing 
7 568 421 617 523 39034 0 0 1 standing 
7 569 419 618 522 39035 0 0 1 standing 
7 571 418 619 520 39036 0 0 1 standing 
7 572 417 620 518 39037 0 0 1 standing 
7 573 415 621 517 39038 0 0 1 standing 
7 574 414 622 515 39039 0 0 1 standing 
8 762 515 838 608 39020 0 1 0 standing 
8 750 515 825 604 39021 0 1 1 falling 
8 738 515 813 600 39022 0 1 1 falling 
8 726 515 800 597 39023 0 1 1 falling 
8 714 515 788 593 39024 0 1 1 falling 
8 702 515 775 589 39025 0 1 1 falling 
8 691 515 763 586 39026 0 1 0 falling 
8 678 518 756 585 39027 0 1 1 falling 
8 666 522 749 585 39028 0 1 1 falling 
8 654 526 742 585 39029 0 1 1 falling 
8 642 530 736 585 39030 0 1 0 falling 
8 641 528 737 583 39031 0 1 1 falling 
8 641 527 739 582 39032 0 1 1 falling 
8 640 526 740 581 39033 0 1 1 falling 
8 640 525 742 580 39034 0 1 1 falling 
8 639 524 743 579 39035 0 1 1 falling 
8 639 523 745 577 39036 0 1 1 falling 
8 638 522 746 576 39037 0 1 1 falling 
8 638 521 748 575 39038 0 1 1 falling 
8 637 520 749 574 39039 0 1 1 falling 
9 814 495 857 578 39020 0 0 0 falling 
9 805 494 848 580 39021 0 0 1 standing 
9 796 494 839 582 39022 0 0 1 standing 
9 787 494 830 584 39023 0 0 0 standing 
9 781 493 824 585 39024 0 0 1 standing 
9 775 493 819 586 39025 0 0 1 standing 
9 770 493 814 588 39026 0 0 0 standing 
9 765 492 812 586 39027 0 0 1 standing 
9 760 492 811 584 39028 0 0 1 standing 
9 756 492 810 583 39029 0 0 0 standing 
9 754 490 810 583 39030 0 0 1 standing 
9 752 489 810 583 39031 0 0 1 standing 
9 751 488 810 583 39032 0 0 0 standing 
9 754 486 816 581 39033 0 0 1 standing 
9 757 484 822 579 39034 0 0 1 standing 
9 761 483 829 578 39035 0 0 0 standing 
9 763 481 834 579 39036 0 0 1 standing 
9 765 480 839 580 39037 0 0 1 standing 
9 767 479 844 581 39038 0 0 1 standing 
9 769 478 849 582 39039 0 0 1 standing 
10 749 435 791 529 39020 0 0 0 standing 
10 740 431 782 525 39021 0 0 1 standing 
10 732 427 773 522 39022 0 0 1 standing 
10 724 424 764 518 39023 0 0 1 standing 
10 715 420 755 515 39024 0 0 1 standing 
10 707 416 746 511 39025 0 0 1 standing 
10 699 413 738 508 39026 0 0 0 standing 
10 693 409 731 506 39027 0 0 1 standing 
10 687 406 724 504 39028 0 0 1 standing 
10 682 403 718 502 39029 0 0 0 standing 
10 679 400 717 499 39030 0 0 1 standing 
10 677 397 717 496 39031 0 0 1 standing 
10 675 395 717 494 39032 0 0 0 standing 
10 675 393 716 493 39033 0 0 1 standing 
10 675 391 715 492 39034 0 0 1 standing 
10 675 390 715 492 39035 0 0 0 standing 
10 675 386 715 488 39036 0 0 1 standing 
10 675 383 715 485 39037 0 0 1 standing 
10 676 380 716 481 39038 0 0 1 standing 
10 676 377 716 478 39039 0 0 1 standing 
11 893 435 928 523 39020 0 0 0 standing 
11 885 433 922 522 39021 0 0 1 standing 
11 877 431 916 521 39022 0 0 1 standing 
11 870 430 910 520 39023 0 0 0 standing 
11 865 428 904 519 39024 0 0 1 standing 
11 860 426 898 519 39025 0 0 1 standing 
11 856 425 893 519 39026 0 0 1 standing 
11 851 423 887 519 39027 0 0 1 standing 
11 846 421 881 519 39028 0 0 1 standing 
11 842 420 876 519 39029 0 0 0 standing 
11 838 418 875 517 39030 0 0 1 standing 
11 835 416 875 515 39031 0 0 1 standing 
11 832 415 875 513 39032 0 0 0 standing 
11 833 414 880 512 39033 0 0 1 standing 
11 834 413 885 511 39034 0 0 1 standing 
11 836 412 890 511 39035 0 0 0 standing 
11 836 412 894 513 39036 0 0 1 standing 
11 837 412 898 516 39037 0 0 1 standing 
11 838 412 902 518 39038 0 0 1 standing 
11 839 412 906 521 39039 0 0 1 standing 
