0 865 409 949 517 39195 0 1 0 digging 
0 864 408 948 516 39196 0 1 1 digging 
0 863 408 947 516 39197 0 1 1 digging 
0 862 408 946 516 39198 0 1 1 digging 
0 862 408 946 516 39199 0 1 1 digging 
0 861 408 945 516 39200 0 1 1 digging 
0 860 407 944 516 39201 0 1 1 digging 
0 860 407 944 516 39202 0 1 1 digging 
0 859 407 943 516 39203 0 1 1 digging 
0 858 407 942 516 39204 0 1 1 digging 
0 858 407 942 516 39205 0 1 0 digging 
0 857 407 938 515 39206 0 1 1 digging 
0 857 407 935 515 39207 0 1 1 digging 
0 857 407 932 515 39208 0 1 1 digging 
0 857 407 928 515 39209 0 1 1 digging 
0 857 407 925 515 39210 0 1 1 digging 
0 857 407 922 514 39211 0 1 1 digging 
0 857 407 918 514 39212 0 1 1 digging 
0 857 407 915 514 39213 0 1 1 digging 
0 857 407 912 514 39214 0 1 1 digging 
1 847 486 917 608 39195 0 0 0 digging 
1 848 481 919 607 39196 0 0 1 standing 
1 850 476 921 607 39197 0 0 1 standing 
1 852 471 923 607 39198 0 0 0 standing 
1 854 470 928 606 39199 0 0 1 standing 
1 856 469 933 606 39200 0 0 1 standing 
1 858 469 938 606 39201 0 0 1 standing 
1 860 468 943 606 39202 0 0 1 standing 
1 862 467 948 606 39203 0 0 1 standing 
1 864 467 954 606 39204 0 0 0 standing 
1 861 465 959 608 39205 0 0 1 standing 
1 858 463 964 610 39206 0 0 1 standing 
1 856 462 970 612 39207 0 0 0 standing 
1 858 460 973 609 39208 0 0 1 standing 
1 860 459 976 607 39209 0 0 1 standing 
1 862 458 980 605 39210 0 0 0 standing 
1 872 456 985 605 39211 0 0 1 standing 
1 882 455 991 605 39212 0 0 1 standing 
1 892 454 996 606 39213 0 0 1 standing 
1 902 453 1002 606 39214 0 0 1 standing 
2 835 452 899 552 39195 0 0 0 standing 
2 834 451 897 555 39196 0 0 1 standing 
2 833 450 895 558 39197 0 0 1 standing 
2 833 450 893 561 39198 0 0 0 standing 
2 832 450 892 563 39199 0 0 1 standing 
2 832 451 891 566 39200 0 0 1 standing 
2 832 452 891 569 39201 0 0 1 standing 
2 831 453 890 572 39202 0 0 1 standing 
2 831 453 890 575 39203 0 0 1 standing 
2 831 454 889 578 39204 0 0 1 standing 
2 830 455 889 581 39205 0 0 1 standing 
2 830 456 888 584 39206 0 0 1 standing 
2 830 457 888 587 39207 0 0 0 standing 
2 831 453 890 584 39208 0 0 1 standing 
2 832 449 893 582 39209 0 0 1 standing 
2 833 445 896 580 39210 0 0 0 standing 
2 838 443 899 577 39211 0 0 1 standing 
2 844 441 902 574 39212 0 0 1 standing 
2 849 439 905 572 39213 0 0 1 standing 
2 855 437 908 569 39214 0 0 1 standing 
3 748 365 813 480 39195 0 0 0 standing 
3 750 365 817 481 39196 0 0 1 standing 
3 753 365 821 483 39197 0 0 1 standing 
3 756 366 826 485 39198 0 0 0 standing 
3 758 364 827 486 39199 0 0 1 standing 
3 761 363 829 487 39200 0 0 1 standing 
3 764 362 831 489 39201 0 0 0 standing 
3 767 364 833 491 39202 0 0 1 standing 
3 770 366 836 494 39203 0 0 1 standing 
3 773 368 839 496 39204 0 0 1 standing 
3 777 370 842 499 39205 0 0 0 standing 
3 775 370 842 498 39206 0 0 1 standing 
3 774 370 843 498 39207 0 0 1 standing 
3 772 370 843 498 39208 0 0 1 standing 
3 771 370 844 498 39209 0 0 1 standing 
3 770 371 845 498 39210 0 0 0 standing 
3 772 371 845 498 39211 0 0 1 standing 
3 775 371 846 499 39212 0 0 1 standing 
3 777 372 846 500 39213 0 0 1 standing 
3 780 372 847 501 39214 0 0 1 standing 
4 718 492 774 589 39195 0 0 0 standing 
4 710 490 771 597 39196 0 0 1 moving 
4 703 488 768 605 39197 0 0 1 moving 
4 696 487 766 614 39198 0 0 0 moving 
4 692 485 764 616 39199 0 0 1 moving 
4 689 483 762 618 39200 0 0 1 moving 
4 686 482 760 620 39201 0 0 0 moving 
4 685 480 757 622 39202 0 0 1 moving 
4 685 478 754 624 39203 0 0 1 moving 
4 685 477 752 627 39204 0 0 0 moving 
4 687 478 754 630 39205 0 0 1 moving 
4 690 480 757 633 39206 0 0 1 moving 
4 693 482 760 636 39207 0 0 1 moving 
4 696 483 763 639 39208 0 0 1 moving 
4 699 485 766 642 39209 0 0 1 moving 
4 702 487 769 646 39210 0 0 0 moving 
4 703 489 771 650 39211 0 0 1 moving 
4 705 491 773 654 39212 0 0 1 moving 
4 707 493 776 659 39213 0 0 1 moving 
4 709 495 778 663 39214 0 0 1 moving 
5 693 435 753 537 39195 0 0 0 moving 
5 688 431 748 537 39196 0 0 1 standing 
5 684 427 743 538 39197 0 0 1 standing 
5 680 424 738 539 39198 0 0 0 standing 
5 676 423 733 541 39199 0 0 1 standing 
5 672 423 729 543 39200 0 0 1 standing 
5 668 423 724 545 39201 0 0 1 standing 
5 664 423 720 547 39202 0 0 1 standing 
5 660 423 715 549 39203 0 0 1 standing 
5 657 423 711 551 39204 0 0 0 standing 
5 654 421 708 553 39205 0 0 1 standing 
5 651 419 706 555 39206 0 0 1 standing 
5 649 418 704 557 39207 0 0 0 standing 
5 646 413 701 554 39208 0 0 1 standing 
5 643 409 698 551 39209 0 0 1 standing 
5 641 405 696 548 39210 0 0 0 standing 
5 639 403 693 544 39211 0 0 1 standing 
5 638 401 690 541 39212 0 0 1 standing 
5 637 400 688 538 39213 0 0 0 standing 
5 636 400 687 537 39214 0 0 1 standing 
6 61 409 132 537 39195 0 0 0 standing 
6 57 405 130 536 39196 0 0 1 moving 
6 53 401 129 536 39197 0 0 1 moving 
6 49 397 128 536 39198 0 0 0 moving 
6 45 397 130 536 39199 0 0 1 moving 
6 41 398 133 537 39200 0 0 1 moving 
6 38 399 136 538 39201 0 0 0 moving 
6 30 402 138 537 39202 0 0 1 moving 
6 22 405 140 536 39203 0 0 1 moving 
6 15 408 143 536 39204 0 0 0 moving 
6 16 408 142 535 39205 0 0 1 moving 
6 18 408 142 535 39206 0 0 1 moving 
6 20 408 141 535 39207 0 0 1 moving 
6 22 408 141 535 39208 0 0 1 moving 
6 23 408 140 535 39209 0 0 1 moving 
6 25 408 140 535 39210 0 0 1 moving 
6 27 408 139 535 39211 0 0 1 moving 
6 29 408 139 535 39212 0 0 1 moving 
6 31 408 139 535 39213 0 0 0 moving 
6 31 408 137 535 39214 0 0 1 moving 
7 172 446 238 605 39195 0 0 0 moving 
7 164 446 235 604 39196 0 0 1 moving 
7 156 446 232 604 39197 0 0 1 moving 
7 149 446 229 604 39198 0 0 0 moving 
7 143 448 225 606 39199 0 0 1 moving 
7 137 450 222 608 39200 0 0 1 moving 
7 131 453 219 611 39201 0 0 0 moving 
7 129 451 215 612 39202 0 0 1 moving 
7 127 449 212 613 39203 0 0 1 moving 
7 126 447 209 614 39204 0 0 0 moving 
7 129 446 208 612 39205 0 0 1 moving 
7 132 446 207 610 39206 0 0 1 moving 
7 136 446 207 608 39207 0 0 0 moving 
7 136 446 209 607 39208 0 0 1 moving 
7 136 446 212 607 39209 0 0 1 moving 
7 136 446 215 606 39210 0 0 1 moving 
7 136 446 218 606 39211 0 0 1 moving 
7 136 446 221 606 39212 0 0 1 moving 
7 136 446 224 605 39213 0 0 1 moving 
7 136 446 227 605 39214 0 0 1 moving 
8 255 356 348 463 39195 0 0 0 moving 
8 254 356 348 463 39196 0 0 1 standing 
8 253 356 348 463 39197 0 0 1 standing 
8 253 357 349 463 39198 0 0 0 standing 
8 260 356 350 463 39199 0 0 1 standing 
8 267 355 351 463 39200 0 0 1 standing 
8 274 354 353 464 39201 0 0 0 standing 
8 279 355 353 464 39202 0 0 1 standing 
8 285 357 354 465 39203 0 0 1 standing 
8 291 359 355 466 39204 0 0 1 standing 
8 297 361 356 467 39205 0 0 0 standing 
8 296 361 356 467 39206 0 0 1 standing 
8 296 361 357 468 39207 0 0 1 standing 
8 296 361 357 468 39208 0 0 1 standing 
8 296 361 358 469 39209 0 0 1 standing 
8 296 361 359 470 39210 0 0 1 standing 
8 296 361 359 470 39211 0 0 1 standing 
8 296 361 360 471 39212 0 0 1 standing 
8 296 361 360 471 39213 0 0 1 standing 
8 296 361 361 472 39214 0 0 1 standing 
9 436 399 514 507 39195 0 0 0 standing 
9 438 396 516 508 39196 0 0 1 moving 
9 441 394 519 509 39197 0 0 1 moving 
9 444 392 522 511 39198 0 0 0 moving 
9 453 391 524 509 39199 0 0 1 moving 
9 462 391 527 507 39200 0 0 1 moving 
9 471 391 530 506 39201 0 0 0 moving 
9 469 391 534 504 39202 0 0 1 moving 
9 468 392 539 503 39203 0 0 1 moving 
9 467 393 544 502 39204 0 0 1 moving 
9 466 394 549 501 39205 0 0 0 moving 
9 469 393 548 500 39206 0 0 1 moving 
9 473 392 548 500 39207 0 0 1 moving 
9 477 392 547 500 39208 0 0 1 moving 
9 481 391 547 500 39209 0 0 1 moving 
9 485 391 546 500 39210 0 0 1 moving 
9 489 390 546 499 39211 0 0 1 moving 
9 493 389 545 499 39212 0 0 1 moving 
9 497 389 545 499 39213 0 0 1 moving 
9 501 388 544 499 39214 0 0 1 moving 
10 627 420 667 594 39195 0 0 0 moving 
10 624 420 667 594 39196 0 0 1 blocking 
10 621 421 668 595 39197 0 0 1 blocking 
10 619 422 669 596 39198 0 0 0 blocking 
10 618 425 664 597 39199 0 0 1 blocking 
10 618 429 660 598 39200 0 0 1 blocking 
10 618 433 656 599 39201 0 0 0 blocking 
10 613 434 651 602 39202 0 0 1 blocking 
10 608 436 646 605 39203 0 0 1 blocking 
10 603 438 642 609 39204 0 0 0 blocking 
10 599 440 638 612 39205 0 0 1 blocking 
10 595 443 634 615 39206 0 0 1 blocking 
10 592 446 631 618 39207 0 0 0 blocking 
10 587 446 626 618 39208 0 0 1 blocking 
10 583 447 622 619 39209 0 0 1 blocking 
10 578 447 618 620 39210 0 0 1 blocking 
10 574 448 614 621 39211 0 0 1 blocking 
10 570 449 609 622 39212 0 0 1 blocking 
10 565 449 605 623 39213 0 0 1 blocking 
10 561 450 601 624 39214 0 0 1 blocking 
11 607 415 651 573 39195 0 0 0 blocking 
11 597 417 645 576 39196 0 0 1 standing 
11 588 420 639 579 39197 0 0 1 standing 
11 579 423 634 582 39198 0 0 0 standing 
11 575 423 629 582 39199 0 0 1 standing 
11 572 424 624 583 39200 0 0 1 standing 
11 569 425 620 584 39201 0 0 0 standing 
11 562 429 613 590 39202 0 0 1 standing 
11 556 434 606 596 39203 0 0 1 standing 
11 550 439 600 602 39204 0 0 0 standing 
11 547 440 596 602 39205 0 0 1 standing 
11 544 441 593 603 39206 0 0 1 standing 
11 542 442 590 604 39207 0 0 0 standing 
11 539 439 587 601 39208 0 0 1 standing 
11 536 437 585 599 39209 0 0 1 standing 
11 534 434 583 596 39210 0 0 1 standing 
11 531 432 581 594 39211 0 0 1 standing 
11 528 429 578 592 39212 0 0 1 standing 
11 526 427 576 589 39213 0 0 1 standing 
11 523 424 574 587 39214 0 0 1 standing 
