0 268 423 342 563 43780 0 1 0 digging 
0 266 425 339 564 43781 0 1 1 digging 
0 265 427 337 565 43782 0 1 1 digging 
0 264 429 334 566 43783 0 1 1 digging 
0 263 431 332 567 43784 0 1 1 digging 
0 262 433 330 569 43785 0 1 0 digging 
0 259 431 325 569 43786 0 1 1 digging 
0 256 429 321 569 43787 0 1 1 digging 
0 253 428 317 569 43788 0 1 1 digging 
0 250 426 313 569 43789 0 1 1 digging 
0 247 425 309 570 43790 0 1 0 digging 
0 240 424 315 569 43791 0 1 1 digging 
0 233 424 321 568 43792 0 1 1 digging 
0 226 424 327 568 43793 0 1 0 digging 
0 222 424 318 568 43794 0 1 1 digging 
0 218 424 310 569 43795 0 1 1 digging 
0 214 425 302 570 43796 0 1 1 digging 
0 210 425 293 571 43797 0 1 1 digging 
0 206 426 285 572 43798 0 1 1 digging 
0 202 426 277 573 43799 0 1 1 digging 
1 372 434 434 593 43780 0 0 0 digging 
1 359 437 421 596 43781 0 0 1 digging 
1 346 440 408 599 43782 0 0 1 digging 
1 333 444 396 603 43783 0 0 0 digging 
1 323 446 386 604 43784 0 0 1 digging 
1 313 449 376 606 43785 0 0 1 digging 
1 303 451 366 608 43786 0 0 1 digging 
1 293 454 356 610 43787 0 0 1 digging 
1 283 456 346 611 43788 0 0 1 digging 
1 273 459 336 613 43789 0 0 1 digging 
1 263 461 326 615 43790 0 0 1 digging 
1 253 464 316 617 43791 0 0 1 digging 
1 243 467 307 619 43792 0 0 0 digging 
1 235 466 299 621 43793 0 0 1 digging 
1 227 466 292 624 43794 0 0 1 digging 
1 219 465 285 626 43795 0 0 1 digging 
1 211 465 278 629 43796 0 0 1 digging 
1 203 465 271 632 43797 0 0 0 digging 
1 196 466 265 633 43798 0 0 1 digging 
1 190 468 260 635 43799 0 0 1 digging 
2 452 297 498 419 43780 0 0 0 digging 
2 446 297 492 418 43781 0 0 1 standing 
2 440 297 487 418 43782 0 0 1 standing 
2 434 297 482 418 43783 0 0 1 standing 
2 428 297 477 418 43784 0 0 0 standing 
2 422 296 470 417 43785 0 0 1 standing 
2 416 295 464 416 43786 0 0 1 standing 
2 410 294 458 415 43787 0 0 1 standing 
2 405 293 452 415 43788 0 0 0 standing 
2 400 291 447 413 43789 0 0 1 standing 
2 396 290 443 412 43790 0 0 1 standing 
2 392 289 439 411 43791 0 0 1 standing 
2 388 288 434 410 43792 0 0 1 standing 
2 384 287 430 409 43793 0 0 1 standing 
2 380 286 426 408 43794 0 0 0 standing 
2 377 285 423 407 43795 0 0 1 standing 
2 374 285 420 407 43796 0 0 1 standing 
2 371 285 417 407 43797 0 0 1 standing 
2 368 285 414 407 43798 0 0 1 standing 
2 365 285 411 407 43799 0 0 1 standing 
3 626 393 690 543 43780 0 0 0 standing 
3 624 394 688 545 43781 0 0 1 standing 
3 622 395 686 547 43782 0 0 1 standing 
3 620 396 684 549 43783 0 0 1 standing 
3 618 397 682 551 43784 0 0 1 standing 
3 616 399 680 553 43785 0 0 0 standing 
3 612 398 676 553 43786 0 0 1 standing 
3 609 398 672 553 43787 0 0 1 standing 
3 605 397 669 554 43788 0 0 1 standing 
3 602 397 665 554 43789 0 0 1 standing 
3 599 397 662 555 43790 0 0 0 standing 
3 596 396 659 554 43791 0 0 1 standing 
3 594 396 657 554 43792 0 0 1 standing 
3 592 396 655 554 43793 0 0 1 standing 
3 589 396 652 554 43794 0 0 1 standing 
3 587 396 650 554 43795 0 0 1 standing 
3 585 396 648 554 43796 0 0 1 standing 
3 582 396 645 554 43797 0 0 1 standing 
3 580 396 643 554 43798 0 0 1 standing 
3 578 396 641 554 43799 0 0 1 standing 
4 734 358 778 496 43780 0 0 0 standing 
4 731 358 775 496 43781 0 0 1 standing 
4 729 359 773 497 43782 0 0 1 standing 
4 726 360 770 498 43783 0 0 1 standing 
4 724 360 768 499 43784 0 0 1 standing 
4 722 361 765 500 43785 0 0 1 standing 
4 719 362 763 501 43786 0 0 1 standing 
4 717 362 760 502 43787 0 0 1 standing 
4 714 363 758 503 43788 0 0 1 standing 
4 712 364 755 504 43789 0 0 1 standing 
4 710 365 753 505 43790 0 0 0 standing 
4 708 365 751 505 43791 0 0 1 standing 
4 707 365 750 505 43792 0 0 1 standing 
4 705 365 748 505 43793 0 0 1 standing 
4 704 365 747 505 43794 0 0 1 standing 
4 702 366 745 506 43795 0 0 1 standing 
4 701 366 744 506 43796 0 0 1 standing 
4 699 366 742 506 43797 0 0 1 standing 
4 698 366 741 506 43798 0 0 1 standing 
4 696 366 739 506 43799 0 0 1 standing 
5 954 401 1006 527 43780 0 0 0 standing 
5 958 405 1012 531 43781 0 0 1 moving 
5 962 409 1018 535 43782 0 0 1 moving 
5 966 413 1025 540 43783 0 0 0 moving 
5 972 414 1031 543 43784 0 0 1 moving 
5 979 415 1037 546 43785 0 0 1 moving 
5 986 416 1043 549 43786 0 0 1 moving 
5 993 417 1050 553 43787 0 0 0 moving 
5 995 420 1052 555 43788 0 0 1 moving 
5 998 423 1055 557 43789 0 0 1 moving 
5 1001 426 1058 559 43790 0 0 0 moving 
5 1003 425 1060 560 43791 0 0 1 moving 
5 1005 424 1062 561 43792 0 0 1 moving 
5 1007 423 1064 562 43793 0 0 1 moving 
5 1010 423 1066 564 43794 0 0 0 moving 
5 1012 427 1068 567 43795 0 0 1 moving 
5 1014 432 1070 570 43796 0 0 1 moving 
5 1016 436 1073 573 43797 0 0 1 moving 
5 1018 441 1075 576 43798 0 0 1 moving 
5 1020 445 1077 579 43799 0 0 1 moving 
6 1008 332 1061 454 43780 0 0 0 moving 
6 1005 331 1059 453 43781 0 0 1 standing 
6 1003 331 1057 453 43782 0 0 1 standing 
6 1001 330 1055 453 43783 0 0 1 standing 
6 999 330 1054 453 43784 0 0 0 standing 
6 996 329 1049 451 43785 0 0 1 standing 
6 993 328 1044 450 43786 0 0 1 standing 
6 990 327 1040 449 43787 0 0 1 standing 
6 987 326 1035 447 43788 0 0 1 standing 
6 984 325 1030 446 43789 0 0 1 standing 
6 981 324 1026 445 43790 0 0 0 standing 
6 977 324 1023 444 43791 0 0 1 standing 
6 973 325 1020 444 43792 0 0 1 standing 
6 969 326 1017 444 43793 0 0 0 standing 
6 964 326 1013 443 43794 0 0 1 standing 
6 959 327 1009 442 43795 0 0 1 standing 
6 954 327 1005 441 43796 0 0 1 standing 
6 950 328 1002 441 43797 0 0 0 standing 
6 944 328 997 440 43798 0 0 1 standing 
6 938 329 993 439 43799 0 0 1 standing 
7 1187 365 1246 497 43780 0 0 0 standing 
7 1189 365 1248 498 43781 0 0 1 standing 
7 1191 366 1251 499 43782 0 0 1 standing 
7 1194 366 1254 501 43783 0 0 1 standing 
7 1196 367 1256 502 43784 0 0 1 standing 
7 1198 367 1259 503 43785 0 0 1 standing 
7 1201 368 1262 505 43786 0 0 0 standing 
7 1202 369 1263 506 43787 0 0 1 standing 
7 1204 370 1264 508 43788 0 0 1 standing 
7 1206 371 1265 510 43789 0 0 1 standing 
7 1208 372 1266 512 43790 0 0 0 standing 
7 1207 372 1266 513 43791 0 0 1 standing 
7 1207 372 1266 514 43792 0 0 1 standing 
7 1207 373 1266 516 43793 0 0 0 standing 
7 1206 374 1265 516 43794 0 0 1 standing 
7 1206 375 1264 517 43795 0 0 1 standing 
7 1205 376 1263 518 43796 0 0 1 standing 
7 1205 378 1263 519 43797 0 0 0 standing 
7 1203 378 1261 519 43798 0 0 1 standing 
7 1201 379 1259 519 43799 0 0 1 standing 
8 285 353 346 471 43780 0 0 0 standing 
8 282 352 343 470 43781 0 0 1 standing 
8 280 352 341 470 43782 0 0 1 standing 
8 278 352 339 470 43783 0 0 1 standing 
8 276 352 337 470 43784 0 0 0 standing 
8 273 352 333 470 43785 0 0 1 standing 
8 270 352 330 471 43786 0 0 1 standing 
8 267 352 327 471 43787 0 0 1 standing 
8 264 352 324 472 43788 0 0 0 standing 
8 262 352 321 474 43789 0 0 1 standing 
8 260 352 318 476 43790 0 0 1 standing 
8 259 353 316 478 43791 0 0 1 standing 
8 257 353 313 480 43792 0 0 1 standing 
8 256 354 311 483 43793 0 0 0 standing 
8 255 353 309 483 43794 0 0 1 standing 
8 255 352 307 483 43795 0 0 1 standing 
8 255 351 306 483 43796 0 0 1 standing 
8 255 350 304 484 43797 0 0 1 standing 
8 255 349 303 484 43798 0 0 1 standing 
8 255 348 301 484 43799 0 0 1 standing 
9 418 355 470 487 43780 0 0 0 standing 
9 411 354 464 490 43781 0 0 1 standing 
9 404 354 459 493 43782 0 0 1 standing 
9 397 354 453 496 43783 0 0 1 standing 
9 390 354 448 499 43784 0 0 1 standing 
9 383 354 443 502 43785 0 0 0 standing 
9 377 355 438 502 43786 0 0 1 standing 
9 372 356 433 502 43787 0 0 1 standing 
9 367 357 429 502 43788 0 0 1 standing 
9 362 358 424 502 43789 0 0 1 standing 
9 357 359 420 502 43790 0 0 0 standing 
9 352 359 417 502 43791 0 0 1 standing 
9 348 360 414 503 43792 0 0 1 standing 
9 344 361 411 503 43793 0 0 1 standing 
9 340 362 409 504 43794 0 0 0 standing 
9 336 364 407 506 43795 0 0 1 standing 
9 333 366 405 508 43796 0 0 1 standing 
9 330 368 403 510 43797 0 0 1 standing 
9 326 370 401 512 43798 0 0 1 standing 
9 323 372 399 514 43799 0 0 1 standing 
10 745 329 784 458 43780 0 0 0 standing 
10 742 329 780 459 43781 0 0 1 standing 
10 739 330 777 461 43782 0 0 1 standing 
10 736 331 774 462 43783 0 0 1 standing 
10 733 332 771 464 43784 0 0 1 standing 
10 730 333 768 465 43785 0 0 1 standing 
10 727 334 765 467 43786 0 0 0 standing 
10 724 334 762 467 43787 0 0 1 standing 
10 722 334 760 468 43788 0 0 1 standing 
10 720 334 758 469 43789 0 0 1 standing 
10 718 335 756 470 43790 0 0 0 standing 
10 714 335 753 470 43791 0 0 1 standing 
10 710 336 750 471 43792 0 0 1 standing 
10 707 337 747 472 43793 0 0 0 standing 
10 704 336 745 471 43794 0 0 1 standing 
10 701 336 743 471 43795 0 0 1 standing 
10 699 336 741 470 43796 0 0 1 standing 
10 696 335 740 470 43797 0 0 1 standing 
10 694 335 738 469 43798 0 0 1 standing 
10 691 335 736 469 43799 0 0 1 standing 
11 744 401 794 543 43780 0 0 0 standing 
11 741 400 791 542 43781 0 0 1 standing 
11 739 400 789 542 43782 0 0 1 standing 
11 737 400 787 542 43783 0 0 1 standing 
11 734 400 784 542 43784 0 0 1 standing 
11 732 400 782 542 43785 0 0 1 standing 
11 730 400 780 542 43786 0 0 1 standing 
11 727 400 777 542 43787 0 0 1 standing 
11 725 400 775 542 43788 0 0 1 standing 
11 723 400 773 542 43789 0 0 1 standing 
11 721 400 771 542 43790 0 0 0 standing 
11 718 399 769 542 43791 0 0 1 standing 
11 716 399 767 542 43792 0 0 1 standing 
11 713 399 765 542 43793 0 0 1 standing 
11 711 399 763 542 43794 0 0 1 standing 
11 709 399 761 543 43795 0 0 1 standing 
11 706 399 759 543 43796 0 0 1 standing 
11 704 399 757 543 43797 0 0 1 standing 
11 701 399 755 543 43798 0 0 1 standing 
11 699 399 753 543 43799 0 0 1 standing 
