0 128 439 176 585 43190 0 0 0 standing 
0 129 438 177 584 43191 0 0 1 standing 
0 131 437 179 584 43192 0 0 1 standing 
0 133 436 181 583 43193 0 0 1 standing 
0 134 435 182 583 43194 0 0 1 standing 
0 136 435 184 582 43195 0 0 1 standing 
0 138 434 186 582 43196 0 0 1 standing 
0 139 433 187 581 43197 0 0 1 standing 
0 141 432 189 581 43198 0 0 1 standing 
0 143 431 191 580 43199 0 0 1 standing 
0 145 431 193 580 43200 0 0 0 standing 
0 146 430 194 579 43201 0 0 1 standing 
0 148 430 196 579 43202 0 0 1 standing 
0 150 430 198 579 43203 0 0 1 standing 
0 152 429 200 578 43204 0 0 1 standing 
0 154 429 202 578 43205 0 0 1 standing 
0 155 429 203 578 43206 0 0 1 standing 
0 157 428 205 577 43207 0 0 1 standing 
0 159 428 207 577 43208 0 0 1 standing 
0 161 428 209 577 43209 0 0 1 standing 
1 238 344 307 501 43190 0 0 0 standing 
1 236 344 305 502 43191 0 0 1 standing 
1 234 345 303 503 43192 0 0 1 standing 
1 232 346 301 504 43193 0 0 1 standing 
1 231 347 300 505 43194 0 0 1 standing 
1 229 348 298 506 43195 0 0 1 standing 
1 227 349 296 507 43196 0 0 1 standing 
1 226 350 295 508 43197 0 0 1 standing 
1 224 351 293 509 43198 0 0 1 standing 
1 222 352 291 510 43199 0 0 1 standing 
1 221 353 290 511 43200 0 0 0 standing 
1 219 354 288 512 43201 0 0 1 standing 
1 218 355 287 513 43202 0 0 1 standing 
1 216 356 285 514 43203 0 0 1 standing 
1 215 357 284 515 43204 0 0 1 standing 
1 214 359 283 517 43205 0 0 1 standing 
1 212 360 281 518 43206 0 0 1 standing 
1 211 361 280 519 43207 0 0 1 standing 
1 209 362 278 520 43208 0 0 1 standing 
1 208 363 277 521 43209 0 0 1 standing 
2 318 467 412 630 43190 0 0 0 standing 
2 316 466 405 629 43191 0 0 1 standing 
2 315 466 398 629 43192 0 0 1 standing 
2 313 466 392 629 43193 0 0 1 standing 
2 312 466 385 628 43194 0 0 1 standing 
2 310 466 379 628 43195 0 0 1 standing 
2 309 465 372 628 43196 0 0 1 standing 
2 307 465 365 627 43197 0 0 1 standing 
2 306 465 359 627 43198 0 0 1 standing 
2 304 465 352 627 43199 0 0 1 standing 
2 303 465 346 627 43200 0 0 0 standing 
2 300 464 344 626 43201 0 0 1 standing 
2 297 463 342 625 43202 0 0 1 standing 
2 295 463 341 624 43203 0 0 1 standing 
2 292 462 339 624 43204 0 0 1 standing 
2 290 462 338 623 43205 0 0 1 standing 
2 287 461 336 622 43206 0 0 1 standing 
2 284 460 334 622 43207 0 0 1 standing 
2 282 460 333 621 43208 0 0 1 standing 
2 279 459 331 620 43209 0 0 1 standing 
3 663 439 741 599 43190 0 1 0 standing 
3 665 437 741 597 43191 0 1 1 standing 
3 667 436 742 595 43192 0 1 1 standing 
3 669 435 743 594 43193 0 1 1 standing 
3 672 434 744 592 43194 0 1 1 standing 
3 674 433 745 591 43195 0 1 1 standing 
3 676 431 745 589 43196 0 1 1 standing 
3 679 430 746 587 43197 0 1 1 standing 
3 681 429 747 586 43198 0 1 1 standing 
3 683 428 748 584 43199 0 1 1 standing 
3 686 427 749 583 43200 0 1 0 standing 
3 687 426 750 581 43201 0 1 1 standing 
3 688 425 751 580 43202 0 1 1 standing 
3 689 425 752 578 43203 0 1 1 standing 
3 690 424 753 577 43204 0 1 1 standing 
3 692 424 755 575 43205 0 1 1 standing 
3 693 423 756 574 43206 0 1 1 standing 
3 694 422 757 572 43207 0 1 1 standing 
3 695 422 758 571 43208 0 1 1 standing 
3 696 421 759 569 43209 0 1 1 standing 
4 724 355 836 505 43190 0 1 0 standing 
4 724 356 836 507 43191 0 1 1 standing 
4 724 358 836 509 43192 0 1 1 standing 
4 724 360 836 511 43193 0 1 1 standing 
4 724 362 837 513 43194 0 1 1 standing 
4 725 364 837 515 43195 0 1 1 standing 
4 725 366 837 517 43196 0 1 1 standing 
4 725 368 838 519 43197 0 1 1 standing 
4 725 370 838 521 43198 0 1 1 standing 
4 725 372 838 523 43199 0 1 1 standing 
4 726 374 839 525 43200 0 1 0 standing 
4 725 374 838 525 43201 0 1 1 standing 
4 725 375 838 526 43202 0 1 1 standing 
4 725 376 838 527 43203 0 1 1 standing 
4 724 377 837 528 43204 0 1 1 standing 
4 724 378 837 529 43205 0 1 1 standing 
4 724 378 837 529 43206 0 1 1 standing 
4 723 379 836 530 43207 0 1 1 standing 
4 723 380 836 531 43208 0 1 1 standing 
4 723 381 836 532 43209 0 1 1 standing 
5 874 375 961 534 43190 0 1 0 standing 
5 869 375 954 534 43191 0 1 1 standing 
5 865 375 948 534 43192 0 1 1 standing 
5 861 375 941 534 43193 0 1 1 standing 
5 857 375 935 534 43194 0 1 1 standing 
5 853 375 929 535 43195 0 1 1 standing 
5 849 375 922 535 43196 0 1 1 standing 
5 845 375 916 535 43197 0 1 1 standing 
5 841 375 909 535 43198 0 1 1 standing 
5 837 375 903 535 43199 0 1 1 standing 
5 833 376 897 536 43200 0 1 0 standing 
5 828 376 892 536 43201 0 1 1 standing 
5 823 377 887 537 43202 0 1 1 standing 
5 818 378 882 538 43203 0 1 1 standing 
5 813 378 877 539 43204 0 1 1 standing 
5 809 379 873 540 43205 0 1 1 standing 
5 804 380 868 540 43206 0 1 1 standing 
5 799 380 863 541 43207 0 1 1 standing 
5 794 381 858 542 43208 0 1 1 standing 
5 789 382 853 543 43209 0 1 1 standing 
6 633 411 691 571 43190 0 1 0 standing 
6 634 411 692 571 43191 0 1 1 standing 
6 636 411 694 571 43192 0 1 1 standing 
6 638 411 696 571 43193 0 1 1 standing 
6 639 411 697 572 43194 0 1 1 standing 
6 641 411 699 572 43195 0 1 1 standing 
6 643 411 701 572 43196 0 1 1 standing 
6 644 411 702 573 43197 0 1 1 standing 
6 646 411 704 573 43198 0 1 1 standing 
6 648 411 706 573 43199 0 1 1 standing 
6 650 412 708 574 43200 0 1 0 standing 
6 653 411 711 573 43201 0 1 1 standing 
6 657 410 715 572 43202 0 1 1 standing 
6 661 409 719 571 43203 0 1 1 standing 
6 664 409 722 570 43204 0 1 1 standing 
6 668 408 726 570 43205 0 1 1 standing 
6 672 407 730 569 43206 0 1 1 standing 
6 675 407 733 568 43207 0 1 1 standing 
6 679 406 737 567 43208 0 1 1 standing 
6 683 405 741 566 43209 0 1 1 standing 
7 388 481 433 642 43190 0 0 0 standing 
7 384 480 430 642 43191 0 0 1 standing 
7 381 480 427 643 43192 0 0 1 standing 
7 377 480 424 643 43193 0 0 1 standing 
7 374 480 421 644 43194 0 0 1 standing 
7 370 480 419 644 43195 0 0 1 standing 
7 367 480 416 645 43196 0 0 1 standing 
7 363 480 413 645 43197 0 0 1 standing 
7 360 480 410 646 43198 0 0 1 standing 
7 356 480 407 646 43199 0 0 1 standing 
7 353 480 405 647 43200 0 0 0 standing 
7 347 479 401 646 43201 0 0 1 standing 
7 342 479 397 646 43202 0 0 1 standing 
7 337 479 393 646 43203 0 0 1 standing 
7 332 479 390 646 43204 0 0 1 standing 
7 327 479 386 646 43205 0 0 1 standing 
7 322 479 382 646 43206 0 0 1 standing 
7 317 479 379 646 43207 0 0 1 standing 
7 312 479 375 646 43208 0 0 1 standing 
7 307 479 371 646 43209 0 0 1 standing 
8 319 453 394 608 43190 0 0 0 standing 
8 316 453 389 608 43191 0 0 1 standing 
8 314 454 384 609 43192 0 0 1 standing 
8 311 454 380 609 43193 0 0 1 standing 
8 309 455 375 610 43194 0 0 1 standing 
8 307 456 371 611 43195 0 0 1 standing 
8 304 456 366 611 43196 0 0 1 standing 
8 302 457 361 612 43197 0 0 1 standing 
8 299 457 357 612 43198 0 0 1 standing 
8 297 458 352 613 43199 0 0 1 standing 
8 295 459 348 614 43200 0 0 0 standing 
8 291 462 345 614 43201 0 0 1 standing 
8 287 466 342 615 43202 0 0 1 standing 
8 283 469 339 616 43203 0 0 1 standing 
8 279 473 337 616 43204 0 0 1 standing 
8 276 476 334 617 43205 0 0 1 standing 
8 272 480 331 618 43206 0 0 1 standing 
8 268 483 329 618 43207 0 0 1 standing 
8 264 487 326 619 43208 0 0 1 standing 
8 260 490 323 620 43209 0 0 1 standing 
9 607 390 670 552 43190 0 1 0 standing 
9 609 390 673 552 43191 0 1 1 standing 
9 612 390 676 552 43192 0 1 1 standing 
9 615 390 679 552 43193 0 1 1 standing 
9 618 390 682 552 43194 0 1 1 standing 
9 621 390 685 552 43195 0 1 1 standing 
9 624 390 688 552 43196 0 1 1 standing 
9 627 390 691 552 43197 0 1 1 standing 
9 630 390 694 552 43198 0 1 1 standing 
9 633 390 697 552 43199 0 1 1 standing 
9 636 390 701 553 43200 0 1 0 standing 
9 638 389 701 552 43201 0 1 1 standing 
9 640 389 702 551 43202 0 1 1 standing 
9 642 388 702 551 43203 0 1 1 standing 
9 644 388 703 550 43204 0 1 1 standing 
9 647 388 703 550 43205 0 1 1 standing 
9 649 387 704 549 43206 0 1 1 standing 
9 651 387 704 548 43207 0 1 1 standing 
9 653 386 705 548 43208 0 1 1 standing 
9 655 386 705 547 43209 0 1 1 standing 
10 686 379 750 525 43190 0 1 0 standing 
10 686 379 750 525 43191 0 1 1 standing 
10 686 379 750 525 43192 0 1 1 standing 
10 686 379 750 525 43193 0 1 1 standing 
10 686 379 750 525 43194 0 1 1 standing 
10 686 379 750 525 43195 0 1 1 standing 
10 686 379 750 525 43196 0 1 1 standing 
10 686 379 750 525 43197 0 1 1 standing 
10 686 379 750 525 43198 0 1 1 standing 
10 686 379 750 525 43199 0 1 1 standing 
10 686 379 750 525 43200 0 1 1 standing 
10 686 379 750 525 43201 0 1 1 standing 
10 686 379 750 525 43202 0 1 1 standing 
10 686 379 750 525 43203 0 1 1 standing 
10 686 379 750 525 43204 0 1 1 standing 
10 686 379 750 525 43205 0 1 1 standing 
10 686 379 750 525 43206 0 1 1 standing 
10 686 379 750 525 43207 0 1 1 standing 
10 686 379 750 525 43208 0 1 1 standing 
10 686 379 750 525 43209 0 1 1 standing 
