0 377 381 432 546 44775 0 1 0 setting 
0 376 374 431 541 44776 0 1 1 setting 
0 376 368 431 536 44777 0 1 1 setting 
0 376 362 431 531 44778 0 1 1 setting 
0 375 356 430 526 44779 0 1 1 setting 
0 375 350 430 521 44780 0 1 1 setting 
0 375 344 430 516 44781 0 1 1 setting 
0 375 338 430 512 44782 0 1 0 setting 
0 374 341 429 512 44783 0 1 1 setting 
0 374 344 429 512 44784 0 1 1 setting 
0 374 348 429 513 44785 0 1 0 setting 
0 372 355 426 517 44786 0 1 1 setting 
0 370 362 424 521 44787 0 1 1 setting 
0 368 370 422 525 44788 0 1 0 setting 
0 363 372 418 525 44789 0 1 1 setting 
0 358 375 414 525 44790 0 1 1 setting 
0 354 378 410 525 44791 0 1 1 setting 
0 349 381 407 525 44792 0 1 1 setting 
0 345 384 403 525 44793 0 1 1 setting 
0 340 387 399 525 44794 0 1 1 setting 
1 2 465 106 644 44775 0 1 0 setting 
1 5 462 109 641 44776 0 1 1 moving 
1 8 460 112 638 44777 0 1 1 moving 
1 12 458 116 636 44778 0 1 0 moving 
1 19 459 122 635 44779 0 1 1 moving 
1 26 461 128 634 44780 0 1 1 moving 
1 33 462 134 633 44781 0 1 1 moving 
1 40 464 140 633 44782 0 1 0 moving 
1 44 464 151 631 44783 0 1 1 moving 
1 48 465 162 630 44784 0 1 1 moving 
1 52 465 173 629 44785 0 1 1 moving 
1 56 466 184 627 44786 0 1 1 moving 
1 60 466 195 626 44787 0 1 1 moving 
1 65 467 206 625 44788 0 1 0 moving 
1 84 466 219 623 44789 0 1 1 moving 
1 103 466 232 622 44790 0 1 1 moving 
1 122 465 245 621 44791 0 1 1 moving 
1 142 465 259 620 44792 0 1 0 moving 
1 152 465 273 618 44793 0 1 1 moving 
1 162 465 287 616 44794 0 1 1 moving 
2 373 358 429 484 44775 0 0 0 moving 
2 372 357 427 484 44776 0 0 1 setting 
2 371 356 425 484 44777 0 0 1 setting 
2 371 356 423 485 44778 0 0 1 setting 
2 370 355 422 485 44779 0 0 1 setting 
2 370 355 420 486 44780 0 0 1 setting 
2 369 354 418 486 44781 0 0 1 setting 
2 368 353 417 486 44782 0 0 1 setting 
2 368 353 415 487 44783 0 0 1 setting 
2 367 352 413 487 44784 0 0 1 setting 
2 367 352 412 488 44785 0 0 0 setting 
2 365 354 409 488 44786 0 0 1 setting 
2 363 357 407 489 44787 0 0 1 setting 
2 361 360 405 490 44788 0 0 0 setting 
2 359 359 403 490 44789 0 0 1 setting 
2 357 359 401 491 44790 0 0 1 setting 
2 355 359 400 492 44791 0 0 1 setting 
2 354 359 398 492 44792 0 0 1 setting 
2 352 359 397 493 44793 0 0 1 setting 
2 350 359 395 494 44794 0 0 1 setting 
3 545 377 599 509 44775 0 0 0 setting 
3 546 378 600 508 44776 0 0 1 moving 
3 547 379 601 508 44777 0 0 1 moving 
3 549 381 602 508 44778 0 0 0 moving 
3 546 384 599 513 44779 0 0 1 moving 
3 543 387 596 518 44780 0 0 1 moving 
3 540 390 593 523 44781 0 0 1 moving 
3 537 393 590 528 44782 0 0 1 moving 
3 534 396 587 533 44783 0 0 0 moving 
3 530 399 584 535 44784 0 0 1 moving 
3 527 403 582 537 44785 0 0 1 moving 
3 523 406 579 539 44786 0 0 1 moving 
3 520 410 577 542 44787 0 0 1 moving 
3 516 413 574 544 44788 0 0 1 moving 
3 513 417 572 546 44789 0 0 1 moving 
3 510 421 570 549 44790 0 0 0 moving 
3 506 425 566 550 44791 0 0 1 moving 
3 503 430 563 552 44792 0 0 1 moving 
3 499 435 560 553 44793 0 0 1 moving 
3 496 440 557 555 44794 0 0 0 moving 
4 444 328 498 463 44775 0 0 0 moving 
4 445 328 499 464 44776 0 0 1 standing 
4 446 328 500 465 44777 0 0 1 standing 
4 448 328 501 466 44778 0 0 0 standing 
4 451 328 504 467 44779 0 0 1 standing 
4 455 328 508 468 44780 0 0 1 standing 
4 458 329 511 469 44781 0 0 1 standing 
4 462 329 515 471 44782 0 0 1 standing 
4 465 330 518 472 44783 0 0 1 standing 
4 469 330 522 473 44784 0 0 1 standing 
4 473 331 526 475 44785 0 0 0 standing 
4 475 332 528 476 44786 0 0 1 standing 
4 477 333 530 477 44787 0 0 1 standing 
4 479 334 532 478 44788 0 0 1 standing 
4 481 335 534 479 44789 0 0 1 standing 
4 484 336 537 480 44790 0 0 1 standing 
4 486 337 539 481 44791 0 0 1 standing 
4 488 338 541 482 44792 0 0 1 standing 
4 490 339 543 483 44793 0 0 1 standing 
4 493 340 546 484 44794 0 0 0 standing 
5 405 303 453 411 44775 0 0 0 standing 
5 402 304 451 412 44776 0 0 1 moving 
5 399 306 450 413 44777 0 0 1 moving 
5 397 308 449 415 44778 0 0 0 moving 
5 397 307 450 415 44779 0 0 1 moving 
5 397 306 451 415 44780 0 0 1 moving 
5 397 305 452 415 44781 0 0 1 moving 
5 397 304 453 415 44782 0 0 1 moving 
5 398 303 455 415 44783 0 0 0 moving 
5 398 303 457 415 44784 0 0 1 moving 
5 398 303 459 415 44785 0 0 1 moving 
5 399 304 461 416 44786 0 0 1 moving 
5 399 304 463 416 44787 0 0 1 moving 
5 400 305 466 417 44788 0 0 0 moving 
5 404 305 468 417 44789 0 0 1 moving 
5 408 305 470 417 44790 0 0 1 moving 
5 413 306 472 418 44791 0 0 1 moving 
5 417 306 474 418 44792 0 0 1 moving 
5 421 306 476 418 44793 0 0 1 moving 
5 426 307 479 419 44794 0 0 0 moving 
6 703 416 765 550 44775 0 0 0 moving 
6 704 415 764 549 44776 0 0 1 standing 
6 705 415 764 548 44777 0 0 1 standing 
6 706 414 764 548 44778 0 0 1 standing 
6 707 414 764 547 44779 0 0 1 standing 
6 708 413 764 546 44780 0 0 1 standing 
6 709 413 764 546 44781 0 0 1 standing 
6 710 412 764 545 44782 0 0 1 standing 
6 712 412 764 545 44783 0 0 0 standing 
6 710 413 762 545 44784 0 0 1 standing 
6 709 414 761 546 44785 0 0 1 standing 
6 708 415 760 546 44786 0 0 1 standing 
6 707 416 759 547 44787 0 0 1 standing 
6 706 417 758 547 44788 0 0 1 standing 
6 705 418 757 548 44789 0 0 1 standing 
6 704 419 755 548 44790 0 0 1 standing 
6 703 420 754 549 44791 0 0 1 standing 
6 702 421 753 549 44792 0 0 1 standing 
6 701 422 752 550 44793 0 0 1 standing 
6 700 423 751 550 44794 0 0 1 standing 
7 1052 459 1133 603 44775 0 0 0 standing 
7 1061 458 1137 601 44776 0 0 1 standing 
7 1071 457 1142 599 44777 0 0 1 standing 
7 1081 457 1147 598 44778 0 0 0 standing 
7 1085 458 1158 598 44779 0 0 1 standing 
7 1090 459 1169 599 44780 0 0 1 standing 
7 1095 461 1180 599 44781 0 0 1 standing 
7 1100 462 1191 600 44782 0 0 1 standing 
7 1105 464 1203 601 44783 0 0 0 standing 
7 1110 464 1205 600 44784 0 0 1 standing 
7 1116 465 1208 600 44785 0 0 1 standing 
7 1122 465 1210 600 44786 0 0 1 standing 
7 1128 466 1213 600 44787 0 0 1 standing 
7 1134 467 1216 600 44788 0 0 0 standing 
7 1138 466 1222 599 44789 0 0 1 standing 
7 1142 466 1228 599 44790 0 0 1 standing 
7 1146 466 1234 598 44791 0 0 1 standing 
7 1151 466 1240 598 44792 0 0 1 standing 
7 1155 466 1246 597 44793 0 0 1 standing 
7 1159 466 1252 597 44794 0 0 1 standing 
8 1025 351 1086 465 44775 0 0 0 standing 
8 1030 351 1095 464 44776 0 0 1 standing 
8 1035 351 1104 464 44777 0 0 1 standing 
8 1040 351 1114 464 44778 0 0 0 standing 
8 1043 350 1114 463 44779 0 0 1 standing 
8 1046 350 1114 463 44780 0 0 1 standing 
8 1049 350 1115 463 44781 0 0 1 standing 
8 1052 349 1115 462 44782 0 0 1 standing 
8 1055 349 1116 462 44783 0 0 1 standing 
8 1058 349 1116 462 44784 0 0 1 standing 
8 1062 349 1117 462 44785 0 0 0 standing 
8 1063 348 1121 461 44786 0 0 1 standing 
8 1064 348 1125 460 44787 0 0 1 standing 
8 1065 348 1130 460 44788 0 0 0 standing 
8 1064 348 1129 460 44789 0 0 1 standing 
8 1063 348 1128 460 44790 0 0 1 standing 
8 1062 348 1127 460 44791 0 0 1 standing 
8 1061 348 1126 460 44792 0 0 1 standing 
8 1060 348 1125 460 44793 0 0 1 standing 
8 1060 348 1125 460 44794 0 0 0 standing 
9 710 370 762 507 44775 0 0 0 standing 
9 710 370 762 506 44776 0 0 1 standing 
9 710 371 762 506 44777 0 0 1 standing 
9 710 372 762 505 44778 0 0 1 standing 
9 710 372 762 505 44779 0 0 1 standing 
9 710 373 762 505 44780 0 0 1 standing 
9 710 374 762 504 44781 0 0 1 standing 
9 710 374 762 504 44782 0 0 1 standing 
9 710 375 762 503 44783 0 0 1 standing 
9 710 376 762 503 44784 0 0 1 standing 
9 711 377 762 503 44785 0 0 0 standing 
9 708 376 759 502 44786 0 0 1 standing 
9 706 376 757 502 44787 0 0 1 standing 
9 704 376 755 502 44788 0 0 1 standing 
9 702 376 753 502 44789 0 0 1 standing 
9 700 376 751 502 44790 0 0 1 standing 
9 697 375 748 501 44791 0 0 1 standing 
9 695 375 746 501 44792 0 0 1 standing 
9 693 375 744 501 44793 0 0 1 standing 
9 691 375 742 501 44794 0 0 1 standing 
10 702 344 753 469 44775 0 0 0 standing 
10 703 344 753 469 44776 0 0 1 standing 
10 704 344 753 469 44777 0 0 1 standing 
10 705 344 754 469 44778 0 0 1 standing 
10 706 344 754 469 44779 0 0 1 standing 
10 707 345 755 469 44780 0 0 1 standing 
10 708 345 755 469 44781 0 0 1 standing 
10 709 345 755 469 44782 0 0 1 standing 
10 710 345 756 469 44783 0 0 1 standing 
10 711 345 756 469 44784 0 0 1 standing 
10 712 346 757 470 44785 0 0 0 standing 
10 713 346 758 470 44786 0 0 1 standing 
10 715 347 760 470 44787 0 0 1 standing 
10 716 348 761 470 44788 0 0 1 standing 
10 718 349 763 470 44789 0 0 1 standing 
10 720 350 764 470 44790 0 0 1 standing 
10 721 351 766 470 44791 0 0 1 standing 
10 723 352 767 470 44792 0 0 1 standing 
10 724 353 769 470 44793 0 0 1 standing 
10 726 354 770 470 44794 0 0 1 standing 
11 1183 392 1275 534 44775 0 0 0 standing 
11 1190 395 1275 532 44776 0 0 1 standing 
11 1197 398 1276 530 44777 0 0 1 standing 
11 1204 401 1277 528 44778 0 0 0 standing 
11 1206 400 1277 526 44779 0 0 1 standing 
11 1209 400 1277 525 44780 0 0 1 standing 
11 1211 399 1277 524 44781 0 0 1 standing 
11 1214 399 1277 523 44782 0 0 1 standing 
11 1216 398 1277 522 44783 0 0 1 standing 
11 1219 398 1277 521 44784 0 0 1 standing 
11 1222 398 1278 520 44785 0 0 0 standing 
11 1220 399 1277 521 44786 0 0 1 standing 
11 1219 401 1277 522 44787 0 0 1 standing 
11 1217 402 1277 524 44788 0 0 1 standing 
11 1216 404 1277 525 44789 0 0 1 standing 
11 1214 405 1277 526 44790 0 0 1 standing 
11 1213 407 1277 528 44791 0 0 1 standing 
11 1211 408 1277 529 44792 0 0 1 standing 
11 1210 410 1277 530 44793 0 0 1 standing 
11 1209 412 1277 532 44794 0 0 0 standing 
