0 841 296 911 441 57015 0 1 0 spiking 
0 839 293 909 439 57016 0 1 1 spiking 
0 837 290 907 437 57017 0 1 1 spiking 
0 835 287 905 435 57018 0 1 1 spiking 
0 833 284 903 433 57019 0 1 1 spiking 
0 831 281 901 431 57020 0 1 1 spiking 
0 829 278 899 429 57021 0 1 1 spiking 
0 827 275 897 427 57022 0 1 1 spiking 
0 826 272 895 425 57023 0 1 0 spiking 
0 835 278 903 426 57024 0 1 1 spiking 
0 844 284 911 428 57025 0 1 1 spiking 
0 854 290 919 429 57026 0 1 1 spiking 
0 863 296 927 431 57027 0 1 1 spiking 
0 872 302 935 432 57028 0 1 1 spiking 
0 882 308 943 434 57029 0 1 1 spiking 
0 891 314 951 435 57030 0 1 1 spiking 
0 901 320 960 437 57031 0 1 0 spiking 
0 916 328 973 440 57032 0 1 1 spiking 
0 931 337 986 444 57033 0 1 1 spiking 
0 946 345 999 448 57034 0 1 1 spiking 
1 613 353 666 473 57015 0 1 0 spiking 
1 623 339 673 467 57016 0 1 1 blocking 
1 633 325 680 462 57017 0 1 1 blocking 
1 643 312 687 457 57018 0 1 1 blocking 
1 653 298 694 452 57019 0 1 1 blocking 
1 663 285 701 447 57020 0 1 0 blocking 
1 675 283 715 444 57021 0 1 1 blocking 
1 687 282 729 442 57022 0 1 1 blocking 
1 699 281 744 440 57023 0 1 1 blocking 
1 711 280 758 437 57024 0 1 1 blocking 
1 723 279 772 435 57025 0 1 1 blocking 
1 736 278 787 433 57026 0 1 0 blocking 
1 753 281 804 436 57027 0 1 1 blocking 
1 770 284 821 439 57028 0 1 1 blocking 
1 787 287 838 442 57029 0 1 1 blocking 
1 804 290 855 445 57030 0 1 1 blocking 
1 821 293 872 448 57031 0 1 1 blocking 
1 838 296 889 451 57032 0 1 1 blocking 
1 855 299 906 454 57033 0 1 1 blocking 
1 872 302 923 457 57034 0 1 1 blocking 
2 594 371 660 501 57015 0 1 0 blocking 
2 604 364 670 497 57016 0 1 1 blocking 
2 615 357 681 494 57017 0 1 1 blocking 
2 626 350 692 490 57018 0 1 1 blocking 
2 636 344 702 487 57019 0 1 1 blocking 
2 647 337 713 483 57020 0 1 1 blocking 
2 658 330 724 480 57021 0 1 1 blocking 
2 669 323 735 476 57022 0 1 1 blocking 
2 679 317 745 473 57023 0 1 1 blocking 
2 690 310 756 469 57024 0 1 1 blocking 
2 701 303 767 466 57025 0 1 1 blocking 
2 712 297 778 463 57026 0 1 0 blocking 
2 727 300 795 459 57027 0 1 1 blocking 
2 743 304 812 456 57028 0 1 1 blocking 
2 759 307 829 452 57029 0 1 1 blocking 
2 775 311 846 449 57030 0 1 1 blocking 
2 791 315 863 446 57031 0 1 0 blocking 
2 814 316 884 452 57032 0 1 1 blocking 
2 838 317 906 459 57033 0 1 1 blocking 
2 862 318 928 465 57034 0 1 1 blocking 
3 695 382 795 523 57015 0 0 0 blocking 
3 699 388 799 530 57016 0 0 1 standing 
3 703 394 803 538 57017 0 0 1 standing 
3 707 401 808 546 57018 0 0 0 standing 
3 715 408 805 550 57019 0 0 1 standing 
3 724 416 802 554 57020 0 0 1 standing 
3 733 424 800 559 57021 0 0 0 standing 
3 746 424 806 560 57022 0 0 1 standing 
3 759 424 813 561 57023 0 0 1 standing 
3 773 425 820 562 57024 0 0 0 standing 
3 787 421 834 561 57025 0 0 1 standing 
3 801 418 848 560 57026 0 0 1 standing 
3 816 415 863 559 57027 0 0 0 standing 
3 832 414 881 558 57028 0 0 1 standing 
3 848 413 899 557 57029 0 0 1 standing 
3 865 413 917 557 57030 0 0 0 standing 
3 887 414 944 558 57031 0 0 1 standing 
3 909 416 972 560 57032 0 0 1 standing 
3 931 417 1000 561 57033 0 0 1 standing 
3 953 419 1028 563 57034 0 0 1 standing 
4 756 487 834 624 57015 0 0 0 standing 
4 761 485 835 623 57016 0 0 1 standing 
4 767 483 836 623 57017 0 0 1 standing 
4 773 481 838 623 57018 0 0 0 standing 
4 778 474 839 621 57019 0 0 1 standing 
4 784 467 841 620 57020 0 0 1 standing 
4 790 460 843 619 57021 0 0 0 standing 
4 795 461 853 616 57022 0 0 1 standing 
4 800 462 863 614 57023 0 0 1 standing 
4 805 464 874 612 57024 0 0 0 standing 
4 809 467 886 613 57025 0 0 1 standing 
4 813 470 898 614 57026 0 0 1 standing 
4 817 473 910 616 57027 0 0 0 standing 
4 832 475 924 616 57028 0 0 1 standing 
4 847 478 938 617 57029 0 0 1 standing 
4 863 481 952 618 57030 0 0 0 standing 
4 884 480 971 619 57031 0 0 1 standing 
4 906 480 990 620 57032 0 0 1 standing 
4 928 479 1010 621 57033 0 0 1 standing 
4 950 479 1029 622 57034 0 0 1 standing 
5 803 383 888 503 57015 0 0 0 standing 
5 818 384 895 503 57016 0 0 1 standing 
5 833 385 902 504 57017 0 0 1 standing 
5 849 386 909 505 57018 0 0 0 standing 
5 857 388 917 505 57019 0 0 1 standing 
5 866 390 925 505 57020 0 0 1 standing 
5 875 392 934 506 57021 0 0 0 standing 
5 886 391 946 504 57022 0 0 1 standing 
5 897 390 959 503 57023 0 0 1 standing 
5 909 389 972 502 57024 0 0 0 standing 
5 923 390 986 503 57025 0 0 1 standing 
5 937 391 1001 504 57026 0 0 1 standing 
5 952 392 1016 506 57027 0 0 0 standing 
5 974 391 1032 507 57028 0 0 1 standing 
5 996 391 1049 508 57029 0 0 1 standing 
5 1019 391 1066 509 57030 0 0 0 standing 
5 1042 389 1088 509 57031 0 0 1 standing 
5 1065 387 1111 509 57032 0 0 1 standing 
5 1088 385 1134 510 57033 0 0 1 standing 
5 1111 383 1157 510 57034 0 0 1 standing 
6 1011 391 1075 506 57015 0 0 0 standing 
6 1012 390 1080 505 57016 0 0 1 standing 
6 1014 390 1085 504 57017 0 0 1 standing 
6 1016 390 1091 504 57018 0 0 0 standing 
6 1024 389 1095 503 57019 0 0 1 standing 
6 1032 389 1100 502 57020 0 0 1 standing 
6 1041 389 1105 502 57021 0 0 0 standing 
6 1050 386 1110 499 57022 0 0 1 standing 
6 1059 384 1116 497 57023 0 0 1 standing 
6 1068 382 1122 495 57024 0 0 0 standing 
6 1082 383 1135 498 57025 0 0 1 standing 
6 1097 384 1149 501 57026 0 0 1 standing 
6 1112 385 1163 504 57027 0 0 0 standing 
6 1130 387 1180 506 57028 0 0 1 standing 
6 1148 389 1197 508 57029 0 0 1 standing 
6 1167 392 1214 510 57030 1 0 0 standing 
6 1182 392 1226 509 57031 1 0 1 standing 
6 1197 393 1239 509 57032 1 0 1 standing 
6 1212 393 1251 508 57033 1 0 1 standing 
6 1227 394 1264 508 57034 1 0 1 standing 
7 558 451 648 582 57015 0 0 0 standing 
7 563 448 652 580 57016 0 0 1 standing 
7 568 445 656 578 57017 0 0 1 standing 
7 574 443 661 577 57018 0 0 0 standing 
7 578 440 654 577 57019 0 0 1 standing 
7 582 438 647 577 57020 0 0 1 standing 
7 587 436 640 578 57021 0 0 0 standing 
7 592 436 644 576 57022 0 0 1 standing 
7 597 436 649 574 57023 0 0 1 standing 
7 602 436 654 573 57024 0 0 0 standing 
7 601 437 663 573 57025 0 0 1 standing 
7 600 438 672 574 57026 0 0 1 standing 
7 599 439 682 575 57027 0 0 0 standing 
7 607 440 692 575 57028 0 0 1 standing 
7 616 441 702 575 57029 0 0 1 standing 
7 625 443 712 575 57030 0 0 0 standing 
7 645 441 731 575 57031 0 0 1 standing 
7 665 440 751 575 57032 0 0 1 standing 
7 686 438 770 576 57033 0 0 1 standing 
7 706 437 790 576 57034 0 0 1 standing 
8 812 402 870 519 57015 0 0 0 standing 
8 814 405 870 520 57016 0 0 1 standing 
8 817 409 871 521 57017 0 0 1 standing 
8 820 413 872 522 57018 0 0 0 standing 
8 824 413 876 522 57019 0 0 1 standing 
8 829 413 881 522 57020 0 0 1 standing 
8 834 413 886 522 57021 0 0 0 standing 
8 844 410 896 520 57022 0 0 1 standing 
8 854 407 906 519 57023 0 0 1 standing 
8 864 404 916 518 57024 0 0 0 standing 
8 876 404 932 521 57025 0 0 1 standing 
8 888 404 948 524 57026 0 0 1 standing 
8 901 404 965 528 57027 0 0 0 standing 
8 916 404 984 527 57028 0 0 1 standing 
8 931 405 1003 526 57029 0 0 1 standing 
8 946 406 1022 525 57030 0 0 0 standing 
8 967 406 1044 526 57031 0 0 1 standing 
8 989 406 1066 527 57032 0 0 1 standing 
8 1011 406 1088 529 57033 0 0 1 standing 
8 1033 406 1110 530 57034 0 0 1 standing 
9 272 481 344 589 57015 0 0 0 standing 
9 278 480 349 587 57016 0 0 1 digging 
9 284 479 355 586 57017 0 0 1 digging 
9 290 478 361 585 57018 0 0 0 digging 
9 299 477 370 585 57019 0 0 1 digging 
9 309 477 380 585 57020 0 0 1 digging 
9 319 477 390 585 57021 0 0 0 digging 
9 329 476 401 584 57022 0 0 1 digging 
9 339 475 413 583 57023 0 0 1 digging 
9 349 475 425 582 57024 0 0 0 digging 
9 364 475 439 581 57025 0 0 1 digging 
9 379 475 453 581 57026 0 0 1 digging 
9 395 475 467 581 57027 0 0 0 digging 
9 411 474 483 580 57028 0 0 1 digging 
9 427 473 499 579 57029 0 0 1 digging 
9 444 472 515 579 57030 0 0 0 digging 
9 465 470 536 578 57031 0 0 1 digging 
9 486 469 558 578 57032 0 0 1 digging 
9 508 468 579 578 57033 0 0 1 digging 
9 529 467 601 578 57034 0 0 1 digging 
10 277 382 327 478 57015 0 0 0 digging 
10 274 380 330 477 57016 0 0 1 waiting 
10 271 378 333 476 57017 0 0 1 waiting 
10 269 376 336 476 57018 0 0 0 waiting 
10 280 374 342 474 57019 0 0 1 waiting 
10 291 372 348 472 57020 0 0 1 waiting 
10 303 370 354 470 57021 0 0 0 waiting 
10 311 369 362 465 57022 0 0 1 waiting 
10 319 368 371 461 57023 0 0 1 waiting 
10 328 367 380 457 57024 0 0 0 waiting 
10 339 368 391 456 57025 0 0 1 waiting 
10 350 369 403 455 57026 0 0 1 waiting 
10 361 371 415 455 57027 0 0 0 waiting 
10 376 371 430 455 57028 0 0 1 waiting 
10 391 372 445 455 57029 0 0 1 waiting 
10 407 373 460 455 57030 0 0 0 waiting 
10 428 373 482 454 57031 0 0 1 waiting 
10 450 374 505 453 57032 0 0 1 waiting 
10 472 374 528 452 57033 0 0 1 waiting 
10 494 375 551 451 57034 0 0 1 waiting 
11 151 443 239 561 57015 0 0 0 waiting 
11 155 442 243 560 57016 0 0 1 waiting 
11 159 441 247 559 57017 0 0 1 waiting 
11 164 440 252 558 57018 0 0 0 waiting 
11 171 438 249 557 57019 0 0 1 waiting 
11 178 436 247 556 57020 0 0 1 waiting 
11 186 434 245 555 57021 0 0 0 waiting 
11 190 434 251 557 57022 0 0 1 waiting 
11 195 434 258 559 57023 0 0 1 waiting 
11 200 434 265 561 57024 0 0 0 waiting 
11 205 435 274 560 57025 0 0 1 waiting 
11 210 437 283 559 57026 0 0 1 waiting 
11 216 439 293 558 57027 0 0 0 waiting 
11 232 440 309 557 57028 0 0 1 waiting 
11 248 441 325 556 57029 0 0 1 waiting 
11 265 443 341 556 57030 0 0 0 waiting 
11 286 446 363 554 57031 0 0 1 waiting 
11 308 450 386 553 57032 0 0 1 waiting 
11 329 453 409 552 57033 0 0 1 waiting 
11 351 457 432 551 57034 0 0 1 waiting 
