0 304 469 391 554 51700 0 0 0 standing 
0 300 465 384 552 51701 0 0 1 standing 
0 296 462 378 551 51702 0 0 1 standing 
0 292 458 372 550 51703 0 0 1 standing 
0 288 455 365 549 51704 0 0 1 standing 
0 285 452 359 548 51705 0 0 1 standing 
0 281 448 353 546 51706 0 0 1 standing 
0 277 445 346 545 51707 0 0 1 standing 
0 273 441 340 544 51708 0 0 1 standing 
0 269 438 334 543 51709 0 0 1 standing 
0 266 435 328 542 51710 0 0 0 standing 
0 258 433 322 541 51711 0 0 1 standing 
0 251 431 316 540 51712 0 0 1 standing 
0 244 429 310 539 51713 0 0 1 standing 
0 237 427 304 538 51714 0 0 1 standing 
0 230 425 298 538 51715 0 0 1 standing 
0 223 423 292 537 51716 0 0 1 standing 
0 216 421 286 536 51717 0 0 1 standing 
0 209 419 280 535 51718 0 0 1 standing 
0 202 417 274 534 51719 0 0 1 standing 
1 303 509 385 658 51700 0 1 0 standing 
1 305 509 386 658 51701 0 1 1 standing 
1 308 509 387 658 51702 0 1 1 standing 
1 310 509 388 658 51703 0 1 1 standing 
1 313 509 389 658 51704 0 1 1 standing 
1 315 509 390 658 51705 0 1 1 standing 
1 318 509 391 658 51706 0 1 1 standing 
1 320 509 392 658 51707 0 1 1 standing 
1 323 509 393 658 51708 0 1 1 standing 
1 325 509 394 658 51709 0 1 1 standing 
1 328 510 396 658 51710 0 1 0 standing 
1 323 506 392 658 51711 0 1 1 standing 
1 319 503 389 659 51712 0 1 1 standing 
1 315 500 386 660 51713 0 1 0 standing 
1 313 496 382 657 51714 0 1 1 standing 
1 312 493 379 654 51715 0 1 1 standing 
1 310 490 375 652 51716 0 1 1 standing 
1 309 487 372 649 51717 0 1 1 standing 
1 307 483 368 646 51718 0 1 1 standing 
1 306 480 365 644 51719 0 1 1 standing 
2 468 336 544 439 51700 0 1 0 standing 
2 466 335 542 438 51701 0 1 1 moving 
2 464 335 541 438 51702 0 1 1 moving 
2 462 335 540 438 51703 0 1 1 moving 
2 461 335 538 437 51704 0 1 1 moving 
2 459 335 537 437 51705 0 1 1 moving 
2 457 335 536 437 51706 0 1 1 moving 
2 456 335 534 436 51707 0 1 1 moving 
2 454 335 533 436 51708 0 1 1 moving 
2 452 335 532 436 51709 0 1 1 moving 
2 451 335 531 436 51710 0 1 0 moving 
2 453 335 530 435 51711 0 1 1 moving 
2 455 335 530 435 51712 0 1 1 moving 
2 457 335 530 434 51713 0 1 1 moving 
2 459 335 530 434 51714 0 1 0 moving 
2 459 335 529 434 51715 0 1 1 moving 
2 459 335 529 435 51716 0 1 1 moving 
2 459 335 529 435 51717 0 1 1 moving 
2 459 335 529 436 51718 0 1 1 moving 
2 459 335 529 436 51719 0 1 1 moving 
3 539 420 588 535 51700 0 0 0 moving 
3 535 420 586 535 51701 0 0 1 standing 
3 531 420 584 536 51702 0 0 1 standing 
3 528 420 583 537 51703 0 0 1 standing 
3 524 420 581 537 51704 0 0 1 standing 
3 520 420 579 538 51705 0 0 1 standing 
3 517 420 578 539 51706 0 0 0 standing 
3 519 420 577 540 51707 0 0 1 standing 
3 522 420 576 542 51708 0 0 1 standing 
3 524 420 575 543 51709 0 0 1 standing 
3 527 420 575 545 51710 0 0 0 standing 
3 523 421 571 546 51711 0 0 1 standing 
3 519 422 568 548 51712 0 0 1 standing 
3 515 424 565 550 51713 0 0 1 standing 
3 512 425 561 551 51714 0 0 1 standing 
3 508 427 558 553 51715 0 0 1 standing 
3 504 428 555 555 51716 0 0 1 standing 
3 501 429 551 556 51717 0 0 1 standing 
3 497 431 548 558 51718 0 0 1 standing 
3 493 432 545 560 51719 0 0 1 standing 
4 597 497 699 653 51700 0 1 0 standing 
4 598 496 697 652 51701 0 1 1 standing 
4 599 496 696 652 51702 0 1 1 standing 
4 600 496 695 652 51703 0 1 1 standing 
4 601 495 694 651 51704 0 1 1 standing 
4 602 495 693 651 51705 0 1 1 standing 
4 603 495 692 651 51706 0 1 0 standing 
4 609 495 694 650 51707 0 1 1 standing 
4 615 496 696 650 51708 0 1 1 standing 
4 621 496 698 649 51709 0 1 1 standing 
4 627 497 700 649 51710 0 1 0 standing 
4 623 483 692 648 51711 0 1 1 standing 
4 619 469 685 647 51712 0 1 1 standing 
4 616 455 678 646 51713 0 1 0 standing 
4 609 442 675 638 51714 0 1 1 standing 
4 603 430 672 631 51715 0 1 1 standing 
4 597 418 669 624 51716 0 1 0 standing 
4 591 420 663 618 51717 0 1 1 standing 
4 585 422 658 612 51718 0 1 1 standing 
4 580 424 652 606 51719 0 1 1 standing 
5 625 462 690 609 51700 0 1 0 standing 
5 616 453 681 604 51701 0 1 1 standing 
5 607 444 672 599 51702 0 1 1 standing 
5 598 436 663 595 51703 0 1 1 standing 
5 589 427 654 590 51704 0 1 1 standing 
5 580 418 645 585 51705 0 1 1 standing 
5 571 410 636 581 51706 0 1 0 standing 
5 560 412 626 582 51707 0 1 1 standing 
5 550 414 617 584 51708 0 1 1 standing 
5 540 416 607 585 51709 0 1 1 standing 
5 530 418 598 587 51710 0 1 1 standing 
5 520 420 588 588 51711 0 1 1 standing 
5 510 422 579 590 51712 0 1 0 standing 
5 497 430 567 594 51713 0 1 1 standing 
5 484 438 556 599 51714 0 1 1 standing 
5 472 446 545 604 51715 0 1 1 standing 
5 459 454 534 608 51716 0 1 1 standing 
5 447 462 522 613 51717 0 1 1 standing 
5 434 470 511 618 51718 0 1 1 standing 
5 422 478 500 622 51719 0 1 1 standing 
6 1201 397 1252 524 51700 0 0 0 standing 
6 1189 395 1242 523 51701 0 0 1 standing 
6 1177 394 1233 522 51702 0 0 1 standing 
6 1165 392 1223 521 51703 0 0 1 standing 
6 1153 391 1214 521 51704 0 0 0 standing 
6 1144 389 1203 519 51705 0 0 1 standing 
6 1135 388 1193 518 51706 0 0 1 standing 
6 1126 386 1183 517 51707 0 0 1 standing 
6 1118 385 1173 516 51708 0 0 0 standing 
6 1109 386 1164 517 51709 0 0 1 standing 
6 1101 387 1156 518 51710 0 0 1 standing 
6 1092 388 1148 519 51711 0 0 1 standing 
6 1084 389 1140 520 51712 0 0 1 standing 
6 1075 390 1132 521 51713 0 0 1 standing 
6 1067 391 1124 523 51714 0 0 0 standing 
6 1057 391 1115 521 51715 0 0 1 standing 
6 1047 392 1107 520 51716 0 0 1 standing 
6 1037 392 1099 518 51717 0 0 1 standing 
6 1027 393 1090 517 51718 0 0 1 standing 
6 1017 393 1082 515 51719 0 0 1 standing 
7 1235 505 1280 612 51700 0 0 0 standing 
7 1231 505 1279 613 51701 0 0 1 standing 
7 1228 506 1279 614 51702 0 0 1 standing 
7 1224 506 1279 615 51703 0 0 1 standing 
7 1221 507 1279 616 51704 0 0 0 standing 
7 1217 508 1279 619 51705 0 0 1 standing 
7 1213 510 1279 622 51706 0 0 1 standing 
7 1209 511 1279 626 51707 0 0 1 standing 
7 1205 513 1279 629 51708 0 0 1 standing 
7 1202 515 1279 633 51709 0 0 0 standing 
7 1194 515 1272 632 51710 0 0 1 standing 
7 1186 515 1265 632 51711 0 0 1 standing 
7 1179 515 1258 631 51712 0 0 1 standing 
7 1171 516 1251 631 51713 0 0 1 standing 
7 1163 516 1244 630 51714 0 0 1 standing 
7 1156 516 1237 630 51715 0 0 1 standing 
7 1148 516 1230 630 51716 0 0 1 standing 
7 1140 517 1223 629 51717 0 0 1 standing 
7 1133 517 1216 629 51718 0 0 1 standing 
7 1125 517 1209 628 51719 0 0 1 standing 
8 858 474 916 617 51700 0 0 0 standing 
8 851 474 908 616 51701 0 0 1 standing 
8 844 475 901 615 51702 0 0 1 standing 
8 837 475 894 614 51703 0 0 1 standing 
8 830 476 887 614 51704 0 0 0 standing 
8 822 480 879 616 51705 0 0 1 standing 
8 815 484 872 619 51706 0 0 1 standing 
8 808 488 864 622 51707 0 0 1 standing 
8 800 492 857 624 51708 0 0 1 standing 
8 793 496 849 627 51709 0 0 1 standing 
8 786 500 842 630 51710 0 0 0 standing 
8 777 496 833 629 51711 0 0 1 standing 
8 768 492 824 628 51712 0 0 1 standing 
8 759 489 815 627 51713 0 0 1 standing 
8 750 485 806 626 51714 0 0 1 standing 
8 741 481 797 625 51715 0 0 1 standing 
8 732 478 789 625 51716 0 0 1 standing 
8 723 474 780 624 51717 0 0 1 standing 
8 714 470 771 623 51718 0 0 1 standing 
8 705 467 762 622 51719 0 0 1 standing 
9 855 425 913 561 51700 0 0 0 standing 
9 848 425 906 561 51701 0 0 1 standing 
9 841 426 899 561 51702 0 0 1 standing 
9 834 426 892 562 51703 0 0 1 standing 
9 828 427 886 562 51704 0 0 1 standing 
9 821 427 879 563 51705 0 0 1 standing 
9 814 428 872 563 51706 0 0 1 standing 
9 808 428 866 563 51707 0 0 1 standing 
9 801 429 859 564 51708 0 0 1 standing 
9 794 429 852 564 51709 0 0 1 standing 
9 788 430 846 565 51710 0 0 0 standing 
9 779 431 837 567 51711 0 0 1 standing 
9 771 432 829 569 51712 0 0 1 standing 
9 762 433 820 572 51713 0 0 1 standing 
9 754 434 812 574 51714 0 0 1 standing 
9 746 435 803 576 51715 0 0 1 standing 
9 737 437 795 579 51716 0 0 1 standing 
9 729 438 786 581 51717 0 0 1 standing 
9 721 439 778 583 51718 0 0 1 standing 
9 712 440 769 586 51719 0 0 1 standing 
10 874 400 935 509 51700 0 0 0 standing 
10 865 399 925 511 51701 0 0 1 standing 
10 857 398 916 514 51702 0 0 1 standing 
10 848 397 907 516 51703 0 0 1 standing 
10 840 397 898 519 51704 0 0 0 standing 
10 832 397 890 517 51705 0 0 1 standing 
10 824 398 882 516 51706 0 0 1 standing 
10 816 399 874 515 51707 0 0 1 standing 
10 808 400 866 514 51708 0 0 1 standing 
10 801 401 859 513 51709 0 0 0 standing 
10 794 399 852 512 51710 0 0 1 standing 
10 787 398 845 512 51711 0 0 1 standing 
10 781 397 838 512 51712 0 0 0 standing 
10 773 397 832 511 51713 0 0 1 standing 
10 765 398 826 511 51714 0 0 1 standing 
10 758 398 820 511 51715 0 0 1 standing 
10 750 399 814 511 51716 0 0 1 standing 
10 743 399 808 511 51717 0 0 1 standing 
10 735 400 802 511 51718 0 0 1 standing 
10 728 400 796 511 51719 0 0 1 standing 
11 1030 148 1106 153 51700 0 0 0 standing 
11 1073 207 1140 226 51701 0 0 1 standing 
11 1117 266 1174 300 51702 0 0 1 standing 
11 1161 326 1209 374 51703 0 0 1 standing 
11 1205 385 1243 448 51704 0 0 1 standing 
11 1249 445 1278 522 51705 0 0 0 standing 
11 1246 443 1277 531 51706 0 0 1 standing 
11 1243 442 1277 541 51707 0 0 1 standing 
11 1240 441 1277 550 51708 0 0 1 standing 
11 1238 440 1277 560 51709 0 0 0 standing 
11 1231 439 1276 560 51710 0 0 1 standing 
11 1224 438 1276 560 51711 0 0 1 standing 
11 1217 438 1276 560 51712 0 0 0 standing 
11 1209 437 1269 560 51713 0 0 1 standing 
11 1202 437 1263 560 51714 0 0 1 standing 
11 1195 436 1257 560 51715 0 0 1 standing 
11 1188 436 1251 560 51716 0 0 1 standing 
11 1180 435 1245 560 51717 0 0 1 standing 
11 1173 435 1239 560 51718 0 0 1 standing 
11 1166 434 1233 560 51719 0 0 1 standing 
