0 803 390 905 520 99680 0 1 0 standing 
0 800 390 906 520 99681 0 1 1 standing 
0 797 390 907 520 99682 0 1 1 standing 
0 795 391 908 520 99683 0 1 0 standing 
0 793 390 907 522 99684 0 1 1 standing 
0 791 390 906 524 99685 0 1 1 standing 
0 789 390 906 526 99686 0 1 0 standing 
0 779 390 895 526 99687 0 1 1 standing 
0 769 390 884 526 99688 0 1 1 standing 
0 759 390 874 526 99689 0 1 0 standing 
0 749 389 861 525 99690 0 1 1 standing 
0 739 388 848 524 99691 0 1 1 standing 
0 729 387 835 523 99692 0 1 0 standing 
0 723 388 827 522 99693 0 1 1 standing 
0 718 389 819 522 99694 0 1 1 standing 
0 713 390 812 522 99695 0 1 0 standing 
0 713 390 812 523 99696 0 1 1 standing 
0 713 390 812 524 99697 0 1 1 standing 
0 713 390 812 525 99698 0 1 0 standing 
0 712 390 811 524 99699 0 1 1 standing 
1 802 379 893 483 99680 0 0 0 standing 
1 803 380 891 483 99681 0 0 1 standing 
1 804 381 890 483 99682 0 0 1 standing 
1 806 383 889 483 99683 0 0 0 standing 
1 803 381 888 483 99684 0 0 1 standing 
1 800 380 888 484 99685 0 0 1 standing 
1 798 379 888 485 99686 0 0 0 standing 
1 788 377 878 484 99687 0 0 1 standing 
1 778 376 868 484 99688 0 0 1 standing 
1 769 375 858 484 99689 0 0 0 standing 
1 755 374 843 482 99690 0 0 1 standing 
1 741 373 829 481 99691 0 0 1 standing 
1 728 372 815 480 99692 0 0 0 standing 
1 723 370 809 481 99693 0 0 1 standing 
1 718 368 803 482 99694 0 0 1 standing 
1 714 366 797 484 99695 0 0 0 standing 
1 712 364 797 484 99696 0 0 1 standing 
1 710 363 797 484 99697 0 0 1 standing 
1 708 362 797 484 99698 0 0 1 standing 
1 706 361 797 484 99699 0 0 1 standing 
2 914 386 989 516 99680 0 0 0 standing 
2 914 388 989 518 99681 0 0 1 standing 
2 914 390 989 520 99682 0 0 1 standing 
2 915 392 989 523 99683 0 0 0 standing 
2 913 390 986 522 99684 0 0 1 standing 
2 911 388 983 522 99685 0 0 1 standing 
2 910 387 980 522 99686 0 0 0 standing 
2 898 385 970 521 99687 0 0 1 standing 
2 886 384 960 520 99688 0 0 1 standing 
2 875 383 950 519 99689 0 0 0 standing 
2 866 382 937 518 99690 0 0 1 standing 
2 858 381 924 518 99691 0 0 1 standing 
2 850 380 912 518 99692 0 0 0 standing 
2 842 380 908 518 99693 0 0 1 standing 
2 834 380 904 519 99694 0 0 1 standing 
2 826 381 901 520 99695 0 0 0 standing 
2 826 378 903 519 99696 0 0 1 standing 
2 826 376 905 519 99697 0 0 1 standing 
2 826 374 908 518 99698 0 0 1 standing 
2 826 372 910 518 99699 0 0 1 standing 
3 1005 394 1100 537 99680 0 0 0 standing 
3 1006 394 1099 537 99681 0 0 1 standing 
3 1007 394 1099 538 99682 0 0 1 standing 
3 1008 395 1099 539 99683 0 0 0 standing 
3 1007 394 1097 537 99684 0 0 1 standing 
3 1006 393 1096 536 99685 0 0 1 standing 
3 1006 393 1095 535 99686 0 0 0 standing 
3 1001 392 1083 535 99687 0 0 1 standing 
3 996 391 1071 535 99688 0 0 1 standing 
3 991 390 1059 536 99689 0 0 0 standing 
3 978 392 1046 536 99690 0 0 1 standing 
3 966 394 1034 536 99691 0 0 1 standing 
3 954 396 1022 536 99692 0 0 0 standing 
3 941 397 1017 536 99693 0 0 1 standing 
3 928 398 1013 537 99694 0 0 1 standing 
3 916 400 1009 538 99695 0 0 0 standing 
3 917 402 1014 538 99696 0 0 1 standing 
3 918 405 1020 538 99697 0 0 1 standing 
3 919 408 1026 539 99698 0 0 0 standing 
3 919 408 1026 539 99699 0 0 1 standing 
4 1006 504 1070 639 99680 0 0 0 standing 
4 1003 503 1071 639 99681 0 0 1 standing 
4 1000 502 1073 640 99682 0 0 1 standing 
4 998 502 1075 641 99683 0 0 0 standing 
4 995 498 1072 641 99684 0 0 1 standing 
4 992 494 1069 641 99685 0 0 1 standing 
4 990 491 1067 641 99686 0 0 0 standing 
4 981 491 1060 632 99687 0 0 1 standing 
4 972 491 1053 623 99688 0 0 1 standing 
4 963 491 1046 614 99689 0 0 0 standing 
4 954 492 1036 618 99690 0 0 1 standing 
4 945 494 1026 622 99691 0 0 1 standing 
4 936 496 1016 626 99692 0 0 0 standing 
4 931 497 1010 624 99693 0 0 1 standing 
4 926 498 1004 622 99694 0 0 1 standing 
4 922 500 999 620 99695 0 0 0 standing 
4 919 500 998 620 99696 0 0 1 standing 
4 916 500 997 620 99697 0 0 1 standing 
4 913 501 997 620 99698 0 0 1 standing 
4 910 501 996 620 99699 0 0 1 standing 
5 625 401 726 579 99680 0 0 0 standing 
5 634 406 732 589 99681 0 0 1 standing 
5 643 412 738 599 99682 0 0 1 standing 
5 653 418 744 609 99683 0 0 0 standing 
5 654 435 742 624 99684 0 0 1 standing 
5 655 453 740 639 99685 0 0 1 standing 
5 656 471 738 655 99686 0 0 0 standing 
5 644 481 721 655 99687 0 0 1 standing 
5 632 491 704 656 99688 0 0 1 standing 
5 621 501 688 657 99689 0 0 0 standing 
5 607 506 674 658 99690 0 0 1 standing 
5 593 511 661 660 99691 0 0 1 standing 
5 579 517 648 662 99692 0 0 0 standing 
5 573 519 645 662 99693 0 0 1 standing 
5 567 522 642 662 99694 0 0 1 standing 
5 562 525 640 663 99695 0 0 0 standing 
5 565 524 646 668 99696 0 0 1 standing 
5 568 524 652 674 99697 0 0 1 standing 
5 571 523 659 679 99698 0 0 1 standing 
5 574 523 665 685 99699 0 0 1 standing 
6 533 449 644 607 99680 0 0 0 standing 
6 533 449 641 618 99681 0 0 1 standing 
6 534 450 639 630 99682 0 0 1 standing 
6 535 451 637 642 99683 0 0 0 standing 
6 528 462 637 642 99684 0 0 1 standing 
6 521 474 637 643 99685 0 0 1 standing 
6 515 486 637 644 99686 0 0 0 standing 
6 511 490 624 645 99687 0 0 1 standing 
6 507 495 611 646 99688 0 0 1 standing 
6 504 500 598 647 99689 0 0 0 standing 
6 487 501 578 650 99690 0 0 1 standing 
6 470 503 559 653 99691 0 0 1 standing 
6 453 505 540 656 99692 0 0 0 standing 
6 441 506 529 663 99693 0 0 1 standing 
6 429 508 518 670 99694 0 0 1 standing 
6 417 510 507 677 99695 0 0 0 standing 
6 411 510 501 679 99696 0 0 1 standing 
6 405 510 495 681 99697 0 0 1 standing 
6 400 510 490 683 99698 0 0 1 standing 
6 394 510 484 685 99699 0 0 1 standing 
7 511 400 601 558 99680 0 0 0 standing 
7 510 403 598 557 99681 0 0 1 standing 
7 509 406 595 556 99682 0 0 1 standing 
7 509 410 593 556 99683 0 0 0 standing 
7 507 411 593 557 99684 0 0 1 standing 
7 506 412 593 559 99685 0 0 1 standing 
7 505 413 594 561 99686 0 0 0 standing 
7 493 412 582 561 99687 0 0 1 standing 
7 482 411 570 561 99688 0 0 1 standing 
7 471 410 559 561 99689 0 0 0 standing 
7 457 410 545 561 99690 0 0 1 standing 
7 444 410 532 561 99691 0 0 1 standing 
7 431 411 519 561 99692 0 0 0 standing 
7 421 411 513 560 99693 0 0 1 standing 
7 412 411 507 560 99694 0 0 1 standing 
7 403 411 501 560 99695 0 0 0 standing 
7 407 413 499 558 99696 0 0 1 standing 
7 412 416 498 557 99697 0 0 1 standing 
7 416 419 496 556 99698 0 0 1 standing 
7 421 422 495 555 99699 0 0 1 standing 
8 568 360 622 514 99680 0 0 0 standing 
8 570 362 624 516 99681 0 0 1 standing 
8 572 365 627 518 99682 0 0 1 standing 
8 574 368 630 521 99683 0 0 0 standing 
8 570 367 623 523 99684 0 0 1 standing 
8 566 366 617 525 99685 0 0 1 standing 
8 562 366 611 528 99686 0 0 0 standing 
8 553 367 601 529 99687 0 0 1 standing 
8 544 368 591 530 99688 0 0 1 standing 
8 535 370 582 531 99689 0 0 0 standing 
8 523 370 567 531 99690 0 0 1 standing 
8 511 370 553 531 99691 0 0 1 standing 
8 499 371 539 531 99692 0 0 0 standing 
8 492 372 532 531 99693 0 0 1 standing 
8 486 373 526 532 99694 0 0 1 standing 
8 480 374 520 533 99695 0 0 0 standing 
8 478 375 521 533 99696 0 0 1 standing 
8 477 376 522 534 99697 0 0 1 standing 
8 476 377 524 535 99698 0 0 1 standing 
8 475 378 525 536 99699 0 0 1 standing 
9 551 321 620 467 99680 0 0 0 standing 
9 552 324 620 469 99681 0 0 1 standing 
9 553 328 620 471 99682 0 0 1 standing 
9 554 332 621 474 99683 0 0 0 standing 
9 552 335 619 475 99684 0 0 1 standing 
9 550 338 618 477 99685 0 0 1 standing 
9 549 342 617 479 99686 0 0 0 standing 
9 536 341 605 478 99687 0 0 1 standing 
9 524 340 593 477 99688 0 0 1 standing 
9 512 340 581 477 99689 0 0 0 standing 
9 498 338 567 476 99690 0 0 1 standing 
9 485 336 554 476 99691 0 0 1 standing 
9 472 335 541 476 99692 0 0 0 standing 
9 464 336 530 476 99693 0 0 1 standing 
9 457 338 519 477 99694 0 0 1 standing 
9 450 340 509 478 99695 0 0 0 standing 
9 450 341 509 478 99696 0 0 1 standing 
9 450 343 509 478 99697 0 0 1 standing 
9 451 345 510 479 99698 0 0 1 standing 
9 451 347 510 479 99699 0 0 1 standing 
10 368 459 437 603 99680 0 0 0 standing 
10 380 458 446 601 99681 0 0 1 standing 
10 392 457 455 600 99682 0 0 1 standing 
10 405 456 465 599 99683 0 0 0 standing 
10 410 457 475 599 99684 0 0 1 standing 
10 415 458 485 599 99685 0 0 1 standing 
10 421 460 496 599 99686 0 0 0 standing 
10 420 462 490 603 99687 0 0 1 standing 
10 419 464 484 607 99688 0 0 1 standing 
10 418 466 478 612 99689 0 0 0 standing 
10 409 468 476 615 99690 0 0 1 standing 
10 400 470 474 618 99691 0 0 1 standing 
10 392 473 472 621 99692 0 0 0 standing 
10 388 473 464 621 99693 0 0 1 standing 
10 384 473 456 621 99694 0 0 1 standing 
10 380 473 449 622 99695 0 0 0 standing 
10 378 472 445 619 99696 0 0 1 standing 
10 377 472 442 616 99697 0 0 1 standing 
10 376 471 439 614 99698 0 0 1 standing 
10 375 471 436 611 99699 0 0 1 standing 
11 392 415 460 534 99680 0 0 0 standing 
11 389 416 457 539 99681 0 0 1 standing 
11 387 417 454 544 99682 0 0 1 standing 
11 385 419 452 550 99683 0 0 0 standing 
11 383 417 448 550 99684 0 0 1 standing 
11 382 416 444 550 99685 0 0 1 standing 
11 381 415 440 551 99686 0 0 0 standing 
11 368 414 433 550 99687 0 0 1 standing 
11 355 413 426 550 99688 0 0 1 standing 
11 343 412 419 550 99689 0 0 0 standing 
11 325 409 402 551 99690 0 0 1 standing 
11 308 406 385 553 99691 0 0 1 standing 
11 291 403 368 555 99692 0 0 0 standing 
11 283 403 351 555 99693 0 0 1 standing 
11 275 404 334 555 99694 0 0 1 standing 
11 267 405 318 556 99695 0 0 0 standing 
11 263 406 316 556 99696 0 0 1 standing 
11 259 407 314 557 99697 0 0 1 standing 
11 256 408 312 557 99698 0 0 1 standing 
11 252 409 310 558 99699 0 0 1 standing 
