0 894 329 946 455 32270 0 1 0 standing 
0 885 329 937 455 32271 0 1 1 standing 
0 877 329 929 455 32272 0 1 1 standing 
0 869 330 921 456 32273 0 1 0 standing 
0 855 330 906 456 32274 0 1 1 standing 
0 841 330 892 456 32275 0 1 1 standing 
0 827 330 878 457 32276 0 1 0 standing 
0 802 328 857 455 32277 0 1 1 standing 
0 777 327 836 454 32278 0 1 1 standing 
0 753 326 815 453 32279 0 1 0 standing 
0 729 325 790 453 32280 0 1 1 standing 
0 705 325 766 453 32281 0 1 1 standing 
0 682 325 742 453 32282 0 1 1 standing 
0 658 325 717 453 32283 0 1 1 standing 
0 634 325 693 453 32284 0 1 1 standing 
0 611 325 669 453 32285 0 1 0 standing 
0 603 323 664 452 32286 0 1 1 standing 
0 596 321 659 451 32287 0 1 1 standing 
0 589 320 654 451 32288 0 1 0 standing 
0 591 318 655 451 32289 0 1 1 standing 
1 953 424 1017 567 32270 0 0 0 standing 
1 946 423 1012 565 32271 0 0 1 digging 
1 939 423 1007 564 32272 0 0 1 digging 
1 933 423 1003 563 32273 0 0 0 digging 
1 922 423 996 562 32274 0 0 1 digging 
1 912 424 990 562 32275 0 0 1 digging 
1 902 425 984 562 32276 0 0 0 digging 
1 884 424 965 560 32277 0 0 1 digging 
1 867 424 946 558 32278 0 0 1 digging 
1 850 424 927 557 32279 0 0 0 digging 
1 825 419 901 554 32280 0 0 1 digging 
1 801 414 875 551 32281 0 0 1 digging 
1 777 409 850 549 32282 0 0 0 digging 
1 760 407 828 548 32283 0 0 1 digging 
1 743 405 806 547 32284 0 0 1 digging 
1 727 403 785 546 32285 0 0 0 digging 
1 721 400 782 543 32286 0 0 1 digging 
1 716 398 780 540 32287 0 0 1 digging 
1 711 396 778 537 32288 0 0 0 digging 
1 715 397 782 537 32289 0 0 1 digging 
2 1058 354 1113 511 32270 0 0 0 digging 
2 1048 354 1102 506 32271 0 0 1 standing 
2 1038 354 1092 502 32272 0 0 1 standing 
2 1029 354 1082 498 32273 0 0 0 standing 
2 1012 356 1066 495 32274 0 0 1 standing 
2 995 358 1050 493 32275 0 0 1 standing 
2 979 360 1034 491 32276 0 0 0 standing 
2 953 361 1012 489 32277 0 0 1 standing 
2 927 363 991 487 32278 0 0 1 standing 
2 902 365 970 486 32279 0 0 0 standing 
2 879 364 942 485 32280 0 0 1 standing 
2 856 364 914 485 32281 0 0 1 standing 
2 834 364 887 485 32282 0 0 0 standing 
2 805 364 863 485 32283 0 0 1 standing 
2 776 364 839 485 32284 0 0 1 standing 
2 748 364 816 485 32285 0 0 0 standing 
2 741 361 809 485 32286 0 0 1 standing 
2 734 358 802 485 32287 0 0 1 standing 
2 728 355 795 485 32288 0 0 0 standing 
2 728 350 798 483 32289 0 0 1 standing 
3 626 387 711 531 32270 0 0 0 standing 
3 620 386 703 528 32271 0 0 1 blocking 
3 615 385 695 526 32272 0 0 1 blocking 
3 610 385 688 524 32273 0 0 0 blocking 
3 601 385 680 523 32274 0 0 1 blocking 
3 593 385 672 522 32275 0 0 1 blocking 
3 585 385 665 522 32276 0 0 0 blocking 
3 564 386 644 521 32277 0 0 1 blocking 
3 544 388 623 521 32278 0 0 1 blocking 
3 524 390 603 521 32279 0 0 0 blocking 
3 497 388 577 521 32280 0 0 1 blocking 
3 470 386 551 521 32281 0 0 1 blocking 
3 444 384 526 521 32282 0 0 0 blocking 
3 421 381 503 522 32283 0 0 1 blocking 
3 398 379 480 523 32284 0 0 1 blocking 
3 376 377 458 524 32285 0 0 0 blocking 
3 365 376 449 523 32286 0 0 1 blocking 
3 354 375 441 522 32287 0 0 1 blocking 
3 344 374 433 521 32288 0 0 0 blocking 
3 344 375 436 522 32289 0 0 1 blocking 
4 591 243 656 422 32270 0 0 0 blocking 
4 579 240 646 422 32271 0 0 1 standing 
4 568 237 636 422 32272 0 0 1 standing 
4 557 235 626 423 32273 0 0 0 standing 
4 538 238 612 421 32274 0 0 1 standing 
4 519 242 599 419 32275 0 0 1 standing 
4 501 246 586 417 32276 0 0 0 standing 
4 487 253 564 423 32277 0 0 1 standing 
4 473 260 542 429 32278 0 0 1 standing 
4 460 267 521 436 32279 0 0 0 standing 
4 436 278 497 437 32280 0 0 1 standing 
4 412 289 473 439 32281 0 0 1 standing 
4 389 301 449 441 32282 0 0 0 standing 
4 366 304 426 444 32283 0 0 1 standing 
4 343 308 403 447 32284 0 0 1 standing 
4 320 312 380 451 32285 0 0 0 standing 
4 314 310 374 449 32286 0 0 1 standing 
4 308 308 368 447 32287 0 0 1 standing 
4 303 307 363 446 32288 0 0 0 standing 
4 308 306 368 446 32289 0 0 1 standing 
5 601 238 658 439 32270 0 0 0 standing 
5 585 236 642 432 32271 0 0 1 standing 
5 570 235 627 426 32272 0 0 1 standing 
5 555 234 612 420 32273 0 0 0 standing 
5 540 239 598 420 32274 0 0 1 standing 
5 526 244 584 420 32275 0 0 1 standing 
5 512 250 571 421 32276 0 0 0 standing 
5 495 255 555 425 32277 0 0 1 standing 
5 478 260 539 429 32278 0 0 1 standing 
5 462 265 523 434 32279 0 0 0 standing 
5 433 277 494 439 32280 0 0 1 standing 
5 405 289 465 445 32281 0 0 1 standing 
5 377 302 437 451 32282 0 0 0 standing 
5 353 302 416 451 32283 0 0 1 standing 
5 330 302 395 452 32284 0 0 1 standing 
5 307 303 374 453 32285 0 0 0 standing 
5 296 303 360 449 32286 0 0 1 standing 
5 286 304 346 446 32287 0 0 1 standing 
5 276 305 332 443 32288 0 0 0 standing 
5 278 307 335 442 32289 0 0 1 standing 
6 481 206 553 386 32270 0 0 0 standing 
6 478 218 551 384 32271 0 0 1 standing 
6 475 230 549 382 32272 0 0 1 standing 
6 473 243 547 381 32273 0 0 0 standing 
6 459 247 524 378 32274 0 0 1 standing 
6 445 251 502 375 32275 0 0 1 standing 
6 431 255 480 372 32276 0 0 0 standing 
6 406 265 467 375 32277 0 0 1 standing 
6 382 275 455 379 32278 0 0 1 standing 
6 358 286 443 383 32279 0 0 0 standing 
6 330 290 415 402 32280 0 0 1 standing 
6 302 295 388 421 32281 0 0 1 standing 
6 274 300 361 440 32282 0 0 0 standing 
6 254 308 334 451 32283 0 0 1 standing 
6 235 316 307 462 32284 0 0 1 standing 
6 216 324 280 474 32285 0 0 0 standing 
6 207 327 270 478 32286 0 0 1 standing 
6 198 331 260 482 32287 0 0 1 standing 
6 190 335 250 487 32288 0 0 0 standing 
6 188 335 251 492 32289 0 0 1 standing 
7 509 322 581 458 32270 0 0 0 standing 
7 500 328 571 459 32271 0 0 1 standing 
7 491 334 562 460 32272 0 0 1 standing 
7 482 341 553 461 32273 0 0 0 standing 
7 468 344 534 461 32274 0 0 1 standing 
7 454 347 516 461 32275 0 0 1 standing 
7 440 350 498 461 32276 0 0 0 standing 
7 419 349 477 460 32277 0 0 1 standing 
7 398 348 456 460 32278 0 0 1 standing 
7 377 348 435 460 32279 0 0 0 standing 
7 348 342 407 463 32280 0 0 1 standing 
7 320 336 379 466 32281 0 0 1 standing 
7 292 330 352 470 32282 0 0 0 standing 
7 268 322 328 462 32283 0 0 1 standing 
7 244 314 304 454 32284 0 0 1 standing 
7 221 307 280 447 32285 0 0 0 standing 
7 212 305 271 444 32286 0 0 1 standing 
7 204 303 263 442 32287 0 0 1 standing 
7 196 301 255 440 32288 0 0 0 standing 
7 190 299 256 437 32289 0 0 1 standing 
8 360 417 446 557 32270 0 0 0 standing 
8 348 417 436 557 32271 0 0 1 standing 
8 336 418 426 558 32272 0 0 1 standing 
8 325 419 416 559 32273 0 0 0 standing 
8 307 419 400 559 32274 0 0 1 standing 
8 289 419 385 559 32275 0 0 1 standing 
8 272 420 370 559 32276 0 0 0 standing 
8 248 423 346 561 32277 0 0 1 standing 
8 224 426 323 564 32278 0 0 1 standing 
8 200 430 300 567 32279 0 0 0 standing 
8 172 432 273 569 32280 0 0 1 standing 
8 144 434 247 572 32281 0 0 1 standing 
8 117 437 221 575 32282 0 0 0 standing 
8 94 437 196 574 32283 0 0 1 standing 
8 71 437 172 573 32284 0 0 1 standing 
8 48 437 148 573 32285 0 0 0 standing 
8 43 436 141 572 32286 0 0 1 standing 
8 38 435 134 571 32287 0 0 1 standing 
8 33 434 127 571 32288 0 0 0 standing 
8 39 431 128 571 32289 0 0 1 standing 
9 340 333 408 471 32270 0 0 0 standing 
9 335 335 399 472 32271 0 0 1 standing 
9 331 338 390 473 32272 0 0 1 standing 
9 327 341 382 474 32273 0 0 0 standing 
9 316 344 373 476 32274 0 0 1 standing 
9 306 347 364 478 32275 0 0 1 standing 
9 296 351 356 480 32276 0 0 0 standing 
9 276 353 336 482 32277 0 0 1 standing 
9 256 355 316 484 32278 0 0 1 standing 
9 236 357 296 486 32279 0 0 0 standing 
9 210 353 267 484 32280 0 0 1 standing 
9 184 349 238 482 32281 0 0 1 standing 
9 158 346 210 481 32282 0 0 0 standing 
9 132 343 185 478 32283 0 0 1 standing 
9 106 340 161 475 32284 0 0 1 standing 
9 80 337 137 472 32285 0 0 0 standing 
9 69 334 127 469 32286 0 0 1 standing 
9 58 331 118 466 32287 0 0 1 standing 
9 48 328 109 463 32288 0 0 0 standing 
9 48 328 109 463 32289 0 0 1 standing 
10 223 375 283 538 32270 0 0 0 standing 
10 217 374 273 537 32271 0 0 1 standing 
10 211 374 264 536 32272 0 0 1 standing 
10 206 374 255 536 32273 0 0 0 standing 
10 192 373 241 534 32274 0 0 1 standing 
10 178 372 227 532 32275 0 0 1 standing 
10 164 371 213 531 32276 0 0 0 standing 
10 143 372 193 531 32277 0 0 1 standing 
10 123 373 173 532 32278 0 0 1 standing 
10 103 375 154 533 32279 0 0 0 standing 
10 74 378 126 533 32280 0 0 1 standing 
10 45 381 98 533 32281 0 0 1 standing 
10 16 385 70 533 32282 0 0 0 standing 
10 10 376 52 524 32283 0 0 1 standing 
10 5 368 34 515 32284 0 0 1 standing 
10 0 360 16 506 32285 0 0 0 standing 
10 0 360 16 506 32286 0 0 1 standing 
10 0 360 16 506 32287 0 0 1 standing 
10 0 360 16 506 32288 0 0 1 standing 
10 0 360 16 506 32289 0 0 1 standing 
11 263 445 323 615 32270 0 0 0 standing 
11 250 444 310 614 32271 0 0 1 standing 
11 238 444 298 613 32272 0 0 1 standing 
11 226 444 286 612 32273 0 0 0 standing 
11 204 444 274 612 32274 0 0 1 standing 
11 183 445 262 612 32275 0 0 1 standing 
11 162 446 251 613 32276 0 0 0 standing 
11 140 448 229 615 32277 0 0 1 standing 
11 118 450 207 617 32278 0 0 1 standing 
11 97 452 186 620 32279 0 0 0 standing 
11 65 453 157 621 32280 0 0 1 standing 
11 33 455 128 622 32281 0 0 1 standing 
11 2 457 100 624 32282 0 0 0 standing 
11 1 466 73 633 32283 0 0 1 standing 
11 0 475 47 642 32284 0 0 1 standing 
11 0 485 21 652 32285 0 0 0 standing 
11 0 485 21 652 32286 0 0 1 standing 
11 0 485 21 652 32287 0 0 1 standing 
11 0 485 21 652 32288 0 0 1 standing 
11 0 485 21 652 32289 0 0 1 standing 
