0 603 310 656 445 46375 1 0 1 setting 
0 603 310 656 445 46376 1 0 1 setting 
0 603 310 656 445 46377 0 1 0 setting 
0 603 298 656 444 46378 0 1 1 setting 
0 603 287 656 443 46379 0 1 1 setting 
0 603 276 656 442 46380 0 1 1 setting 
0 603 265 656 441 46381 0 1 1 setting 
0 603 254 657 440 46382 0 1 0 setting 
0 603 253 657 436 46383 0 1 1 setting 
0 603 252 657 433 46384 0 1 1 setting 
0 603 251 657 430 46385 0 1 1 setting 
0 603 250 657 427 46386 0 1 1 setting 
0 603 250 657 424 46387 0 1 0 setting 
0 607 255 661 426 46388 0 1 1 setting 
0 611 261 665 428 46389 0 1 1 setting 
0 615 266 669 430 46390 0 1 1 setting 
0 619 272 673 432 46391 0 1 1 setting 
0 624 278 678 435 46392 0 1 1 setting 
0 628 283 682 437 46393 0 1 1 setting 
0 632 289 686 439 46394 0 1 1 setting 
1 897 349 1019 474 46375 1 0 1 setting 
1 897 349 1019 474 46376 1 0 1 moving 
1 897 349 1019 474 46377 0 1 0 moving 
1 888 348 1007 474 46378 0 1 1 moving 
1 879 347 995 474 46379 0 1 1 moving 
1 870 347 983 474 46380 0 1 1 moving 
1 862 346 971 475 46381 0 1 1 moving 
1 853 346 959 475 46382 0 1 1 moving 
1 844 345 947 475 46383 0 1 1 moving 
1 836 345 935 476 46384 0 1 0 moving 
1 820 342 927 471 46385 0 1 1 moving 
1 804 340 919 466 46386 0 1 1 moving 
1 789 338 911 462 46387 0 1 0 moving 
1 782 338 900 462 46388 0 1 1 moving 
1 775 338 890 463 46389 0 1 1 moving 
1 768 338 880 464 46390 0 1 1 moving 
1 761 338 869 465 46391 0 1 1 moving 
1 754 338 859 466 46392 0 1 1 moving 
1 747 338 849 467 46393 0 1 1 moving 
1 740 338 838 468 46394 0 1 1 moving 
2 799 464 920 616 46375 1 0 1 moving 
2 799 464 920 616 46376 1 0 1 moving 
2 799 464 920 616 46377 0 1 0 moving 
2 793 464 913 616 46378 0 1 1 moving 
2 788 464 906 617 46379 0 1 1 moving 
2 783 465 899 618 46380 0 1 1 moving 
2 777 465 892 618 46381 0 1 1 moving 
2 772 465 885 619 46382 0 1 1 moving 
2 767 466 878 620 46383 0 1 0 moving 
2 756 466 872 619 46384 0 1 1 moving 
2 746 467 866 619 46385 0 1 1 moving 
2 736 468 860 619 46386 0 1 0 moving 
2 727 469 849 618 46387 0 1 1 moving 
2 719 470 838 617 46388 0 1 1 moving 
2 711 471 827 617 46389 0 1 1 moving 
2 702 472 816 616 46390 0 1 1 moving 
2 694 473 805 615 46391 0 1 1 moving 
2 686 474 794 615 46392 0 1 1 moving 
2 678 475 783 614 46393 0 1 1 moving 
2 669 476 772 613 46394 0 1 1 moving 
3 557 375 663 520 46375 1 0 1 moving 
3 557 375 663 520 46376 1 0 1 standing 
3 557 375 663 520 46377 0 1 0 standing 
3 550 378 649 520 46378 0 1 1 standing 
3 544 381 636 521 46379 0 1 1 standing 
3 538 384 623 522 46380 0 1 0 standing 
3 530 384 614 525 46381 0 1 1 standing 
3 522 385 606 529 46382 0 1 1 standing 
3 514 385 597 533 46383 0 1 1 standing 
3 506 386 589 537 46384 0 1 1 standing 
3 498 387 581 541 46385 0 1 0 standing 
3 500 375 581 539 46386 0 1 1 standing 
3 503 364 581 537 46387 0 1 1 standing 
3 505 352 581 535 46388 0 1 1 standing 
3 508 341 581 534 46389 0 1 0 standing 
3 511 335 583 527 46390 0 1 1 standing 
3 515 330 586 520 46391 0 1 1 standing 
3 519 324 588 514 46392 0 1 1 standing 
3 523 319 591 507 46393 0 1 1 standing 
3 527 313 593 500 46394 0 1 1 standing 
4 937 382 1001 535 46375 1 0 1 standing 
4 937 382 1001 535 46376 1 0 1 standing 
4 937 382 1001 535 46377 0 0 0 standing 
4 937 382 1000 534 46378 0 0 1 standing 
4 937 383 1000 533 46379 0 0 1 standing 
4 937 383 1000 533 46380 0 0 1 standing 
4 937 384 1000 532 46381 0 0 1 standing 
4 937 385 1000 532 46382 0 0 0 standing 
4 937 383 1000 531 46383 0 0 1 standing 
4 937 382 1000 531 46384 0 0 1 standing 
4 937 380 1001 531 46385 0 0 1 standing 
4 937 379 1001 531 46386 0 0 1 standing 
4 938 378 1002 531 46387 0 0 0 standing 
4 940 377 1004 529 46388 0 0 1 standing 
4 942 377 1006 528 46389 0 0 1 standing 
4 944 376 1008 527 46390 0 0 1 standing 
4 947 376 1010 526 46391 0 0 1 standing 
4 949 375 1013 525 46392 0 0 1 standing 
4 951 375 1015 523 46393 0 0 1 standing 
4 954 374 1017 522 46394 0 0 1 standing 
5 903 298 990 411 46375 1 0 1 standing 
5 903 298 990 411 46376 1 0 1 moving 
5 903 298 990 411 46377 0 0 0 moving 
5 893 296 990 409 46378 0 0 1 moving 
5 883 294 990 407 46379 0 0 1 moving 
5 873 293 991 406 46380 0 0 1 moving 
5 863 291 991 404 46381 0 0 1 moving 
5 854 290 992 403 46382 0 0 0 moving 
5 849 289 983 403 46383 0 0 1 moving 
5 845 288 974 403 46384 0 0 1 moving 
5 841 287 965 403 46385 0 0 1 moving 
5 837 286 956 403 46386 0 0 1 moving 
5 833 286 948 404 46387 0 0 0 moving 
5 829 285 942 403 46388 0 0 1 moving 
5 825 285 936 403 46389 0 0 1 moving 
5 822 285 931 402 46390 0 0 1 moving 
5 818 284 925 402 46391 0 0 1 moving 
5 815 284 920 402 46392 0 0 1 moving 
5 811 284 914 401 46393 0 0 1 moving 
5 807 283 908 401 46394 0 0 1 moving 
6 385 332 445 484 46375 1 0 1 moving 
6 385 332 445 484 46376 1 0 1 standing 
6 385 332 445 484 46377 0 0 0 standing 
6 385 332 445 484 46378 0 0 1 standing 
6 386 333 446 485 46379 0 0 1 standing 
6 387 333 447 486 46380 0 0 1 standing 
6 387 334 447 486 46381 0 0 1 standing 
6 388 334 448 487 46382 0 0 1 standing 
6 389 335 449 488 46383 0 0 1 standing 
6 389 335 449 488 46384 0 0 1 standing 
6 390 336 450 489 46385 0 0 1 standing 
6 391 336 451 490 46386 0 0 1 standing 
6 392 337 452 491 46387 0 0 0 standing 
6 394 337 457 488 46388 0 0 1 standing 
6 397 337 462 485 46389 0 0 1 standing 
6 400 337 467 482 46390 0 0 1 standing 
6 403 337 472 479 46391 0 0 1 standing 
6 406 338 478 477 46392 0 0 1 standing 
6 408 338 483 474 46393 0 0 1 standing 
6 411 338 488 471 46394 0 0 1 standing 
7 375 402 432 558 46375 1 0 1 standing 
7 375 402 432 558 46376 1 0 1 standing 
7 375 402 432 558 46377 0 0 0 standing 
7 376 400 433 557 46378 0 0 1 standing 
7 377 398 434 557 46379 0 0 1 standing 
7 379 396 435 557 46380 0 0 1 standing 
7 380 394 436 557 46381 0 0 1 standing 
7 382 393 437 557 46382 0 0 0 standing 
7 383 395 439 557 46383 0 0 1 standing 
7 385 397 441 557 46384 0 0 1 standing 
7 386 399 443 558 46385 0 0 1 standing 
7 388 401 445 558 46386 0 0 1 standing 
7 390 403 447 559 46387 0 0 0 standing 
7 392 405 451 561 46388 0 0 1 standing 
7 395 407 455 563 46389 0 0 1 standing 
7 397 409 459 565 46390 0 0 1 standing 
7 400 411 463 567 46391 0 0 1 standing 
7 403 414 467 569 46392 0 0 1 standing 
7 405 416 471 571 46393 0 0 1 standing 
7 408 418 475 573 46394 0 0 1 standing 
8 18 357 77 515 46375 1 0 1 standing 
8 18 357 77 515 46376 1 0 1 standing 
8 18 357 77 515 46377 0 0 0 standing 
8 16 357 75 515 46378 0 0 1 standing 
8 15 358 74 516 46379 0 0 1 standing 
8 14 358 73 516 46380 0 0 1 standing 
8 13 359 72 517 46381 0 0 1 standing 
8 12 359 71 517 46382 0 0 1 standing 
8 10 360 69 518 46383 0 0 1 standing 
8 9 360 68 518 46384 0 0 1 standing 
8 8 361 67 519 46385 0 0 1 standing 
8 7 361 66 519 46386 0 0 1 standing 
8 6 362 65 520 46387 0 0 0 standing 
8 5 362 66 519 46388 0 0 1 standing 
8 5 362 67 518 46389 0 0 1 standing 
8 5 363 68 517 46390 0 0 1 standing 
8 4 363 70 517 46391 0 0 1 standing 
8 4 364 71 516 46392 0 0 1 standing 
8 4 364 72 515 46393 0 0 1 standing 
8 3 364 74 515 46394 0 0 1 standing 
9 174 394 237 550 46375 1 0 1 standing 
9 174 394 237 550 46376 1 0 1 standing 
9 174 394 237 550 46377 0 0 0 standing 
9 167 397 232 551 46378 0 0 1 standing 
9 161 400 227 552 46379 0 0 1 standing 
9 154 403 223 553 46380 0 0 1 standing 
9 148 406 218 554 46381 0 0 1 standing 
9 141 409 213 555 46382 0 0 1 standing 
9 135 413 209 557 46383 0 0 0 standing 
9 128 412 204 558 46384 0 0 1 standing 
9 122 411 200 559 46385 0 0 1 standing 
9 116 410 195 560 46386 0 0 1 standing 
9 110 409 191 562 46387 0 0 0 standing 
9 106 411 189 563 46388 0 0 1 standing 
9 103 414 188 565 46389 0 0 1 standing 
9 100 416 187 566 46390 0 0 1 standing 
9 97 419 186 568 46391 0 0 1 standing 
9 94 421 185 570 46392 0 0 1 standing 
9 90 424 184 571 46393 0 0 1 standing 
9 87 426 183 573 46394 0 0 1 standing 
10 179 332 244 457 46375 1 0 1 standing 
10 179 332 244 457 46376 1 0 1 standing 
10 179 332 244 457 46377 0 0 0 standing 
10 175 331 239 456 46378 0 0 1 standing 
10 172 330 235 455 46379 0 0 1 standing 
10 169 329 231 454 46380 0 0 1 standing 
10 166 328 227 453 46381 0 0 1 standing 
10 163 328 223 452 46382 0 0 1 standing 
10 160 327 218 451 46383 0 0 1 standing 
10 157 326 214 450 46384 0 0 1 standing 
10 154 325 210 449 46385 0 0 1 standing 
10 151 324 206 448 46386 0 0 1 standing 
10 148 324 202 448 46387 0 0 0 standing 
10 146 324 203 448 46388 0 0 1 standing 
10 145 324 205 448 46389 0 0 1 standing 
10 143 324 206 448 46390 0 0 1 standing 
10 142 324 208 448 46391 0 0 1 standing 
10 140 324 209 448 46392 0 0 1 standing 
10 139 324 211 448 46393 0 0 1 standing 
10 137 324 212 448 46394 0 0 1 standing 
11 415 340 472 491 46375 1 0 1 standing 
11 415 340 472 491 46376 1 0 1 standing 
11 415 340 472 491 46377 0 0 0 standing 
11 413 340 470 491 46378 0 0 1 standing 
11 412 340 469 491 46379 0 0 1 standing 
11 411 341 467 491 46380 0 0 1 standing 
11 410 341 466 491 46381 0 0 1 standing 
11 409 341 464 491 46382 0 0 1 standing 
11 408 342 463 491 46383 0 0 0 standing 
11 407 345 463 491 46384 0 0 1 standing 
11 406 348 463 491 46385 0 0 1 standing 
11 405 351 463 491 46386 0 0 1 standing 
11 404 355 463 492 46387 0 0 0 standing 
11 406 357 465 494 46388 0 0 1 standing 
11 408 360 468 496 46389 0 0 1 standing 
11 410 362 471 498 46390 0 0 1 standing 
11 412 365 474 500 46391 0 0 1 standing 
11 414 367 477 503 46392 0 0 1 standing 
11 416 370 480 505 46393 0 0 1 standing 
11 418 372 483 507 46394 0 0 1 standing 
