0 594 379 641 522 34280 0 1 0 setting 
0 599 377 646 522 34281 0 1 1 setting 
0 605 376 652 523 34282 0 1 1 setting 
0 611 374 658 524 34283 0 1 1 setting 
0 617 373 664 525 34284 0 1 0 setting 
0 620 369 667 525 34285 0 1 1 setting 
0 623 365 670 525 34286 0 1 1 setting 
0 627 362 673 525 34287 0 1 1 setting 
0 630 358 676 525 34288 0 1 1 setting 
0 634 355 679 525 34289 0 1 0 setting 
0 638 357 684 524 34290 0 1 1 setting 
0 643 360 690 523 34291 0 1 1 setting 
0 648 362 695 523 34292 0 1 1 setting 
0 653 365 701 522 34293 0 1 1 setting 
0 658 367 706 521 34294 0 1 1 setting 
0 663 370 712 521 34295 0 1 0 setting 
0 667 373 716 521 34296 0 1 1 setting 
0 671 376 720 522 34297 0 1 1 setting 
0 676 379 725 522 34298 0 1 1 setting 
0 680 382 729 523 34299 0 1 1 setting 
1 989 518 1117 666 34280 0 1 0 setting 
1 985 519 1109 667 34281 0 1 1 moving 
1 981 520 1102 668 34282 0 1 1 moving 
1 977 521 1095 669 34283 0 1 1 moving 
1 973 523 1088 670 34284 0 1 0 moving 
1 969 522 1082 668 34285 0 1 1 moving 
1 965 521 1076 667 34286 0 1 1 moving 
1 962 520 1070 665 34287 0 1 1 moving 
1 958 519 1064 664 34288 0 1 1 moving 
1 954 518 1058 663 34289 0 1 1 moving 
1 951 517 1052 661 34290 0 1 1 moving 
1 947 516 1046 660 34291 0 1 1 moving 
1 944 515 1041 659 34292 0 1 0 moving 
1 935 513 1036 659 34293 0 1 1 moving 
1 926 511 1031 660 34294 0 1 1 moving 
1 917 510 1027 661 34295 0 1 0 moving 
1 908 509 1015 657 34296 0 1 1 moving 
1 900 508 1003 653 34297 0 1 1 moving 
1 891 507 992 650 34298 0 1 1 moving 
1 883 506 980 646 34299 0 1 1 moving 
2 609 366 681 471 34280 0 1 0 moving 
2 611 366 678 471 34281 0 1 1 setting 
2 613 367 676 472 34282 0 1 1 setting 
2 616 368 674 472 34283 0 1 1 setting 
2 618 368 672 473 34284 0 1 1 setting 
2 621 369 670 473 34285 0 1 1 setting 
2 623 370 668 474 34286 0 1 1 setting 
2 626 371 666 475 34287 0 1 0 setting 
2 627 366 668 475 34288 0 1 1 setting 
2 628 361 670 475 34289 0 1 1 setting 
2 630 357 672 475 34290 0 1 1 setting 
2 631 352 674 475 34291 0 1 1 setting 
2 632 348 676 475 34292 0 1 1 setting 
2 634 343 678 475 34293 0 1 1 setting 
2 635 339 680 475 34294 0 1 1 setting 
2 636 334 682 475 34295 0 1 1 setting 
2 638 330 684 475 34296 0 1 0 setting 
2 638 330 684 475 34297 0 1 1 setting 
2 638 330 684 475 34298 0 1 1 setting 
2 638 330 684 475 34299 0 1 1 setting 
3 466 392 508 512 34280 0 0 0 setting 
3 469 389 511 509 34281 0 0 1 standing 
3 473 387 515 507 34282 0 0 1 standing 
3 477 385 519 505 34283 0 0 0 standing 
3 481 384 523 504 34284 0 0 1 standing 
3 485 384 527 503 34285 0 0 1 standing 
3 489 384 531 503 34286 0 0 0 standing 
3 494 383 536 502 34287 0 0 1 standing 
3 499 383 541 502 34288 0 0 1 standing 
3 505 383 547 502 34289 0 0 0 standing 
3 507 385 551 504 34290 0 0 1 standing 
3 510 387 555 506 34291 0 0 1 standing 
3 513 389 559 509 34292 0 0 0 standing 
3 516 390 562 508 34293 0 0 1 standing 
3 519 391 566 507 34294 0 0 1 standing 
3 522 392 570 506 34295 0 0 0 standing 
3 525 394 573 508 34296 0 0 1 standing 
3 528 396 576 510 34297 0 0 1 standing 
3 531 399 579 513 34298 0 0 0 standing 
3 531 399 579 513 34299 0 0 1 standing 
4 455 399 499 557 34280 0 0 0 standing 
4 458 401 503 560 34281 0 0 1 standing 
4 462 404 507 564 34282 0 0 1 standing 
4 466 407 511 568 34283 0 0 0 standing 
4 470 409 515 570 34284 0 0 1 standing 
4 474 411 519 572 34285 0 0 1 standing 
4 478 413 523 574 34286 0 0 0 standing 
4 482 412 528 573 34287 0 0 1 standing 
4 487 411 533 573 34288 0 0 1 standing 
4 492 411 538 573 34289 0 0 0 standing 
4 493 414 540 576 34290 0 0 1 standing 
4 494 418 543 579 34291 0 0 1 standing 
4 495 422 546 583 34292 0 0 0 standing 
4 501 423 552 584 34293 0 0 1 standing 
4 507 424 558 585 34294 0 0 1 standing 
4 514 426 565 587 34295 0 0 0 standing 
4 518 427 568 585 34296 0 0 1 standing 
4 522 428 571 583 34297 0 0 1 standing 
4 526 430 574 581 34298 0 0 1 standing 
4 530 431 577 579 34299 0 0 1 standing 
5 431 443 475 600 34280 0 0 0 standing 
5 435 443 480 601 34281 0 0 1 standing 
5 439 444 485 603 34282 0 0 1 standing 
5 444 445 490 605 34283 0 0 0 standing 
5 448 447 494 608 34284 0 0 1 standing 
5 452 449 498 611 34285 0 0 1 standing 
5 457 451 503 614 34286 0 0 0 standing 
5 460 451 508 615 34287 0 0 1 standing 
5 463 451 513 617 34288 0 0 1 standing 
5 466 451 518 619 34289 0 0 0 standing 
5 466 451 523 618 34290 0 0 1 standing 
5 467 451 528 618 34291 0 0 1 standing 
5 468 451 533 618 34292 0 0 0 standing 
5 470 454 538 620 34293 0 0 1 standing 
5 473 457 543 623 34294 0 0 1 standing 
5 476 460 548 626 34295 0 0 0 standing 
5 483 460 553 625 34296 0 0 1 standing 
5 490 460 559 625 34297 0 0 1 standing 
5 497 460 565 625 34298 0 0 1 standing 
5 504 460 571 625 34299 0 0 1 standing 
6 230 384 284 501 34280 0 0 0 standing 
6 233 383 285 501 34281 0 0 1 standing 
6 236 383 286 501 34282 0 0 1 standing 
6 240 383 288 502 34283 0 0 0 standing 
6 242 383 291 500 34284 0 0 1 standing 
6 244 383 295 498 34285 0 0 1 standing 
6 247 383 299 497 34286 0 0 0 standing 
6 247 382 302 496 34287 0 0 1 standing 
6 247 382 305 495 34288 0 0 1 standing 
6 247 382 308 495 34289 0 0 0 standing 
6 247 379 309 493 34290 0 0 1 standing 
6 247 376 310 491 34291 0 0 1 standing 
6 247 374 312 489 34292 0 0 0 standing 
6 244 374 311 489 34293 0 0 1 standing 
6 242 375 310 489 34294 0 0 1 standing 
6 240 376 310 490 34295 0 0 0 standing 
6 243 376 313 488 34296 0 0 1 standing 
6 247 376 317 487 34297 0 0 1 standing 
6 251 376 321 485 34298 0 0 1 standing 
6 255 376 325 484 34299 0 0 1 standing 
7 795 449 869 576 34280 0 0 0 standing 
7 794 446 863 576 34281 0 0 1 moving 
7 794 444 858 576 34282 0 0 1 moving 
7 794 442 853 577 34283 0 0 0 moving 
7 789 440 846 575 34284 0 0 1 moving 
7 784 438 839 574 34285 0 0 1 moving 
7 780 436 832 573 34286 0 0 0 moving 
7 775 440 837 576 34287 0 0 1 moving 
7 770 444 842 580 34288 0 0 1 moving 
7 766 448 848 584 34289 0 0 0 moving 
7 766 449 847 583 34290 0 0 1 moving 
7 766 450 847 583 34291 0 0 1 moving 
7 766 451 847 583 34292 0 0 0 moving 
7 767 452 835 579 34293 0 0 1 moving 
7 768 453 823 576 34294 0 0 1 moving 
7 769 454 811 573 34295 0 0 0 moving 
7 764 454 809 576 34296 0 0 1 moving 
7 760 455 807 580 34297 0 0 1 moving 
7 756 456 805 583 34298 0 0 1 moving 
7 752 457 803 587 34299 0 0 1 moving 
8 837 383 890 514 34280 0 0 0 moving 
8 834 384 893 513 34281 0 0 1 standing 
8 831 386 896 513 34282 0 0 1 standing 
8 829 388 899 513 34283 0 0 0 standing 
8 828 388 898 513 34284 0 0 1 standing 
8 827 388 897 513 34285 0 0 1 standing 
8 826 389 896 514 34286 0 0 0 standing 
8 823 390 892 510 34287 0 0 1 standing 
8 820 391 889 506 34288 0 0 1 standing 
8 817 392 886 503 34289 0 0 0 standing 
8 821 389 884 505 34290 0 0 1 standing 
8 825 387 883 507 34291 0 0 1 standing 
8 829 385 882 509 34292 0 0 0 standing 
8 830 386 880 509 34293 0 0 1 standing 
8 831 387 879 509 34294 0 0 1 standing 
8 832 389 878 510 34295 0 0 0 standing 
8 832 389 878 511 34296 0 0 1 standing 
8 832 390 878 513 34297 0 0 1 standing 
8 832 391 879 514 34298 0 0 1 standing 
8 832 392 879 516 34299 0 0 1 standing 
9 974 405 1062 517 34280 0 0 0 standing 
9 964 405 1058 518 34281 0 0 1 moving 
9 954 406 1054 519 34282 0 0 1 moving 
9 945 407 1050 520 34283 0 0 0 moving 
9 940 405 1045 522 34284 0 0 1 moving 
9 936 404 1041 525 34285 0 0 1 moving 
9 932 403 1037 528 34286 0 0 0 moving 
9 931 403 1021 527 34287 0 0 1 moving 
9 931 403 1005 527 34288 0 0 1 moving 
9 931 403 989 527 34289 0 0 0 moving 
9 917 403 989 527 34290 0 0 1 moving 
9 904 403 989 527 34291 0 0 1 moving 
9 891 403 990 527 34292 0 0 0 moving 
9 883 404 980 528 34293 0 0 1 moving 
9 875 405 970 529 34294 0 0 1 moving 
9 867 406 961 530 34295 0 0 0 moving 
9 867 407 952 529 34296 0 0 1 moving 
9 868 408 943 528 34297 0 0 1 moving 
9 869 409 934 528 34298 0 0 0 moving 
9 869 409 934 528 34299 0 0 1 moving 
10 126 451 199 604 34280 0 0 0 moving 
10 128 450 198 601 34281 0 0 1 standing 
10 130 449 197 598 34282 0 0 1 standing 
10 133 448 197 596 34283 0 0 0 standing 
10 135 450 198 594 34284 0 0 1 standing 
10 137 452 200 592 34285 0 0 1 standing 
10 139 454 202 591 34286 0 0 0 standing 
10 141 453 205 596 34287 0 0 1 standing 
10 143 452 208 601 34288 0 0 1 standing 
10 145 452 212 607 34289 0 0 0 standing 
10 139 454 214 608 34290 0 0 1 standing 
10 134 456 216 610 34291 0 0 1 standing 
10 129 458 218 612 34292 0 0 0 standing 
10 127 458 218 612 34293 0 0 1 standing 
10 126 459 219 613 34294 0 0 1 standing 
10 125 460 220 614 34295 0 0 0 standing 
10 127 462 223 614 34296 0 0 1 standing 
10 130 465 227 615 34297 0 0 1 standing 
10 132 467 230 615 34298 0 0 1 standing 
10 135 470 234 616 34299 0 0 1 standing 
11 12 405 79 543 34280 1 0 1 standing 
11 12 405 79 543 34281 1 0 1 standing 
11 12 405 79 543 34282 1 0 1 standing 
11 12 405 79 543 34283 1 0 1 standing 
11 12 405 79 543 34284 1 0 1 standing 
11 12 405 79 543 34285 1 0 1 standing 
11 12 405 79 543 34286 1 0 1 standing 
11 12 405 79 543 34287 1 0 1 standing 
11 12 405 79 543 34288 1 0 1 standing 
11 12 405 79 543 34289 1 0 1 standing 
11 12 405 79 543 34290 1 0 1 standing 
11 12 405 79 543 34291 1 0 1 standing 
11 12 405 79 543 34292 0 0 0 standing 
11 20 406 95 543 34293 0 0 1 standing 
11 29 408 111 543 34294 0 0 1 standing 
11 38 410 127 543 34295 0 0 0 standing 
11 44 413 131 545 34296 0 0 1 standing 
11 51 416 136 548 34297 0 0 1 standing 
11 58 419 140 551 34298 0 0 1 standing 
11 65 422 145 554 34299 0 0 1 standing 
