0 718 443 784 626 114690 0 1 0 spiking 
0 715 438 785 619 114691 0 1 1 spiking 
0 713 434 787 612 114692 0 1 1 spiking 
0 710 429 789 605 114693 0 1 1 spiking 
0 708 425 790 598 114694 0 1 1 spiking 
0 705 420 792 591 114695 0 1 1 spiking 
0 703 416 794 585 114696 0 1 0 spiking 
0 710 407 797 585 114697 0 1 1 spiking 
0 717 398 801 585 114698 0 1 1 spiking 
0 724 390 805 585 114699 0 1 0 spiking 
0 732 393 810 584 114700 0 1 1 spiking 
0 740 397 816 583 114701 0 1 1 spiking 
0 749 401 822 582 114702 0 1 0 spiking 
0 755 406 825 581 114703 0 1 1 spiking 
0 762 411 829 580 114704 0 1 1 spiking 
0 769 416 832 579 114705 0 1 1 spiking 
0 776 422 836 579 114706 0 1 0 spiking 
0 786 431 847 582 114707 0 1 1 spiking 
0 797 440 859 586 114708 0 1 1 spiking 
0 807 449 871 590 114709 0 1 1 spiking 
1 510 444 566 593 114690 0 1 0 spiking 
1 517 436 573 587 114691 0 1 1 blocking 
1 525 428 581 582 114692 0 1 1 blocking 
1 533 420 589 577 114693 0 1 1 blocking 
1 541 413 597 572 114694 0 1 1 blocking 
1 549 405 605 567 114695 0 1 1 blocking 
1 557 397 612 561 114696 0 1 1 blocking 
1 565 390 620 556 114697 0 1 1 blocking 
1 573 382 628 551 114698 0 1 1 blocking 
1 581 374 636 546 114699 0 1 1 blocking 
1 589 367 644 541 114700 0 1 0 blocking 
1 598 371 653 545 114701 0 1 1 blocking 
1 607 376 662 550 114702 0 1 1 blocking 
1 616 381 671 555 114703 0 1 1 blocking 
1 625 386 680 560 114704 0 1 1 blocking 
1 634 391 689 565 114705 0 1 1 blocking 
1 643 396 698 570 114706 0 1 1 blocking 
1 652 401 707 575 114707 0 1 1 blocking 
1 661 406 716 580 114708 0 1 1 blocking 
1 670 411 725 585 114709 0 1 1 blocking 
2 517 454 566 607 114690 0 1 0 blocking 
2 523 448 572 601 114691 0 1 1 blocking 
2 530 442 579 595 114692 0 1 1 blocking 
2 537 436 586 589 114693 0 1 1 blocking 
2 544 430 593 583 114694 0 1 1 blocking 
2 551 425 600 578 114695 0 1 1 blocking 
2 558 419 607 572 114696 0 1 1 blocking 
2 565 413 614 566 114697 0 1 1 blocking 
2 572 407 621 560 114698 0 1 1 blocking 
2 579 401 628 554 114699 0 1 1 blocking 
2 586 396 635 549 114700 0 1 0 blocking 
2 596 398 645 551 114701 0 1 1 blocking 
2 607 401 656 554 114702 0 1 1 blocking 
2 617 404 666 557 114703 0 1 1 blocking 
2 628 406 677 559 114704 0 1 1 blocking 
2 638 409 687 562 114705 0 1 1 blocking 
2 649 412 698 565 114706 0 1 1 blocking 
2 659 414 708 567 114707 0 1 1 blocking 
2 670 417 719 570 114708 0 1 1 blocking 
2 680 420 729 573 114709 0 1 1 blocking 
3 512 471 566 631 114690 0 1 0 blocking 
3 520 462 574 622 114691 0 1 1 blocking 
3 528 454 582 614 114692 0 1 1 blocking 
3 536 446 590 606 114693 0 1 1 blocking 
3 544 438 598 598 114694 0 1 1 blocking 
3 553 430 607 590 114695 0 1 1 blocking 
3 561 422 615 582 114696 0 1 1 blocking 
3 569 414 623 574 114697 0 1 1 blocking 
3 577 406 631 566 114698 0 1 1 blocking 
3 585 398 639 558 114699 0 1 1 blocking 
3 594 390 648 550 114700 0 1 0 blocking 
3 601 393 657 555 114701 0 1 1 blocking 
3 609 396 666 561 114702 0 1 1 blocking 
3 616 399 675 567 114703 0 1 1 blocking 
3 624 402 684 572 114704 0 1 1 blocking 
3 632 405 693 578 114705 0 1 1 blocking 
3 639 408 702 584 114706 0 1 1 blocking 
3 647 411 711 589 114707 0 1 1 blocking 
3 654 414 720 595 114708 0 1 1 blocking 
3 662 417 729 601 114709 0 1 1 blocking 
4 591 446 687 570 114690 0 0 0 blocking 
4 595 448 692 569 114691 0 0 1 standing 
4 599 451 697 568 114692 0 0 1 standing 
4 604 454 703 567 114693 0 0 0 standing 
4 610 455 709 567 114694 0 0 1 standing 
4 616 456 716 568 114695 0 0 1 standing 
4 622 457 723 569 114696 0 0 0 standing 
4 629 458 729 569 114697 0 0 1 standing 
4 636 459 736 569 114698 0 0 1 standing 
4 643 460 743 569 114699 0 0 0 standing 
4 650 460 750 569 114700 0 0 1 standing 
4 657 460 758 569 114701 0 0 1 standing 
4 665 460 766 569 114702 0 0 0 standing 
4 673 460 774 566 114703 0 0 1 standing 
4 682 460 782 563 114704 0 0 1 standing 
4 691 460 791 561 114705 0 0 0 standing 
4 703 457 801 560 114706 0 0 1 standing 
4 716 455 812 560 114707 0 0 1 standing 
4 729 452 822 560 114708 0 0 1 standing 
4 742 450 833 560 114709 0 0 1 standing 
5 715 371 785 503 114690 0 0 0 standing 
5 720 373 782 499 114691 0 0 1 standing 
5 725 376 779 495 114692 0 0 1 standing 
5 730 379 776 492 114693 0 0 0 standing 
5 730 379 778 486 114694 0 0 1 standing 
5 730 379 780 481 114695 0 0 1 standing 
5 730 379 782 476 114696 0 0 0 standing 
5 733 379 785 476 114697 0 0 1 standing 
5 736 379 788 476 114698 0 0 1 standing 
5 739 379 791 476 114699 0 0 0 standing 
5 743 381 795 478 114700 0 0 1 standing 
5 747 383 799 480 114701 0 0 1 standing 
5 751 385 803 482 114702 0 0 0 standing 
5 755 386 808 492 114703 0 0 1 standing 
5 759 387 813 502 114704 0 0 1 standing 
5 764 388 819 512 114705 0 0 0 standing 
5 772 387 827 508 114706 0 0 1 standing 
5 781 386 835 505 114707 0 0 1 standing 
5 790 385 843 502 114708 0 0 1 standing 
5 799 384 851 499 114709 0 0 1 standing 
6 834 424 885 550 114690 0 0 0 standing 
6 834 424 887 549 114691 0 0 1 standing 
6 835 424 890 549 114692 0 0 1 standing 
6 836 424 893 549 114693 0 0 0 standing 
6 839 425 895 550 114694 0 0 1 standing 
6 843 426 898 551 114695 0 0 1 standing 
6 847 427 901 552 114696 0 0 0 standing 
6 851 427 904 554 114697 0 0 1 standing 
6 855 427 908 556 114698 0 0 1 standing 
6 859 427 912 558 114699 0 0 0 standing 
6 863 426 918 556 114700 0 0 1 standing 
6 868 425 924 555 114701 0 0 1 standing 
6 873 424 930 554 114702 0 0 0 standing 
6 876 426 937 557 114703 0 0 1 standing 
6 879 428 945 561 114704 0 0 1 standing 
6 883 430 953 565 114705 0 0 0 standing 
6 895 430 963 565 114706 0 0 1 standing 
6 907 431 973 565 114707 0 0 1 standing 
6 919 432 983 565 114708 0 0 1 standing 
6 931 433 993 565 114709 0 0 1 standing 
7 885 379 931 499 114690 0 0 0 standing 
7 887 379 933 498 114691 0 0 1 standing 
7 889 379 935 498 114692 0 0 1 standing 
7 892 379 938 498 114693 0 0 0 standing 
7 888 381 944 498 114694 0 0 1 standing 
7 885 383 951 498 114695 0 0 1 standing 
7 882 385 958 498 114696 0 0 0 standing 
7 887 386 961 498 114697 0 0 1 standing 
7 892 387 965 499 114698 0 0 1 standing 
7 898 388 969 500 114699 0 0 0 standing 
7 905 387 970 500 114700 0 0 1 standing 
7 913 386 972 500 114701 0 0 1 standing 
7 921 386 974 501 114702 0 0 0 standing 
7 926 385 977 502 114703 0 0 1 standing 
7 931 385 980 504 114704 0 0 1 standing 
7 937 385 983 506 114705 0 0 0 standing 
7 946 386 993 508 114706 0 0 1 standing 
7 955 387 1004 510 114707 0 0 1 standing 
7 965 389 1015 512 114708 0 0 1 standing 
7 974 390 1026 514 114709 0 0 1 standing 
8 903 498 979 627 114690 0 0 0 standing 
8 901 496 983 624 114691 0 0 1 standing 
8 899 494 987 622 114692 0 0 1 standing 
8 898 493 992 620 114693 0 0 0 standing 
8 903 491 986 617 114694 0 0 1 standing 
8 908 489 981 614 114695 0 0 1 standing 
8 913 487 976 611 114696 0 0 0 standing 
8 913 484 973 610 114697 0 0 1 standing 
8 913 481 970 609 114698 0 0 1 standing 
8 913 478 967 609 114699 0 0 0 standing 
8 917 478 970 608 114700 0 0 1 standing 
8 921 478 974 607 114701 0 0 1 standing 
8 925 478 978 607 114702 0 0 0 standing 
8 930 479 982 605 114703 0 0 1 standing 
8 935 480 987 603 114704 0 0 1 standing 
8 940 481 992 602 114705 0 0 0 standing 
8 952 479 1002 602 114706 0 0 1 standing 
8 964 477 1013 602 114707 0 0 1 standing 
8 976 475 1023 602 114708 0 0 1 standing 
8 988 473 1034 602 114709 0 0 1 standing 
9 224 378 284 490 114690 0 0 0 standing 
9 232 377 292 490 114691 0 0 1 waiting 
9 240 377 300 490 114692 0 0 1 waiting 
9 248 377 308 490 114693 0 0 0 waiting 
9 257 377 317 490 114694 0 0 1 waiting 
9 266 377 326 490 114695 0 0 1 waiting 
9 276 377 336 490 114696 0 0 0 waiting 
9 283 377 345 490 114697 0 0 1 waiting 
9 290 377 354 490 114698 0 0 1 waiting 
9 298 377 363 490 114699 0 0 0 waiting 
9 305 378 372 491 114700 0 0 1 waiting 
9 312 380 381 492 114701 0 0 1 waiting 
9 319 382 390 494 114702 0 0 0 waiting 
9 325 383 399 494 114703 0 0 1 waiting 
9 332 384 408 494 114704 0 0 1 waiting 
9 339 386 417 494 114705 0 0 0 waiting 
9 349 386 428 494 114706 0 0 1 waiting 
9 359 386 439 494 114707 0 0 1 waiting 
9 370 386 450 494 114708 0 0 1 waiting 
9 380 386 461 494 114709 0 0 1 waiting 
10 157 514 242 633 114690 0 0 0 waiting 
10 165 513 249 631 114691 0 0 1 waiting 
10 173 512 256 630 114692 0 0 1 waiting 
10 181 511 264 629 114693 0 0 0 waiting 
10 188 511 271 629 114694 0 0 1 waiting 
10 195 511 278 630 114695 0 0 1 waiting 
10 203 511 286 631 114696 0 0 0 waiting 
10 211 509 290 630 114697 0 0 1 waiting 
10 219 507 294 629 114698 0 0 1 waiting 
10 227 505 298 629 114699 0 0 0 waiting 
10 237 503 304 628 114700 0 0 1 waiting 
10 248 501 310 628 114701 0 0 1 waiting 
10 259 499 316 628 114702 0 0 0 waiting 
10 268 499 326 628 114703 0 0 1 waiting 
10 277 499 336 628 114704 0 0 1 waiting 
10 287 499 346 628 114705 0 0 0 waiting 
10 301 495 360 627 114706 0 0 1 waiting 
10 316 491 375 626 114707 0 0 1 waiting 
10 330 487 389 626 114708 0 0 1 waiting 
10 345 483 404 625 114709 0 0 1 waiting 
11 0 447 18 561 114690 1 0 1 waiting 
11 0 447 18 561 114691 1 0 1 waiting 
11 0 447 18 561 114692 1 0 1 waiting 
11 0 447 18 561 114693 0 0 0 waiting 
11 0 445 27 558 114694 0 0 1 waiting 
11 0 443 36 556 114695 0 0 1 waiting 
11 0 442 46 554 114696 0 0 0 waiting 
11 3 440 55 551 114697 0 0 1 waiting 
11 6 438 64 549 114698 0 0 1 waiting 
11 9 436 74 547 114699 0 0 0 waiting 
11 19 436 80 548 114700 0 0 1 waiting 
11 29 436 86 549 114701 0 0 1 waiting 
11 40 436 93 550 114702 0 0 0 waiting 
11 51 439 105 549 114703 0 0 1 waiting 
11 62 442 118 548 114704 0 0 1 waiting 
11 74 445 131 547 114705 0 0 0 waiting 
11 88 443 144 546 114706 0 0 1 waiting 
11 102 441 157 545 114707 0 0 1 waiting 
11 116 440 170 545 114708 0 0 1 waiting 
11 130 438 183 544 114709 0 0 1 waiting 
