0 110 429 179 540 52325 0 0 0 standing 
0 107 426 177 539 52326 0 0 1 standing 
0 105 424 175 539 52327 0 0 1 standing 
0 103 422 173 539 52328 0 0 1 standing 
0 101 420 171 539 52329 0 0 1 standing 
0 99 418 169 539 52330 0 0 1 standing 
0 97 415 167 539 52331 0 0 1 standing 
0 95 413 165 539 52332 0 0 1 standing 
0 93 411 163 539 52333 0 0 1 standing 
0 91 409 161 539 52334 0 0 1 standing 
0 89 407 159 539 52335 0 0 0 standing 
0 86 405 156 540 52336 0 0 1 standing 
0 83 403 153 541 52337 0 0 1 standing 
0 81 401 151 542 52338 0 0 1 standing 
0 78 399 148 543 52339 0 0 1 standing 
0 76 398 146 544 52340 0 0 1 standing 
0 73 396 143 545 52341 0 0 1 standing 
0 70 394 140 546 52342 0 0 1 standing 
0 68 392 138 547 52343 0 0 1 standing 
0 65 390 135 548 52344 0 0 1 standing 
1 370 434 428 617 52325 0 0 0 standing 
1 369 434 427 617 52326 0 0 1 standing 
1 368 434 426 617 52327 0 0 1 standing 
1 367 434 425 617 52328 0 0 1 standing 
1 366 434 424 617 52329 0 0 1 standing 
1 365 434 423 617 52330 0 0 1 standing 
1 364 434 422 617 52331 0 0 1 standing 
1 363 434 421 617 52332 0 0 1 standing 
1 362 434 420 617 52333 0 0 1 standing 
1 361 434 419 617 52334 0 0 1 standing 
1 360 434 418 617 52335 0 0 0 standing 
1 356 433 414 616 52336 0 0 1 standing 
1 352 432 410 616 52337 0 0 1 standing 
1 348 432 406 615 52338 0 0 1 standing 
1 345 431 403 615 52339 0 0 1 standing 
1 341 431 399 614 52340 0 0 1 standing 
1 337 430 395 614 52341 0 0 1 standing 
1 334 429 392 613 52342 0 0 1 standing 
1 330 429 388 613 52343 0 0 1 standing 
1 326 428 384 612 52344 0 0 1 standing 
2 608 357 667 500 52325 0 0 0 standing 
2 608 356 667 500 52326 0 0 1 standing 
2 609 356 668 500 52327 0 0 1 standing 
2 610 356 669 500 52328 0 0 1 standing 
2 611 356 670 500 52329 0 0 1 standing 
2 612 356 671 500 52330 0 0 1 standing 
2 613 356 672 500 52331 0 0 1 standing 
2 614 356 673 500 52332 0 0 1 standing 
2 615 356 674 500 52333 0 0 1 standing 
2 616 356 675 500 52334 0 0 1 standing 
2 617 356 676 500 52335 0 0 0 standing 
2 616 354 675 499 52336 0 0 1 standing 
2 616 353 675 499 52337 0 0 1 standing 
2 616 352 675 499 52338 0 0 1 standing 
2 616 350 675 498 52339 0 0 1 standing 
2 616 349 675 498 52340 0 0 1 standing 
2 616 348 675 498 52341 0 0 1 standing 
2 616 346 675 497 52342 0 0 1 standing 
2 616 345 675 497 52343 0 0 1 standing 
2 616 344 675 497 52344 0 0 1 standing 
3 692 415 733 548 52325 0 0 0 standing 
3 691 416 732 549 52326 0 0 1 standing 
3 691 417 732 550 52327 0 0 1 standing 
3 691 418 732 551 52328 0 0 1 standing 
3 691 419 732 552 52329 0 0 1 standing 
3 691 420 732 553 52330 0 0 1 standing 
3 690 421 731 554 52331 0 0 1 standing 
3 690 422 731 555 52332 0 0 1 standing 
3 690 423 731 556 52333 0 0 1 standing 
3 690 424 731 557 52334 0 0 1 standing 
3 690 425 731 559 52335 0 0 0 standing 
3 687 424 728 558 52336 0 0 1 standing 
3 685 424 726 558 52337 0 0 1 standing 
3 683 423 724 557 52338 0 0 1 standing 
3 681 423 722 557 52339 0 0 1 standing 
3 679 423 720 556 52340 0 0 1 standing 
3 676 422 717 556 52341 0 0 1 standing 
3 674 422 715 555 52342 0 0 1 standing 
3 672 421 713 555 52343 0 0 1 standing 
3 670 421 711 554 52344 0 0 1 standing 
4 785 369 832 512 52325 0 1 0 standing 
4 787 367 834 510 52326 0 1 1 standing 
4 789 366 836 509 52327 0 1 1 standing 
4 791 365 838 508 52328 0 1 1 standing 
4 793 364 840 507 52329 0 1 1 standing 
4 796 363 843 506 52330 0 1 1 standing 
4 798 361 845 505 52331 0 1 1 standing 
4 800 360 847 504 52332 0 1 1 standing 
4 802 359 849 503 52333 0 1 1 standing 
4 804 358 851 502 52334 0 1 1 standing 
4 807 357 854 501 52335 0 1 0 standing 
4 808 357 855 501 52336 0 1 1 standing 
4 809 358 856 502 52337 0 1 1 standing 
4 810 359 857 503 52338 0 1 1 standing 
4 811 360 858 504 52339 0 1 1 standing 
4 813 361 860 505 52340 0 1 1 standing 
4 814 362 861 506 52341 0 1 1 standing 
4 815 363 862 507 52342 0 1 1 standing 
4 816 364 863 508 52343 0 1 1 standing 
4 817 365 864 509 52344 0 1 1 standing 
5 847 336 910 474 52325 0 1 0 standing 
5 851 336 914 474 52326 0 1 1 standing 
5 855 336 918 474 52327 0 1 1 standing 
5 860 336 923 474 52328 0 1 1 standing 
5 864 336 927 475 52329 0 1 1 standing 
5 869 337 932 475 52330 0 1 1 standing 
5 873 337 936 475 52331 0 1 1 standing 
5 877 337 940 476 52332 0 1 1 standing 
5 882 337 945 476 52333 0 1 1 standing 
5 886 337 949 476 52334 0 1 1 standing 
5 891 338 954 477 52335 0 1 0 standing 
5 894 338 957 477 52336 0 1 1 standing 
5 898 338 961 477 52337 0 1 1 standing 
5 901 338 964 477 52338 0 1 1 standing 
5 905 338 968 477 52339 0 1 1 standing 
5 909 338 972 477 52340 0 1 1 standing 
5 912 338 975 477 52341 0 1 1 standing 
5 916 338 979 477 52342 0 1 1 standing 
5 919 338 982 477 52343 0 1 1 standing 
5 923 338 986 477 52344 0 1 1 standing 
6 978 392 1045 543 52325 0 1 0 standing 
6 981 391 1048 542 52326 0 1 1 standing 
6 984 390 1051 541 52327 0 1 1 standing 
6 987 390 1054 541 52328 0 1 1 standing 
6 991 389 1057 540 52329 0 1 1 standing 
6 994 389 1060 540 52330 0 1 1 standing 
6 997 388 1063 539 52331 0 1 1 standing 
6 1001 387 1066 538 52332 0 1 1 standing 
6 1004 387 1069 538 52333 0 1 1 standing 
6 1007 386 1072 537 52334 0 1 1 standing 
6 1011 386 1076 537 52335 0 1 0 standing 
6 1011 385 1076 536 52336 0 1 1 standing 
6 1012 384 1077 535 52337 0 1 1 standing 
6 1012 383 1077 534 52338 0 1 1 standing 
6 1013 382 1078 533 52339 0 1 1 standing 
6 1013 381 1078 532 52340 0 1 1 standing 
6 1014 380 1079 531 52341 0 1 1 standing 
6 1014 379 1079 530 52342 0 1 1 standing 
6 1015 378 1080 529 52343 0 1 1 standing 
6 1015 377 1080 528 52344 0 1 1 standing 
7 379 326 419 459 52325 0 0 0 standing 
7 376 326 416 459 52326 0 0 1 standing 
7 374 327 414 460 52327 0 0 1 standing 
7 371 327 411 460 52328 0 0 1 standing 
7 369 328 409 461 52329 0 0 1 standing 
7 366 329 406 462 52330 0 0 1 standing 
7 364 329 404 462 52331 0 0 1 standing 
7 361 330 401 463 52332 0 0 1 standing 
7 359 330 399 463 52333 0 0 1 standing 
7 356 331 396 464 52334 0 0 1 standing 
7 354 332 394 465 52335 0 0 0 standing 
7 349 332 390 465 52336 0 0 1 standing 
7 344 333 387 466 52337 0 0 1 standing 
7 339 334 384 466 52338 0 0 1 standing 
7 335 335 381 467 52339 0 0 1 standing 
7 330 336 378 468 52340 0 0 1 standing 
7 325 336 374 468 52341 0 0 1 standing 
7 321 337 371 469 52342 0 0 1 standing 
7 316 338 368 469 52343 0 0 1 standing 
7 311 339 365 470 52344 0 0 1 standing 
8 641 401 700 549 52325 0 0 0 standing 
8 640 401 699 549 52326 0 0 1 standing 
8 640 401 699 549 52327 0 0 1 standing 
8 639 401 698 549 52328 0 0 1 standing 
8 639 401 698 549 52329 0 0 1 standing 
8 638 401 697 549 52330 0 0 1 standing 
8 638 401 697 549 52331 0 0 1 standing 
8 637 401 696 549 52332 0 0 1 standing 
8 637 401 696 549 52333 0 0 1 standing 
8 636 401 695 549 52334 0 0 1 standing 
8 636 401 695 549 52335 0 0 1 standing 
8 635 401 694 549 52336 0 0 1 standing 
8 635 401 694 549 52337 0 0 1 standing 
8 634 401 693 549 52338 0 0 1 standing 
8 634 401 693 549 52339 0 0 1 standing 
8 633 401 692 549 52340 0 0 1 standing 
8 633 401 692 549 52341 0 0 1 standing 
8 632 401 691 549 52342 0 0 1 standing 
8 632 401 691 549 52343 0 0 1 standing 
8 631 401 690 549 52344 0 0 1 standing 
9 737 411 793 555 52325 0 1 0 standing 
9 742 409 798 555 52326 0 1 1 standing 
9 748 408 803 555 52327 0 1 1 standing 
9 753 406 808 555 52328 0 1 1 standing 
9 759 405 814 556 52329 0 1 1 standing 
9 764 404 819 556 52330 0 1 1 standing 
9 770 402 824 556 52331 0 1 1 standing 
9 775 401 830 557 52332 0 1 1 standing 
9 781 399 835 557 52333 0 1 1 standing 
9 786 398 840 557 52334 0 1 1 standing 
9 792 397 846 558 52335 0 1 0 standing 
9 796 395 850 556 52336 0 1 1 standing 
9 800 393 854 554 52337 0 1 1 standing 
9 804 391 858 553 52338 0 1 1 standing 
9 808 390 862 551 52339 0 1 1 standing 
9 812 388 866 550 52340 0 1 1 standing 
9 816 386 870 548 52341 0 1 1 standing 
9 820 385 874 546 52342 0 1 1 standing 
9 824 383 878 545 52343 0 1 1 standing 
9 828 381 882 543 52344 0 1 1 standing 
10 817 349 870 495 52325 0 1 0 standing 
10 820 348 873 495 52326 0 1 1 standing 
10 823 348 876 495 52327 0 1 1 standing 
10 826 348 879 495 52328 0 1 1 standing 
10 829 348 882 495 52329 0 1 1 standing 
10 832 348 885 495 52330 0 1 1 standing 
10 835 347 888 495 52331 0 1 1 standing 
10 838 347 891 495 52332 0 1 1 standing 
10 841 347 894 495 52333 0 1 1 standing 
10 844 347 897 495 52334 0 1 1 standing 
10 847 347 900 495 52335 0 1 0 standing 
10 849 347 902 495 52336 0 1 1 standing 
10 851 347 904 495 52337 0 1 1 standing 
10 853 347 906 495 52338 0 1 1 standing 
10 855 347 908 495 52339 0 1 1 standing 
10 857 347 910 495 52340 0 1 1 standing 
10 859 347 912 495 52341 0 1 1 standing 
10 861 347 914 495 52342 0 1 1 standing 
10 863 347 916 495 52343 0 1 1 standing 
10 865 347 918 495 52344 0 1 1 standing 
11 888 425 954 578 52325 0 1 0 standing 
11 891 425 957 578 52326 0 1 1 standing 
11 895 425 961 578 52327 0 1 1 standing 
11 898 425 964 578 52328 0 1 1 standing 
11 902 425 968 578 52329 0 1 1 standing 
11 905 425 971 579 52330 0 1 1 standing 
11 909 425 975 579 52331 0 1 1 standing 
11 912 425 978 579 52332 0 1 1 standing 
11 916 425 982 579 52333 0 1 1 standing 
11 919 425 985 579 52334 0 1 1 standing 
11 923 425 989 580 52335 0 1 0 standing 
11 925 423 991 578 52336 0 1 1 standing 
11 928 422 994 577 52337 0 1 1 standing 
11 930 421 996 576 52338 0 1 1 standing 
11 933 420 999 575 52339 0 1 1 standing 
11 936 419 1002 574 52340 0 1 1 standing 
11 938 418 1004 572 52341 0 1 1 standing 
11 941 417 1007 571 52342 0 1 1 standing 
11 943 416 1009 570 52343 0 1 1 standing 
11 946 415 1012 569 52344 0 1 1 standing 
