0 650 413 744 482 32000 0 1 0 falling 
0 653 412 747 481 32001 0 1 1 falling 
0 657 412 750 481 32002 0 1 1 falling 
0 660 412 753 481 32003 0 1 1 falling 
0 664 412 757 481 32004 0 1 1 falling 
0 667 412 760 481 32005 0 1 1 falling 
0 671 412 763 481 32006 0 1 1 falling 
0 674 412 767 481 32007 0 1 1 falling 
0 678 412 770 481 32008 0 1 1 falling 
0 681 412 773 481 32009 0 1 1 falling 
0 685 412 777 481 32010 0 1 0 falling 
0 692 412 784 480 32011 0 1 1 falling 
0 700 412 792 480 32012 0 1 1 falling 
0 707 412 800 480 32013 0 1 1 falling 
0 715 412 808 480 32014 0 1 1 falling 
0 723 412 816 480 32015 0 1 1 falling 
0 730 412 824 480 32016 0 1 1 falling 
0 738 412 832 480 32017 0 1 1 falling 
0 745 412 840 480 32018 0 1 1 falling 
0 753 412 848 480 32019 0 1 1 falling 
1 869 381 941 534 32000 0 0 0 falling 
1 864 379 938 532 32001 0 0 1 moving 
1 860 377 936 531 32002 0 0 1 moving 
1 856 375 934 530 32003 0 0 0 moving 
1 853 375 935 530 32004 0 0 1 moving 
1 850 375 937 530 32005 0 0 1 moving 
1 848 375 939 530 32006 0 0 0 moving 
1 850 375 941 527 32007 0 0 1 moving 
1 853 376 943 525 32008 0 0 1 moving 
1 856 377 946 523 32009 0 0 0 moving 
1 863 378 945 523 32010 0 0 1 moving 
1 870 379 944 523 32011 0 0 1 moving 
1 878 380 944 523 32012 0 0 0 moving 
1 876 380 951 522 32013 0 0 1 moving 
1 874 380 958 521 32014 0 0 1 moving 
1 872 380 966 520 32015 0 0 0 moving 
1 874 380 966 521 32016 0 0 1 moving 
1 876 381 966 522 32017 0 0 1 moving 
1 878 382 966 523 32018 0 0 1 moving 
1 880 383 966 524 32019 0 0 1 moving 
2 538 453 609 592 32000 0 0 0 moving 
2 539 453 611 592 32001 0 0 1 standing 
2 540 453 614 592 32002 0 0 1 standing 
2 542 453 617 592 32003 0 0 0 standing 
2 546 449 625 590 32004 0 0 1 standing 
2 551 446 633 588 32005 0 0 1 standing 
2 556 443 642 586 32006 0 0 0 standing 
2 557 438 646 581 32007 0 0 1 standing 
2 558 434 650 576 32008 0 0 1 standing 
2 560 430 654 572 32009 0 0 0 standing 
2 564 427 658 565 32010 0 0 1 standing 
2 568 425 662 558 32011 0 0 1 standing 
2 572 423 666 551 32012 0 0 0 standing 
2 584 420 673 548 32013 0 0 1 standing 
2 596 418 680 545 32014 0 0 1 standing 
2 609 416 688 543 32015 0 0 0 standing 
2 616 414 695 541 32016 0 0 1 standing 
2 624 412 703 539 32017 0 0 1 standing 
2 632 410 711 537 32018 0 0 1 standing 
2 640 408 719 535 32019 0 0 1 standing 
3 276 354 346 492 32000 0 0 0 standing 
3 278 353 347 490 32001 0 0 1 moving 
3 280 353 348 489 32002 0 0 1 moving 
3 282 353 350 488 32003 0 0 0 moving 
3 291 355 354 486 32004 0 0 1 moving 
3 301 357 358 484 32005 0 0 1 moving 
3 311 360 363 483 32006 0 0 0 moving 
3 311 362 372 487 32007 0 0 1 moving 
3 312 365 382 491 32008 0 0 1 moving 
3 313 368 392 496 32009 0 0 0 moving 
3 330 369 404 500 32010 0 0 1 moving 
3 348 370 416 505 32011 0 0 1 moving 
3 366 371 428 510 32012 0 0 0 moving 
3 377 374 443 510 32013 0 0 1 moving 
3 389 378 458 511 32014 0 0 1 moving 
3 401 382 473 512 32015 0 0 0 moving 
3 411 382 487 516 32016 0 0 1 moving 
3 422 382 502 521 32017 0 0 1 moving 
3 432 383 516 526 32018 0 0 1 moving 
3 443 383 531 531 32019 0 0 1 moving 
4 288 325 339 457 32000 0 0 0 moving 
4 288 323 338 458 32001 0 0 1 standing 
4 288 322 338 459 32002 0 0 1 standing 
4 289 320 338 460 32003 0 0 1 standing 
4 289 319 338 461 32004 0 0 1 standing 
4 289 317 338 462 32005 0 0 1 standing 
4 290 316 338 463 32006 0 0 0 standing 
4 295 316 346 463 32007 0 0 1 standing 
4 300 316 355 463 32008 0 0 1 standing 
4 305 317 364 464 32009 0 0 0 standing 
4 311 316 368 463 32010 0 0 1 standing 
4 318 315 372 462 32011 0 0 1 standing 
4 325 315 377 462 32012 0 0 0 standing 
4 332 315 384 462 32013 0 0 1 standing 
4 339 315 391 462 32014 0 0 1 standing 
4 347 316 399 462 32015 0 0 0 standing 
4 356 316 411 462 32016 0 0 1 standing 
4 366 317 423 463 32017 0 0 1 standing 
4 376 317 435 464 32018 0 0 1 standing 
4 386 318 447 465 32019 0 0 1 standing 
5 314 326 354 441 32000 0 0 0 standing 
5 319 327 363 442 32001 0 0 1 moving 
5 324 328 372 443 32002 0 0 1 moving 
5 330 330 381 444 32003 0 0 0 moving 
5 338 329 390 442 32004 0 0 1 moving 
5 347 328 400 440 32005 0 0 1 moving 
5 356 327 410 438 32006 0 0 0 moving 
5 365 322 425 433 32007 0 0 1 moving 
5 374 318 441 428 32008 0 0 1 moving 
5 383 314 457 424 32009 0 0 0 moving 
5 392 312 466 426 32010 0 0 1 moving 
5 401 311 476 429 32011 0 0 1 moving 
5 410 310 486 432 32012 0 0 0 moving 
5 427 308 501 430 32013 0 0 1 moving 
5 445 307 516 429 32014 0 0 1 moving 
5 463 306 531 428 32015 0 0 0 moving 
5 480 305 550 427 32016 0 0 1 moving 
5 498 304 570 426 32017 0 0 1 moving 
5 515 303 590 426 32018 0 0 1 moving 
5 533 302 610 425 32019 0 0 1 moving 
6 52 359 99 494 32000 0 0 0 moving 
6 50 359 97 494 32001 0 0 1 standing 
6 49 359 96 494 32002 0 0 1 standing 
6 48 359 95 494 32003 0 0 0 standing 
6 48 357 96 494 32004 0 0 1 standing 
6 48 356 97 494 32005 0 0 1 standing 
6 48 355 99 494 32006 0 0 0 standing 
6 48 353 100 492 32007 0 0 1 standing 
6 49 351 102 490 32008 0 0 1 standing 
6 50 350 104 488 32009 0 0 0 standing 
6 54 349 106 486 32010 0 0 1 standing 
6 58 348 109 485 32011 0 0 1 standing 
6 62 348 112 484 32012 0 0 0 standing 
6 62 348 118 483 32013 0 0 1 standing 
6 63 348 124 483 32014 0 0 1 standing 
6 64 348 130 483 32015 0 0 0 standing 
6 71 347 138 482 32016 0 0 1 standing 
6 78 346 146 481 32017 0 0 1 standing 
6 85 346 154 481 32018 0 0 1 standing 
6 92 345 162 480 32019 0 0 1 standing 
7 143 427 213 562 32000 0 0 0 standing 
7 145 426 214 561 32001 0 0 1 standing 
7 147 426 215 560 32002 0 0 1 standing 
7 149 425 216 560 32003 0 0 1 standing 
7 151 425 217 559 32004 0 0 1 standing 
7 153 424 218 558 32005 0 0 1 standing 
7 156 424 219 558 32006 0 0 0 standing 
7 162 422 225 558 32007 0 0 1 standing 
7 169 420 231 558 32008 0 0 1 standing 
7 176 419 238 559 32009 0 0 0 standing 
7 183 417 245 557 32010 0 0 1 standing 
7 191 416 253 556 32011 0 0 1 standing 
7 199 415 261 555 32012 0 0 0 standing 
7 207 416 270 555 32013 0 0 1 standing 
7 216 417 279 556 32014 0 0 1 standing 
7 225 418 288 557 32015 0 0 0 standing 
7 235 416 298 555 32016 0 0 1 standing 
7 246 415 309 554 32017 0 0 1 standing 
7 256 414 319 553 32018 0 0 1 standing 
7 267 413 330 552 32019 0 0 1 standing 
8 158 375 202 503 32000 0 0 0 standing 
8 160 376 205 503 32001 0 0 1 standing 
8 163 377 209 503 32002 0 0 1 standing 
8 166 378 213 504 32003 0 0 0 standing 
8 170 378 218 511 32004 0 0 1 standing 
8 175 378 224 518 32005 0 0 1 standing 
8 180 379 230 526 32006 0 0 0 standing 
8 187 378 237 525 32007 0 0 1 standing 
8 194 377 244 524 32008 0 0 1 standing 
8 202 376 252 523 32009 0 0 0 standing 
8 210 376 260 523 32010 0 0 1 standing 
8 219 376 269 523 32011 0 0 1 standing 
8 228 376 278 523 32012 0 0 0 standing 
8 237 375 287 522 32013 0 0 1 standing 
8 246 374 296 521 32014 0 0 1 standing 
8 255 373 305 520 32015 0 0 0 standing 
8 265 373 315 521 32016 0 0 1 standing 
8 276 373 326 523 32017 0 0 1 standing 
8 286 373 337 524 32018 0 0 1 standing 
8 297 373 348 526 32019 0 0 1 standing 
9 209 329 257 480 32000 0 0 0 standing 
9 210 329 257 479 32001 0 0 1 standing 
9 211 330 258 479 32002 0 0 1 standing 
9 213 330 259 479 32003 0 0 1 standing 
9 214 331 259 478 32004 0 0 1 standing 
9 215 331 260 478 32005 0 0 1 standing 
9 217 332 261 478 32006 0 0 0 standing 
9 220 332 265 474 32007 0 0 1 standing 
9 224 332 269 470 32008 0 0 1 standing 
9 228 332 274 466 32009 0 0 0 standing 
9 234 332 280 466 32010 0 0 1 standing 
9 240 333 286 467 32011 0 0 1 standing 
9 247 334 293 468 32012 0 0 0 standing 
9 253 333 299 469 32013 0 0 1 standing 
9 260 333 306 470 32014 0 0 1 standing 
9 267 333 313 472 32015 0 0 0 standing 
9 276 332 322 471 32016 0 0 1 standing 
9 286 331 332 470 32017 0 0 1 standing 
9 295 330 342 469 32018 0 0 1 standing 
9 305 329 352 468 32019 0 0 1 standing 
10 1 408 61 575 32000 1 0 1 standing 
10 1 408 61 575 32001 1 0 1 standing 
10 1 408 61 575 32002 1 0 1 standing 
10 1 408 61 575 32003 1 0 1 standing 
10 1 409 61 575 32004 1 0 1 standing 
10 1 409 61 575 32005 1 0 1 standing 
10 1 409 61 575 32006 1 0 1 standing 
10 1 409 61 575 32007 1 0 1 standing 
10 1 409 61 575 32008 1 0 1 standing 
10 1 410 61 575 32009 1 0 1 standing 
10 1 410 61 575 32010 1 0 1 standing 
10 1 410 61 575 32011 1 0 1 standing 
10 1 410 61 575 32012 1 0 1 standing 
10 1 410 61 575 32013 1 0 1 standing 
10 1 411 61 575 32014 1 0 1 standing 
10 1 411 61 575 32015 1 0 1 standing 
10 1 411 61 575 32016 1 0 1 standing 
10 1 411 61 575 32017 1 0 1 standing 
10 1 412 61 575 32018 0 0 0 standing 
10 1 412 61 575 32019 0 0 1 standing 
