0 715 463 798 643 39170 0 1 0 spiking 
0 712 454 795 634 39171 0 1 1 spiking 
0 710 446 792 626 39172 0 1 1 spiking 
0 708 438 789 617 39173 0 1 1 spiking 
0 706 429 786 609 39174 0 1 1 spiking 
0 704 421 783 601 39175 0 1 1 spiking 
0 702 413 780 592 39176 0 1 1 spiking 
0 700 404 777 584 39177 0 1 1 spiking 
0 698 396 774 575 39178 0 1 1 spiking 
0 696 388 771 567 39179 0 1 1 spiking 
0 694 380 769 559 39180 0 1 0 spiking 
0 695 389 770 561 39181 0 1 1 spiking 
0 697 398 772 564 39182 0 1 1 spiking 
0 699 408 774 567 39183 0 1 1 spiking 
0 701 417 775 569 39184 0 1 1 spiking 
0 703 427 777 572 39185 0 1 1 spiking 
0 704 436 779 575 39186 0 1 1 spiking 
0 706 445 780 577 39187 0 1 1 spiking 
0 708 455 782 580 39188 0 1 1 spiking 
0 710 464 784 583 39189 0 1 1 spiking 
1 491 462 544 624 39170 0 1 0 spiking 
1 495 450 547 617 39171 0 1 1 blocking 
1 500 439 551 611 39172 0 1 1 blocking 
1 505 427 555 605 39173 0 1 1 blocking 
1 510 416 559 598 39174 0 1 1 blocking 
1 515 405 563 592 39175 0 1 1 blocking 
1 520 393 566 586 39176 0 1 1 blocking 
1 525 382 570 579 39177 0 1 1 blocking 
1 530 370 574 573 39178 0 1 1 blocking 
1 535 359 578 567 39179 0 1 1 blocking 
1 540 348 582 561 39180 0 1 0 blocking 
1 547 348 590 558 39181 0 1 1 blocking 
1 554 348 599 556 39182 0 1 1 blocking 
1 561 348 608 554 39183 0 1 1 blocking 
1 568 348 617 552 39184 0 1 1 blocking 
1 575 348 626 550 39185 0 1 1 blocking 
1 582 349 635 548 39186 0 1 0 blocking 
1 589 362 639 560 39187 0 1 1 blocking 
1 596 376 643 572 39188 0 1 1 blocking 
1 603 390 647 584 39189 0 1 1 blocking 
2 487 435 544 585 39170 0 1 0 blocking 
2 491 425 548 579 39171 0 1 1 blocking 
2 496 416 553 573 39172 0 1 1 blocking 
2 501 407 558 567 39173 0 1 1 blocking 
2 506 398 563 561 39174 0 1 1 blocking 
2 511 389 568 555 39175 0 1 1 blocking 
2 516 379 572 549 39176 0 1 1 blocking 
2 521 370 577 543 39177 0 1 1 blocking 
2 526 361 582 537 39178 0 1 1 blocking 
2 531 352 587 531 39179 0 1 1 blocking 
2 536 343 592 525 39180 0 1 0 blocking 
2 542 346 596 529 39181 0 1 1 blocking 
2 548 349 601 534 39182 0 1 1 blocking 
2 554 352 605 539 39183 0 1 1 blocking 
2 560 355 610 544 39184 0 1 1 blocking 
2 566 358 614 549 39185 0 1 1 blocking 
2 572 361 619 553 39186 0 1 1 blocking 
2 578 364 623 558 39187 0 1 1 blocking 
2 584 367 628 563 39188 0 1 1 blocking 
2 590 370 632 568 39189 0 1 1 blocking 
3 0 430 49 546 39170 0 0 0 blocking 
3 0 430 47 542 39171 0 0 1 standing 
3 0 430 45 538 39172 0 0 1 standing 
3 0 431 43 534 39173 0 0 1 standing 
3 0 431 41 530 39174 0 0 1 standing 
3 0 431 39 526 39175 0 0 1 standing 
3 0 432 37 522 39176 0 0 0 standing 
3 0 431 38 530 39177 0 0 1 standing 
3 0 431 39 538 39178 0 0 1 standing 
3 0 431 40 547 39179 0 0 0 standing 
3 0 427 43 551 39180 0 0 1 standing 
3 0 424 46 555 39181 0 0 1 standing 
3 0 421 50 559 39182 0 0 0 standing 
3 0 421 58 555 39183 0 0 1 standing 
3 0 421 67 552 39184 0 0 1 standing 
3 0 421 76 549 39185 0 0 0 standing 
3 5 423 83 547 39186 0 0 1 standing 
3 10 425 90 546 39187 0 0 1 standing 
3 16 427 97 545 39188 0 0 0 standing 
3 24 426 104 544 39189 0 0 1 standing 
4 1 470 112 630 39170 0 0 0 standing 
4 1 472 108 628 39171 0 0 1 standing 
4 1 474 104 626 39172 0 0 1 standing 
4 1 476 101 625 39173 0 0 0 standing 
4 6 477 105 625 39174 0 0 1 standing 
4 11 478 109 626 39175 0 0 1 standing 
4 17 480 114 627 39176 0 0 0 standing 
4 22 477 119 625 39177 0 0 1 standing 
4 27 474 125 623 39178 0 0 1 standing 
4 33 472 131 621 39179 0 0 0 standing 
4 44 470 139 617 39180 0 0 1 standing 
4 55 469 147 614 39181 0 0 1 standing 
4 66 468 155 611 39182 0 0 0 standing 
4 78 468 163 611 39183 0 0 1 standing 
4 90 469 171 611 39184 0 0 1 standing 
4 102 470 180 611 39185 0 0 0 standing 
4 111 470 186 610 39186 0 0 1 standing 
4 120 470 193 609 39187 0 0 1 standing 
4 130 470 200 609 39188 0 0 0 standing 
4 137 466 207 609 39189 0 0 1 standing 
5 141 365 236 477 39170 0 0 0 standing 
5 143 365 237 476 39171 0 0 1 standing 
5 146 365 238 475 39172 0 0 1 standing 
5 149 366 240 475 39173 0 0 0 standing 
5 153 365 243 474 39174 0 0 1 standing 
5 157 364 246 473 39175 0 0 1 standing 
5 161 364 250 472 39176 0 0 0 standing 
5 166 361 254 470 39177 0 0 1 standing 
5 171 358 259 468 39178 0 0 1 standing 
5 176 355 264 466 39179 0 0 0 standing 
5 178 353 264 464 39180 0 0 1 standing 
5 181 351 265 462 39181 0 0 1 standing 
5 184 350 266 461 39182 0 0 0 standing 
5 185 351 272 462 39183 0 0 1 standing 
5 187 353 279 464 39184 0 0 1 standing 
5 189 355 286 466 39185 0 0 0 standing 
5 196 355 293 466 39186 0 0 1 standing 
5 203 355 300 466 39187 0 0 1 standing 
5 211 355 308 466 39188 0 0 0 standing 
5 219 355 316 466 39189 0 0 1 standing 
6 344 376 390 488 39170 0 0 0 standing 
6 340 377 390 488 39171 0 0 1 standing 
6 337 378 390 489 39172 0 0 1 standing 
6 334 380 391 490 39173 0 0 0 standing 
6 338 382 393 492 39174 0 0 1 standing 
6 342 384 395 494 39175 0 0 1 standing 
6 346 387 398 496 39176 0 0 0 standing 
6 349 387 400 498 39177 0 0 1 standing 
6 352 387 403 500 39178 0 0 1 standing 
6 355 387 406 503 39179 0 0 0 standing 
6 360 387 412 500 39180 0 0 1 standing 
6 365 387 418 497 39181 0 0 1 standing 
6 370 387 425 494 39182 0 0 0 standing 
6 373 389 433 500 39183 0 0 1 standing 
6 377 392 441 506 39184 0 0 1 standing 
6 381 395 450 512 39185 0 0 0 standing 
6 388 396 458 512 39186 0 0 1 standing 
6 395 398 466 512 39187 0 0 1 standing 
6 402 399 474 512 39188 0 0 1 standing 
6 409 401 482 512 39189 0 0 1 standing 
7 566 425 637 555 39170 0 0 0 standing 
7 568 427 645 554 39171 0 0 1 standing 
7 571 430 653 553 39172 0 0 1 standing 
7 574 433 661 553 39173 0 0 0 standing 
7 577 433 664 553 39174 0 0 1 standing 
7 580 433 667 553 39175 0 0 1 standing 
7 583 434 671 553 39176 0 0 0 standing 
7 586 431 674 550 39177 0 0 1 standing 
7 590 428 678 547 39178 0 0 1 standing 
7 594 426 682 545 39179 0 0 0 standing 
7 601 424 688 544 39180 0 0 1 standing 
7 608 423 695 544 39181 0 0 1 standing 
7 615 422 702 544 39182 0 0 0 standing 
7 623 425 710 543 39183 0 0 1 standing 
7 631 428 719 543 39184 0 0 1 standing 
7 639 431 728 543 39185 0 0 0 standing 
7 645 435 733 541 39186 0 0 1 standing 
7 651 440 739 539 39187 0 0 1 standing 
7 657 445 745 537 39188 0 0 0 standing 
7 663 446 751 536 39189 0 0 1 standing 
8 702 328 754 417 39170 0 0 0 standing 
8 699 328 751 424 39171 0 0 1 standing 
8 696 329 748 431 39172 0 0 1 standing 
8 694 330 745 439 39173 0 0 0 standing 
8 689 329 742 442 39174 0 0 1 standing 
8 685 328 739 445 39175 0 0 1 standing 
8 681 327 737 448 39176 0 0 0 standing 
8 684 329 739 450 39177 0 0 1 standing 
8 688 332 741 452 39178 0 0 1 standing 
8 692 335 743 455 39179 0 0 0 standing 
8 695 336 745 456 39180 0 0 1 standing 
8 698 337 747 457 39181 0 0 1 standing 
8 701 338 750 459 39182 0 0 0 standing 
8 700 340 753 460 39183 0 0 1 standing 
8 699 342 756 462 39184 0 0 1 standing 
8 699 345 759 464 39185 0 0 0 standing 
8 704 348 763 463 39186 0 0 1 standing 
8 709 351 768 463 39187 0 0 1 standing 
8 714 355 773 463 39188 0 0 0 standing 
8 718 356 780 467 39189 0 0 1 standing 
9 701 378 765 491 39170 0 0 0 standing 
9 707 378 769 490 39171 0 0 1 standing 
9 713 378 774 489 39172 0 0 1 standing 
9 720 378 779 489 39173 0 0 0 standing 
9 728 377 783 488 39174 0 0 1 standing 
9 737 377 787 487 39175 0 0 1 standing 
9 746 377 791 486 39176 0 0 0 standing 
9 752 375 797 487 39177 0 0 1 standing 
9 758 373 804 489 39178 0 0 1 standing 
9 764 371 811 491 39179 0 0 0 standing 
9 772 371 820 494 39180 0 0 1 standing 
9 781 371 830 497 39181 0 0 1 standing 
9 790 371 840 501 39182 0 0 0 standing 
9 796 375 852 503 39183 0 0 1 standing 
9 803 379 865 505 39184 0 0 1 standing 
9 810 383 878 507 39185 0 0 0 standing 
9 818 387 889 508 39186 0 0 1 standing 
9 826 391 901 509 39187 0 0 1 standing 
9 835 396 913 510 39188 0 0 0 standing 
9 831 397 919 510 39189 0 0 1 standing 
10 747 426 802 531 39170 0 0 0 standing 
10 747 429 802 534 39171 0 0 1 standing 
10 747 433 802 538 39172 0 0 1 standing 
10 748 437 803 542 39173 0 0 0 standing 
10 748 443 803 548 39174 0 0 1 standing 
10 748 449 803 554 39175 0 0 1 standing 
10 748 456 803 561 39176 0 0 0 standing 
10 749 457 805 562 39177 0 0 1 standing 
10 750 458 807 563 39178 0 0 1 standing 
10 752 460 810 565 39179 0 0 0 standing 
10 753 457 814 563 39180 0 0 1 standing 
10 754 454 818 561 39181 0 0 1 standing 
10 755 452 823 560 39182 0 0 0 standing 
10 763 449 831 555 39183 0 0 1 standing 
10 771 447 839 551 39184 0 0 1 standing 
10 780 445 847 547 39185 0 0 0 standing 
10 788 445 855 547 39186 0 0 1 standing 
10 796 445 863 547 39187 0 0 1 standing 
10 805 445 872 547 39188 0 0 0 standing 
10 809 446 876 544 39189 0 0 1 standing 
11 860 451 954 594 39170 0 0 0 standing 
11 854 453 941 592 39171 0 0 1 standing 
11 849 455 928 591 39172 0 0 1 standing 
11 844 458 915 590 39173 0 0 0 standing 
11 837 457 917 591 39174 0 0 1 standing 
11 830 457 919 593 39175 0 0 1 standing 
11 823 457 921 595 39176 0 0 0 standing 
11 822 458 912 595 39177 0 0 1 standing 
11 822 459 903 596 39178 0 0 1 standing 
11 822 460 894 597 39179 0 0 0 standing 
11 821 462 888 597 39180 0 0 1 standing 
11 820 464 883 598 39181 0 0 1 standing 
11 819 466 878 599 39182 0 0 0 standing 
11 817 472 876 602 39183 0 0 1 standing 
11 816 479 874 606 39184 0 0 1 standing 
11 815 486 873 610 39185 0 0 0 standing 
11 818 490 879 609 39186 0 0 1 standing 
11 821 495 885 608 39187 0 0 1 standing 
11 824 500 891 607 39188 0 0 0 standing 
11 826 499 894 606 39189 0 0 1 standing 
