0 725 381 800 570 67930 0 1 0 standing 
0 715 378 790 566 67931 0 1 1 standing 
0 706 375 781 563 67932 0 1 1 standing 
0 696 372 771 559 67933 0 1 1 standing 
0 687 369 762 556 67934 0 1 0 standing 
0 676 369 751 556 67935 0 1 1 standing 
0 665 370 740 557 67936 0 1 1 standing 
0 655 371 730 558 67937 0 1 1 standing 
0 644 371 719 558 67938 0 1 1 standing 
0 633 372 708 559 67939 0 1 1 standing 
0 623 373 698 560 67940 0 1 0 standing 
0 610 381 685 562 67941 0 1 1 standing 
0 597 390 672 564 67942 0 1 1 standing 
0 585 399 660 567 67943 0 1 1 standing 
0 572 408 647 569 67944 0 1 1 standing 
0 560 417 635 572 67945 0 1 0 standing 
0 547 419 621 574 67946 0 1 1 standing 
0 534 421 607 576 67947 0 1 1 standing 
0 522 424 593 578 67948 0 1 0 standing 
0 522 424 593 578 67949 0 1 1 standing 
1 608 409 703 550 67930 0 1 0 standing 
1 608 405 701 548 67931 0 1 1 standing 
1 608 402 700 547 67932 0 1 1 standing 
1 608 398 698 546 67933 0 1 1 standing 
1 608 395 697 545 67934 0 1 1 standing 
1 608 391 695 544 67935 0 1 1 standing 
1 608 388 694 543 67936 0 1 0 standing 
1 608 378 693 541 67937 0 1 1 standing 
1 608 369 692 539 67938 0 1 1 standing 
1 608 360 691 537 67939 0 1 1 standing 
1 609 351 691 536 67940 0 1 0 standing 
1 605 345 686 529 67941 0 1 1 standing 
1 602 339 682 523 67942 0 1 1 standing 
1 598 333 678 517 67943 0 1 1 standing 
1 595 328 674 511 67944 0 1 1 standing 
1 592 322 669 505 67945 0 1 1 standing 
1 588 316 665 499 67946 0 1 1 standing 
1 585 310 661 493 67947 0 1 1 standing 
1 582 305 657 487 67948 0 1 0 standing 
1 582 305 657 487 67949 0 1 1 standing 
2 590 308 662 431 67930 0 1 0 standing 
2 590 308 662 431 67931 0 1 1 standing 
2 590 308 663 431 67932 0 1 1 standing 
2 590 308 663 432 67933 0 1 1 standing 
2 590 308 664 432 67934 0 1 1 standing 
2 590 308 664 433 67935 0 1 1 standing 
2 590 308 665 433 67936 0 1 1 standing 
2 590 308 665 433 67937 0 1 1 standing 
2 590 308 666 434 67938 0 1 1 standing 
2 590 308 666 434 67939 0 1 1 standing 
2 590 308 667 435 67940 0 1 1 standing 
2 590 308 668 435 67941 0 1 1 standing 
2 590 308 668 435 67942 0 1 1 standing 
2 590 308 669 436 67943 0 1 1 standing 
2 590 308 669 436 67944 0 1 1 standing 
2 590 308 670 437 67945 0 1 1 standing 
2 590 308 670 437 67946 0 1 1 standing 
2 590 308 671 437 67947 0 1 1 standing 
2 590 308 671 438 67948 0 1 1 standing 
2 590 308 672 438 67949 0 1 1 standing 
3 551 498 639 648 67930 0 1 0 standing 
3 547 497 636 648 67931 0 1 1 moving 
3 544 496 633 648 67932 0 1 1 moving 
3 540 495 630 648 67933 0 1 1 moving 
3 537 494 627 648 67934 0 1 1 moving 
3 534 494 625 648 67935 0 1 1 moving 
3 530 493 622 648 67936 0 1 1 moving 
3 527 492 619 648 67937 0 1 1 moving 
3 523 491 616 648 67938 0 1 1 moving 
3 520 490 613 648 67939 0 1 1 moving 
3 517 490 611 648 67940 0 1 0 moving 
3 518 488 612 646 67941 0 1 1 moving 
3 520 486 614 644 67942 0 1 1 moving 
3 522 485 616 643 67943 0 1 1 moving 
3 524 483 618 641 67944 0 1 1 moving 
3 526 482 620 640 67945 0 1 1 moving 
3 528 480 622 638 67946 0 1 1 moving 
3 529 479 623 637 67947 0 1 1 moving 
3 531 477 625 635 67948 0 1 1 moving 
3 533 476 627 634 67949 0 1 1 moving 
4 408 428 509 558 67930 0 1 0 moving 
4 407 425 511 558 67931 0 1 1 moving 
4 407 423 513 558 67932 0 1 1 moving 
4 407 421 515 558 67933 0 1 1 moving 
4 407 419 517 558 67934 0 1 1 moving 
4 407 417 519 558 67935 0 1 1 moving 
4 407 414 521 558 67936 0 1 1 moving 
4 407 412 523 558 67937 0 1 1 moving 
4 407 410 525 558 67938 0 1 1 moving 
4 407 408 527 558 67939 0 1 1 moving 
4 407 406 530 559 67940 0 1 0 moving 
4 410 404 530 556 67941 0 1 1 moving 
4 414 402 530 554 67942 0 1 1 moving 
4 418 400 530 552 67943 0 1 1 moving 
4 422 398 530 550 67944 0 1 1 moving 
4 426 396 530 548 67945 0 1 1 moving 
4 429 394 530 546 67946 0 1 1 moving 
4 433 392 530 544 67947 0 1 1 moving 
4 437 390 530 542 67948 0 1 1 moving 
4 441 388 530 540 67949 0 1 1 moving 
5 350 372 415 503 67930 0 0 0 moving 
5 346 371 412 504 67931 0 0 1 standing 
5 343 371 409 505 67932 0 0 1 standing 
5 340 371 406 506 67933 0 0 1 standing 
5 337 371 403 507 67934 0 0 1 standing 
5 334 371 400 508 67935 0 0 1 standing 
5 331 371 397 509 67936 0 0 1 standing 
5 328 371 394 510 67937 0 0 1 standing 
5 325 371 391 511 67938 0 0 1 standing 
5 322 371 388 512 67939 0 0 1 standing 
5 319 371 386 513 67940 0 0 0 standing 
5 314 371 381 513 67941 0 0 1 standing 
5 310 371 377 513 67942 0 0 1 standing 
5 306 371 373 513 67943 0 0 1 standing 
5 302 371 369 513 67944 0 0 1 standing 
5 298 371 365 513 67945 0 0 1 standing 
5 294 371 361 513 67946 0 0 1 standing 
5 290 371 357 513 67947 0 0 1 standing 
5 286 371 353 513 67948 0 0 1 standing 
5 282 371 349 513 67949 0 0 1 standing 
6 985 433 1059 585 67930 0 0 0 standing 
6 974 433 1048 585 67931 0 0 1 standing 
6 964 433 1038 586 67932 0 0 1 standing 
6 954 433 1028 586 67933 0 0 1 standing 
6 943 434 1017 587 67934 0 0 1 standing 
6 933 434 1007 587 67935 0 0 1 standing 
6 923 434 997 588 67936 0 0 1 standing 
6 912 435 986 588 67937 0 0 1 standing 
6 902 435 976 589 67938 0 0 1 standing 
6 892 435 966 589 67939 0 0 1 standing 
6 882 436 956 590 67940 0 0 0 standing 
6 874 436 948 590 67941 0 0 1 standing 
6 866 437 940 591 67942 0 0 1 standing 
6 858 438 932 592 67943 0 0 1 standing 
6 850 438 924 593 67944 0 0 1 standing 
6 842 439 916 594 67945 0 0 1 standing 
6 834 440 908 594 67946 0 0 1 standing 
6 826 440 900 595 67947 0 0 1 standing 
6 818 441 892 596 67948 0 0 1 standing 
6 810 442 884 597 67949 0 0 1 standing 
7 971 354 1024 497 67930 0 0 0 standing 
7 961 352 1014 495 67931 0 0 1 standing 
7 951 351 1004 494 67932 0 0 1 standing 
7 942 350 995 493 67933 0 0 1 standing 
7 932 348 985 491 67934 0 0 1 standing 
7 923 347 976 490 67935 0 0 1 standing 
7 913 346 966 489 67936 0 0 1 standing 
7 903 344 956 487 67937 0 0 1 standing 
7 894 343 947 486 67938 0 0 1 standing 
7 884 342 937 485 67939 0 0 1 standing 
7 875 341 928 484 67940 0 0 0 standing 
7 865 339 918 482 67941 0 0 1 standing 
7 855 338 909 481 67942 0 0 1 standing 
7 845 337 900 480 67943 0 0 1 standing 
7 835 336 891 478 67944 0 0 1 standing 
7 825 335 882 477 67945 0 0 1 standing 
7 815 333 873 476 67946 0 0 1 standing 
7 805 332 864 474 67947 0 0 1 standing 
7 795 331 855 473 67948 0 0 1 standing 
7 785 330 846 472 67949 0 0 1 standing 
8 1232 363 1279 506 67930 0 0 0 standing 
8 1223 361 1271 504 67931 0 0 1 standing 
8 1215 360 1264 502 67932 0 0 1 standing 
8 1206 358 1257 500 67933 0 0 1 standing 
8 1198 357 1250 499 67934 0 0 1 standing 
8 1190 356 1243 497 67935 0 0 1 standing 
8 1181 354 1236 495 67936 0 0 1 standing 
8 1173 353 1229 494 67937 0 0 1 standing 
8 1164 351 1222 492 67938 0 0 1 standing 
8 1156 350 1215 490 67939 0 0 1 standing 
8 1148 349 1208 489 67940 0 0 0 standing 
8 1140 349 1200 488 67941 0 0 1 standing 
8 1132 350 1192 487 67942 0 0 1 standing 
8 1125 350 1184 486 67943 0 0 1 standing 
8 1117 351 1177 485 67944 0 0 1 standing 
8 1110 351 1169 484 67945 0 0 1 standing 
8 1102 352 1161 483 67946 0 0 1 standing 
8 1094 352 1154 482 67947 0 0 1 standing 
8 1087 353 1146 481 67948 0 0 1 standing 
8 1079 353 1138 480 67949 0 0 1 standing 
9 953 394 1020 551 67930 0 0 0 standing 
9 943 394 1010 551 67931 0 0 1 standing 
9 934 395 1001 551 67932 0 0 1 standing 
9 924 395 991 551 67933 0 0 1 standing 
9 915 396 982 551 67934 0 0 1 standing 
9 905 396 972 551 67935 0 0 1 standing 
9 896 397 963 551 67936 0 0 1 standing 
9 886 397 953 551 67937 0 0 1 standing 
9 877 398 944 551 67938 0 0 1 standing 
9 867 398 934 551 67939 0 0 1 standing 
9 858 399 925 551 67940 0 0 0 standing 
9 847 397 916 548 67941 0 0 1 standing 
9 837 395 907 545 67942 0 0 1 standing 
9 827 393 898 542 67943 0 0 1 standing 
9 817 391 889 539 67944 0 0 1 standing 
9 807 390 881 536 67945 0 0 1 standing 
9 797 388 872 533 67946 0 0 1 standing 
9 787 386 863 530 67947 0 0 1 standing 
9 777 384 854 527 67948 0 0 1 standing 
9 767 382 845 524 67949 0 0 1 standing 
10 1173 431 1236 583 67930 1 0 1 standing 
10 1180 431 1241 583 67931 1 0 1 standing 
10 1186 431 1246 583 67932 1 0 1 standing 
10 1193 430 1251 582 67933 1 0 1 standing 
10 1199 430 1257 582 67934 1 0 1 standing 
10 1205 430 1262 582 67935 1 0 1 standing 
10 1212 430 1267 582 67936 1 0 1 standing 
10 1218 430 1272 582 67937 1 0 1 standing 
10 1225 430 1278 582 67938 0 0 0 standing 
10 1217 433 1274 583 67939 0 0 1 standing 
10 1209 436 1271 585 67940 0 0 1 standing 
10 1201 439 1267 586 67941 0 0 1 standing 
10 1193 442 1264 588 67942 0 0 1 standing 
10 1186 445 1261 590 67943 0 0 0 standing 
10 1174 444 1250 589 67944 0 0 1 standing 
10 1163 444 1239 588 67945 0 0 1 standing 
10 1151 444 1228 587 67946 0 0 1 standing 
10 1140 443 1217 587 67947 0 0 1 standing 
10 1128 443 1206 586 67948 0 0 1 standing 
10 1117 443 1195 585 67949 0 0 1 standing 
11 1218 382 1267 505 67930 1 0 1 standing 
11 1219 382 1267 505 67931 1 0 1 standing 
11 1221 382 1268 505 67932 1 0 1 standing 
11 1222 382 1269 505 67933 1 0 1 standing 
11 1223 382 1269 505 67934 1 0 1 standing 
11 1224 382 1270 505 67935 1 0 1 standing 
11 1226 382 1271 505 67936 1 0 1 standing 
11 1227 382 1271 505 67937 1 0 1 standing 
11 1228 382 1272 505 67938 1 0 1 standing 
11 1229 382 1273 505 67939 1 0 1 standing 
11 1231 382 1274 505 67940 1 0 1 standing 
11 1232 382 1274 505 67941 1 0 1 standing 
11 1233 382 1275 505 67942 1 0 1 standing 
11 1234 382 1276 505 67943 1 0 1 standing 
11 1236 382 1276 505 67944 1 0 1 standing 
11 1237 382 1277 505 67945 1 0 1 standing 
11 1238 382 1278 505 67946 1 0 1 standing 
11 1240 382 1279 505 67947 0 0 0 standing 
11 1233 382 1275 509 67948 0 0 1 standing 
11 1227 383 1272 514 67949 0 0 1 standing 
