0 430 311 485 457 43650 0 1 0 spiking 
0 429 309 484 452 43651 0 1 1 spiking 
0 429 307 483 448 43652 0 1 1 spiking 
0 428 306 483 443 43653 0 1 1 spiking 
0 428 304 482 439 43654 0 1 1 spiking 
0 428 303 482 435 43655 0 1 1 spiking 
0 427 301 481 430 43656 0 1 1 spiking 
0 427 299 480 426 43657 0 1 1 spiking 
0 426 298 480 421 43658 0 1 1 spiking 
0 426 296 479 417 43659 0 1 1 spiking 
0 426 295 479 413 43660 0 1 0 spiking 
0 424 300 477 418 43661 0 1 1 spiking 
0 423 305 476 423 43662 0 1 1 spiking 
0 421 311 474 429 43663 0 1 1 spiking 
0 420 316 473 434 43664 0 1 1 spiking 
0 419 322 472 440 43665 0 1 1 spiking 
0 417 327 470 445 43666 0 1 1 spiking 
0 416 332 469 450 43667 0 1 1 spiking 
0 414 338 467 456 43668 0 1 1 spiking 
0 413 343 466 461 43669 0 1 1 spiking 
1 615 379 663 488 43650 0 1 0 spiking 
1 609 371 657 485 43651 0 1 1 blocking 
1 604 364 652 482 43652 0 1 1 blocking 
1 599 356 647 479 43653 0 1 1 blocking 
1 594 349 641 476 43654 0 1 1 blocking 
1 589 341 636 474 43655 0 1 1 blocking 
1 583 334 631 471 43656 0 1 1 blocking 
1 578 326 625 468 43657 0 1 1 blocking 
1 573 319 620 465 43658 0 1 1 blocking 
1 568 311 615 462 43659 0 1 1 blocking 
1 563 304 610 460 43660 0 1 0 blocking 
1 557 307 604 463 43661 0 1 1 blocking 
1 551 310 598 466 43662 0 1 1 blocking 
1 546 313 593 469 43663 0 1 1 blocking 
1 540 317 587 473 43664 0 1 1 blocking 
1 535 320 582 476 43665 0 1 1 blocking 
1 529 323 576 479 43666 0 1 1 blocking 
1 523 327 570 483 43667 0 1 1 blocking 
1 518 330 565 486 43668 0 1 1 blocking 
1 512 333 559 489 43669 0 1 1 blocking 
2 619 375 672 476 43650 0 1 0 blocking 
2 613 367 665 473 43651 0 1 1 blocking 
2 607 359 658 470 43652 0 1 1 blocking 
2 602 352 651 467 43653 0 1 1 blocking 
2 596 344 644 465 43654 0 1 1 blocking 
2 591 337 637 462 43655 0 1 1 blocking 
2 585 329 630 459 43656 0 1 1 blocking 
2 579 321 623 457 43657 0 1 1 blocking 
2 574 314 616 454 43658 0 1 1 blocking 
2 568 306 609 451 43659 0 1 1 blocking 
2 563 299 602 449 43660 0 1 0 blocking 
2 558 302 597 452 43661 0 1 1 blocking 
2 553 305 592 455 43662 0 1 1 blocking 
2 549 308 588 458 43663 0 1 1 blocking 
2 544 311 583 461 43664 0 1 1 blocking 
2 540 314 579 464 43665 0 1 1 blocking 
2 535 317 574 467 43666 0 1 1 blocking 
2 530 320 569 470 43667 0 1 1 blocking 
2 526 323 565 473 43668 0 1 1 blocking 
2 521 326 560 476 43669 0 1 1 blocking 
3 153 474 246 623 43650 0 0 0 blocking 
3 150 470 240 619 43651 0 0 1 moving 
3 147 466 234 615 43652 0 0 1 moving 
3 145 463 228 612 43653 0 0 0 moving 
3 142 458 225 607 43654 0 0 1 moving 
3 139 453 223 603 43655 0 0 1 moving 
3 137 449 221 599 43656 0 0 0 moving 
3 135 446 221 598 43657 0 0 1 moving 
3 133 444 221 597 43658 0 0 1 moving 
3 132 442 221 596 43659 0 0 0 moving 
3 134 440 219 591 43660 0 0 1 moving 
3 136 439 217 586 43661 0 0 1 moving 
3 138 438 216 581 43662 0 0 0 moving 
3 142 436 216 579 43663 0 0 1 moving 
3 147 434 216 577 43664 0 0 1 moving 
3 152 432 216 576 43665 0 0 0 moving 
3 154 429 216 576 43666 0 0 1 moving 
3 156 427 216 577 43667 0 0 1 moving 
3 158 425 217 578 43668 0 0 0 moving 
3 158 424 216 577 43669 0 0 1 moving 
4 216 350 276 474 43650 0 0 0 moving 
4 217 354 275 475 43651 0 0 1 standing 
4 218 358 274 476 43652 0 0 1 standing 
4 219 362 273 477 43653 0 0 0 standing 
4 219 362 271 478 43654 0 0 1 standing 
4 219 362 270 479 43655 0 0 1 standing 
4 219 362 269 481 43656 0 0 0 standing 
4 216 362 265 482 43657 0 0 1 standing 
4 214 363 262 484 43658 0 0 1 standing 
4 212 363 258 486 43659 0 0 1 standing 
4 210 364 255 488 43660 0 0 0 standing 
4 204 364 249 488 43661 0 0 1 standing 
4 199 364 244 488 43662 0 0 1 standing 
4 193 364 238 488 43663 0 0 1 standing 
4 188 364 233 488 43664 0 0 1 standing 
4 183 364 228 489 43665 0 0 0 standing 
4 178 366 222 489 43666 0 0 1 standing 
4 173 368 216 489 43667 0 0 1 standing 
4 168 371 211 489 43668 0 0 0 standing 
4 167 371 210 489 43669 0 0 1 standing 
5 333 355 385 474 43650 0 0 0 standing 
5 329 357 387 477 43651 0 0 1 standing 
5 326 359 389 481 43652 0 0 1 standing 
5 323 361 391 485 43653 0 0 0 standing 
5 327 363 392 486 43654 0 0 1 standing 
5 332 366 394 487 43655 0 0 1 standing 
5 337 369 396 488 43656 0 0 0 standing 
5 335 369 393 490 43657 0 0 1 standing 
5 334 370 391 492 43658 0 0 1 standing 
5 332 371 389 495 43659 0 0 1 standing 
5 331 371 386 497 43660 0 0 1 standing 
5 329 372 384 499 43661 0 0 1 standing 
5 328 373 382 502 43662 0 0 0 standing 
5 326 373 380 502 43663 0 0 1 standing 
5 324 373 378 503 43664 0 0 1 standing 
5 323 374 376 504 43665 0 0 0 standing 
5 319 373 372 503 43666 0 0 1 standing 
5 316 372 368 503 43667 0 0 1 standing 
5 312 372 364 503 43668 0 0 1 standing 
5 309 371 360 503 43669 0 0 1 standing 
6 468 386 521 530 43650 0 0 0 standing 
6 464 387 519 529 43651 0 0 1 standing 
6 461 388 517 528 43652 0 0 1 standing 
6 458 390 515 528 43653 0 0 0 standing 
6 456 389 514 525 43654 0 0 1 standing 
6 454 389 513 522 43655 0 0 1 standing 
6 453 389 512 519 43656 0 0 0 standing 
6 451 390 515 518 43657 0 0 1 standing 
6 449 392 518 518 43658 0 0 1 standing 
6 448 394 521 518 43659 0 0 0 standing 
6 445 395 520 519 43660 0 0 1 standing 
6 442 397 519 521 43661 0 0 1 standing 
6 440 399 518 523 43662 0 0 0 standing 
6 437 399 513 523 43663 0 0 1 standing 
6 434 400 508 524 43664 0 0 1 standing 
6 431 401 504 525 43665 0 0 0 standing 
6 426 401 498 525 43666 0 0 1 standing 
6 422 401 492 525 43667 0 0 1 standing 
6 418 401 486 526 43668 0 0 1 standing 
6 414 401 480 526 43669 0 0 1 standing 
7 368 472 442 619 43650 0 0 0 standing 
7 372 470 443 617 43651 0 0 1 standing 
7 376 468 444 615 43652 0 0 1 standing 
7 381 466 445 613 43653 0 0 0 standing 
7 382 464 445 608 43654 0 0 1 standing 
7 383 462 446 603 43655 0 0 1 standing 
7 384 461 447 598 43656 0 0 0 standing 
7 385 459 451 598 43657 0 0 1 standing 
7 386 457 455 598 43658 0 0 1 standing 
7 387 456 459 598 43659 0 0 0 standing 
7 388 455 460 596 43660 0 0 1 standing 
7 389 454 461 594 43661 0 0 1 standing 
7 391 453 463 592 43662 0 0 0 standing 
7 389 452 458 590 43663 0 0 1 standing 
7 387 451 453 588 43664 0 0 1 standing 
7 385 451 449 586 43665 0 0 0 standing 
7 383 449 445 586 43666 0 0 1 standing 
7 382 447 442 586 43667 0 0 1 standing 
7 381 446 439 586 43668 0 0 1 standing 
7 380 444 436 586 43669 0 0 1 standing 
8 838 454 938 568 43650 0 0 0 standing 
8 840 456 944 568 43651 0 0 1 standing 
8 842 458 950 568 43652 0 0 1 standing 
8 845 460 957 568 43653 0 0 0 standing 
8 846 459 951 567 43654 0 0 1 standing 
8 847 458 946 567 43655 0 0 1 standing 
8 848 458 941 567 43656 0 0 0 standing 
8 851 455 934 568 43657 0 0 1 standing 
8 855 453 928 569 43658 0 0 1 standing 
8 859 451 922 570 43659 0 0 0 standing 
8 858 450 924 574 43660 0 0 1 standing 
8 857 450 926 578 43661 0 0 1 standing 
8 856 450 928 583 43662 0 0 0 standing 
8 851 450 924 583 43663 0 0 1 standing 
8 847 450 920 583 43664 0 0 1 standing 
8 843 451 917 584 43665 0 0 0 standing 
8 836 452 912 582 43666 0 0 1 standing 
8 829 454 907 581 43667 0 0 1 standing 
8 822 456 902 580 43668 0 0 1 standing 
8 815 458 897 579 43669 0 0 1 standing 
9 960 361 1013 465 43650 0 0 0 standing 
9 958 361 1011 465 43651 0 0 1 standing 
9 956 362 1009 465 43652 0 0 1 standing 
9 954 363 1007 466 43653 0 0 0 standing 
9 949 362 1002 465 43654 0 0 1 standing 
9 945 362 998 465 43655 0 0 1 standing 
9 941 362 994 465 43656 0 0 0 standing 
9 938 361 991 464 43657 0 0 1 standing 
9 936 361 989 464 43658 0 0 1 standing 
9 933 361 987 464 43659 0 0 1 standing 
9 931 360 984 464 43660 0 0 1 standing 
9 928 360 982 464 43661 0 0 1 standing 
9 926 360 980 464 43662 0 0 0 standing 
9 922 361 976 465 43663 0 0 1 standing 
9 919 362 972 466 43664 0 0 1 standing 
9 916 364 969 468 43665 0 0 0 standing 
9 911 366 963 468 43666 0 0 1 standing 
9 906 369 958 469 43667 0 0 1 standing 
9 901 372 953 470 43668 0 0 0 standing 
9 900 371 952 470 43669 0 0 1 standing 
10 1043 451 1111 564 43650 0 0 0 standing 
10 1038 453 1108 563 43651 0 0 1 digging 
10 1033 455 1105 562 43652 0 0 1 digging 
10 1029 458 1103 562 43653 0 0 0 digging 
10 1027 458 1099 561 43654 0 0 1 digging 
10 1025 458 1095 561 43655 0 0 1 digging 
10 1023 458 1091 561 43656 0 0 0 digging 
10 1021 455 1086 560 43657 0 0 1 digging 
10 1020 453 1082 559 43658 0 0 1 digging 
10 1018 450 1078 558 43659 0 0 1 digging 
10 1017 448 1074 557 43660 0 0 1 digging 
10 1015 445 1070 556 43661 0 0 1 digging 
10 1014 443 1066 555 43662 0 0 0 digging 
10 1012 445 1065 557 43663 0 0 1 digging 
10 1010 448 1064 560 43664 0 0 1 digging 
10 1009 451 1064 563 43665 0 0 0 digging 
10 1005 451 1060 562 43666 0 0 1 digging 
10 1001 451 1057 562 43667 0 0 1 digging 
10 997 451 1053 562 43668 0 0 1 digging 
10 993 451 1050 562 43669 0 0 1 digging 
11 1089 407 1147 510 43650 0 0 0 digging 
11 1084 409 1142 507 43651 0 0 1 waiting 
11 1079 411 1137 505 43652 0 0 1 waiting 
11 1075 414 1132 503 43653 0 0 0 waiting 
11 1070 412 1127 503 43654 0 0 1 waiting 
11 1065 410 1122 503 43655 0 0 1 waiting 
11 1060 409 1118 503 43656 0 0 1 waiting 
11 1055 407 1113 503 43657 0 0 1 waiting 
11 1050 406 1108 503 43658 0 0 1 waiting 
11 1045 404 1104 503 43659 0 0 1 waiting 
11 1040 403 1099 503 43660 0 0 1 waiting 
11 1035 401 1094 503 43661 0 0 1 waiting 
11 1031 400 1090 503 43662 0 0 0 waiting 
11 1027 399 1086 503 43663 0 0 1 waiting 
11 1023 398 1082 503 43664 0 0 1 waiting 
11 1020 397 1078 504 43665 0 0 0 waiting 
11 1015 397 1073 503 43666 0 0 1 waiting 
11 1010 397 1068 502 43667 0 0 1 waiting 
11 1005 398 1063 501 43668 0 0 1 waiting 
11 1000 398 1058 500 43669 0 0 1 waiting 
