0 120 404 186 554 44730 0 0 0 standing 
0 117 406 182 553 44731 0 0 1 standing 
0 114 408 179 553 44732 0 0 1 standing 
0 111 410 176 553 44733 0 0 0 standing 
0 107 410 172 553 44734 0 0 1 standing 
0 103 410 168 554 44735 0 0 1 standing 
0 99 410 164 554 44736 0 0 1 standing 
0 95 411 160 555 44737 0 0 0 standing 
0 87 410 152 555 44738 0 0 1 standing 
0 79 409 144 555 44739 0 0 1 standing 
0 72 409 137 555 44740 0 0 0 standing 
0 64 410 129 558 44741 0 0 1 standing 
0 57 411 121 561 44742 0 0 1 standing 
0 50 412 113 564 44743 0 0 1 standing 
0 42 413 105 567 44744 0 0 1 standing 
0 35 414 97 570 44745 0 0 1 standing 
0 28 416 90 574 44746 0 0 0 standing 
0 23 417 86 578 44747 0 0 1 standing 
0 19 419 82 582 44748 0 0 1 standing 
0 14 420 78 586 44749 0 0 1 standing 
1 311 415 423 550 44730 0 0 0 standing 
1 318 412 425 548 44731 0 0 1 standing 
1 326 410 427 547 44732 0 0 1 standing 
1 334 408 429 545 44733 0 0 1 standing 
1 341 405 432 544 44734 0 0 1 standing 
1 349 403 434 543 44735 0 0 1 standing 
1 357 401 436 541 44736 0 0 1 standing 
1 364 398 439 540 44737 0 0 1 standing 
1 372 396 441 538 44738 0 0 1 standing 
1 380 394 443 537 44739 0 0 1 standing 
1 388 392 446 536 44740 0 0 0 standing 
1 388 393 454 536 44741 0 0 1 standing 
1 389 394 462 537 44742 0 0 1 standing 
1 389 395 470 537 44743 0 0 1 standing 
1 390 396 479 538 44744 0 0 0 standing 
1 384 397 477 537 44745 0 0 1 standing 
1 378 398 476 536 44746 0 0 1 standing 
1 372 400 475 536 44747 0 0 0 standing 
1 372 397 473 536 44748 0 0 1 standing 
1 372 395 471 536 44749 0 0 1 standing 
2 534 401 586 517 44730 0 1 0 standing 
2 533 397 585 513 44731 0 1 1 digging 
2 533 393 584 510 44732 0 1 1 digging 
2 533 389 584 506 44733 0 1 1 digging 
2 533 385 583 503 44734 0 1 1 digging 
2 533 382 583 500 44735 0 1 0 digging 
2 530 379 590 496 44736 0 1 1 digging 
2 527 376 597 492 44737 0 1 1 digging 
2 524 374 605 488 44738 0 1 0 digging 
2 518 371 598 484 44739 0 1 1 digging 
2 512 369 591 480 44740 0 1 1 digging 
2 507 367 585 476 44741 0 1 1 digging 
2 501 364 578 472 44742 0 1 1 digging 
2 495 362 571 468 44743 0 1 1 digging 
2 490 360 565 465 44744 0 1 0 digging 
2 491 361 562 465 44745 0 1 1 digging 
2 493 363 560 465 44746 0 1 1 digging 
2 495 364 558 466 44747 0 1 1 digging 
2 496 366 555 466 44748 0 1 1 digging 
2 498 367 553 466 44749 0 1 1 digging 
3 640 315 698 441 44730 0 0 0 digging 
3 634 314 691 440 44731 0 0 1 standing 
3 628 313 685 440 44732 0 0 1 standing 
3 622 312 679 439 44733 0 0 1 standing 
3 616 311 673 439 44734 0 0 1 standing 
3 610 310 667 439 44735 0 0 1 standing 
3 604 309 661 438 44736 0 0 1 standing 
3 598 308 655 438 44737 0 0 1 standing 
3 592 307 649 437 44738 0 0 1 standing 
3 586 306 643 437 44739 0 0 1 standing 
3 580 306 637 437 44740 0 0 0 standing 
3 571 307 629 436 44741 0 0 1 standing 
3 563 308 621 435 44742 0 0 1 standing 
3 554 309 613 434 44743 0 0 1 standing 
3 546 310 605 434 44744 0 0 0 standing 
3 538 308 596 433 44745 0 0 1 standing 
3 530 306 588 433 44746 0 0 1 standing 
3 522 304 580 433 44747 0 0 1 standing 
3 514 303 572 433 44748 0 0 1 standing 
3 506 301 563 433 44749 0 0 1 standing 
4 720 335 772 460 44730 0 0 0 standing 
4 717 335 769 460 44731 0 0 1 standing 
4 715 335 766 460 44732 0 0 1 standing 
4 712 336 763 460 44733 0 0 1 standing 
4 710 336 760 460 44734 0 0 1 standing 
4 708 337 758 461 44735 0 0 0 standing 
4 705 337 754 461 44736 0 0 1 standing 
4 702 338 751 462 44737 0 0 1 standing 
4 700 338 748 462 44738 0 0 1 standing 
4 697 339 745 463 44739 0 0 1 standing 
4 695 340 742 464 44740 0 0 0 standing 
4 692 340 739 465 44741 0 0 1 standing 
4 690 340 737 467 44742 0 0 1 standing 
4 688 340 735 468 44743 0 0 1 standing 
4 686 340 732 470 44744 0 0 1 standing 
4 684 341 730 471 44745 0 0 1 standing 
4 681 341 728 473 44746 0 0 1 standing 
4 679 341 725 474 44747 0 0 1 standing 
4 677 341 723 476 44748 0 0 1 standing 
4 675 341 721 477 44749 0 0 1 standing 
5 838 397 901 549 44730 0 0 0 standing 
5 838 394 900 547 44731 0 0 1 standing 
5 838 392 899 545 44732 0 0 1 standing 
5 838 389 898 543 44733 0 0 1 standing 
5 838 387 897 541 44734 0 0 1 standing 
5 838 384 896 539 44735 0 0 1 standing 
5 838 382 895 537 44736 0 0 1 standing 
5 838 379 894 535 44737 0 0 1 standing 
5 838 377 893 533 44738 0 0 1 standing 
5 838 374 892 531 44739 0 0 1 standing 
5 838 372 891 529 44740 0 0 0 standing 
5 836 369 889 525 44741 0 0 1 standing 
5 834 367 887 521 44742 0 0 1 standing 
5 832 365 885 518 44743 0 0 1 standing 
5 830 363 883 514 44744 0 0 1 standing 
5 828 361 882 511 44745 0 0 0 standing 
5 830 360 885 508 44746 0 0 1 standing 
5 833 359 888 506 44747 0 0 1 standing 
5 836 359 891 504 44748 0 0 1 standing 
5 838 358 894 502 44749 0 0 1 standing 
6 963 405 1015 533 44730 0 0 0 standing 
6 963 403 1015 533 44731 0 0 1 standing 
6 964 402 1016 533 44732 0 0 1 standing 
6 965 401 1017 533 44733 0 0 0 standing 
6 964 402 1015 537 44734 0 0 1 standing 
6 963 404 1014 541 44735 0 0 1 standing 
6 962 406 1012 545 44736 0 0 1 standing 
6 962 408 1011 549 44737 0 0 0 standing 
6 959 411 1009 553 44738 0 0 1 standing 
6 956 415 1007 557 44739 0 0 1 standing 
6 954 419 1005 561 44740 0 0 0 standing 
6 952 419 1003 562 44741 0 0 1 standing 
6 951 420 1002 564 44742 0 0 1 standing 
6 950 421 1000 565 44743 0 0 1 standing 
6 949 422 999 567 44744 0 0 0 standing 
6 947 422 997 567 44745 0 0 1 standing 
6 945 422 995 567 44746 0 0 1 standing 
6 943 422 993 568 44747 0 0 0 standing 
6 943 423 993 569 44748 0 0 1 standing 
6 943 424 993 571 44749 0 0 1 standing 
7 322 358 413 468 44730 0 0 0 standing 
7 328 357 416 468 44731 0 0 1 standing 
7 335 357 419 469 44732 0 0 1 standing 
7 342 357 422 470 44733 0 0 1 standing 
7 349 357 426 471 44734 0 0 1 standing 
7 356 357 429 472 44735 0 0 1 standing 
7 363 357 432 473 44736 0 0 1 standing 
7 370 357 436 474 44737 0 0 1 standing 
7 377 357 439 475 44738 0 0 1 standing 
7 384 357 442 476 44739 0 0 1 standing 
7 391 357 446 477 44740 0 0 0 standing 
7 389 355 444 475 44741 0 0 1 standing 
7 388 354 443 474 44742 0 0 1 standing 
7 386 352 441 472 44743 0 0 1 standing 
7 385 351 440 471 44744 0 0 1 standing 
7 383 349 438 469 44745 0 0 1 standing 
7 382 348 437 468 44746 0 0 1 standing 
7 380 346 435 466 44747 0 0 1 standing 
7 379 345 434 465 44748 0 0 1 standing 
7 378 344 433 464 44749 0 0 0 standing 
8 584 324 644 457 44730 0 0 0 standing 
8 578 321 637 455 44731 0 0 1 standing 
8 572 319 630 454 44732 0 0 1 standing 
8 566 317 623 452 44733 0 0 1 standing 
8 560 314 616 451 44734 0 0 1 standing 
8 554 312 609 449 44735 0 0 1 standing 
8 548 310 603 448 44736 0 0 0 standing 
8 542 310 597 447 44737 0 0 1 standing 
8 536 311 591 446 44738 0 0 1 standing 
8 530 311 585 445 44739 0 0 1 standing 
8 525 312 579 444 44740 0 0 0 standing 
8 514 312 571 444 44741 0 0 1 standing 
8 503 312 563 444 44742 0 0 1 standing 
8 492 312 555 444 44743 0 0 1 standing 
8 481 312 547 444 44744 0 0 1 standing 
8 470 313 539 444 44745 0 0 0 standing 
8 467 312 532 443 44746 0 0 1 standing 
8 464 312 525 443 44747 0 0 1 standing 
8 461 311 518 443 44748 0 0 1 standing 
8 458 311 512 443 44749 0 0 0 standing 
9 734 381 786 528 44730 0 0 0 standing 
9 731 379 783 526 44731 0 0 1 standing 
9 729 378 781 525 44732 0 0 1 standing 
9 727 377 779 524 44733 0 0 1 standing 
9 725 375 777 522 44734 0 0 1 standing 
9 723 374 775 521 44735 0 0 1 standing 
9 720 373 772 520 44736 0 0 1 standing 
9 718 371 770 518 44737 0 0 1 standing 
9 716 370 768 517 44738 0 0 1 standing 
9 714 369 766 516 44739 0 0 1 standing 
9 712 368 764 515 44740 0 0 0 standing 
9 709 367 761 514 44741 0 0 1 standing 
9 706 367 758 514 44742 0 0 1 standing 
9 703 367 755 514 44743 0 0 1 standing 
9 701 367 753 514 44744 0 0 1 standing 
9 698 367 750 514 44745 0 0 1 standing 
9 695 367 747 514 44746 0 0 1 standing 
9 693 367 745 514 44747 0 0 1 standing 
9 690 367 742 514 44748 0 0 1 standing 
9 687 367 739 514 44749 0 0 1 standing 
10 732 426 781 589 44730 0 0 0 standing 
10 732 423 781 589 44731 0 0 1 standing 
10 732 420 781 589 44732 0 0 1 standing 
10 733 418 781 590 44733 0 0 0 standing 
10 731 417 779 588 44734 0 0 1 standing 
10 729 417 777 586 44735 0 0 1 standing 
10 727 417 775 584 44736 0 0 1 standing 
10 725 417 773 582 44737 0 0 1 standing 
10 723 417 771 580 44738 0 0 1 standing 
10 722 417 770 578 44739 0 0 0 standing 
10 719 416 767 576 44740 0 0 1 standing 
10 716 416 764 575 44741 0 0 1 standing 
10 713 415 761 574 44742 0 0 1 standing 
10 710 415 758 573 44743 0 0 1 standing 
10 707 415 755 572 44744 0 0 1 standing 
10 704 414 752 571 44745 0 0 1 standing 
10 701 414 749 570 44746 0 0 1 standing 
10 698 414 746 569 44747 0 0 0 standing 
10 697 413 745 568 44748 0 0 1 standing 
10 696 413 744 567 44749 0 0 1 standing 
11 865 357 919 481 44730 0 0 0 standing 
11 868 356 922 480 44731 0 0 1 standing 
11 871 355 925 479 44732 0 0 1 standing 
11 874 354 928 478 44733 0 0 1 standing 
11 877 353 931 477 44734 0 0 0 standing 
11 879 353 933 477 44735 0 0 1 standing 
11 881 354 935 478 44736 0 0 1 standing 
11 883 355 937 479 44737 0 0 1 standing 
11 886 356 940 480 44738 0 0 1 standing 
11 888 357 942 481 44739 0 0 1 standing 
11 890 358 944 482 44740 0 0 1 standing 
11 893 359 947 483 44741 0 0 0 standing 
11 896 358 950 482 44742 0 0 1 standing 
11 900 358 953 482 44743 0 0 1 standing 
11 903 358 956 481 44744 0 0 1 standing 
11 907 358 959 481 44745 0 0 0 standing 
11 914 357 965 480 44746 0 0 1 standing 
11 921 357 972 480 44747 0 0 1 standing 
11 928 357 979 480 44748 0 0 1 standing 
11 935 357 985 480 44749 0 0 1 standing 
