0 251 512 314 637 101885 0 1 0 digging 
0 272 509 336 634 101886 0 1 1 digging 
0 294 507 359 632 101887 0 1 1 digging 
0 316 505 381 629 101888 0 1 1 digging 
0 338 503 404 627 101889 0 1 1 digging 
0 360 501 427 625 101890 0 1 0 digging 
0 372 498 439 623 101891 0 1 1 digging 
0 384 495 451 621 101892 0 1 1 digging 
0 397 493 464 619 101893 0 1 1 digging 
0 409 490 476 617 101894 0 1 1 digging 
0 421 487 488 615 101895 0 1 1 digging 
0 434 485 501 614 101896 0 1 0 digging 
0 431 480 500 612 101897 0 1 1 digging 
0 428 476 500 611 101898 0 1 1 digging 
0 425 471 500 609 101899 0 1 1 digging 
0 423 467 500 608 101900 0 1 0 digging 
0 416 466 494 607 101901 0 1 1 digging 
0 409 466 488 607 101902 0 1 1 digging 
0 402 465 482 606 101903 0 1 1 digging 
0 395 465 476 606 101904 0 1 1 digging 
1 1188 461 1248 605 101885 1 0 0 digging 
1 1188 461 1248 605 101886 1 0 1 standing 
1 1188 461 1248 605 101887 1 0 1 standing 
1 1188 461 1248 605 101888 1 0 0 standing 
1 1188 461 1248 605 101889 1 0 1 standing 
1 1188 461 1248 605 101890 1 0 1 standing 
1 1188 461 1248 605 101891 1 0 1 standing 
1 1188 461 1248 605 101892 1 0 1 standing 
1 1188 461 1248 605 101893 1 0 1 standing 
1 1188 461 1248 605 101894 1 0 1 standing 
1 1188 461 1248 605 101895 1 0 1 standing 
1 1188 461 1248 605 101896 1 0 1 standing 
1 1188 461 1248 605 101897 1 0 1 standing 
1 1188 461 1248 605 101898 1 0 1 standing 
1 1188 461 1248 605 101899 1 0 1 standing 
1 1188 461 1248 605 101900 1 0 1 standing 
1 1188 461 1248 605 101901 1 0 1 standing 
1 1188 461 1248 605 101902 1 0 1 standing 
1 1188 461 1248 605 101903 1 0 1 standing 
1 1188 461 1248 605 101904 1 0 1 standing 
2 975 476 1019 613 101885 0 0 0 standing 
2 999 476 1043 613 101886 0 0 1 standing 
2 1024 477 1068 614 101887 0 0 1 standing 
2 1049 478 1093 615 101888 0 0 0 standing 
2 1071 479 1115 616 101889 0 0 1 standing 
2 1093 481 1137 618 101890 0 0 1 standing 
2 1116 483 1160 620 101891 0 0 0 standing 
2 1132 483 1178 621 101892 0 0 1 standing 
2 1149 484 1196 623 101893 0 0 1 standing 
2 1166 485 1214 625 101894 0 0 0 standing 
2 1174 488 1224 627 101895 0 0 1 standing 
2 1182 491 1234 630 101896 0 0 1 standing 
2 1190 494 1244 633 101897 0 0 0 standing 
2 1190 495 1244 634 101898 0 0 1 standing 
2 1191 497 1245 636 101899 0 0 1 standing 
2 1192 499 1246 638 101900 0 0 0 standing 
2 1192 499 1249 637 101901 0 0 1 standing 
2 1192 500 1252 636 101902 0 0 1 standing 
2 1192 500 1255 635 101903 0 0 1 standing 
2 1192 501 1258 634 101904 0 0 1 standing 
3 894 404 958 533 101885 0 0 0 standing 
3 918 404 983 531 101886 0 0 1 standing 
3 942 404 1009 530 101887 0 0 1 standing 
3 967 404 1035 529 101888 0 0 0 standing 
3 988 406 1056 531 101889 0 0 1 standing 
3 1010 408 1078 533 101890 0 0 1 standing 
3 1032 410 1100 535 101891 0 0 0 standing 
3 1050 409 1115 535 101892 0 0 1 standing 
3 1068 408 1131 535 101893 0 0 1 standing 
3 1087 408 1147 535 101894 0 0 0 standing 
3 1099 408 1155 536 101895 0 0 1 standing 
3 1111 408 1164 537 101896 0 0 1 standing 
3 1124 409 1173 538 101897 0 0 0 standing 
3 1125 408 1174 537 101898 0 0 1 standing 
3 1126 408 1175 537 101899 0 0 1 standing 
3 1127 408 1176 537 101900 0 0 0 standing 
3 1125 407 1177 536 101901 0 0 1 standing 
3 1123 407 1178 535 101902 0 0 1 standing 
3 1122 406 1179 535 101903 0 0 1 standing 
3 1120 406 1180 534 101904 0 0 1 standing 
4 720 405 765 553 101885 0 0 0 standing 
4 742 403 787 551 101886 0 0 1 standing 
4 764 401 809 549 101887 0 0 1 standing 
4 786 399 831 548 101888 0 0 0 standing 
4 803 399 848 548 101889 0 0 1 standing 
4 821 399 865 548 101890 0 0 1 standing 
4 839 399 883 548 101891 0 0 0 standing 
4 852 397 898 545 101892 0 0 1 standing 
4 865 395 913 543 101893 0 0 1 standing 
4 879 393 928 541 101894 0 0 0 standing 
4 886 393 933 541 101895 0 0 1 standing 
4 893 393 938 541 101896 0 0 1 standing 
4 901 393 944 541 101897 0 0 0 standing 
4 901 394 944 542 101898 0 0 1 standing 
4 901 395 944 543 101899 0 0 1 standing 
4 902 396 945 544 101900 0 0 0 standing 
4 900 395 943 543 101901 0 0 1 standing 
4 898 394 941 543 101902 0 0 1 standing 
4 896 394 939 543 101903 0 0 0 standing 
4 896 394 939 543 101904 0 0 1 standing 
5 696 435 741 569 101885 0 0 0 standing 
5 721 435 766 569 101886 0 0 1 standing 
5 747 435 792 569 101887 0 0 1 standing 
5 773 436 818 570 101888 0 0 0 standing 
5 791 438 836 572 101889 0 0 1 standing 
5 810 440 854 574 101890 0 0 1 standing 
5 829 443 873 577 101891 0 0 0 standing 
5 845 443 889 577 101892 0 0 1 standing 
5 861 443 905 577 101893 0 0 1 standing 
5 878 444 922 578 101894 0 0 0 standing 
5 884 444 928 578 101895 0 0 1 standing 
5 890 444 934 578 101896 0 0 1 standing 
5 897 445 941 579 101897 0 0 0 standing 
5 896 444 940 578 101898 0 0 1 standing 
5 896 444 940 578 101899 0 0 1 standing 
5 896 443 940 577 101900 0 0 1 standing 
5 896 443 940 577 101901 0 0 1 standing 
5 896 442 940 576 101902 0 0 1 standing 
5 896 442 940 576 101903 0 0 1 standing 
5 896 441 940 575 101904 0 0 1 standing 
6 686 464 744 603 101885 0 0 0 standing 
6 709 463 767 602 101886 0 0 1 standing 
6 732 463 790 602 101887 0 0 1 standing 
6 755 463 814 602 101888 0 0 0 standing 
6 775 463 834 602 101889 0 0 1 standing 
6 795 463 854 602 101890 0 0 1 standing 
6 816 463 875 602 101891 0 0 0 standing 
6 830 464 888 603 101892 0 0 1 standing 
6 845 465 901 604 101893 0 0 1 standing 
6 860 466 914 605 101894 0 0 0 standing 
6 867 467 921 609 101895 0 0 1 standing 
6 875 468 928 613 101896 0 0 1 standing 
6 883 469 936 618 101897 0 0 0 standing 
6 885 469 938 618 101898 0 0 1 standing 
6 887 470 940 619 101899 0 0 1 standing 
6 889 471 942 620 101900 0 0 0 standing 
6 887 470 941 619 101901 0 0 1 standing 
6 885 470 941 619 101902 0 0 1 standing 
6 884 469 940 618 101903 0 0 1 standing 
6 882 469 940 618 101904 0 0 1 standing 
7 593 480 660 618 101885 0 0 0 standing 
7 617 480 684 618 101886 0 0 1 standing 
7 642 480 709 618 101887 0 0 1 standing 
7 667 481 734 619 101888 0 0 0 standing 
7 688 481 754 618 101889 0 0 1 standing 
7 709 481 774 617 101890 0 0 1 standing 
7 730 482 794 617 101891 0 0 0 standing 
7 745 482 809 617 101892 0 0 1 standing 
7 760 482 824 617 101893 0 0 1 standing 
7 776 483 840 617 101894 0 0 0 standing 
7 782 482 845 618 101895 0 0 1 standing 
7 788 481 851 619 101896 0 0 1 standing 
7 794 481 857 620 101897 0 0 0 standing 
7 793 479 856 619 101898 0 0 1 standing 
7 793 478 856 618 101899 0 0 1 standing 
7 793 476 855 618 101900 0 0 1 standing 
7 793 475 855 617 101901 0 0 1 standing 
7 792 474 855 616 101902 0 0 1 standing 
7 792 472 854 616 101903 0 0 1 standing 
7 792 471 854 615 101904 0 0 1 standing 
8 303 503 378 656 101885 0 0 0 standing 
8 326 501 401 654 101886 0 0 1 standing 
8 349 499 424 652 101887 0 0 1 standing 
8 373 497 448 650 101888 0 0 0 standing 
8 392 497 465 650 101889 0 0 1 standing 
8 411 497 482 650 101890 0 0 1 standing 
8 430 498 500 651 101891 0 0 0 standing 
8 444 497 512 650 101892 0 0 1 standing 
8 459 496 525 649 101893 0 0 1 standing 
8 474 495 538 649 101894 0 0 0 standing 
8 480 493 544 649 101895 0 0 1 standing 
8 487 492 550 649 101896 0 0 1 standing 
8 494 491 557 650 101897 0 0 0 standing 
8 490 490 558 648 101898 0 0 1 standing 
8 486 489 560 647 101899 0 0 1 standing 
8 483 488 562 646 101900 0 0 0 standing 
8 478 490 560 645 101901 0 0 1 standing 
8 474 492 559 644 101902 0 0 1 standing 
8 470 495 557 644 101903 0 0 1 standing 
8 466 497 556 643 101904 0 0 1 standing 
9 275 384 345 511 101885 0 0 0 standing 
9 299 382 367 510 101886 0 0 1 standing 
9 324 380 389 509 101887 0 0 1 standing 
9 349 379 411 508 101888 0 0 0 standing 
9 367 379 428 508 101889 0 0 1 standing 
9 385 379 445 508 101890 0 0 1 standing 
9 404 379 462 508 101891 0 0 0 standing 
9 418 379 476 508 101892 0 0 1 standing 
9 432 379 490 508 101893 0 0 1 standing 
9 447 379 505 508 101894 0 0 0 standing 
9 452 377 509 503 101895 0 0 1 standing 
9 458 375 513 499 101896 0 0 1 standing 
9 464 373 517 495 101897 0 0 0 standing 
9 464 370 517 492 101898 0 0 1 standing 
9 465 368 518 490 101899 0 0 1 standing 
9 466 366 519 488 101900 0 0 0 standing 
9 465 366 518 486 101901 0 0 1 standing 
9 464 366 517 485 101902 0 0 1 standing 
9 464 367 517 483 101903 0 0 1 standing 
9 463 367 516 482 101904 0 0 1 standing 
10 232 491 286 603 101885 0 0 0 standing 
10 256 491 310 603 101886 0 0 1 digging 
10 281 491 334 603 101887 0 0 1 digging 
10 306 491 359 604 101888 0 0 0 digging 
10 325 486 378 602 101889 0 0 1 digging 
10 344 481 397 600 101890 0 0 1 digging 
10 364 476 417 598 101891 0 0 0 digging 
10 380 470 433 594 101892 0 0 1 digging 
10 397 464 449 591 101893 0 0 1 digging 
10 414 459 466 588 101894 0 0 0 digging 
10 422 455 474 584 101895 0 0 1 digging 
10 430 451 482 580 101896 0 0 1 digging 
10 438 448 490 577 101897 0 0 0 digging 
10 438 445 490 572 101898 0 0 1 digging 
10 438 442 490 568 101899 0 0 1 digging 
10 438 439 490 564 101900 0 0 0 digging 
10 437 439 489 564 101901 0 0 1 digging 
10 436 439 488 565 101902 0 0 1 digging 
10 435 440 487 566 101903 0 0 1 digging 
10 434 440 486 567 101904 0 0 1 digging 
11 19 488 78 651 101885 0 0 0 digging 
11 45 486 104 650 101886 0 0 1 standing 
11 72 485 131 649 101887 0 0 1 standing 
11 99 484 158 648 101888 0 0 0 standing 
11 118 483 180 645 101889 0 0 1 standing 
11 138 482 203 643 101890 0 0 1 standing 
11 158 482 226 641 101891 0 0 0 standing 
11 172 484 240 643 101892 0 0 1 standing 
11 186 486 254 645 101893 0 0 1 standing 
11 200 489 269 648 101894 0 0 0 standing 
11 206 490 277 647 101895 0 0 1 standing 
11 213 491 285 647 101896 0 0 1 standing 
11 220 493 294 647 101897 0 0 0 standing 
11 222 493 296 647 101898 0 0 1 standing 
11 225 493 299 647 101899 0 0 1 standing 
11 228 494 302 648 101900 0 0 0 standing 
11 231 493 305 648 101901 0 0 1 standing 
11 234 492 308 648 101902 0 0 1 standing 
11 237 491 311 648 101903 0 0 1 standing 
11 240 490 314 648 101904 0 0 1 standing 
