0 628 341 676 510 39235 0 1 0 setting 
0 627 340 675 507 39236 0 1 1 setting 
0 626 339 674 505 39237 0 1 1 setting 
0 625 338 673 502 39238 0 1 1 setting 
0 625 337 673 500 39239 0 1 0 setting 
0 623 334 670 501 39240 0 1 1 setting 
0 621 332 668 502 39241 0 1 1 setting 
0 619 330 666 503 39242 0 1 0 setting 
0 617 338 664 505 39243 0 1 1 setting 
0 616 346 663 507 39244 0 1 1 setting 
0 615 355 662 510 39245 0 1 0 setting 
0 614 361 660 511 39246 0 1 1 setting 
0 614 367 659 512 39247 0 1 1 setting 
0 613 373 657 513 39248 0 1 1 setting 
0 613 379 656 515 39249 0 1 0 setting 
0 614 377 657 513 39250 0 1 1 setting 
0 616 375 658 512 39251 0 1 1 setting 
0 618 374 659 511 39252 0 1 1 setting 
0 619 372 660 509 39253 0 1 1 setting 
0 621 370 661 508 39254 0 1 1 setting 
1 701 380 773 500 39235 0 1 0 setting 
1 695 375 767 496 39236 0 1 1 jumping 
1 690 371 761 493 39237 0 1 1 jumping 
1 685 366 756 490 39238 0 1 1 jumping 
1 680 362 750 487 39239 0 1 1 jumping 
1 675 357 744 483 39240 0 1 1 jumping 
1 670 353 739 480 39241 0 1 1 jumping 
1 664 348 733 477 39242 0 1 1 jumping 
1 659 344 727 474 39243 0 1 1 jumping 
1 654 339 722 470 39244 0 1 1 jumping 
1 649 335 716 467 39245 0 1 1 jumping 
1 644 330 710 464 39246 0 1 1 jumping 
1 639 326 705 461 39247 0 1 0 jumping 
1 631 318 701 450 39248 0 1 1 jumping 
1 624 311 697 439 39249 0 1 1 jumping 
1 617 303 693 428 39250 0 1 1 jumping 
1 610 296 690 417 39251 0 1 0 jumping 
1 607 297 687 417 39252 0 1 1 jumping 
1 605 298 684 417 39253 0 1 1 jumping 
1 603 300 681 418 39254 0 1 0 jumping 
2 849 423 913 538 39235 0 0 0 jumping 
2 842 419 910 538 39236 0 0 1 standing 
2 835 416 908 538 39237 0 0 1 standing 
2 829 413 906 538 39238 0 0 0 standing 
2 823 412 900 533 39239 0 0 1 standing 
2 817 412 894 529 39240 0 0 1 standing 
2 812 412 888 525 39241 0 0 0 standing 
2 805 411 873 524 39242 0 0 1 standing 
2 799 410 858 524 39243 0 0 1 standing 
2 793 410 844 524 39244 0 0 0 standing 
2 786 409 841 525 39245 0 0 1 standing 
2 779 408 839 526 39246 0 0 1 standing 
2 772 407 837 527 39247 0 0 0 standing 
2 769 405 831 525 39248 0 0 1 standing 
2 766 404 826 523 39249 0 0 1 standing 
2 764 403 821 522 39250 0 0 0 standing 
2 760 401 815 521 39251 0 0 1 standing 
2 756 399 809 520 39252 0 0 1 standing 
2 753 398 803 519 39253 0 0 1 standing 
2 749 396 797 518 39254 0 0 1 standing 
3 871 390 944 513 39235 0 0 0 standing 
3 867 386 942 509 39236 0 0 1 moving 
3 864 383 940 505 39237 0 0 1 moving 
3 861 380 939 501 39238 0 0 0 moving 
3 853 378 935 499 39239 0 0 1 moving 
3 846 377 931 497 39240 0 0 1 moving 
3 839 376 928 495 39241 0 0 0 moving 
3 836 376 917 494 39242 0 0 1 moving 
3 833 376 906 494 39243 0 0 1 moving 
3 831 376 896 494 39244 0 0 0 moving 
3 825 373 892 493 39245 0 0 1 moving 
3 820 370 889 493 39246 0 0 1 moving 
3 815 368 886 493 39247 0 0 0 moving 
3 811 366 878 489 39248 0 0 1 moving 
3 807 365 870 486 39249 0 0 1 moving 
3 804 364 863 483 39250 0 0 0 moving 
3 798 363 852 480 39251 0 0 1 moving 
3 792 363 841 477 39252 0 0 1 moving 
3 786 362 830 474 39253 0 0 1 moving 
3 780 362 819 471 39254 0 0 1 moving 
4 984 415 1075 553 39235 0 0 0 moving 
4 983 411 1071 551 39236 0 0 1 moving 
4 982 407 1068 549 39237 0 0 1 moving 
4 981 404 1065 548 39238 0 0 0 moving 
4 978 404 1055 544 39239 0 0 1 moving 
4 975 405 1046 540 39240 0 0 1 moving 
4 973 406 1037 536 39241 0 0 0 moving 
4 969 403 1035 535 39242 0 0 1 moving 
4 965 400 1034 534 39243 0 0 1 moving 
4 962 398 1033 533 39244 0 0 0 moving 
4 954 396 1029 530 39245 0 0 1 moving 
4 947 395 1025 527 39246 0 0 1 moving 
4 940 394 1022 524 39247 0 0 0 moving 
4 936 394 1006 523 39248 0 0 1 moving 
4 932 394 990 523 39249 0 0 1 moving 
4 928 394 975 523 39250 0 0 0 moving 
4 922 392 970 522 39251 0 0 1 moving 
4 916 390 965 522 39252 0 0 1 moving 
4 910 389 960 522 39253 0 0 1 moving 
4 904 387 955 522 39254 0 0 1 moving 
5 791 551 880 718 39235 0 0 0 moving 
5 786 546 878 714 39236 0 0 1 moving 
5 781 541 876 711 39237 0 0 1 moving 
5 776 536 875 708 39238 0 0 0 moving 
5 770 534 862 704 39239 0 0 1 moving 
5 765 532 849 700 39240 0 0 1 moving 
5 760 530 837 696 39241 0 0 0 moving 
5 751 525 827 696 39242 0 0 1 moving 
5 742 521 817 696 39243 0 0 1 moving 
5 733 517 808 696 39244 0 0 0 moving 
5 729 513 804 690 39245 0 0 1 moving 
5 725 509 800 684 39246 0 0 1 moving 
5 722 505 797 678 39247 0 0 0 moving 
5 718 503 788 675 39248 0 0 1 moving 
5 715 501 779 672 39249 0 0 1 moving 
5 712 499 770 670 39250 0 0 0 moving 
5 705 496 763 665 39251 0 0 1 moving 
5 698 493 757 660 39252 0 0 1 moving 
5 692 490 751 655 39253 0 0 1 moving 
5 685 487 745 650 39254 0 0 1 moving 
6 498 442 555 600 39235 0 0 0 moving 
6 497 441 552 600 39236 0 0 1 standing 
6 496 440 550 600 39237 0 0 1 standing 
6 496 440 548 601 39238 0 0 0 standing 
6 494 442 547 601 39239 0 0 1 standing 
6 493 444 547 601 39240 0 0 1 standing 
6 491 447 547 601 39241 0 0 1 standing 
6 490 449 547 601 39242 0 0 1 standing 
6 488 451 547 601 39243 0 0 1 standing 
6 487 454 547 602 39244 0 0 0 standing 
6 482 456 546 601 39245 0 0 1 standing 
6 477 458 545 600 39246 0 0 1 standing 
6 473 461 544 600 39247 0 0 0 standing 
6 472 456 541 598 39248 0 0 1 standing 
6 471 452 539 597 39249 0 0 1 standing 
6 471 448 537 596 39250 0 0 0 standing 
6 466 446 534 592 39251 0 0 1 standing 
6 461 445 531 588 39252 0 0 1 standing 
6 457 444 528 585 39253 0 0 1 standing 
6 452 443 525 581 39254 0 0 1 standing 
7 529 400 576 549 39235 0 0 0 standing 
7 529 398 578 549 39236 0 0 1 blocking 
7 529 396 580 549 39237 0 0 1 blocking 
7 530 395 582 550 39238 0 0 0 blocking 
7 529 393 581 546 39239 0 0 1 blocking 
7 529 392 581 542 39240 0 0 1 blocking 
7 529 391 581 539 39241 0 0 0 blocking 
7 524 389 580 538 39242 0 0 1 blocking 
7 520 387 580 538 39243 0 0 1 blocking 
7 516 385 580 538 39244 0 0 0 blocking 
7 522 385 579 537 39245 0 0 1 blocking 
7 528 385 578 536 39246 0 0 1 blocking 
7 535 385 578 536 39247 0 0 0 blocking 
7 534 383 577 535 39248 0 0 1 blocking 
7 534 381 576 535 39249 0 0 1 blocking 
7 534 379 576 535 39250 0 0 0 blocking 
7 535 372 576 528 39251 0 0 1 blocking 
7 537 366 576 522 39252 0 0 1 blocking 
7 538 360 577 516 39253 0 0 1 blocking 
7 540 354 577 510 39254 0 0 1 blocking 
8 519 376 573 499 39235 0 0 0 blocking 
8 520 374 574 498 39236 0 0 1 blocking 
8 521 372 575 497 39237 0 0 1 blocking 
8 523 371 577 496 39238 0 0 0 blocking 
8 523 370 577 496 39239 0 0 1 blocking 
8 523 370 577 496 39240 0 0 1 blocking 
8 523 370 577 496 39241 0 0 1 blocking 
8 523 370 577 496 39242 0 0 1 blocking 
8 523 370 577 496 39243 0 0 1 blocking 
8 524 370 578 496 39244 0 0 0 blocking 
8 526 354 580 480 39245 0 0 1 blocking 
8 529 338 582 464 39246 0 0 1 blocking 
8 532 322 585 448 39247 0 0 0 blocking 
8 533 319 587 445 39248 0 0 1 blocking 
8 534 317 589 443 39249 0 0 1 blocking 
8 535 314 591 440 39250 0 0 1 blocking 
8 536 312 593 438 39251 0 0 1 blocking 
8 537 310 595 435 39252 0 0 1 blocking 
8 538 307 597 433 39253 0 0 1 blocking 
8 539 305 599 430 39254 0 0 1 blocking 
9 241 365 329 472 39235 0 0 0 blocking 
9 239 364 327 471 39236 0 0 1 standing 
9 238 363 326 470 39237 0 0 1 standing 
9 237 362 325 470 39238 0 0 0 standing 
9 233 361 324 470 39239 0 0 1 standing 
9 230 361 323 470 39240 0 0 1 standing 
9 227 360 322 471 39241 0 0 1 standing 
9 224 360 321 471 39242 0 0 1 standing 
9 221 359 320 471 39243 0 0 1 standing 
9 218 359 320 472 39244 0 0 0 standing 
9 217 358 317 471 39245 0 0 1 standing 
9 217 358 314 470 39246 0 0 1 standing 
9 217 358 312 470 39247 0 0 0 standing 
9 216 358 309 470 39248 0 0 1 standing 
9 215 358 306 471 39249 0 0 1 standing 
9 215 359 304 472 39250 0 0 0 standing 
9 215 359 303 472 39251 0 0 1 standing 
9 216 359 303 472 39252 0 0 1 standing 
9 217 359 303 472 39253 0 0 1 standing 
9 218 359 303 472 39254 0 0 1 standing 
10 188 442 251 567 39235 0 0 0 standing 
10 189 442 260 574 39236 0 0 1 standing 
10 190 442 270 582 39237 0 0 1 standing 
10 192 442 280 590 39238 0 0 0 standing 
10 196 442 284 589 39239 0 0 1 standing 
10 200 442 288 589 39240 0 0 1 standing 
10 205 442 292 589 39241 0 0 0 standing 
10 206 441 294 588 39242 0 0 1 standing 
10 208 440 296 588 39243 0 0 1 standing 
10 210 440 298 588 39244 0 0 0 standing 
10 209 441 298 587 39245 0 0 1 standing 
10 209 442 298 587 39246 0 0 1 standing 
10 209 443 298 587 39247 0 0 0 standing 
10 215 442 304 586 39248 0 0 1 standing 
10 221 442 310 586 39249 0 0 1 standing 
10 227 442 316 586 39250 0 0 0 standing 
10 232 442 320 586 39251 0 0 1 standing 
10 237 443 324 586 39252 0 0 1 standing 
10 242 443 328 586 39253 0 0 1 standing 
10 247 444 332 586 39254 0 0 1 standing 
11 81 406 157 542 39235 0 0 0 standing 
11 79 405 156 541 39236 0 0 1 moving 
11 78 404 155 541 39237 0 0 1 moving 
11 77 404 154 541 39238 0 0 0 moving 
11 70 405 159 542 39239 0 0 1 moving 
11 64 406 164 543 39240 0 0 1 moving 
11 58 407 170 544 39241 0 0 0 moving 
11 59 407 175 544 39242 0 0 1 moving 
11 60 407 180 544 39243 0 0 1 moving 
11 62 408 185 544 39244 0 0 0 moving 
11 69 407 184 544 39245 0 0 1 moving 
11 77 407 184 544 39246 0 0 1 moving 
11 85 407 184 544 39247 0 0 0 moving 
11 96 410 185 543 39248 0 0 1 moving 
11 107 413 186 543 39249 0 0 1 moving 
11 118 416 188 543 39250 0 0 0 moving 
11 122 418 195 543 39251 0 0 1 moving 
11 126 420 202 544 39252 0 0 1 moving 
11 130 422 209 545 39253 0 0 1 moving 
11 134 424 216 546 39254 0 0 1 moving 
