0 544 402 637 501 96855 0 0 0 standing 
0 546 401 638 500 96856 0 0 1 standing 
0 549 401 639 499 96857 0 0 1 standing 
0 552 400 640 499 96858 0 0 1 standing 
0 555 400 641 498 96859 0 0 1 standing 
0 558 399 643 498 96860 0 0 1 standing 
0 561 399 644 497 96861 0 0 1 standing 
0 564 398 645 496 96862 0 0 1 standing 
0 567 398 646 496 96863 0 0 1 standing 
0 570 397 647 495 96864 0 0 1 standing 
0 573 397 649 495 96865 0 0 0 standing 
0 584 396 662 494 96866 0 0 1 standing 
0 595 396 676 493 96867 0 0 1 standing 
0 606 395 689 493 96868 0 0 1 standing 
0 617 395 703 492 96869 0 0 1 standing 
0 628 394 716 492 96870 0 0 1 standing 
0 639 394 730 491 96871 0 0 1 standing 
0 650 394 744 491 96872 0 0 0 standing 
0 661 394 749 491 96873 0 0 1 standing 
0 672 394 754 491 96874 0 0 1 standing 
1 450 414 507 525 96855 0 1 0 standing 
1 447 413 507 525 96856 0 1 1 digging 
1 444 412 507 526 96857 0 1 1 digging 
1 441 411 508 526 96858 0 1 1 digging 
1 438 410 508 527 96859 0 1 1 digging 
1 435 409 508 528 96860 0 1 1 digging 
1 432 408 509 528 96861 0 1 1 digging 
1 429 407 509 529 96862 0 1 1 digging 
1 426 406 510 530 96863 0 1 0 digging 
1 436 405 519 529 96864 0 1 1 digging 
1 446 405 528 529 96865 0 1 1 digging 
1 457 404 538 529 96866 0 1 1 digging 
1 467 404 547 529 96867 0 1 1 digging 
1 478 403 557 529 96868 0 1 1 digging 
1 488 403 566 529 96869 0 1 1 digging 
1 498 402 575 529 96870 0 1 1 digging 
1 509 402 585 529 96871 0 1 1 digging 
1 519 401 594 529 96872 0 1 1 digging 
1 530 401 604 529 96873 0 1 1 digging 
1 540 400 613 529 96874 0 1 1 digging 
2 359 526 436 654 96855 0 0 0 digging 
2 360 524 438 653 96856 0 0 1 digging 
2 362 523 441 652 96857 0 0 1 digging 
2 363 522 443 651 96858 0 0 1 digging 
2 365 521 446 650 96859 0 0 1 digging 
2 367 520 448 650 96860 0 0 1 digging 
2 368 518 451 649 96861 0 0 1 digging 
2 370 517 453 648 96862 0 0 1 digging 
2 371 516 456 647 96863 0 0 1 digging 
2 373 515 458 646 96864 0 0 1 digging 
2 375 514 461 646 96865 0 0 0 digging 
2 390 511 477 643 96866 0 0 1 digging 
2 406 509 493 641 96867 0 0 1 digging 
2 422 507 509 639 96868 0 0 1 digging 
2 437 505 525 636 96869 0 0 1 digging 
2 453 503 541 634 96870 0 0 1 digging 
2 469 501 557 632 96871 0 0 1 digging 
2 485 499 573 630 96872 0 0 0 digging 
2 491 498 582 629 96873 0 0 1 digging 
2 498 498 592 629 96874 0 0 1 digging 
3 159 432 242 560 96855 0 0 0 digging 
3 160 432 242 560 96856 0 0 1 waiting 
3 161 433 242 560 96857 0 0 1 waiting 
3 162 433 243 560 96858 0 0 1 waiting 
3 163 434 243 560 96859 0 0 1 waiting 
3 165 434 244 560 96860 0 0 1 waiting 
3 166 435 244 560 96861 0 0 1 waiting 
3 167 435 244 560 96862 0 0 1 waiting 
3 168 436 245 560 96863 0 0 1 waiting 
3 169 436 245 560 96864 0 0 1 waiting 
3 171 437 246 561 96865 0 0 0 waiting 
3 187 434 260 558 96866 0 0 1 waiting 
3 204 432 274 555 96867 0 0 1 waiting 
3 221 429 288 553 96868 0 0 1 waiting 
3 237 427 303 550 96869 0 0 1 waiting 
3 254 424 317 548 96870 0 0 1 waiting 
3 271 422 331 545 96871 0 0 1 waiting 
3 288 420 346 543 96872 0 0 0 waiting 
3 297 421 352 544 96873 0 0 1 waiting 
3 306 422 359 545 96874 0 0 1 waiting 
4 826 391 882 510 96855 0 0 0 waiting 
4 827 390 883 509 96856 0 0 1 standing 
4 829 389 885 509 96857 0 0 1 standing 
4 830 388 886 509 96858 0 0 1 standing 
4 832 388 888 509 96859 0 0 1 standing 
4 834 387 889 509 96860 0 0 1 standing 
4 835 386 891 508 96861 0 0 1 standing 
4 837 386 892 508 96862 0 0 1 standing 
4 838 385 894 508 96863 0 0 1 standing 
4 840 384 895 508 96864 0 0 1 standing 
4 842 384 897 508 96865 0 0 0 standing 
4 853 383 908 507 96866 0 0 1 standing 
4 864 382 919 506 96867 0 0 1 standing 
4 875 381 930 506 96868 0 0 0 standing 
4 887 382 941 509 96869 0 0 1 standing 
4 899 383 953 513 96870 0 0 1 standing 
4 911 384 965 516 96871 0 0 1 standing 
4 923 385 977 520 96872 0 0 0 standing 
4 932 386 986 521 96873 0 0 1 standing 
4 942 387 996 522 96874 0 0 1 standing 
5 1092 354 1158 461 96855 0 0 0 standing 
5 1093 354 1159 461 96856 0 0 1 moving 
5 1094 354 1160 461 96857 0 0 1 moving 
5 1095 354 1161 461 96858 0 0 1 moving 
5 1096 354 1162 461 96859 0 0 1 moving 
5 1097 354 1163 461 96860 0 0 1 moving 
5 1098 354 1164 461 96861 0 0 1 moving 
5 1099 354 1165 461 96862 0 0 1 moving 
5 1100 354 1166 461 96863 0 0 1 moving 
5 1101 354 1167 461 96864 0 0 1 moving 
5 1103 355 1169 462 96865 0 0 0 moving 
5 1111 354 1179 462 96866 0 0 1 moving 
5 1120 354 1189 463 96867 0 0 1 moving 
5 1128 354 1199 464 96868 0 0 1 moving 
5 1137 354 1209 465 96869 0 0 1 moving 
5 1146 354 1220 466 96870 0 0 1 moving 
5 1154 353 1230 466 96871 0 0 1 moving 
5 1163 353 1240 467 96872 0 0 1 moving 
5 1171 353 1250 468 96873 0 0 1 moving 
5 1180 353 1260 469 96874 0 0 1 moving 
6 1081 406 1141 556 96855 0 0 0 moving 
6 1085 408 1150 558 96856 0 0 1 standing 
6 1089 411 1159 560 96857 0 0 1 standing 
6 1094 413 1169 562 96858 0 0 1 standing 
6 1098 416 1178 564 96859 0 0 1 standing 
6 1103 419 1188 567 96860 0 0 0 standing 
6 1104 417 1187 566 96861 0 0 1 standing 
6 1105 416 1186 565 96862 0 0 1 standing 
6 1106 415 1185 564 96863 0 0 0 standing 
6 1121 415 1195 565 96864 0 0 1 standing 
6 1137 416 1205 566 96865 0 0 1 standing 
6 1153 417 1216 567 96866 0 0 1 standing 
6 1168 418 1226 568 96867 0 0 1 standing 
6 1184 418 1236 569 96868 0 0 1 standing 
6 1200 419 1247 570 96869 0 0 1 standing 
6 1215 420 1257 571 96870 0 0 1 standing 
6 1231 421 1267 572 96871 0 0 1 standing 
6 1247 422 1278 574 96872 1 0 0 standing 
6 1245 443 1272 594 96873 1 0 1 standing 
6 1243 465 1267 615 96874 1 0 1 standing 
7 974 440 1031 577 96855 0 0 0 standing 
7 971 441 1032 577 96856 0 0 1 standing 
7 968 442 1033 577 96857 0 0 1 standing 
7 965 443 1034 577 96858 0 0 1 standing 
7 962 445 1036 577 96859 0 0 0 standing 
7 963 446 1037 577 96860 0 0 1 standing 
7 964 447 1038 578 96861 0 0 1 standing 
7 965 449 1040 579 96862 0 0 1 standing 
7 966 450 1041 579 96863 0 0 1 standing 
7 967 451 1042 580 96864 0 0 1 standing 
7 968 453 1044 581 96865 0 0 0 standing 
7 985 452 1058 581 96866 0 0 1 standing 
7 1002 451 1072 582 96867 0 0 1 standing 
7 1019 450 1086 582 96868 0 0 1 standing 
7 1036 449 1100 583 96869 0 0 1 standing 
7 1053 448 1114 583 96870 0 0 1 standing 
7 1070 447 1128 584 96871 0 0 1 standing 
7 1087 446 1142 584 96872 0 0 1 standing 
7 1104 445 1157 585 96873 0 0 0 standing 
7 1114 444 1164 586 96874 0 0 1 standing 
8 922 501 985 625 96855 0 0 0 standing 
8 927 501 989 625 96856 0 0 1 standing 
8 933 501 994 625 96857 0 0 1 standing 
8 939 501 999 625 96858 0 0 1 standing 
8 945 501 1004 625 96859 0 0 1 standing 
8 950 501 1009 625 96860 0 0 1 standing 
8 956 501 1013 625 96861 0 0 1 standing 
8 962 501 1018 625 96862 0 0 1 standing 
8 968 501 1023 625 96863 0 0 1 standing 
8 973 501 1028 625 96864 0 0 1 standing 
8 979 501 1033 625 96865 0 0 1 standing 
8 985 501 1038 625 96866 0 0 1 standing 
8 991 501 1042 625 96867 0 0 1 standing 
8 996 501 1047 625 96868 0 0 1 standing 
8 1002 501 1052 625 96869 0 0 1 standing 
8 1008 501 1057 625 96870 0 0 1 standing 
8 1014 501 1062 625 96871 0 0 1 standing 
8 1020 502 1067 625 96872 0 0 0 standing 
8 1026 501 1073 624 96873 0 0 1 standing 
8 1033 500 1080 623 96874 0 0 1 standing 
9 890 443 971 600 96855 0 0 0 standing 
9 891 451 974 606 96856 0 0 1 standing 
9 893 460 977 612 96857 0 0 1 standing 
9 895 469 980 618 96858 0 0 1 standing 
9 897 477 984 624 96859 0 0 1 standing 
9 899 486 987 631 96860 0 0 1 standing 
9 900 495 990 637 96861 0 0 1 standing 
9 902 503 994 643 96862 0 0 1 standing 
9 904 512 997 649 96863 0 0 1 standing 
9 906 521 1000 655 96864 0 0 1 standing 
9 908 530 1004 662 96865 0 0 0 standing 
9 921 529 1019 662 96866 0 0 1 standing 
9 935 528 1034 663 96867 0 0 1 standing 
9 949 528 1049 663 96868 0 0 1 standing 
9 963 527 1064 664 96869 0 0 1 standing 
9 976 527 1080 664 96870 0 0 1 standing 
9 990 526 1095 665 96871 0 0 1 standing 
9 1004 526 1110 665 96872 0 0 1 standing 
9 1018 525 1125 666 96873 0 0 1 standing 
9 1032 525 1141 667 96874 0 0 0 standing 
10 755 399 818 579 96855 0 0 0 standing 
10 754 405 817 581 96856 0 0 1 blocking 
10 754 411 817 583 96857 0 0 1 blocking 
10 754 417 816 586 96858 0 0 1 blocking 
10 753 423 816 588 96859 0 0 1 blocking 
10 753 430 816 591 96860 0 0 1 blocking 
10 753 436 815 593 96861 0 0 1 blocking 
10 752 442 815 595 96862 0 0 1 blocking 
10 752 448 814 598 96863 0 0 1 blocking 
10 752 454 814 600 96864 0 0 1 blocking 
10 752 461 814 603 96865 0 0 0 blocking 
10 757 464 823 606 96866 0 0 1 blocking 
10 762 468 832 610 96867 0 0 1 blocking 
10 767 472 841 613 96868 0 0 1 blocking 
10 772 475 851 617 96869 0 0 1 blocking 
10 778 479 860 621 96870 0 0 1 blocking 
10 783 483 869 624 96871 0 0 1 blocking 
10 788 486 879 628 96872 0 0 1 blocking 
10 793 490 888 631 96873 0 0 1 blocking 
10 798 494 897 635 96874 0 0 1 blocking 
11 741 422 831 583 96855 0 0 0 blocking 
11 744 426 830 587 96856 0 0 1 blocking 
11 747 431 830 592 96857 0 0 1 blocking 
11 750 436 829 597 96858 0 0 1 blocking 
11 754 441 829 602 96859 0 0 1 blocking 
11 757 446 828 607 96860 0 0 1 blocking 
11 760 451 828 611 96861 0 0 1 blocking 
11 764 456 827 616 96862 0 0 1 blocking 
11 767 461 827 621 96863 0 0 1 blocking 
11 770 466 826 626 96864 0 0 1 blocking 
11 774 471 826 631 96865 0 0 0 blocking 
11 784 473 836 633 96866 0 0 1 blocking 
11 794 475 846 635 96867 0 0 1 blocking 
11 804 477 856 637 96868 0 0 1 blocking 
11 814 479 866 639 96869 0 0 1 blocking 
11 824 482 876 642 96870 0 0 1 blocking 
11 834 484 886 644 96871 0 0 1 blocking 
11 844 486 896 646 96872 0 0 1 blocking 
11 854 488 906 648 96873 0 0 1 blocking 
11 864 490 916 650 96874 0 0 1 blocking 
