0 835 416 891 517 36015 0 1 0 falling 
0 828 419 887 516 36016 0 1 1 falling 
0 822 422 884 516 36017 0 1 1 falling 
0 816 425 880 516 36018 0 1 1 falling 
0 810 429 877 515 36019 0 1 1 falling 
0 804 432 874 515 36020 0 1 1 falling 
0 797 435 870 515 36021 0 1 1 falling 
0 791 439 867 514 36022 0 1 1 falling 
0 785 442 863 514 36023 0 1 1 falling 
0 779 445 860 514 36024 0 1 1 falling 
0 773 449 857 514 36025 0 1 0 falling 
0 770 445 853 512 36026 0 1 1 falling 
0 768 441 849 510 36027 0 1 1 falling 
0 765 437 845 508 36028 0 1 1 falling 
0 763 434 841 506 36029 0 1 1 falling 
0 761 430 838 504 36030 0 1 1 falling 
0 758 426 834 502 36031 0 1 1 falling 
0 756 423 830 500 36032 0 1 1 falling 
0 753 419 826 498 36033 0 1 1 falling 
0 751 415 822 496 36034 0 1 1 falling 
1 851 491 919 590 36015 0 0 0 falling 
1 849 488 920 588 36016 0 0 1 standing 
1 847 486 922 587 36017 0 0 1 standing 
1 846 484 924 586 36018 0 0 0 standing 
1 845 482 923 584 36019 0 0 1 standing 
1 844 480 922 582 36020 0 0 1 standing 
1 844 478 922 580 36021 0 0 0 standing 
1 842 474 919 579 36022 0 0 1 standing 
1 840 471 916 578 36023 0 0 1 standing 
1 839 468 914 578 36024 0 0 0 standing 
1 836 464 909 576 36025 0 0 1 standing 
1 833 461 905 574 36026 0 0 1 standing 
1 830 458 901 573 36027 0 0 0 standing 
1 824 457 898 570 36028 0 0 1 standing 
1 818 456 895 568 36029 0 0 1 standing 
1 813 455 893 566 36030 0 0 0 standing 
1 812 453 891 565 36031 0 0 1 standing 
1 811 452 890 564 36032 0 0 1 standing 
1 810 450 888 563 36033 0 0 1 standing 
1 809 449 887 562 36034 0 0 1 standing 
2 1065 439 1120 557 36015 0 0 0 standing 
2 1063 440 1119 553 36016 0 0 1 waiting 
2 1061 441 1118 550 36017 0 0 1 waiting 
2 1060 443 1118 547 36018 0 0 0 waiting 
2 1058 441 1115 547 36019 0 0 1 waiting 
2 1057 439 1113 547 36020 0 0 1 waiting 
2 1056 438 1111 548 36021 0 0 0 waiting 
2 1054 432 1110 544 36022 0 0 1 waiting 
2 1052 426 1109 540 36023 0 0 1 waiting 
2 1050 421 1109 536 36024 0 0 0 waiting 
2 1048 417 1111 533 36025 0 0 1 waiting 
2 1047 414 1113 531 36026 0 0 1 waiting 
2 1045 410 1116 528 36027 0 0 1 waiting 
2 1044 407 1118 526 36028 0 0 1 waiting 
2 1043 404 1120 524 36029 0 0 1 waiting 
2 1041 400 1123 521 36030 0 0 1 waiting 
2 1040 397 1125 519 36031 0 0 1 waiting 
2 1039 394 1127 517 36032 0 0 1 waiting 
2 1037 390 1130 514 36033 0 0 1 waiting 
2 1036 387 1132 512 36034 0 0 1 waiting 
3 117 485 192 628 36015 0 0 0 waiting 
3 117 484 202 625 36016 0 0 1 standing 
3 117 483 212 623 36017 0 0 1 standing 
3 118 482 222 621 36018 0 0 0 standing 
3 127 480 225 620 36019 0 0 1 standing 
3 136 479 229 619 36020 0 0 1 standing 
3 146 478 233 618 36021 0 0 0 standing 
3 158 475 245 616 36022 0 0 1 standing 
3 170 473 257 615 36023 0 0 1 standing 
3 182 470 269 614 36024 0 0 1 standing 
3 194 468 281 612 36025 0 0 1 standing 
3 206 465 293 611 36026 0 0 1 standing 
3 218 463 305 610 36027 0 0 0 standing 
3 220 457 306 610 36028 0 0 1 standing 
3 222 452 308 610 36029 0 0 1 standing 
3 224 447 310 611 36030 0 0 0 standing 
3 226 441 309 606 36031 0 0 1 standing 
3 228 435 308 601 36032 0 0 1 standing 
3 231 429 308 597 36033 0 0 1 standing 
3 233 423 307 592 36034 0 0 1 standing 
4 172 433 213 564 36015 0 0 0 standing 
4 173 433 217 562 36016 0 0 1 standing 
4 174 434 221 560 36017 0 0 1 standing 
4 176 435 226 558 36018 0 0 0 standing 
4 177 431 226 555 36019 0 0 1 standing 
4 178 427 227 552 36020 0 0 1 standing 
4 180 423 228 549 36021 0 0 1 standing 
4 181 419 228 546 36022 0 0 1 standing 
4 182 415 229 543 36023 0 0 1 standing 
4 184 412 230 540 36024 0 0 0 standing 
4 185 408 235 538 36025 0 0 1 standing 
4 186 404 240 537 36026 0 0 1 standing 
4 188 400 246 536 36027 0 0 0 standing 
4 188 398 245 534 36028 0 0 1 standing 
4 188 396 244 533 36029 0 0 1 standing 
4 188 395 243 532 36030 0 0 1 standing 
4 189 393 243 531 36031 0 0 1 standing 
4 189 391 242 530 36032 0 0 1 standing 
4 189 390 241 529 36033 0 0 1 standing 
4 189 388 240 528 36034 0 0 1 standing 
5 222 413 296 520 36015 0 0 0 standing 
5 227 409 301 518 36016 0 0 1 moving 
5 232 405 306 517 36017 0 0 1 moving 
5 237 402 312 516 36018 0 0 0 moving 
5 237 399 322 513 36019 0 0 1 moving 
5 238 396 332 510 36020 0 0 1 moving 
5 239 393 342 508 36021 0 0 0 moving 
5 246 390 337 505 36022 0 0 1 moving 
5 253 388 332 502 36023 0 0 1 moving 
5 261 386 328 500 36024 0 0 0 moving 
5 267 382 330 498 36025 0 0 1 moving 
5 273 378 332 497 36026 0 0 1 moving 
5 279 374 334 496 36027 0 0 0 moving 
5 279 372 339 494 36028 0 0 1 moving 
5 279 370 345 493 36029 0 0 1 moving 
5 280 369 351 492 36030 0 0 0 moving 
5 280 367 349 490 36031 0 0 1 moving 
5 281 365 347 489 36032 0 0 1 moving 
5 282 364 346 488 36033 0 0 1 moving 
5 283 362 344 487 36034 0 0 1 moving 
6 432 360 473 452 36015 0 0 0 moving 
6 432 357 480 453 36016 0 0 1 standing 
6 433 355 488 454 36017 0 0 1 standing 
6 434 353 496 456 36018 0 0 0 standing 
6 438 350 497 453 36019 0 0 1 standing 
6 443 348 498 451 36020 0 0 1 standing 
6 447 346 500 449 36021 0 0 1 standing 
6 452 344 501 447 36022 0 0 1 standing 
6 456 342 502 445 36023 0 0 1 standing 
6 461 340 504 443 36024 0 0 0 standing 
6 462 337 505 441 36025 0 0 1 standing 
6 464 334 506 440 36026 0 0 1 standing 
6 466 332 508 439 36027 0 0 0 standing 
6 468 331 509 437 36028 0 0 1 standing 
6 470 331 511 436 36029 0 0 1 standing 
6 472 331 513 435 36030 0 0 1 standing 
6 474 331 515 434 36031 0 0 1 standing 
6 476 330 516 433 36032 0 0 1 standing 
6 478 330 518 432 36033 0 0 1 standing 
6 480 330 520 431 36034 0 0 1 standing 
7 511 366 558 503 36015 0 0 0 standing 
7 513 361 560 501 36016 0 0 1 jumping 
7 516 357 562 499 36017 0 0 1 jumping 
7 519 353 565 497 36018 0 0 0 jumping 
7 520 353 566 496 36019 0 0 1 jumping 
7 521 353 568 496 36020 0 0 1 jumping 
7 523 354 569 495 36021 0 0 1 jumping 
7 524 354 571 495 36022 0 0 1 jumping 
7 526 355 572 494 36023 0 0 1 jumping 
7 527 355 574 494 36024 0 0 1 jumping 
7 529 356 576 494 36025 0 0 0 jumping 
7 529 358 575 496 36026 0 0 1 jumping 
7 530 360 575 498 36027 0 0 1 jumping 
7 530 362 574 500 36028 0 0 1 jumping 
7 531 364 574 502 36029 0 0 1 jumping 
7 531 366 573 504 36030 0 0 1 jumping 
7 532 368 573 506 36031 0 0 1 jumping 
7 532 370 572 508 36032 0 0 1 jumping 
7 533 372 572 510 36033 0 0 1 jumping 
7 533 374 571 512 36034 0 0 1 jumping 
8 579 369 618 522 36015 0 0 0 jumping 
8 577 379 614 526 36016 0 0 1 jumping 
8 575 389 611 530 36017 0 0 1 jumping 
8 573 400 608 535 36018 0 0 0 jumping 
8 570 403 606 538 36019 0 0 1 jumping 
8 567 406 604 541 36020 0 0 1 jumping 
8 564 410 602 545 36021 0 0 0 jumping 
8 558 406 597 542 36022 0 0 1 jumping 
8 553 403 592 539 36023 0 0 1 jumping 
8 547 400 587 536 36024 0 0 1 jumping 
8 542 397 582 533 36025 0 0 0 jumping 
8 534 396 577 533 36026 0 0 1 jumping 
8 527 396 573 533 36027 0 0 1 jumping 
8 520 395 569 534 36028 0 0 1 jumping 
8 513 395 565 534 36029 0 0 1 jumping 
8 506 395 560 534 36030 0 0 1 jumping 
8 499 394 556 535 36031 0 0 1 jumping 
8 492 394 552 535 36032 0 0 1 jumping 
8 485 394 548 536 36033 0 0 0 jumping 
8 485 394 547 535 36034 0 0 1 jumping 
9 629 417 666 551 36015 0 0 0 jumping 
9 630 414 666 548 36016 0 0 1 standing 
9 631 411 666 546 36017 0 0 1 standing 
9 632 409 667 544 36018 0 0 0 standing 
9 629 405 664 540 36019 0 0 1 standing 
9 626 402 661 536 36020 0 0 1 standing 
9 624 399 659 533 36021 0 0 1 standing 
9 621 395 656 529 36022 0 0 1 standing 
9 619 392 654 526 36023 0 0 1 standing 
9 616 389 651 522 36024 0 0 1 standing 
9 614 386 649 519 36025 0 0 0 standing 
9 613 384 648 515 36026 0 0 1 standing 
9 613 382 648 512 36027 0 0 1 standing 
9 613 381 647 509 36028 0 0 1 standing 
9 612 379 647 506 36029 0 0 1 standing 
9 612 378 647 503 36030 0 0 1 standing 
9 612 376 646 500 36031 0 0 1 standing 
9 611 374 646 497 36032 0 0 1 standing 
9 611 373 645 494 36033 0 0 1 standing 
9 611 371 645 491 36034 0 0 1 standing 
10 642 416 678 536 36015 0 0 0 standing 
10 639 414 675 534 36016 0 0 1 standing 
10 637 413 672 533 36017 0 0 1 standing 
10 634 412 670 531 36018 0 0 1 standing 
10 632 410 667 530 36019 0 0 1 standing 
10 629 409 664 528 36020 0 0 1 standing 
10 627 408 662 527 36021 0 0 0 standing 
10 624 407 662 526 36022 0 0 1 standing 
10 621 407 662 526 36023 0 0 1 standing 
10 619 406 662 525 36024 0 0 1 standing 
10 616 406 662 525 36025 0 0 1 standing 
10 613 405 662 524 36026 0 0 1 standing 
10 611 405 662 524 36027 0 0 0 standing 
10 606 406 661 524 36028 0 0 1 standing 
10 601 407 660 525 36029 0 0 1 standing 
10 596 408 659 526 36030 0 0 0 standing 
10 594 408 658 527 36031 0 0 1 standing 
10 593 408 658 528 36032 0 0 1 standing 
10 592 408 657 529 36033 0 0 1 standing 
10 591 408 657 530 36034 0 0 1 standing 
11 641 393 685 494 36015 0 0 0 standing 
11 638 393 682 495 36016 0 0 1 standing 
11 636 393 680 497 36017 0 0 1 standing 
11 634 393 678 499 36018 0 0 0 standing 
11 631 390 678 500 36019 0 0 1 standing 
11 629 387 678 501 36020 0 0 1 standing 
11 627 385 678 503 36021 0 0 0 standing 
11 625 382 675 499 36022 0 0 1 standing 
11 623 379 672 496 36023 0 0 1 standing 
11 621 376 669 492 36024 0 0 1 standing 
11 620 374 666 489 36025 0 0 0 standing 
11 620 372 664 487 36026 0 0 1 standing 
11 620 371 663 486 36027 0 0 1 standing 
11 620 370 662 484 36028 0 0 1 standing 
11 620 369 661 483 36029 0 0 1 standing 
11 620 368 660 482 36030 0 0 1 standing 
11 620 366 658 480 36031 0 0 1 standing 
11 620 365 657 479 36032 0 0 1 standing 
11 620 364 656 477 36033 0 0 1 standing 
11 620 363 655 476 36034 0 0 1 standing 
