0 899 464 979 607 73620 0 1 0 digging 
0 894 460 974 605 73621 0 1 1 digging 
0 890 457 970 604 73622 0 1 1 digging 
0 886 454 965 602 73623 0 1 1 digging 
0 882 450 961 601 73624 0 1 1 digging 
0 878 447 957 599 73625 0 1 1 digging 
0 874 444 952 598 73626 0 1 1 digging 
0 870 440 948 596 73627 0 1 1 digging 
0 866 437 943 595 73628 0 1 1 digging 
0 862 434 939 593 73629 0 1 1 digging 
0 858 431 935 592 73630 0 1 0 digging 
0 857 430 933 589 73631 0 1 1 digging 
0 856 429 932 586 73632 0 1 1 digging 
0 855 428 931 583 73633 0 1 1 digging 
0 854 427 930 580 73634 0 1 1 digging 
0 853 426 929 578 73635 0 1 1 digging 
0 852 425 928 575 73636 0 1 1 digging 
0 851 424 927 572 73637 0 1 1 digging 
0 850 423 926 569 73638 0 1 1 digging 
0 849 422 925 566 73639 0 1 1 digging 
1 1035 421 1118 567 73620 0 0 0 digging 
1 1033 417 1119 567 73621 0 0 1 standing 
1 1032 414 1120 567 73622 0 0 1 standing 
1 1031 411 1122 567 73623 0 0 0 standing 
1 1033 406 1122 563 73624 0 0 1 standing 
1 1035 401 1122 559 73625 0 0 1 standing 
1 1038 397 1122 556 73626 0 0 0 standing 
1 1040 395 1123 551 73627 0 0 1 standing 
1 1043 393 1124 547 73628 0 0 1 standing 
1 1046 391 1125 542 73629 0 0 1 standing 
1 1049 389 1127 538 73630 0 0 0 standing 
1 1048 389 1130 537 73631 0 0 1 standing 
1 1047 389 1133 537 73632 0 0 1 standing 
1 1047 389 1136 536 73633 0 0 1 standing 
1 1046 389 1139 536 73634 0 0 1 standing 
1 1046 390 1142 536 73635 0 0 0 standing 
1 1045 387 1144 533 73636 0 0 1 standing 
1 1045 384 1146 530 73637 0 0 1 standing 
1 1045 382 1148 528 73638 0 0 0 standing 
1 1045 381 1147 527 73639 0 0 1 standing 
2 969 351 1045 478 73620 0 0 0 standing 
2 970 351 1044 477 73621 0 0 1 standing 
2 971 351 1043 476 73622 0 0 1 standing 
2 972 352 1043 476 73623 0 0 0 standing 
2 966 349 1044 475 73624 0 0 1 standing 
2 960 346 1045 475 73625 0 0 1 standing 
2 955 344 1046 475 73626 0 0 0 standing 
2 957 341 1046 474 73627 0 0 1 standing 
2 960 338 1047 473 73628 0 0 1 standing 
2 963 336 1047 473 73629 0 0 1 standing 
2 965 333 1048 472 73630 0 0 1 standing 
2 968 330 1048 471 73631 0 0 1 standing 
2 971 328 1049 471 73632 0 0 0 standing 
2 973 327 1050 470 73633 0 0 1 standing 
2 975 326 1051 469 73634 0 0 1 standing 
2 977 325 1052 468 73635 0 0 1 standing 
2 979 324 1053 467 73636 0 0 1 standing 
2 981 323 1054 466 73637 0 0 1 standing 
2 983 322 1055 465 73638 0 0 1 standing 
2 985 321 1056 464 73639 0 0 1 standing 
3 856 407 927 538 73620 0 0 0 standing 
3 853 405 922 535 73621 0 0 1 standing 
3 850 403 917 533 73622 0 0 1 standing 
3 848 401 913 531 73623 0 0 1 standing 
3 845 399 908 529 73624 0 0 1 standing 
3 843 397 904 527 73625 0 0 1 standing 
3 840 396 899 525 73626 0 0 1 standing 
3 837 394 894 522 73627 0 0 1 standing 
3 835 392 890 520 73628 0 0 1 standing 
3 832 390 885 518 73629 0 0 1 standing 
3 830 388 881 516 73630 0 0 1 standing 
3 827 386 876 514 73631 0 0 1 standing 
3 825 385 872 512 73632 0 0 0 standing 
3 820 383 869 512 73633 0 0 1 standing 
3 815 381 866 513 73634 0 0 1 standing 
3 810 379 864 514 73635 0 0 0 standing 
3 805 380 862 514 73636 0 0 1 standing 
3 801 381 861 514 73637 0 0 1 standing 
3 796 383 859 514 73638 0 0 1 standing 
3 792 384 858 514 73639 0 0 1 standing 
4 788 489 862 624 73620 0 0 0 standing 
4 783 488 864 623 73621 0 0 1 standing 
4 779 487 867 622 73622 0 0 1 standing 
4 775 486 870 621 73623 0 0 0 standing 
4 774 485 875 623 73624 0 0 1 standing 
4 774 484 880 625 73625 0 0 1 standing 
4 774 483 885 627 73626 0 0 0 standing 
4 783 482 888 625 73627 0 0 1 standing 
4 792 481 891 623 73628 0 0 1 standing 
4 802 480 894 622 73629 0 0 0 standing 
4 805 477 898 622 73630 0 0 1 standing 
4 808 474 902 622 73631 0 0 1 standing 
4 811 472 907 623 73632 0 0 0 standing 
4 821 473 907 628 73633 0 0 1 standing 
4 831 475 907 634 73634 0 0 1 standing 
4 841 477 908 640 73635 0 0 0 standing 
4 840 478 918 642 73636 0 0 1 standing 
4 839 479 929 644 73637 0 0 1 standing 
4 838 480 939 647 73638 0 0 1 standing 
4 837 481 950 649 73639 0 0 1 standing 
5 743 401 826 528 73620 0 0 0 standing 
5 741 398 831 526 73621 0 0 1 moving 
5 739 396 836 525 73622 0 0 1 moving 
5 737 394 841 524 73623 0 0 0 moving 
5 733 389 845 520 73624 0 0 1 moving 
5 730 384 849 517 73625 0 0 1 moving 
5 727 379 854 514 73626 0 0 0 moving 
5 734 374 849 510 73627 0 0 1 moving 
5 741 369 844 507 73628 0 0 1 moving 
5 748 365 839 504 73629 0 0 0 moving 
5 750 363 839 502 73630 0 0 1 moving 
5 753 361 839 500 73631 0 0 1 moving 
5 755 359 840 498 73632 0 0 1 moving 
5 758 357 840 496 73633 0 0 1 moving 
5 760 355 840 494 73634 0 0 1 moving 
5 763 354 841 493 73635 0 0 0 moving 
5 760 352 841 491 73636 0 0 1 moving 
5 757 350 841 489 73637 0 0 1 moving 
5 755 349 842 488 73638 0 0 0 moving 
5 757 348 841 487 73639 0 0 1 moving 
6 647 465 715 618 73620 0 0 0 moving 
6 643 464 710 617 73621 0 0 1 standing 
6 640 463 705 616 73622 0 0 1 standing 
6 637 462 700 615 73623 0 0 1 standing 
6 633 462 695 614 73624 0 0 1 standing 
6 630 461 690 613 73625 0 0 1 standing 
6 627 460 685 612 73626 0 0 1 standing 
6 623 460 680 611 73627 0 0 1 standing 
6 620 459 675 610 73628 0 0 1 standing 
6 617 458 670 609 73629 0 0 1 standing 
6 614 458 666 609 73630 0 0 0 standing 
6 609 453 661 606 73631 0 0 1 standing 
6 604 449 657 603 73632 0 0 1 standing 
6 600 445 653 601 73633 0 0 1 standing 
6 595 441 649 598 73634 0 0 1 standing 
6 590 437 645 595 73635 0 0 1 standing 
6 586 433 641 593 73636 0 0 1 standing 
6 581 429 637 590 73637 0 0 1 standing 
6 577 425 633 588 73638 0 0 0 standing 
6 576 425 631 587 73639 0 0 1 standing 
7 679 431 721 579 73620 0 0 0 standing 
7 672 430 715 578 73621 0 0 1 standing 
7 665 429 709 577 73622 0 0 1 standing 
7 658 428 703 576 73623 0 0 1 standing 
7 651 427 698 575 73624 0 0 1 standing 
7 644 426 692 574 73625 0 0 1 standing 
7 637 425 686 573 73626 0 0 1 standing 
7 630 424 681 572 73627 0 0 1 standing 
7 623 423 675 571 73628 0 0 1 standing 
7 616 422 669 570 73629 0 0 1 standing 
7 610 422 664 570 73630 0 0 0 standing 
7 600 418 657 568 73631 0 0 1 standing 
7 591 415 650 566 73632 0 0 1 standing 
7 581 412 643 564 73633 0 0 1 standing 
7 572 409 636 562 73634 0 0 1 standing 
7 563 406 630 560 73635 0 0 0 standing 
7 554 405 623 557 73636 0 0 1 standing 
7 545 405 617 555 73637 0 0 1 standing 
7 536 404 610 552 73638 0 0 1 standing 
7 527 404 604 550 73639 0 0 1 standing 
8 424 351 507 467 73620 0 0 0 standing 
8 421 352 506 465 73621 0 0 1 moving 
8 419 354 505 463 73622 0 0 1 moving 
8 417 356 504 462 73623 0 0 0 moving 
8 412 356 500 461 73624 0 0 1 moving 
8 407 356 496 460 73625 0 0 1 moving 
8 402 357 492 460 73626 0 0 0 moving 
8 402 353 489 460 73627 0 0 1 moving 
8 403 350 486 461 73628 0 0 1 moving 
8 403 347 483 461 73629 0 0 1 moving 
8 404 344 480 462 73630 0 0 0 moving 
8 408 344 483 462 73631 0 0 1 moving 
8 412 344 487 462 73632 0 0 1 moving 
8 416 344 491 462 73633 0 0 1 moving 
8 420 344 495 462 73634 0 0 1 moving 
8 424 345 499 463 73635 0 0 0 moving 
8 427 345 502 463 73636 0 0 1 moving 
8 431 345 505 463 73637 0 0 1 moving 
8 434 345 508 463 73638 0 0 1 moving 
8 438 345 511 463 73639 0 0 1 moving 
9 224 375 322 474 73620 0 0 0 moving 
9 221 374 321 474 73621 0 0 1 moving 
9 218 373 320 475 73622 0 0 1 moving 
9 215 373 319 476 73623 0 0 0 moving 
9 218 370 316 475 73624 0 0 1 moving 
9 221 367 313 475 73625 0 0 1 moving 
9 224 365 311 475 73626 0 0 0 moving 
9 232 362 313 474 73627 0 0 1 moving 
9 240 359 316 473 73628 0 0 1 moving 
9 248 357 319 472 73629 0 0 0 moving 
9 247 356 318 474 73630 0 0 1 moving 
9 247 356 317 476 73631 0 0 1 moving 
9 247 355 316 478 73632 0 0 1 moving 
9 246 355 315 480 73633 0 0 1 moving 
9 246 354 314 482 73634 0 0 1 moving 
9 246 354 313 485 73635 0 0 0 moving 
9 245 353 314 484 73636 0 0 1 moving 
9 245 353 315 484 73637 0 0 1 moving 
9 244 353 316 484 73638 0 0 1 moving 
9 244 353 317 484 73639 0 0 1 moving 
10 99 401 155 529 73620 0 0 0 moving 
10 96 399 154 528 73621 0 0 1 standing 
10 93 398 154 527 73622 0 0 1 standing 
10 91 397 154 527 73623 0 0 0 standing 
10 89 395 151 525 73624 0 0 1 standing 
10 87 394 148 523 73625 0 0 1 standing 
10 86 393 145 521 73626 0 0 0 standing 
10 82 394 140 522 73627 0 0 1 standing 
10 79 395 136 523 73628 0 0 1 standing 
10 76 396 131 524 73629 0 0 1 standing 
10 73 398 127 525 73630 0 0 0 standing 
10 67 397 122 524 73631 0 0 1 standing 
10 61 397 118 523 73632 0 0 1 standing 
10 56 396 113 523 73633 0 0 1 standing 
10 50 396 109 522 73634 0 0 1 standing 
10 45 396 105 522 73635 0 0 0 standing 
10 42 395 100 522 73636 0 0 1 standing 
10 39 395 96 522 73637 0 0 1 standing 
10 36 395 92 522 73638 0 0 1 standing 
10 33 395 88 522 73639 0 0 1 standing 
11 126 447 197 603 73620 0 0 0 standing 
11 125 447 195 602 73621 0 0 1 standing 
11 125 447 194 602 73622 0 0 1 standing 
11 125 448 193 602 73623 0 0 0 standing 
11 122 449 196 601 73624 0 0 1 standing 
11 119 451 199 600 73625 0 0 1 standing 
11 116 453 202 600 73626 0 0 0 standing 
11 114 450 199 601 73627 0 0 1 standing 
11 112 447 196 602 73628 0 0 1 standing 
11 111 445 194 604 73629 0 0 0 standing 
11 111 443 193 603 73630 0 0 1 standing 
11 112 441 192 603 73631 0 0 1 standing 
11 113 439 192 602 73632 0 0 1 standing 
11 113 437 191 602 73633 0 0 1 standing 
11 114 435 190 601 73634 0 0 1 standing 
11 115 434 190 601 73635 0 0 0 standing 
11 114 434 192 600 73636 0 0 1 standing 
11 114 434 194 600 73637 0 0 1 standing 
11 114 434 197 600 73638 0 0 1 standing 
11 114 434 199 600 73639 0 0 1 standing 
