0 423 478 506 640 99505 0 1 0 jumping 
0 418 465 499 633 99506 0 1 1 jumping 
0 414 452 493 627 99507 0 1 1 jumping 
0 410 439 486 621 99508 0 1 1 jumping 
0 406 426 480 614 99509 0 1 1 jumping 
0 402 413 474 608 99510 0 1 1 jumping 
0 398 400 467 602 99511 0 1 1 jumping 
0 394 387 461 595 99512 0 1 1 jumping 
0 390 374 454 589 99513 0 1 1 jumping 
0 386 361 448 583 99514 0 1 1 jumping 
0 382 348 442 577 99515 0 1 0 jumping 
0 378 355 439 580 99516 0 1 1 jumping 
0 375 363 436 583 99517 0 1 1 jumping 
0 371 371 433 587 99518 0 1 1 jumping 
0 368 379 430 590 99519 0 1 1 jumping 
0 365 387 427 594 99520 0 1 1 jumping 
0 361 394 424 597 99521 0 1 1 jumping 
0 358 402 421 601 99522 0 1 1 jumping 
0 355 410 418 604 99523 0 1 1 jumping 
0 351 418 415 608 99524 0 1 1 jumping 
1 601 469 656 605 99505 0 1 0 jumping 
1 591 459 646 601 99506 0 1 1 blocking 
1 582 450 636 597 99507 0 1 1 blocking 
1 572 440 627 593 99508 0 1 1 blocking 
1 563 431 617 590 99509 0 1 1 blocking 
1 553 422 608 586 99510 0 1 1 blocking 
1 544 412 598 582 99511 0 1 1 blocking 
1 534 403 588 579 99512 0 1 1 blocking 
1 525 393 579 575 99513 0 1 1 blocking 
1 515 384 569 571 99514 0 1 1 blocking 
1 506 375 560 568 99515 0 1 0 blocking 
1 495 377 552 571 99516 0 1 1 blocking 
1 485 380 544 575 99517 0 1 1 blocking 
1 475 383 536 579 99518 0 1 1 blocking 
1 464 385 528 582 99519 0 1 1 blocking 
1 454 388 520 586 99520 0 1 1 blocking 
1 444 391 512 590 99521 0 1 0 blocking 
1 442 400 507 594 99522 0 1 1 blocking 
1 440 409 502 599 99523 0 1 1 blocking 
1 439 419 498 603 99524 0 1 1 blocking 
2 154 410 199 556 99505 0 0 0 blocking 
2 145 409 191 551 99506 0 0 1 standing 
2 136 409 184 547 99507 0 0 1 standing 
2 128 409 177 543 99508 0 0 0 standing 
2 120 409 169 543 99509 0 0 1 standing 
2 113 409 162 543 99510 0 0 1 standing 
2 106 409 155 543 99511 0 0 0 standing 
2 99 411 147 542 99512 0 0 1 standing 
2 92 414 140 541 99513 0 0 1 standing 
2 85 417 133 541 99514 0 0 0 standing 
2 76 416 126 541 99515 0 0 1 standing 
2 67 415 119 542 99516 0 0 1 standing 
2 58 415 112 543 99517 0 0 0 standing 
2 49 413 104 544 99518 0 0 1 standing 
2 40 411 96 546 99519 0 0 1 standing 
2 31 410 89 548 99520 0 0 0 standing 
2 21 411 78 548 99521 0 0 1 standing 
2 11 413 67 548 99522 0 0 1 standing 
2 2 415 56 548 99523 0 0 0 standing 
2 2 415 56 548 99524 0 0 1 standing 
3 348 398 421 523 99505 0 0 0 standing 
3 346 399 419 524 99506 0 0 1 standing 
3 344 400 417 525 99507 0 0 1 standing 
3 343 401 416 526 99508 0 0 0 standing 
3 343 402 416 527 99509 0 0 1 standing 
3 343 403 416 528 99510 0 0 1 standing 
3 343 405 416 530 99511 0 0 0 standing 
3 341 404 414 529 99512 0 0 1 standing 
3 339 403 412 528 99513 0 0 1 standing 
3 337 402 411 527 99514 0 0 0 standing 
3 329 401 401 527 99515 0 0 1 standing 
3 321 400 392 528 99516 0 0 1 standing 
3 314 400 383 529 99517 0 0 0 standing 
3 304 400 379 529 99518 0 0 1 standing 
3 295 400 376 529 99519 0 0 1 standing 
3 286 401 373 529 99520 0 0 0 standing 
3 276 400 363 530 99521 0 0 1 standing 
3 267 399 354 531 99522 0 0 1 standing 
3 258 398 345 532 99523 0 0 1 standing 
3 249 397 336 533 99524 0 0 1 standing 
4 464 413 549 553 99505 0 0 0 standing 
4 447 410 538 553 99506 0 0 1 standing 
4 431 408 528 553 99507 0 0 1 standing 
4 415 406 518 553 99508 0 0 0 standing 
4 404 405 499 553 99509 0 0 1 standing 
4 394 405 481 553 99510 0 0 1 standing 
4 384 405 463 553 99511 0 0 0 standing 
4 378 404 448 553 99512 0 0 1 standing 
4 372 404 433 553 99513 0 0 1 standing 
4 366 404 418 553 99514 0 0 0 standing 
4 349 404 411 553 99515 0 0 1 standing 
4 332 405 405 553 99516 0 0 1 standing 
4 316 406 399 554 99517 0 0 0 standing 
4 304 409 384 554 99518 0 0 1 standing 
4 292 412 369 554 99519 0 0 1 standing 
4 281 416 355 554 99520 0 0 0 standing 
4 272 416 347 554 99521 0 0 1 standing 
4 263 416 339 555 99522 0 0 1 standing 
4 254 417 331 555 99523 0 0 1 standing 
4 245 417 323 556 99524 0 0 1 standing 
5 492 305 554 448 99505 0 0 0 standing 
5 485 304 546 449 99506 0 0 1 standing 
5 478 303 539 450 99507 0 0 1 standing 
5 472 303 532 451 99508 0 0 0 standing 
5 466 308 525 451 99509 0 0 1 standing 
5 460 313 519 451 99510 0 0 1 standing 
5 455 318 513 452 99511 0 0 0 standing 
5 444 320 502 454 99512 0 0 1 standing 
5 434 322 492 456 99513 0 0 1 standing 
5 424 325 482 459 99514 0 0 0 standing 
5 415 323 476 457 99515 0 0 1 standing 
5 407 321 471 455 99516 0 0 1 standing 
5 399 320 466 454 99517 0 0 0 standing 
5 390 318 456 453 99518 0 0 1 standing 
5 382 316 446 453 99519 0 0 1 standing 
5 374 315 437 453 99520 0 0 0 standing 
5 362 316 424 456 99521 0 0 1 standing 
5 350 317 411 459 99522 0 0 1 standing 
5 338 318 398 462 99523 0 0 1 standing 
5 326 319 385 465 99524 0 0 1 standing 
6 516 285 574 438 99505 0 0 0 standing 
6 508 291 566 444 99506 0 0 1 standing 
6 500 297 558 451 99507 0 0 1 standing 
6 493 304 551 458 99508 0 0 0 standing 
6 486 315 544 465 99509 0 0 1 standing 
6 480 326 538 473 99510 0 0 1 standing 
6 474 338 532 481 99511 0 0 0 standing 
6 472 343 525 482 99512 0 0 1 standing 
6 470 348 518 483 99513 0 0 1 standing 
6 468 353 511 485 99514 0 0 0 standing 
6 462 352 505 488 99515 0 0 1 standing 
6 456 352 499 491 99516 0 0 1 standing 
6 451 352 494 494 99517 0 0 0 standing 
6 441 350 484 494 99518 0 0 1 standing 
6 431 348 475 494 99519 0 0 1 standing 
6 422 346 466 494 99520 0 0 0 standing 
6 412 345 456 495 99521 0 0 1 standing 
6 403 344 447 496 99522 0 0 1 standing 
6 394 343 437 498 99523 0 0 1 standing 
6 385 342 428 499 99524 0 0 1 standing 
7 586 293 654 450 99505 0 0 0 standing 
7 581 300 646 453 99506 0 0 1 standing 
7 576 307 638 456 99507 0 0 1 standing 
7 572 315 631 460 99508 0 0 0 standing 
7 563 321 621 464 99509 0 0 1 standing 
7 555 327 611 468 99510 0 0 1 standing 
7 547 333 601 472 99511 0 0 0 standing 
7 538 336 591 475 99512 0 0 1 standing 
7 530 340 581 479 99513 0 0 1 standing 
7 522 344 571 483 99514 0 0 0 standing 
7 517 342 566 481 99515 0 0 1 standing 
7 512 340 561 479 99516 0 0 1 standing 
7 507 339 556 478 99517 0 0 0 standing 
7 498 336 547 475 99518 0 0 1 standing 
7 489 333 538 472 99519 0 0 1 standing 
7 481 331 530 470 99520 0 0 0 standing 
7 471 332 523 470 99521 0 0 1 standing 
7 462 333 517 471 99522 0 0 1 standing 
7 453 334 510 472 99523 0 0 1 standing 
7 444 335 504 473 99524 0 0 1 standing 
8 627 364 683 466 99505 0 0 0 standing 
8 623 364 686 466 99506 0 0 1 standing 
8 619 365 690 467 99507 0 0 1 standing 
8 616 366 694 468 99508 0 0 0 standing 
8 608 367 691 469 99509 0 0 1 standing 
8 601 369 689 471 99510 0 0 1 standing 
8 594 371 687 473 99511 0 0 0 standing 
8 598 371 681 474 99512 0 0 1 standing 
8 602 371 675 476 99513 0 0 1 standing 
8 606 371 670 478 99514 0 0 0 standing 
8 609 370 673 477 99515 0 0 1 standing 
8 612 369 676 476 99516 0 0 1 standing 
8 615 368 679 475 99517 0 0 0 standing 
8 609 371 682 477 99518 0 0 1 standing 
8 604 374 685 479 99519 0 0 1 standing 
8 599 378 688 482 99520 0 0 0 standing 
8 590 378 679 481 99521 0 0 1 standing 
8 582 379 671 481 99522 0 0 1 standing 
8 574 380 662 481 99523 0 0 1 standing 
8 566 381 654 481 99524 0 0 1 standing 
9 868 474 928 605 99505 0 0 0 standing 
9 859 475 925 605 99506 0 0 1 standing 
9 850 476 923 605 99507 0 0 1 standing 
9 842 477 921 605 99508 0 0 0 standing 
9 844 478 919 604 99509 0 0 1 standing 
9 846 479 917 603 99510 0 0 1 standing 
9 848 480 916 603 99511 0 0 0 standing 
9 851 482 918 610 99512 0 0 1 standing 
9 854 484 920 617 99513 0 0 1 standing 
9 858 487 922 624 99514 0 0 0 standing 
9 857 488 921 625 99515 0 0 1 standing 
9 857 489 921 626 99516 0 0 1 standing 
9 857 490 921 628 99517 0 0 0 standing 
9 850 491 914 629 99518 0 0 1 standing 
9 843 492 907 631 99519 0 0 1 standing 
9 837 494 901 633 99520 0 0 0 standing 
9 828 494 892 632 99521 0 0 1 standing 
9 819 494 883 631 99522 0 0 1 standing 
9 810 494 874 630 99523 0 0 1 standing 
9 801 494 865 629 99524 0 0 1 standing 
10 903 365 969 485 99505 0 0 0 standing 
10 887 366 960 483 99506 0 0 1 standing 
10 871 367 952 481 99507 0 0 1 standing 
10 856 368 944 480 99508 0 0 0 standing 
10 835 365 934 480 99509 0 0 1 standing 
10 814 362 925 480 99510 0 0 1 standing 
10 793 360 916 480 99511 0 0 0 standing 
10 776 360 897 484 99512 0 0 1 standing 
10 759 360 879 488 99513 0 0 1 standing 
10 743 360 861 493 99514 0 0 0 standing 
10 732 362 842 491 99515 0 0 1 standing 
10 722 365 824 489 99516 0 0 1 standing 
10 712 368 806 487 99517 0 0 0 standing 
10 705 370 795 491 99518 0 0 1 standing 
10 698 372 784 495 99519 0 0 1 standing 
10 691 375 773 500 99520 0 0 0 standing 
10 681 376 759 499 99521 0 0 1 standing 
10 671 377 745 498 99522 0 0 1 standing 
10 661 379 731 498 99523 0 0 1 standing 
10 651 380 717 497 99524 0 0 1 standing 
11 934 386 1019 518 99505 0 0 0 standing 
11 919 385 1009 518 99506 0 0 1 standing 
11 905 384 999 518 99507 0 0 1 standing 
11 891 384 989 518 99508 0 0 0 standing 
11 879 383 976 515 99509 0 0 1 standing 
11 868 383 963 512 99510 0 0 1 standing 
11 857 383 951 510 99511 0 0 0 standing 
11 850 383 937 511 99512 0 0 1 standing 
11 843 384 924 512 99513 0 0 1 standing 
11 837 385 911 513 99514 0 0 0 standing 
11 828 385 902 512 99515 0 0 1 standing 
11 820 385 894 511 99516 0 0 1 standing 
11 812 386 886 510 99517 0 0 0 standing 
11 803 386 877 508 99518 0 0 1 standing 
11 795 386 869 507 99519 0 0 1 standing 
11 787 387 861 506 99520 0 0 0 standing 
11 778 387 851 507 99521 0 0 1 standing 
11 769 387 841 508 99522 0 0 1 standing 
11 760 387 832 509 99523 0 0 1 standing 
11 751 387 822 510 99524 0 0 1 standing 
