0 811 448 864 586 62840 0 1 0 setting 
0 812 445 865 586 62841 0 1 1 setting 
0 813 443 866 587 62842 0 1 1 setting 
0 814 441 867 588 62843 0 1 1 setting 
0 816 439 868 589 62844 0 1 1 setting 
0 817 437 870 590 62845 0 1 1 setting 
0 818 434 871 591 62846 0 1 1 setting 
0 820 432 872 592 62847 0 1 1 setting 
0 821 430 873 593 62848 0 1 1 setting 
0 822 428 874 594 62849 0 1 1 setting 
0 824 426 876 595 62850 0 1 0 setting 
0 827 428 880 595 62851 0 1 1 setting 
0 830 431 884 596 62852 0 1 1 setting 
0 833 433 888 597 62853 0 1 1 setting 
0 836 436 893 598 62854 0 1 1 setting 
0 839 439 897 599 62855 0 1 1 setting 
0 842 441 901 599 62856 0 1 1 setting 
0 845 444 906 600 62857 0 1 1 setting 
0 848 446 910 601 62858 0 1 1 setting 
0 851 449 914 602 62859 0 1 1 setting 
1 827 352 896 460 62840 0 1 0 setting 
1 829 352 897 460 62841 0 1 1 moving 
1 831 352 899 460 62842 0 1 1 moving 
1 834 352 900 460 62843 0 1 1 moving 
1 836 352 902 460 62844 0 1 1 moving 
1 839 352 904 460 62845 0 1 1 moving 
1 841 352 905 460 62846 0 1 1 moving 
1 843 352 907 460 62847 0 1 1 moving 
1 846 352 908 460 62848 0 1 1 moving 
1 848 352 910 460 62849 0 1 1 moving 
1 851 353 912 460 62850 0 1 0 moving 
1 849 353 912 460 62851 0 1 1 moving 
1 848 353 912 460 62852 0 1 1 moving 
1 847 353 912 460 62853 0 1 1 moving 
1 845 354 912 461 62854 0 1 1 moving 
1 844 354 913 461 62855 0 1 1 moving 
1 843 354 913 461 62856 0 1 1 moving 
1 841 355 913 462 62857 0 1 1 moving 
1 840 355 913 462 62858 0 1 1 moving 
1 839 355 913 462 62859 0 1 1 moving 
2 869 372 931 502 62840 0 0 0 moving 
2 875 372 933 504 62841 0 0 1 standing 
2 881 373 935 507 62842 0 0 1 standing 
2 888 374 938 510 62843 0 0 0 standing 
2 889 376 943 510 62844 0 0 1 standing 
2 891 379 949 510 62845 0 0 1 standing 
2 893 382 955 511 62846 0 0 0 standing 
2 890 380 954 510 62847 0 0 1 standing 
2 888 379 954 510 62848 0 0 1 standing 
2 886 377 954 510 62849 0 0 1 standing 
2 884 376 954 509 62850 0 0 1 standing 
2 882 374 954 509 62851 0 0 1 standing 
2 880 373 954 509 62852 0 0 0 standing 
2 884 376 955 508 62853 0 0 1 standing 
2 889 379 956 508 62854 0 0 1 standing 
2 894 382 958 508 62855 0 0 0 standing 
2 893 383 961 508 62856 0 0 1 standing 
2 893 385 965 508 62857 0 0 1 standing 
2 893 386 968 509 62858 0 0 1 standing 
2 893 388 972 509 62859 0 0 1 standing 
3 621 442 697 582 62840 0 0 0 standing 
3 628 441 701 582 62841 0 0 1 standing 
3 635 440 705 582 62842 0 0 1 standing 
3 642 439 710 582 62843 0 0 0 standing 
3 653 439 719 581 62844 0 0 1 standing 
3 665 439 728 581 62845 0 0 1 standing 
3 677 439 738 581 62846 0 0 0 standing 
3 680 436 746 579 62847 0 0 1 standing 
3 683 433 754 577 62848 0 0 1 standing 
3 687 431 763 575 62849 0 0 0 standing 
3 699 430 770 572 62850 0 0 1 standing 
3 712 430 777 569 62851 0 0 1 standing 
3 725 430 784 567 62852 0 0 0 standing 
3 729 430 794 567 62853 0 0 1 standing 
3 733 430 804 567 62854 0 0 1 standing 
3 737 430 814 567 62855 0 0 0 standing 
3 748 428 822 566 62856 0 0 1 standing 
3 759 427 831 566 62857 0 0 1 standing 
3 770 426 839 566 62858 0 0 1 standing 
3 781 425 848 566 62859 0 0 1 standing 
4 656 418 725 556 62840 0 0 0 standing 
4 653 417 720 555 62841 0 0 1 standing 
4 651 417 716 555 62842 0 0 1 standing 
4 649 417 712 554 62843 0 0 1 standing 
4 646 416 708 554 62844 0 0 1 standing 
4 644 416 704 553 62845 0 0 1 standing 
4 642 416 700 553 62846 0 0 0 standing 
4 640 416 694 552 62847 0 0 1 standing 
4 638 416 688 552 62848 0 0 1 standing 
4 636 416 683 552 62849 0 0 0 standing 
4 636 416 683 552 62850 0 0 1 standing 
4 636 416 683 553 62851 0 0 1 standing 
4 636 416 683 553 62852 0 0 1 standing 
4 636 416 683 554 62853 0 0 1 standing 
4 636 416 683 554 62854 0 0 1 standing 
4 636 417 683 555 62855 0 0 1 standing 
4 636 417 683 555 62856 0 0 1 standing 
4 636 417 683 556 62857 0 0 1 standing 
4 636 417 683 556 62858 0 0 1 standing 
4 636 417 683 557 62859 0 0 1 standing 
5 857 540 940 679 62840 0 0 0 standing 
5 862 541 941 680 62841 0 0 1 moving 
5 867 542 942 681 62842 0 0 1 moving 
5 872 544 944 682 62843 0 0 0 moving 
5 875 544 956 682 62844 0 0 1 moving 
5 879 544 969 682 62845 0 0 1 moving 
5 883 545 982 682 62846 0 0 0 moving 
5 884 547 988 686 62847 0 0 1 moving 
5 885 550 994 690 62848 0 0 1 moving 
5 886 553 1001 694 62849 0 0 0 moving 
5 889 554 1004 692 62850 0 0 1 moving 
5 892 555 1007 691 62851 0 0 1 moving 
5 896 557 1010 690 62852 0 0 0 moving 
5 898 557 1007 689 62853 0 0 1 moving 
5 901 557 1004 689 62854 0 0 1 moving 
5 904 557 1002 689 62855 0 0 0 moving 
5 900 554 1000 686 62856 0 0 1 moving 
5 897 552 999 683 62857 0 0 1 moving 
5 894 549 998 681 62858 0 0 1 moving 
5 891 547 997 678 62859 0 0 1 moving 
6 485 438 535 581 62840 0 0 0 moving 
6 485 438 535 581 62841 0 0 1 standing 
6 485 438 535 581 62842 0 0 1 standing 
6 486 438 535 581 62843 0 0 1 standing 
6 486 438 536 581 62844 0 0 1 standing 
6 487 438 536 581 62845 0 0 1 standing 
6 487 438 536 581 62846 0 0 1 standing 
6 487 438 536 581 62847 0 0 1 standing 
6 488 438 537 581 62848 0 0 1 standing 
6 488 438 537 581 62849 0 0 1 standing 
6 489 438 537 581 62850 0 0 1 standing 
6 489 438 537 581 62851 0 0 1 standing 
6 490 438 538 581 62852 0 0 0 standing 
6 492 438 540 581 62853 0 0 1 standing 
6 494 439 542 582 62854 0 0 1 standing 
6 496 440 544 583 62855 0 0 0 standing 
6 499 439 547 582 62856 0 0 1 standing 
6 503 438 550 582 62857 0 0 1 standing 
6 506 438 554 581 62858 0 0 1 standing 
6 510 437 557 581 62859 0 0 1 standing 
7 480 412 527 556 62840 0 0 0 standing 
7 481 411 528 555 62841 0 0 1 standing 
7 482 411 529 555 62842 0 0 1 standing 
7 483 411 530 555 62843 0 0 1 standing 
7 484 411 531 554 62844 0 0 1 standing 
7 485 411 533 554 62845 0 0 1 standing 
7 486 411 534 554 62846 0 0 1 standing 
7 487 411 535 554 62847 0 0 1 standing 
7 489 410 536 553 62848 0 0 1 standing 
7 490 410 537 553 62849 0 0 1 standing 
7 491 410 539 553 62850 0 0 1 standing 
7 492 410 540 553 62851 0 0 1 standing 
7 493 410 541 552 62852 0 0 1 standing 
7 494 410 542 552 62853 0 0 1 standing 
7 495 410 543 552 62854 0 0 1 standing 
7 497 410 545 552 62855 0 0 0 standing 
7 499 409 547 552 62856 0 0 1 standing 
7 502 408 550 552 62857 0 0 1 standing 
7 505 408 552 552 62858 0 0 1 standing 
7 508 407 555 552 62859 0 0 1 standing 
8 183 401 231 526 62840 0 0 0 standing 
8 179 401 226 526 62841 0 0 1 standing 
8 175 401 222 526 62842 0 0 1 standing 
8 172 402 218 526 62843 0 0 0 standing 
8 168 402 214 526 62844 0 0 1 standing 
8 164 402 210 526 62845 0 0 1 standing 
8 161 403 207 527 62846 0 0 0 standing 
8 156 403 207 526 62847 0 0 1 standing 
8 151 403 207 526 62848 0 0 1 standing 
8 146 403 207 526 62849 0 0 0 standing 
8 144 400 205 523 62850 0 0 1 standing 
8 142 397 204 520 62851 0 0 1 standing 
8 140 394 203 518 62852 0 0 0 standing 
8 141 394 199 518 62853 0 0 1 standing 
8 142 394 195 518 62854 0 0 1 standing 
8 144 395 192 519 62855 0 0 0 standing 
8 140 394 195 518 62856 0 0 1 standing 
8 136 394 198 518 62857 0 0 1 standing 
8 132 394 201 518 62858 0 0 1 standing 
8 128 394 204 518 62859 0 0 1 standing 
9 482 400 532 521 62840 0 0 0 standing 
9 482 400 532 521 62841 0 0 1 standing 
9 483 400 533 521 62842 0 0 1 standing 
9 484 400 534 521 62843 0 0 1 standing 
9 485 400 535 521 62844 0 0 1 standing 
9 486 400 536 521 62845 0 0 1 standing 
9 486 400 536 521 62846 0 0 1 standing 
9 487 400 537 521 62847 0 0 1 standing 
9 488 400 538 521 62848 0 0 1 standing 
9 489 400 539 521 62849 0 0 1 standing 
9 490 400 540 521 62850 0 0 1 standing 
9 490 400 540 521 62851 0 0 1 standing 
9 491 400 541 521 62852 0 0 1 standing 
9 492 400 542 521 62853 0 0 1 standing 
9 493 400 543 521 62854 0 0 1 standing 
9 494 400 544 521 62855 0 0 0 standing 
9 497 400 547 521 62856 0 0 1 standing 
9 500 401 550 522 62857 0 0 1 standing 
9 504 401 554 522 62858 0 0 1 standing 
9 507 402 557 523 62859 0 0 1 standing 
10 66 499 125 640 62840 0 0 0 standing 
10 66 499 122 639 62841 0 0 1 standing 
10 66 499 120 639 62842 0 0 1 standing 
10 66 499 118 639 62843 0 0 0 standing 
10 64 500 115 639 62844 0 0 1 standing 
10 62 501 113 640 62845 0 0 1 standing 
10 61 502 111 641 62846 0 0 0 standing 
10 57 502 110 641 62847 0 0 1 standing 
10 54 503 110 641 62848 0 0 1 standing 
10 51 504 110 642 62849 0 0 0 standing 
10 49 502 109 640 62850 0 0 1 standing 
10 47 501 109 638 62851 0 0 1 standing 
10 45 500 109 637 62852 0 0 0 standing 
10 44 501 110 638 62853 0 0 1 standing 
10 44 502 111 639 62854 0 0 1 standing 
10 44 503 113 641 62855 0 0 0 standing 
10 44 503 115 640 62856 0 0 1 standing 
10 45 503 118 639 62857 0 0 1 standing 
10 46 503 120 638 62858 0 0 1 standing 
10 47 503 123 637 62859 0 0 1 standing 
11 58 429 106 573 62840 0 0 0 standing 
11 56 428 101 572 62841 0 0 1 standing 
11 54 427 97 571 62842 0 0 1 standing 
11 53 427 93 570 62843 0 0 0 standing 
11 46 429 91 568 62844 0 0 1 standing 
11 40 431 89 566 62845 0 0 1 standing 
11 34 433 87 564 62846 0 0 0 standing 
11 30 434 86 564 62847 0 0 1 standing 
11 27 435 85 565 62848 0 0 1 standing 
11 24 437 85 566 62849 0 0 0 standing 
11 24 436 84 566 62850 0 0 1 standing 
11 24 435 84 566 62851 0 0 1 standing 
11 24 434 84 566 62852 0 0 0 standing 
11 25 435 82 566 62853 0 0 1 standing 
11 26 436 81 566 62854 0 0 1 standing 
11 28 438 80 566 62855 0 0 0 standing 
11 26 438 80 569 62856 0 0 1 standing 
11 25 438 80 572 62857 0 0 1 standing 
11 24 438 80 575 62858 0 0 1 standing 
11 23 438 80 578 62859 0 0 1 standing 
