0 304 444 361 518 114565 0 0 0 falling 
0 295 442 353 518 114566 0 0 1 falling 
0 286 441 345 518 114567 0 0 1 falling 
0 277 440 337 518 114568 0 0 1 falling 
0 268 438 329 518 114569 0 0 1 falling 
0 259 437 321 518 114570 0 0 1 falling 
0 250 436 313 518 114571 0 0 1 falling 
0 241 434 305 518 114572 0 0 1 falling 
0 232 433 297 518 114573 0 0 1 falling 
0 223 432 289 518 114574 0 0 1 falling 
0 215 431 282 519 114575 0 0 0 falling 
0 207 429 277 519 114576 0 0 1 falling 
0 199 427 272 519 114577 0 0 1 falling 
0 191 426 267 519 114578 0 0 1 falling 
0 183 424 262 519 114579 0 0 1 falling 
0 175 423 257 519 114580 0 0 1 falling 
0 167 421 252 519 114581 0 0 1 falling 
0 159 420 247 520 114582 0 0 0 falling 
0 159 418 241 520 114583 0 0 1 falling 
0 159 416 236 520 114584 0 0 1 falling 
1 364 425 464 538 114565 0 1 0 falling 
1 365 424 467 536 114566 0 1 1 moving 
1 367 424 471 535 114567 0 1 1 moving 
1 369 424 474 534 114568 0 1 1 moving 
1 371 424 478 533 114569 0 1 1 moving 
1 373 424 482 532 114570 0 0 0 moving 
1 378 422 482 531 114571 0 0 1 moving 
1 384 420 482 530 114572 0 0 1 moving 
1 389 418 483 529 114573 0 0 1 moving 
1 395 416 483 528 114574 0 0 1 moving 
1 400 414 484 527 114575 0 0 1 moving 
1 406 412 484 526 114576 0 0 1 moving 
1 412 411 485 526 114577 0 1 0 moving 
1 412 404 488 519 114578 0 1 1 moving 
1 413 397 492 513 114579 0 1 1 moving 
1 414 390 495 507 114580 0 1 1 moving 
1 415 383 499 501 114581 0 1 1 moving 
1 416 377 502 494 114582 0 1 1 moving 
1 417 370 506 488 114583 0 1 1 moving 
1 418 363 509 482 114584 0 1 1 moving 
2 406 521 516 655 114565 0 1 0 moving 
2 408 519 512 654 114566 0 1 1 moving 
2 411 518 509 653 114567 0 1 1 moving 
2 414 516 506 652 114568 0 1 1 moving 
2 417 515 502 651 114569 0 1 1 moving 
2 420 513 499 650 114570 0 1 1 moving 
2 423 512 496 649 114571 0 1 0 moving 
2 421 511 501 648 114572 0 1 1 moving 
2 419 511 507 648 114573 0 1 1 moving 
2 418 510 513 648 114574 0 1 1 moving 
2 416 510 519 647 114575 0 1 1 moving 
2 414 509 525 647 114576 0 1 1 moving 
2 413 509 531 647 114577 0 1 0 moving 
2 418 507 533 647 114578 0 1 1 moving 
2 423 506 536 647 114579 0 1 1 moving 
2 428 505 539 647 114580 0 1 1 moving 
2 434 504 542 647 114581 0 1 1 moving 
2 439 503 545 647 114582 0 1 1 moving 
2 444 502 548 647 114583 0 1 1 moving 
2 449 501 551 647 114584 0 1 1 moving 
3 445 374 536 480 114565 0 1 0 moving 
3 445 372 535 477 114566 0 1 1 moving 
3 445 371 535 475 114567 0 1 1 moving 
3 445 370 535 473 114568 0 1 0 moving 
3 448 370 534 471 114569 0 1 1 moving 
3 452 370 533 470 114570 0 1 1 moving 
3 456 370 533 469 114571 0 1 0 moving 
3 457 367 534 467 114572 0 1 1 moving 
3 458 364 535 466 114573 0 1 1 moving 
3 459 361 536 465 114574 0 1 1 moving 
3 461 358 538 464 114575 0 1 1 moving 
3 462 355 539 463 114576 0 1 1 moving 
3 463 352 540 462 114577 0 1 1 moving 
3 465 350 542 461 114578 0 1 0 moving 
3 469 353 543 461 114579 0 1 1 moving 
3 474 356 545 462 114580 0 1 1 moving 
3 478 360 546 463 114581 0 1 1 moving 
3 483 363 548 463 114582 0 1 1 moving 
3 487 366 549 464 114583 0 1 1 moving 
3 492 370 551 465 114584 0 1 0 moving 
4 575 429 670 574 114565 0 1 0 moving 
4 574 432 665 574 114566 0 1 1 standing 
4 574 436 661 575 114567 0 1 1 standing 
4 573 440 657 575 114568 0 1 1 standing 
4 573 444 653 576 114569 0 0 0 standing 
4 572 436 652 577 114570 0 0 1 standing 
4 572 429 652 578 114571 0 0 1 standing 
4 572 422 652 579 114572 0 0 1 standing 
4 572 415 652 581 114573 0 1 0 standing 
4 567 411 646 571 114574 0 1 1 standing 
4 562 408 640 561 114575 0 1 1 standing 
4 557 405 635 552 114576 0 1 0 standing 
4 547 398 629 548 114577 0 1 1 standing 
4 537 391 623 545 114578 0 1 1 standing 
4 528 385 617 542 114579 0 1 0 standing 
4 525 384 613 540 114580 0 1 1 standing 
4 522 383 609 538 114581 0 1 1 standing 
4 519 382 606 536 114582 0 1 1 standing 
4 516 382 602 534 114583 0 1 1 standing 
4 513 381 599 532 114584 0 1 1 standing 
5 716 420 779 576 114565 0 1 0 standing 
5 706 410 769 570 114566 0 1 1 setting 
5 697 400 759 565 114567 0 1 1 setting 
5 688 390 749 559 114568 0 1 1 setting 
5 679 380 739 554 114569 0 1 1 setting 
5 670 370 729 549 114570 0 1 0 setting 
5 662 370 721 548 114571 0 1 1 setting 
5 654 370 713 548 114572 0 1 1 setting 
5 646 370 705 548 114573 0 1 1 setting 
5 638 370 697 548 114574 0 1 1 setting 
5 630 370 689 548 114575 0 1 1 setting 
5 622 370 681 548 114576 0 1 1 setting 
5 614 371 674 548 114577 0 1 0 setting 
5 606 379 666 550 114578 0 1 1 setting 
5 598 388 658 553 114579 0 1 1 setting 
5 590 397 651 556 114580 0 1 1 setting 
5 583 406 643 559 114581 0 1 1 setting 
5 575 415 635 562 114582 0 1 1 setting 
5 567 424 628 565 114583 0 1 1 setting 
5 559 433 620 568 114584 0 1 1 setting 
6 1070 395 1140 507 114565 0 0 0 setting 
6 1062 393 1128 503 114566 0 0 1 standing 
6 1054 391 1116 500 114567 0 0 1 standing 
6 1047 390 1104 497 114568 0 0 0 standing 
6 1039 388 1095 494 114569 0 0 1 standing 
6 1032 387 1087 492 114570 0 0 1 standing 
6 1024 385 1078 489 114571 0 0 1 standing 
6 1017 384 1070 487 114572 0 0 1 standing 
6 1009 382 1061 484 114573 0 0 1 standing 
6 1002 381 1053 482 114574 0 0 1 standing 
6 995 380 1045 480 114575 0 0 0 standing 
6 987 380 1040 480 114576 0 0 1 standing 
6 980 381 1035 480 114577 0 0 1 standing 
6 972 382 1030 481 114578 0 0 1 standing 
6 965 383 1026 481 114579 0 0 1 standing 
6 957 384 1021 482 114580 0 0 1 standing 
6 950 385 1016 482 114581 0 0 1 standing 
6 942 385 1011 482 114582 0 0 1 standing 
6 935 386 1007 483 114583 0 0 1 standing 
6 927 387 1002 483 114584 0 0 1 standing 
7 1222 446 1279 563 114565 0 0 0 standing 
7 1212 445 1269 562 114566 0 0 1 waiting 
7 1203 444 1260 561 114567 0 0 1 waiting 
7 1194 443 1251 560 114568 0 0 1 waiting 
7 1185 443 1242 559 114569 0 0 1 waiting 
7 1176 442 1233 559 114570 0 0 1 waiting 
7 1167 441 1224 558 114571 0 0 1 waiting 
7 1158 441 1215 557 114572 0 0 1 waiting 
7 1149 440 1206 556 114573 0 0 1 waiting 
7 1140 439 1197 555 114574 0 0 1 waiting 
7 1131 439 1188 555 114575 0 0 0 waiting 
7 1122 438 1181 554 114576 0 0 1 waiting 
7 1113 437 1174 554 114577 0 0 1 waiting 
7 1105 436 1167 554 114578 0 0 1 waiting 
7 1096 435 1160 554 114579 0 0 1 waiting 
7 1087 434 1153 554 114580 0 0 1 waiting 
7 1079 433 1146 554 114581 0 0 1 waiting 
7 1070 432 1139 554 114582 0 0 1 waiting 
7 1062 431 1132 554 114583 0 0 1 waiting 
7 1053 430 1125 554 114584 0 0 1 waiting 
8 1176 494 1237 586 114565 0 0 0 waiting 
8 1166 493 1227 587 114566 0 0 1 waiting 
8 1157 492 1218 589 114567 0 0 1 waiting 
8 1148 491 1209 590 114568 0 0 1 waiting 
8 1139 491 1200 592 114569 0 0 1 waiting 
8 1130 490 1191 594 114570 0 0 1 waiting 
8 1121 489 1181 595 114571 0 0 1 waiting 
8 1112 489 1172 597 114572 0 0 1 waiting 
8 1103 488 1163 598 114573 0 0 1 waiting 
8 1094 487 1154 600 114574 0 0 1 waiting 
8 1085 487 1145 602 114575 0 0 0 waiting 
8 1077 486 1137 601 114576 0 0 1 waiting 
8 1069 486 1129 601 114577 0 0 1 waiting 
8 1062 485 1122 601 114578 0 0 1 waiting 
8 1054 485 1114 601 114579 0 0 1 waiting 
8 1046 484 1106 600 114580 0 0 1 waiting 
8 1039 484 1099 600 114581 0 0 1 waiting 
8 1031 483 1091 600 114582 0 0 1 waiting 
8 1023 483 1083 600 114583 0 0 1 waiting 
8 1016 483 1076 600 114584 0 0 0 waiting 
9 834 457 889 596 114565 0 0 0 waiting 
9 825 458 880 595 114566 0 0 1 standing 
9 816 459 871 595 114567 0 0 1 standing 
9 808 461 863 594 114568 0 0 1 standing 
9 799 462 854 594 114569 0 0 1 standing 
9 791 464 846 593 114570 0 0 1 standing 
9 782 465 837 593 114571 0 0 1 standing 
9 773 466 828 592 114572 0 0 1 standing 
9 765 468 820 592 114573 0 0 1 standing 
9 756 469 811 591 114574 0 0 1 standing 
9 748 471 803 591 114575 0 0 0 standing 
9 739 472 796 593 114576 0 0 1 standing 
9 731 474 789 596 114577 0 0 1 standing 
9 722 476 782 599 114578 0 0 1 standing 
9 714 478 775 602 114579 0 0 1 standing 
9 706 479 768 604 114580 0 0 1 standing 
9 697 481 761 607 114581 0 0 1 standing 
9 689 483 754 610 114582 0 0 1 standing 
9 681 485 748 613 114583 0 0 0 standing 
9 673 483 733 614 114584 0 0 1 standing 
10 827 413 885 572 114565 0 0 0 standing 
10 818 414 876 571 114566 0 0 1 standing 
10 809 415 867 570 114567 0 0 1 standing 
10 800 417 858 569 114568 0 0 1 standing 
10 791 418 849 568 114569 0 0 1 standing 
10 783 420 840 567 114570 0 0 1 standing 
10 774 421 831 566 114571 0 0 1 standing 
10 765 422 822 565 114572 0 0 1 standing 
10 756 424 813 564 114573 0 0 1 standing 
10 747 425 804 563 114574 0 0 1 standing 
10 739 427 796 563 114575 0 0 0 standing 
10 730 422 787 559 114576 0 0 1 standing 
10 722 417 779 555 114577 0 0 1 standing 
10 714 412 770 551 114578 0 0 1 standing 
10 705 407 762 548 114579 0 0 1 standing 
10 697 402 754 544 114580 0 0 1 standing 
10 689 397 745 540 114581 0 0 1 standing 
10 681 392 737 536 114582 0 0 1 standing 
10 672 387 729 533 114583 0 0 1 standing 
10 664 382 720 529 114584 0 0 1 standing 
11 826 395 886 511 114565 0 0 0 standing 
11 818 393 877 510 114566 0 0 1 standing 
11 810 392 869 509 114567 0 0 1 standing 
11 802 390 861 509 114568 0 0 1 standing 
11 794 389 853 508 114569 0 0 1 standing 
11 786 387 845 508 114570 0 0 1 standing 
11 778 386 837 507 114571 0 0 1 standing 
11 770 384 829 506 114572 0 0 1 standing 
11 762 383 821 506 114573 0 0 1 standing 
11 754 381 813 505 114574 0 0 1 standing 
11 746 380 805 505 114575 0 0 0 standing 
11 740 379 797 504 114576 0 0 1 standing 
11 734 379 789 503 114577 0 0 1 standing 
11 728 378 781 502 114578 0 0 1 standing 
11 722 378 774 501 114579 0 0 1 standing 
11 716 378 766 500 114580 0 0 1 standing 
11 710 377 758 499 114581 0 0 1 standing 
11 705 377 751 499 114582 0 0 1 standing 
11 699 376 743 498 114583 0 0 1 standing 
11 693 376 735 497 114584 0 0 1 standing 
