0 61 443 130 583 36175 0 0 0 standing 
0 66 442 134 585 36176 0 0 1 standing 
0 71 442 138 587 36177 0 0 1 standing 
0 76 442 143 590 36178 0 0 0 standing 
0 80 440 146 590 36179 0 0 1 standing 
0 84 438 149 591 36180 0 0 1 standing 
0 88 436 153 592 36181 0 0 0 standing 
0 87 430 151 588 36182 0 0 1 standing 
0 86 424 150 585 36183 0 0 1 standing 
0 85 418 148 581 36184 0 0 1 standing 
0 85 412 147 578 36185 0 0 0 standing 
0 78 408 142 574 36186 0 0 1 standing 
0 72 405 137 571 36187 0 0 1 standing 
0 66 402 133 568 36188 0 0 0 standing 
0 61 402 129 568 36189 0 0 1 standing 
0 56 403 126 569 36190 0 0 1 standing 
0 51 404 123 570 36191 0 0 1 standing 
0 47 405 120 571 36192 0 0 0 standing 
0 46 402 121 567 36193 0 0 1 standing 
0 46 399 122 564 36194 0 0 1 standing 
1 253 373 338 470 36175 1 0 1 standing 
1 252 373 339 470 36176 0 1 0 falling 
1 260 374 343 471 36177 0 1 1 falling 
1 268 376 347 473 36178 0 1 1 falling 
1 276 377 351 475 36179 0 1 1 falling 
1 284 379 355 477 36180 0 1 1 falling 
1 292 381 359 479 36181 0 1 0 falling 
1 296 385 363 482 36182 0 1 1 falling 
1 300 390 367 485 36183 0 1 1 falling 
1 304 395 371 488 36184 0 1 1 falling 
1 308 400 375 492 36185 0 1 0 falling 
1 307 402 376 492 36186 0 1 1 falling 
1 306 404 378 493 36187 0 1 1 falling 
1 306 406 380 493 36188 0 1 1 falling 
1 305 408 382 494 36189 0 1 1 falling 
1 304 410 384 495 36190 0 1 1 falling 
1 304 413 385 495 36191 0 1 1 falling 
1 303 415 387 496 36192 0 1 1 falling 
1 302 417 389 497 36193 0 1 1 falling 
1 302 419 391 497 36194 0 1 1 falling 
2 356 442 422 596 36175 0 0 0 falling 
2 357 441 423 596 36176 0 0 1 standing 
2 358 441 425 596 36177 0 0 1 standing 
2 359 440 427 596 36178 0 0 1 standing 
2 360 440 429 596 36179 0 0 1 standing 
2 362 440 431 596 36180 0 0 0 standing 
2 357 439 425 596 36181 0 0 1 standing 
2 352 439 420 596 36182 0 0 1 standing 
2 348 438 414 597 36183 0 0 1 standing 
2 343 438 409 597 36184 0 0 1 standing 
2 339 438 404 598 36185 0 0 0 standing 
2 325 437 391 599 36186 0 0 1 standing 
2 312 437 379 600 36187 0 0 1 standing 
2 299 437 367 601 36188 0 0 1 standing 
2 286 437 355 602 36189 0 0 0 standing 
2 277 437 346 604 36190 0 0 1 standing 
2 269 437 337 606 36191 0 0 1 standing 
2 261 438 328 609 36192 0 0 1 standing 
2 253 438 319 611 36193 0 0 1 standing 
2 245 438 310 613 36194 0 0 1 standing 
3 544 412 614 521 36175 0 0 0 standing 
3 548 409 617 521 36176 0 0 1 standing 
3 553 406 620 522 36177 0 0 1 standing 
3 558 404 624 523 36178 0 0 0 standing 
3 560 399 625 522 36179 0 0 1 standing 
3 563 395 627 521 36180 0 0 1 standing 
3 565 391 628 520 36181 0 0 1 standing 
3 568 387 630 519 36182 0 0 0 standing 
3 564 381 625 517 36183 0 0 1 standing 
3 561 376 620 515 36184 0 0 1 standing 
3 558 371 616 513 36185 0 0 0 standing 
3 554 368 612 510 36186 0 0 1 standing 
3 551 366 609 507 36187 0 0 1 standing 
3 547 364 605 504 36188 0 0 1 standing 
3 544 362 602 501 36189 0 0 1 standing 
3 541 360 598 499 36190 0 0 1 standing 
3 537 357 595 496 36191 0 0 1 standing 
3 534 355 591 493 36192 0 0 1 standing 
3 530 353 588 490 36193 0 0 1 standing 
3 527 351 584 487 36194 0 0 1 standing 
4 662 423 700 563 36175 0 0 0 standing 
4 663 423 703 563 36176 0 0 1 standing 
4 664 423 706 563 36177 0 0 1 standing 
4 665 423 709 563 36178 0 0 1 standing 
4 667 423 713 563 36179 0 0 0 standing 
4 665 422 713 562 36180 0 0 1 standing 
4 663 422 714 562 36181 0 0 1 standing 
4 662 422 714 561 36182 0 0 1 standing 
4 660 421 715 561 36183 0 0 1 standing 
4 658 421 715 560 36184 0 0 1 standing 
4 657 421 716 560 36185 0 0 0 standing 
4 655 418 713 559 36186 0 0 1 standing 
4 653 415 710 558 36187 0 0 1 standing 
4 651 412 707 557 36188 0 0 1 standing 
4 649 409 705 556 36189 0 0 1 standing 
4 648 407 702 555 36190 0 0 1 standing 
4 646 404 699 554 36191 0 0 1 standing 
4 644 401 697 553 36192 0 0 1 standing 
4 642 398 694 552 36193 0 0 1 standing 
4 640 395 691 551 36194 0 0 1 standing 
5 716 404 776 535 36175 0 0 0 standing 
5 720 400 778 538 36176 0 0 1 standing 
5 725 396 781 541 36177 0 0 1 standing 
5 730 393 784 544 36178 0 0 0 standing 
5 735 392 787 543 36179 0 0 1 standing 
5 740 392 790 543 36180 0 0 1 standing 
5 745 392 793 543 36181 0 0 1 standing 
5 750 392 796 543 36182 0 0 0 standing 
5 751 392 796 543 36183 0 0 1 standing 
5 752 392 797 544 36184 0 0 1 standing 
5 753 393 797 544 36185 0 0 1 standing 
5 754 393 798 545 36186 0 0 1 standing 
5 755 394 799 546 36187 0 0 0 standing 
5 754 392 798 543 36188 0 0 1 standing 
5 754 390 798 541 36189 0 0 1 standing 
5 754 389 798 538 36190 0 0 1 standing 
5 754 387 798 536 36191 0 0 1 standing 
5 754 386 798 533 36192 0 0 1 standing 
5 753 384 798 531 36193 0 0 1 standing 
5 753 382 798 528 36194 0 0 1 standing 
6 857 455 908 597 36175 0 0 0 standing 
6 862 457 916 598 36176 0 0 1 standing 
6 868 459 924 599 36177 0 0 1 standing 
6 874 461 932 600 36178 0 0 1 standing 
6 880 463 940 601 36179 0 0 1 standing 
6 886 465 948 602 36180 0 0 1 standing 
6 892 468 956 604 36181 0 0 0 standing 
6 894 467 960 602 36182 0 0 1 standing 
6 897 467 965 601 36183 0 0 1 standing 
6 899 466 970 600 36184 0 0 1 standing 
6 902 466 975 599 36185 0 0 0 standing 
6 913 461 982 598 36186 0 0 1 standing 
6 924 456 989 597 36187 0 0 1 standing 
6 936 452 996 596 36188 0 0 0 standing 
6 941 453 1003 595 36189 0 0 1 standing 
6 947 454 1011 595 36190 0 0 1 standing 
6 953 455 1018 595 36191 0 0 1 standing 
6 958 457 1026 594 36192 0 0 1 standing 
6 964 458 1033 594 36193 0 0 1 standing 
6 970 459 1041 594 36194 0 0 1 standing 
7 932 371 990 509 36175 0 0 0 standing 
7 938 371 995 509 36176 0 0 1 standing 
7 944 371 1000 510 36177 0 0 1 standing 
7 951 371 1006 510 36178 0 0 1 standing 
7 957 372 1011 511 36179 0 0 1 standing 
7 964 372 1017 511 36180 0 0 1 standing 
7 970 372 1022 512 36181 0 0 1 standing 
7 977 373 1028 513 36182 0 0 0 standing 
7 980 371 1031 512 36183 0 0 1 standing 
7 983 370 1034 512 36184 0 0 1 standing 
7 986 368 1037 511 36185 0 0 1 standing 
7 989 367 1040 511 36186 0 0 1 standing 
7 993 366 1043 511 36187 0 0 0 standing 
7 995 364 1046 508 36188 0 0 1 standing 
7 998 363 1049 505 36189 0 0 1 standing 
7 1001 362 1053 503 36190 0 0 1 standing 
7 1004 361 1056 500 36191 0 0 1 standing 
7 1007 360 1060 498 36192 0 0 0 standing 
7 1009 361 1062 498 36193 0 0 1 standing 
7 1011 363 1065 498 36194 0 0 1 standing 
8 1014 412 1079 560 36175 0 0 0 standing 
8 1017 411 1081 559 36176 0 0 1 standing 
8 1020 410 1084 558 36177 0 0 1 standing 
8 1023 409 1087 557 36178 0 0 0 standing 
8 1027 408 1091 556 36179 0 0 1 standing 
8 1031 407 1095 555 36180 0 0 1 standing 
8 1036 407 1100 554 36181 0 0 1 standing 
8 1040 406 1104 553 36182 0 0 1 standing 
8 1044 405 1108 553 36183 0 0 1 standing 
8 1049 405 1113 552 36184 0 0 1 standing 
8 1053 404 1117 551 36185 0 0 1 standing 
8 1057 403 1121 550 36186 0 0 1 standing 
8 1062 403 1126 550 36187 0 0 0 standing 
8 1068 402 1132 549 36188 0 0 1 standing 
8 1074 401 1138 548 36189 0 0 1 standing 
8 1080 400 1144 547 36190 0 0 1 standing 
8 1087 399 1151 546 36191 0 0 1 standing 
8 1093 398 1157 545 36192 0 0 1 standing 
8 1099 397 1163 544 36193 0 0 1 standing 
8 1105 396 1169 543 36194 0 0 1 standing 
9 770 373 823 496 36175 0 0 0 standing 
9 773 369 825 494 36176 0 0 1 standing 
9 776 366 828 492 36177 0 0 1 standing 
9 779 363 831 491 36178 0 0 0 standing 
9 780 361 831 491 36179 0 0 1 standing 
9 781 359 832 491 36180 0 0 1 standing 
9 782 357 833 491 36181 0 0 1 standing 
9 783 355 834 491 36182 0 0 1 standing 
9 785 354 835 491 36183 0 0 0 standing 
9 783 353 833 490 36184 0 0 1 standing 
9 782 353 831 490 36185 0 0 1 standing 
9 781 353 830 490 36186 0 0 1 standing 
9 780 352 828 490 36187 0 0 1 standing 
9 779 352 826 490 36188 0 0 1 standing 
9 778 352 825 490 36189 0 0 1 standing 
9 777 351 823 489 36190 0 0 1 standing 
9 776 351 821 489 36191 0 0 1 standing 
9 775 351 820 489 36192 0 0 1 standing 
9 774 350 818 489 36193 0 0 1 standing 
9 773 350 816 489 36194 0 0 1 standing 
10 737 463 788 608 36175 0 0 0 standing 
10 740 459 790 609 36176 0 0 1 standing 
10 743 455 793 610 36177 0 0 1 standing 
10 746 451 796 612 36178 0 0 0 standing 
10 750 450 800 613 36179 0 0 1 standing 
10 755 450 805 615 36180 0 0 1 standing 
10 759 450 809 617 36181 0 0 1 standing 
10 764 450 814 619 36182 0 0 0 standing 
10 765 449 815 620 36183 0 0 1 standing 
10 766 448 816 621 36184 0 0 1 standing 
10 768 448 818 622 36185 0 0 0 standing 
10 768 449 818 622 36186 0 0 1 standing 
10 768 451 818 622 36187 0 0 1 standing 
10 768 453 818 622 36188 0 0 1 standing 
10 769 455 819 623 36189 0 0 0 standing 
10 768 452 818 619 36190 0 0 1 standing 
10 767 450 817 615 36191 0 0 1 standing 
10 767 448 816 611 36192 0 0 1 standing 
10 766 445 815 607 36193 0 0 1 standing 
10 765 443 814 603 36194 0 0 1 standing 
11 660 447 703 598 36175 0 0 0 standing 
11 663 448 706 598 36176 0 0 1 standing 
11 667 449 710 598 36177 0 0 1 standing 
11 671 450 714 599 36178 0 0 0 standing 
11 673 449 718 600 36179 0 0 1 standing 
11 676 449 723 602 36180 0 0 1 standing 
11 679 449 727 603 36181 0 0 1 standing 
11 682 449 732 605 36182 0 0 0 standing 
11 679 451 730 606 36183 0 0 1 standing 
11 676 454 729 608 36184 0 0 1 standing 
11 673 457 728 610 36185 0 0 1 standing 
11 671 460 727 612 36186 0 0 0 standing 
11 666 458 722 610 36187 0 0 1 standing 
11 661 456 717 609 36188 0 0 1 standing 
11 657 455 712 608 36189 0 0 1 standing 
11 652 453 707 606 36190 0 0 1 standing 
11 647 451 702 605 36191 0 0 1 standing 
11 643 450 698 604 36192 0 0 1 standing 
11 638 448 693 603 36193 0 0 1 standing 
11 633 446 688 601 36194 0 0 1 standing 
