0 380 390 456 600 99510 0 1 0 spiking 
0 378 390 453 597 99511 0 1 1 spiking 
0 377 391 450 594 99512 0 1 1 spiking 
0 376 392 447 591 99513 0 1 1 spiking 
0 374 392 444 588 99514 0 1 1 spiking 
0 373 393 441 585 99515 0 1 1 spiking 
0 372 394 438 582 99516 0 1 1 spiking 
0 370 394 435 579 99517 0 1 1 spiking 
0 369 395 432 576 99518 0 1 1 spiking 
0 368 396 429 573 99519 0 1 1 spiking 
0 367 397 426 571 99520 0 1 0 spiking 
0 360 403 419 576 99521 0 1 1 spiking 
0 354 409 413 581 99522 0 1 1 spiking 
0 348 415 407 587 99523 0 1 0 spiking 
0 353 422 412 592 99524 0 1 1 spiking 
0 358 429 417 597 99525 0 1 1 spiking 
0 364 436 423 603 99526 0 1 1 spiking 
0 369 443 428 608 99527 0 1 1 spiking 
0 375 450 434 614 99528 0 1 1 spiking 
0 380 457 439 619 99529 0 1 1 spiking 
1 558 399 603 601 99510 0 1 0 spiking 
1 547 397 594 597 99511 0 1 1 blocking 
1 536 396 586 593 99512 0 1 1 blocking 
1 525 394 577 589 99513 0 1 1 blocking 
1 514 393 569 585 99514 0 1 1 blocking 
1 503 392 561 581 99515 0 1 1 blocking 
1 492 390 552 577 99516 0 1 1 blocking 
1 481 389 544 573 99517 0 1 1 blocking 
1 470 387 535 569 99518 0 1 1 blocking 
1 459 386 527 565 99519 0 1 1 blocking 
1 448 385 519 562 99520 0 1 0 blocking 
1 445 393 512 566 99521 0 1 1 blocking 
1 442 401 505 571 99522 0 1 1 blocking 
1 440 409 499 576 99523 0 1 0 blocking 
1 436 420 496 585 99524 0 1 1 blocking 
1 432 432 494 595 99525 0 1 1 blocking 
1 428 444 492 605 99526 0 1 0 blocking 
1 435 451 500 610 99527 0 1 1 blocking 
1 442 458 509 616 99528 0 1 1 blocking 
1 449 465 518 622 99529 0 1 1 blocking 
2 395 404 485 552 99510 0 0 0 blocking 
2 384 404 472 552 99511 0 0 1 standing 
2 373 405 459 553 99512 0 0 1 standing 
2 362 406 446 554 99513 0 0 1 standing 
2 352 407 434 555 99514 0 0 1 standing 
2 341 408 421 556 99515 0 0 1 standing 
2 330 408 408 556 99516 0 0 1 standing 
2 320 409 396 557 99517 0 0 1 standing 
2 309 410 383 558 99518 0 0 1 standing 
2 298 411 370 559 99519 0 0 1 standing 
2 288 412 358 560 99520 0 0 0 standing 
2 279 412 349 560 99521 0 0 1 standing 
2 270 412 340 560 99522 0 0 1 standing 
2 262 412 332 560 99523 0 0 0 standing 
2 252 413 322 561 99524 0 0 1 standing 
2 242 414 312 563 99525 0 0 1 standing 
2 233 416 303 565 99526 0 0 0 standing 
2 243 415 313 563 99527 0 0 1 standing 
2 253 414 323 562 99528 0 0 1 standing 
2 263 413 333 561 99529 0 0 1 standing 
3 344 399 431 533 99510 0 0 0 standing 
3 338 398 425 532 99511 0 0 1 standing 
3 332 398 419 532 99512 0 0 1 standing 
3 326 397 413 532 99513 0 0 1 standing 
3 321 397 408 532 99514 0 0 1 standing 
3 315 396 402 532 99515 0 0 1 standing 
3 309 396 396 531 99516 0 0 1 standing 
3 304 395 391 531 99517 0 0 1 standing 
3 298 395 385 531 99518 0 0 1 standing 
3 292 394 379 531 99519 0 0 1 standing 
3 287 394 374 531 99520 0 0 0 standing 
3 278 397 364 531 99521 0 0 1 standing 
3 269 400 354 532 99522 0 0 1 standing 
3 261 403 345 533 99523 0 0 0 standing 
3 256 398 340 532 99524 0 0 1 standing 
3 251 393 335 531 99525 0 0 1 standing 
3 247 388 331 531 99526 0 0 0 standing 
3 256 380 340 528 99527 0 0 1 standing 
3 266 373 349 525 99528 0 0 1 standing 
3 276 365 358 522 99529 0 0 1 standing 
4 111 410 162 545 99510 0 0 0 standing 
4 103 410 154 545 99511 0 0 1 standing 
4 95 410 146 545 99512 0 0 1 standing 
4 87 410 138 545 99513 0 0 1 standing 
4 80 410 131 545 99514 0 0 1 standing 
4 72 410 123 545 99515 0 0 1 standing 
4 64 410 115 545 99516 0 0 1 standing 
4 57 410 108 545 99517 0 0 1 standing 
4 49 410 100 545 99518 0 0 1 standing 
4 41 410 92 545 99519 0 0 1 standing 
4 34 410 85 545 99520 0 0 0 standing 
4 24 412 75 547 99521 0 0 1 standing 
4 14 414 65 549 99522 0 0 1 standing 
4 4 416 55 551 99523 0 0 0 standing 
4 7 416 58 551 99524 0 0 1 standing 
4 11 416 62 551 99525 0 0 1 standing 
4 14 416 65 551 99526 0 0 1 standing 
4 18 416 69 551 99527 0 0 1 standing 
4 21 416 72 551 99528 0 0 1 standing 
4 25 416 76 551 99529 0 0 1 standing 
5 458 314 525 461 99510 0 0 0 standing 
5 449 314 515 461 99511 0 0 1 standing 
5 441 314 505 462 99512 0 0 1 standing 
5 433 314 495 462 99513 0 0 1 standing 
5 425 315 485 463 99514 0 0 1 standing 
5 417 315 475 463 99515 0 0 1 standing 
5 409 315 465 464 99516 0 0 1 standing 
5 401 316 455 464 99517 0 0 1 standing 
5 393 316 445 465 99518 0 0 1 standing 
5 385 316 435 465 99519 0 0 1 standing 
5 377 317 425 466 99520 0 0 0 standing 
5 366 317 416 465 99521 0 0 1 standing 
5 355 317 407 464 99522 0 0 1 standing 
5 344 318 398 463 99523 0 0 0 standing 
5 343 320 400 464 99524 0 0 1 standing 
5 343 323 402 465 99525 0 0 1 standing 
5 343 326 404 466 99526 0 0 1 standing 
5 343 329 406 467 99527 0 0 1 standing 
5 343 332 408 468 99528 0 0 1 standing 
5 343 335 410 469 99529 0 0 1 standing 
6 473 324 542 476 99510 0 0 0 standing 
6 467 325 534 478 99511 0 0 1 standing 
6 462 327 526 480 99512 0 0 1 standing 
6 456 329 518 482 99513 0 0 1 standing 
6 451 330 511 484 99514 0 0 1 standing 
6 446 332 503 486 99515 0 0 1 standing 
6 440 334 495 488 99516 0 0 1 standing 
6 435 335 488 490 99517 0 0 1 standing 
6 429 337 480 492 99518 0 0 1 standing 
6 424 339 472 494 99519 0 0 1 standing 
6 419 341 465 496 99520 0 0 0 standing 
6 410 341 456 496 99521 0 0 1 standing 
6 401 342 447 497 99522 0 0 1 standing 
6 393 343 439 498 99523 0 0 0 standing 
6 395 343 441 498 99524 0 0 1 standing 
6 397 344 443 499 99525 0 0 1 standing 
6 399 344 445 500 99526 0 0 1 standing 
6 401 345 447 500 99527 0 0 1 standing 
6 403 345 449 501 99528 0 0 1 standing 
6 405 346 451 502 99529 0 0 1 standing 
7 555 326 605 477 99510 0 0 0 standing 
7 547 326 597 475 99511 0 0 1 blocking 
7 539 327 589 474 99512 0 0 1 blocking 
7 531 327 581 473 99513 0 0 1 blocking 
7 524 328 573 471 99514 0 0 1 blocking 
7 516 329 565 470 99515 0 0 1 blocking 
7 508 329 557 469 99516 0 0 1 blocking 
7 501 330 549 467 99517 0 0 1 blocking 
7 493 330 541 466 99518 0 0 1 blocking 
7 485 331 533 465 99519 0 0 1 blocking 
7 478 332 526 464 99520 0 0 0 blocking 
7 469 332 517 464 99521 0 0 1 blocking 
7 461 332 509 464 99522 0 0 1 blocking 
7 453 332 500 464 99523 0 0 1 blocking 
7 445 332 492 464 99524 0 0 0 blocking 
7 445 333 492 465 99525 0 0 1 blocking 
7 445 334 492 466 99526 0 0 1 blocking 
7 445 335 492 468 99527 0 0 0 blocking 
7 457 336 504 468 99528 0 0 1 blocking 
7 469 337 516 469 99529 0 0 1 blocking 
8 596 371 695 475 99510 0 0 0 blocking 
8 596 371 694 475 99511 0 0 1 standing 
8 597 371 693 475 99512 0 0 1 standing 
8 598 371 692 475 99513 0 0 1 standing 
8 598 372 691 475 99514 0 0 1 standing 
8 599 372 690 475 99515 0 0 1 standing 
8 600 372 689 475 99516 0 0 1 standing 
8 600 373 688 475 99517 0 0 1 standing 
8 601 373 687 475 99518 0 0 1 standing 
8 602 373 686 475 99519 0 0 1 standing 
8 603 374 686 476 99520 0 0 0 standing 
8 601 374 684 476 99521 0 0 1 standing 
8 600 374 683 476 99522 0 0 1 standing 
8 599 374 682 476 99523 0 0 1 standing 
8 598 374 681 476 99524 0 0 1 standing 
8 597 375 680 477 99525 0 0 1 standing 
8 596 375 679 477 99526 0 0 1 standing 
8 595 375 678 477 99527 0 0 1 standing 
8 594 375 677 477 99528 0 0 1 standing 
8 593 375 676 477 99529 0 0 1 standing 
9 844 479 917 602 99510 0 0 0 standing 
9 842 481 915 604 99511 0 0 1 standing 
9 841 483 913 607 99512 0 0 1 standing 
9 840 486 911 609 99513 0 0 1 standing 
9 839 488 909 612 99514 0 0 1 standing 
9 838 491 907 615 99515 0 0 1 standing 
9 836 493 905 617 99516 0 0 1 standing 
9 835 495 903 620 99517 0 0 1 standing 
9 834 498 901 622 99518 0 0 1 standing 
9 833 500 899 625 99519 0 0 1 standing 
9 832 503 898 628 99520 0 0 0 standing 
9 833 500 899 627 99521 0 0 1 standing 
9 834 497 900 627 99522 0 0 1 standing 
9 835 494 901 627 99523 0 0 1 standing 
9 837 492 902 627 99524 0 0 1 standing 
9 838 489 904 627 99525 0 0 1 standing 
9 839 486 905 627 99526 0 0 1 standing 
9 841 484 906 627 99527 0 0 1 standing 
9 842 481 907 627 99528 0 0 1 standing 
9 843 478 908 627 99529 0 0 1 standing 
10 814 365 922 486 99510 0 0 0 standing 
10 797 364 902 485 99511 0 0 1 standing 
10 780 363 883 484 99512 0 0 1 standing 
10 763 362 863 483 99513 0 0 1 standing 
10 747 362 844 483 99514 0 0 0 standing 
10 738 365 832 485 99515 0 0 1 standing 
10 729 368 821 488 99516 0 0 1 standing 
10 720 371 809 491 99517 0 0 1 standing 
10 711 374 798 493 99518 0 0 1 standing 
10 702 377 786 496 99519 0 0 1 standing 
10 694 380 775 499 99520 0 0 0 standing 
10 692 379 771 498 99521 0 0 1 standing 
10 690 379 767 498 99522 0 0 1 standing 
10 688 379 764 498 99523 0 0 1 standing 
10 686 378 760 497 99524 0 0 1 standing 
10 684 378 757 497 99525 0 0 1 standing 
10 682 378 753 497 99526 0 0 1 standing 
10 680 377 749 496 99527 0 0 1 standing 
10 678 377 746 496 99528 0 0 1 standing 
10 676 377 742 496 99529 0 0 1 standing 
11 878 387 964 518 99510 0 0 0 standing 
11 869 387 954 516 99511 0 0 1 digging 
11 860 387 944 515 99512 0 0 1 digging 
11 851 387 934 514 99513 0 0 1 digging 
11 842 387 924 513 99514 0 0 1 digging 
11 833 387 915 512 99515 0 0 1 digging 
11 824 387 905 511 99516 0 0 1 digging 
11 815 387 895 510 99517 0 0 1 digging 
11 806 387 885 509 99518 0 0 1 digging 
11 797 387 875 508 99519 0 0 1 digging 
11 789 388 866 507 99520 0 0 0 digging 
11 789 386 864 507 99521 0 0 1 digging 
11 789 384 862 508 99522 0 0 1 digging 
11 790 382 860 509 99523 0 0 1 digging 
11 790 381 858 509 99524 0 0 1 digging 
11 791 379 856 510 99525 0 0 1 digging 
11 791 377 854 511 99526 0 0 1 digging 
11 791 376 852 511 99527 0 0 1 digging 
11 792 374 850 512 99528 0 0 1 digging 
11 792 372 848 513 99529 0 0 1 digging 
