0 787 312 834 421 43740 0 1 0 digging 
0 788 311 835 420 43741 0 1 1 digging 
0 790 311 837 420 43742 0 1 1 digging 
0 792 311 839 419 43743 0 1 1 digging 
0 794 310 841 419 43744 0 1 1 digging 
0 796 310 843 419 43745 0 1 1 digging 
0 797 310 844 418 43746 0 1 1 digging 
0 799 309 846 418 43747 0 1 1 digging 
0 801 309 848 417 43748 0 1 1 digging 
0 803 309 850 417 43749 0 1 1 digging 
0 805 309 852 417 43750 0 1 0 digging 
0 805 309 852 417 43751 0 1 1 digging 
0 805 309 852 417 43752 0 1 1 digging 
0 805 309 852 417 43753 0 1 1 digging 
0 805 309 852 417 43754 0 1 1 digging 
0 805 309 852 417 43755 0 1 1 digging 
0 805 309 852 417 43756 0 1 1 digging 
0 805 309 852 417 43757 0 1 1 digging 
0 805 309 852 417 43758 0 1 1 digging 
0 805 309 852 417 43759 0 1 1 digging 
1 929 441 983 596 43740 0 0 0 digging 
1 922 438 983 594 43741 0 0 1 moving 
1 916 435 983 593 43742 0 0 1 moving 
1 910 432 984 592 43743 0 0 0 moving 
1 905 429 981 588 43744 0 0 1 moving 
1 901 426 978 585 43745 0 0 1 moving 
1 897 424 976 582 43746 0 0 0 moving 
1 892 423 965 579 43747 0 0 1 moving 
1 888 422 954 576 43748 0 0 1 moving 
1 884 422 943 573 43749 0 0 0 moving 
1 877 418 937 570 43750 0 0 1 moving 
1 870 415 932 568 43751 0 0 1 moving 
1 864 412 927 566 43752 0 0 0 moving 
1 860 412 918 563 43753 0 0 1 moving 
1 857 412 909 561 43754 0 0 1 moving 
1 854 412 901 559 43755 0 0 0 moving 
1 845 412 896 558 43756 0 0 1 moving 
1 837 412 891 557 43757 0 0 1 moving 
1 828 412 886 556 43758 0 0 1 moving 
1 820 412 881 555 43759 0 0 1 moving 
2 977 344 1056 474 43740 0 0 0 moving 
2 978 343 1055 473 43741 0 0 1 standing 
2 979 342 1054 472 43742 0 0 1 standing 
2 981 341 1053 471 43743 0 0 0 standing 
2 982 340 1050 471 43744 0 0 1 standing 
2 983 340 1048 471 43745 0 0 1 standing 
2 984 339 1045 471 43746 0 0 1 standing 
2 985 339 1043 471 43747 0 0 1 standing 
2 987 338 1040 472 43748 0 0 1 standing 
2 988 338 1038 472 43749 0 0 1 standing 
2 989 337 1035 472 43750 0 0 1 standing 
2 990 337 1033 472 43751 0 0 1 standing 
2 992 337 1031 473 43752 0 0 0 standing 
2 993 337 1032 472 43753 0 0 1 standing 
2 994 337 1034 472 43754 0 0 1 standing 
2 995 337 1035 471 43755 0 0 1 standing 
2 997 337 1037 471 43756 0 0 1 standing 
2 998 337 1039 471 43757 0 0 1 standing 
2 999 337 1040 470 43758 0 0 1 standing 
2 1000 337 1042 470 43759 0 0 1 standing 
3 998 332 1057 447 43740 0 0 0 standing 
3 1004 331 1062 448 43741 0 0 1 standing 
3 1011 331 1068 449 43742 0 0 1 standing 
3 1017 331 1074 450 43743 0 0 1 standing 
3 1024 330 1080 451 43744 0 0 1 standing 
3 1030 330 1086 452 43745 0 0 1 standing 
3 1037 330 1092 453 43746 0 0 0 standing 
3 1043 331 1097 454 43747 0 0 1 standing 
3 1049 332 1102 455 43748 0 0 1 standing 
3 1056 333 1107 457 43749 0 0 0 standing 
3 1061 334 1112 458 43750 0 0 1 standing 
3 1067 335 1117 460 43751 0 0 1 standing 
3 1073 336 1122 462 43752 0 0 1 standing 
3 1078 337 1127 464 43753 0 0 1 standing 
3 1084 338 1132 466 43754 0 0 1 standing 
3 1090 340 1137 468 43755 0 0 0 standing 
3 1095 341 1141 467 43756 0 0 1 standing 
3 1101 342 1146 467 43757 0 0 1 standing 
3 1107 344 1150 466 43758 0 0 1 standing 
3 1113 345 1155 466 43759 0 0 1 standing 
4 735 362 797 509 43740 0 0 0 standing 
4 735 361 797 507 43741 0 0 1 standing 
4 735 361 797 505 43742 0 0 1 standing 
4 735 361 798 503 43743 0 0 0 standing 
4 734 361 796 501 43744 0 0 1 standing 
4 733 361 794 499 43745 0 0 1 standing 
4 733 361 792 497 43746 0 0 1 standing 
4 732 361 790 495 43747 0 0 1 standing 
4 731 361 788 493 43748 0 0 1 standing 
4 731 361 786 492 43749 0 0 0 standing 
4 731 361 785 492 43750 0 0 1 standing 
4 731 361 785 492 43751 0 0 1 standing 
4 731 361 785 492 43752 0 0 1 standing 
4 732 361 785 492 43753 0 0 1 standing 
4 732 361 785 492 43754 0 0 1 standing 
4 732 361 785 492 43755 0 0 1 standing 
4 733 361 785 492 43756 0 0 1 standing 
4 733 361 785 492 43757 0 0 1 standing 
4 733 361 785 492 43758 0 0 1 standing 
4 734 361 785 492 43759 0 0 1 standing 
5 703 401 767 473 43740 0 0 0 standing 
5 704 397 768 472 43741 0 0 1 standing 
5 705 394 769 471 43742 0 0 1 standing 
5 707 391 771 470 43743 0 0 0 standing 
5 709 388 776 469 43744 0 0 1 standing 
5 712 386 782 469 43745 0 0 1 standing 
5 715 383 788 468 43746 0 0 1 standing 
5 717 381 794 468 43747 0 0 1 standing 
5 720 378 800 467 43748 0 0 1 standing 
5 723 376 806 467 43749 0 0 0 standing 
5 732 376 813 467 43750 0 0 1 standing 
5 741 376 820 468 43751 0 0 1 standing 
5 750 376 827 469 43752 0 0 1 standing 
5 759 376 834 469 43753 0 0 1 standing 
5 768 376 841 470 43754 0 0 1 standing 
5 777 376 849 471 43755 0 0 0 standing 
5 786 376 853 472 43756 0 0 1 standing 
5 795 376 857 473 43757 0 0 1 standing 
5 805 376 861 474 43758 0 0 1 standing 
5 814 376 865 475 43759 0 0 1 standing 
6 511 415 567 553 43740 0 0 0 standing 
6 513 414 571 552 43741 0 0 1 standing 
6 515 413 575 551 43742 0 0 1 standing 
6 517 413 580 551 43743 0 0 0 standing 
6 519 412 581 550 43744 0 0 1 standing 
6 521 412 582 550 43745 0 0 1 standing 
6 523 411 584 550 43746 0 0 1 standing 
6 526 411 585 549 43747 0 0 1 standing 
6 528 410 587 549 43748 0 0 1 standing 
6 530 410 588 549 43749 0 0 1 standing 
6 533 410 590 549 43750 0 0 0 standing 
6 532 411 591 549 43751 0 0 1 standing 
6 532 412 592 549 43752 0 0 1 standing 
6 532 414 593 549 43753 0 0 1 standing 
6 531 415 594 549 43754 0 0 1 standing 
6 531 417 595 549 43755 0 0 1 standing 
6 531 418 596 549 43756 0 0 1 standing 
6 530 419 597 549 43757 0 0 1 standing 
6 530 421 598 549 43758 0 0 1 standing 
6 530 422 599 549 43759 0 0 1 standing 
7 317 326 356 456 43740 0 0 0 standing 
7 318 326 358 455 43741 0 0 1 standing 
7 319 326 360 454 43742 0 0 1 standing 
7 320 326 363 454 43743 0 0 1 standing 
7 321 326 365 453 43744 0 0 1 standing 
7 323 327 368 452 43745 0 0 1 standing 
7 324 327 370 452 43746 0 0 1 standing 
7 325 327 373 451 43747 0 0 1 standing 
7 326 327 375 450 43748 0 0 1 standing 
7 328 328 378 450 43749 0 0 0 standing 
7 329 329 379 451 43750 0 0 1 standing 
7 331 331 380 453 43751 0 0 1 standing 
7 333 333 381 455 43752 0 0 1 standing 
7 334 334 382 456 43753 0 0 1 standing 
7 336 336 383 458 43754 0 0 1 standing 
7 338 338 385 460 43755 0 0 0 standing 
7 337 339 383 462 43756 0 0 1 standing 
7 336 341 381 465 43757 0 0 1 standing 
7 336 343 379 467 43758 0 0 1 standing 
7 335 345 377 470 43759 0 0 1 standing 
8 272 372 338 508 43740 0 0 0 standing 
8 272 372 339 507 43741 0 0 1 standing 
8 272 372 340 507 43742 0 0 1 standing 
8 272 372 342 506 43743 0 0 1 standing 
8 272 372 343 506 43744 0 0 1 standing 
8 272 372 345 505 43745 0 0 1 standing 
8 272 372 346 505 43746 0 0 1 standing 
8 272 372 348 504 43747 0 0 1 standing 
8 272 372 349 504 43748 0 0 1 standing 
8 272 373 351 504 43749 0 0 0 standing 
8 272 375 350 506 43750 0 0 1 standing 
8 273 377 349 509 43751 0 0 1 standing 
8 274 379 348 512 43752 0 0 1 standing 
8 274 381 347 514 43753 0 0 1 standing 
8 275 383 346 517 43754 0 0 1 standing 
8 276 386 346 520 43755 0 0 0 standing 
8 277 389 343 522 43756 0 0 1 standing 
8 278 392 341 524 43757 0 0 1 standing 
8 279 395 339 527 43758 0 0 1 standing 
8 280 398 337 529 43759 0 0 1 standing 
9 313 409 420 547 43740 0 0 0 standing 
9 321 408 426 546 43741 0 0 1 moving 
9 329 407 433 546 43742 0 0 1 moving 
9 338 407 440 546 43743 0 0 0 moving 
9 355 406 451 545 43744 0 0 1 moving 
9 372 405 462 544 43745 0 0 1 moving 
9 389 405 473 543 43746 0 0 0 moving 
9 397 404 482 542 43747 0 0 1 moving 
9 405 404 492 542 43748 0 0 1 moving 
9 413 403 501 541 43749 0 0 1 moving 
9 422 403 511 541 43750 0 0 0 moving 
9 439 401 519 539 43751 0 0 1 moving 
9 456 399 528 538 43752 0 0 1 moving 
9 473 398 536 536 43753 0 0 1 moving 
9 490 396 545 535 43754 0 0 1 moving 
9 507 395 554 534 43755 0 0 0 moving 
9 517 393 573 532 43756 0 0 1 moving 
9 528 392 592 530 43757 0 0 1 moving 
9 538 390 611 528 43758 0 0 1 moving 
9 549 389 630 526 43759 0 0 1 moving 
10 575 351 653 470 43740 0 0 0 moving 
10 573 349 647 473 43741 0 0 1 moving 
10 571 347 642 476 43742 0 0 1 moving 
10 570 346 637 480 43743 0 0 0 moving 
10 568 344 632 476 43744 0 0 1 moving 
10 567 342 628 472 43745 0 0 1 moving 
10 566 341 624 468 43746 0 0 1 moving 
10 564 339 620 465 43747 0 0 1 moving 
10 563 338 616 461 43748 0 0 1 moving 
10 562 336 612 457 43749 0 0 1 moving 
10 561 335 608 454 43750 0 0 0 moving 
10 556 335 603 455 43751 0 0 1 moving 
10 552 336 599 456 43752 0 0 1 moving 
10 548 337 595 457 43753 0 0 1 moving 
10 544 338 591 458 43754 0 0 1 moving 
10 540 339 587 459 43755 0 0 1 moving 
10 536 340 583 460 43756 0 0 1 moving 
10 532 341 579 461 43757 0 0 1 moving 
10 528 342 575 462 43758 0 0 1 moving 
10 524 343 571 463 43759 0 0 1 moving 
11 564 320 628 437 43740 0 0 0 moving 
11 564 319 626 436 43741 0 0 1 standing 
11 564 318 624 435 43742 0 0 1 standing 
11 565 317 622 434 43743 0 0 1 standing 
11 565 316 620 434 43744 0 0 1 standing 
11 566 315 618 433 43745 0 0 1 standing 
11 566 314 616 432 43746 0 0 1 standing 
11 566 313 614 432 43747 0 0 1 standing 
11 567 312 612 431 43748 0 0 1 standing 
11 567 311 610 430 43749 0 0 1 standing 
11 568 311 609 430 43750 0 0 0 standing 
11 565 311 608 431 43751 0 0 1 standing 
11 562 311 608 433 43752 0 0 1 standing 
11 559 311 608 434 43753 0 0 1 standing 
11 556 311 608 436 43754 0 0 1 standing 
11 554 311 608 438 43755 0 0 0 standing 
11 551 311 602 436 43756 0 0 1 standing 
11 548 311 596 434 43757 0 0 1 standing 
11 545 311 591 433 43758 0 0 1 standing 
11 542 311 585 431 43759 0 0 1 standing 
