0 3 422 41 508 67890 0 1 0 standing 
0 34 418 77 514 67891 0 1 1 standing 
0 65 415 114 521 67892 0 1 1 standing 
0 96 411 151 527 67893 0 1 1 standing 
0 128 408 188 534 67894 0 1 0 standing 
0 170 402 230 531 67895 0 1 1 standing 
0 212 397 272 528 67896 0 1 1 standing 
0 254 392 314 525 67897 0 1 1 standing 
0 296 386 356 522 67898 0 1 1 standing 
0 338 381 398 519 67899 0 1 1 standing 
0 380 376 440 517 67900 0 1 0 standing 
0 398 374 459 514 67901 0 1 1 standing 
0 416 373 479 511 67902 0 1 1 standing 
0 435 372 499 509 67903 0 1 1 standing 
0 453 371 518 506 67904 0 1 1 standing 
0 471 370 538 503 67905 0 1 1 standing 
0 490 369 558 501 67906 0 1 0 standing 
0 487 368 555 499 67907 0 1 1 standing 
0 484 368 552 498 67908 0 1 1 standing 
0 481 368 549 497 67909 0 1 1 standing 
1 1074 328 1126 482 67890 0 0 0 standing 
1 1095 338 1162 492 67891 0 0 1 standing 
1 1116 348 1199 502 67892 0 0 1 standing 
1 1138 359 1236 513 67893 0 0 0 standing 
1 1175 366 1250 520 67894 0 0 1 standing 
1 1212 373 1264 527 67895 0 0 1 standing 
1 1250 380 1279 534 67896 1 0 0 standing 
1 1250 380 1279 534 67897 1 0 1 standing 
1 1250 380 1279 534 67898 1 0 1 standing 
1 1250 380 1279 534 67899 1 0 0 standing 
1 1250 380 1279 534 67900 1 0 1 standing 
1 1250 380 1279 534 67901 1 0 1 standing 
1 1250 380 1279 534 67902 1 0 1 standing 
1 1250 380 1279 534 67903 1 0 1 standing 
1 1250 380 1279 534 67904 1 0 1 standing 
1 1250 380 1279 534 67905 1 0 1 standing 
1 1250 380 1279 534 67906 1 0 1 standing 
1 1250 380 1279 534 67907 1 0 1 standing 
1 1250 380 1279 534 67908 1 0 1 standing 
1 1250 380 1279 534 67909 1 0 1 standing 
2 1072 333 1130 466 67890 0 0 0 standing 
2 1105 331 1163 467 67891 0 0 1 standing 
2 1138 329 1196 468 67892 0 0 1 standing 
2 1172 328 1230 470 67893 1 0 0 standing 
2 1172 328 1230 470 67894 1 0 1 standing 
2 1172 328 1230 470 67895 1 0 1 standing 
2 1172 328 1230 470 67896 1 0 0 standing 
2 1172 328 1230 470 67897 1 0 1 standing 
2 1172 328 1230 470 67898 1 0 1 standing 
2 1172 328 1230 470 67899 1 0 1 standing 
2 1172 328 1230 470 67900 1 0 1 standing 
2 1172 328 1230 470 67901 1 0 1 standing 
2 1172 328 1230 470 67902 1 0 1 standing 
2 1172 328 1230 470 67903 1 0 1 standing 
2 1172 328 1230 470 67904 1 0 1 standing 
2 1172 328 1230 470 67905 1 0 1 standing 
2 1172 328 1230 470 67906 1 0 1 standing 
2 1172 328 1230 470 67907 1 0 1 standing 
2 1172 328 1230 470 67908 1 0 1 standing 
2 1172 328 1230 470 67909 1 0 1 standing 
3 754 383 802 521 67890 0 0 0 standing 
3 786 383 834 521 67891 0 0 1 standing 
3 818 384 866 522 67892 0 0 1 standing 
3 850 385 899 523 67893 0 0 0 standing 
3 892 385 941 523 67894 0 0 1 standing 
3 934 386 983 524 67895 0 0 1 standing 
3 977 387 1026 525 67896 0 0 0 standing 
3 1023 386 1072 526 67897 0 0 1 standing 
3 1069 385 1118 527 67898 0 0 1 standing 
3 1115 384 1164 529 67899 0 0 0 standing 
3 1154 386 1202 531 67900 0 0 1 standing 
3 1194 389 1240 534 67901 0 0 1 standing 
3 1234 392 1278 537 67902 1 0 0 standing 
3 1234 392 1278 537 67903 1 0 1 standing 
3 1234 392 1278 537 67904 1 0 1 standing 
3 1234 392 1278 537 67905 1 0 0 standing 
3 1234 392 1278 537 67906 1 0 1 standing 
3 1234 392 1278 537 67907 1 0 1 standing 
3 1234 392 1278 537 67908 1 0 1 standing 
3 1234 392 1278 537 67909 1 0 1 standing 
4 556 417 615 565 67890 0 0 0 standing 
4 587 417 646 568 67891 0 0 1 standing 
4 619 418 678 571 67892 0 0 1 standing 
4 651 419 710 574 67893 0 0 0 standing 
4 692 420 751 576 67894 0 0 1 standing 
4 734 421 793 578 67895 0 0 1 standing 
4 776 423 835 581 67896 0 0 0 standing 
4 820 425 881 583 67897 0 0 1 standing 
4 865 427 927 585 67898 0 0 1 standing 
4 910 430 974 588 67899 0 0 0 standing 
4 948 431 1012 589 67900 0 0 1 standing 
4 986 432 1050 591 67901 0 0 1 standing 
4 1024 434 1088 593 67902 0 0 0 standing 
4 1048 434 1112 593 67903 0 0 1 standing 
4 1072 435 1136 593 67904 0 0 1 standing 
4 1097 436 1160 593 67905 0 0 0 standing 
4 1105 437 1168 594 67906 0 0 1 standing 
4 1114 438 1177 596 67907 0 0 1 standing 
4 1123 440 1186 598 67908 0 0 0 standing 
4 1123 440 1186 598 67909 0 0 1 standing 
5 515 374 572 555 67890 0 0 0 standing 
5 547 372 604 554 67891 0 0 1 standing 
5 580 370 637 553 67892 0 0 1 standing 
5 613 369 670 552 67893 0 0 0 standing 
5 655 368 712 551 67894 0 0 1 standing 
5 697 367 754 550 67895 0 0 1 standing 
5 739 366 796 549 67896 0 0 0 standing 
5 784 366 842 549 67897 0 0 1 standing 
5 830 367 888 550 67898 0 0 1 standing 
5 876 368 934 551 67899 0 0 0 standing 
5 912 369 970 552 67900 0 0 1 standing 
5 949 370 1007 553 67901 0 0 1 standing 
5 986 371 1044 554 67902 0 0 0 standing 
5 1010 371 1069 554 67903 0 0 1 standing 
5 1035 372 1094 555 67904 0 0 1 standing 
5 1060 373 1119 556 67905 0 0 0 standing 
5 1068 373 1127 556 67906 0 0 1 standing 
5 1076 374 1135 557 67907 0 0 1 standing 
5 1085 375 1144 558 67908 0 0 0 standing 
5 1085 375 1144 558 67909 0 0 1 standing 
6 528 350 579 500 67890 0 0 0 standing 
6 561 349 612 499 67891 0 0 1 standing 
6 594 348 645 498 67892 0 0 1 standing 
6 627 348 679 497 67893 0 0 0 standing 
6 667 347 719 496 67894 0 0 1 standing 
6 707 346 759 495 67895 0 0 1 standing 
6 748 346 800 495 67896 0 0 0 standing 
6 792 346 844 495 67897 0 0 1 standing 
6 836 346 889 495 67898 0 0 1 standing 
6 880 346 934 495 67899 0 0 0 standing 
6 919 345 973 494 67900 0 0 1 standing 
6 958 345 1012 494 67901 0 0 1 standing 
6 998 345 1052 494 67902 0 0 0 standing 
6 1024 345 1078 494 67903 0 0 1 standing 
6 1050 345 1104 494 67904 0 0 1 standing 
6 1076 346 1130 495 67905 0 0 0 standing 
6 1084 345 1138 494 67906 0 0 1 standing 
6 1092 345 1146 494 67907 0 0 1 standing 
6 1101 345 1155 494 67908 0 0 0 standing 
6 1101 345 1155 494 67909 0 0 1 standing 
7 6 377 64 483 67890 0 0 0 standing 
7 42 374 98 478 67891 0 0 1 standing 
7 78 372 133 473 67892 0 0 1 standing 
7 114 370 168 469 67893 0 0 0 standing 
7 157 368 211 473 67894 0 0 1 standing 
7 200 366 254 478 67895 0 0 1 standing 
7 244 365 297 483 67896 0 0 0 standing 
7 290 361 343 483 67897 0 0 1 standing 
7 337 357 390 483 67898 0 0 1 standing 
7 384 354 437 483 67899 0 0 0 standing 
7 420 350 477 481 67900 0 0 1 standing 
7 457 346 517 479 67901 0 0 1 standing 
7 494 343 557 477 67902 0 0 0 standing 
7 518 340 581 474 67903 0 0 1 standing 
7 542 337 605 471 67904 0 0 1 standing 
7 566 335 629 469 67905 0 0 0 standing 
7 566 333 634 466 67906 0 0 1 standing 
7 566 332 639 463 67907 0 0 1 standing 
7 566 330 644 461 67908 0 0 1 standing 
7 566 329 649 458 67909 0 0 1 standing 
8 144 473 222 642 67890 0 0 0 standing 
8 173 471 253 639 67891 0 0 1 moving 
8 202 470 284 636 67892 0 0 1 moving 
8 232 469 315 633 67893 0 0 0 moving 
8 273 466 356 630 67894 0 0 1 moving 
8 314 464 397 628 67895 0 0 1 moving 
8 355 462 439 626 67896 0 0 0 moving 
8 396 456 479 625 67897 0 0 1 moving 
8 438 450 519 624 67898 0 0 1 moving 
8 480 445 559 624 67899 0 0 0 moving 
8 517 439 593 620 67900 0 0 1 moving 
8 554 434 627 616 67901 0 0 1 moving 
8 592 429 662 613 67902 0 0 0 moving 
8 614 425 684 606 67903 0 0 1 moving 
8 636 422 706 600 67904 0 0 1 moving 
8 659 419 728 594 67905 0 0 0 moving 
8 660 419 733 594 67906 0 0 1 moving 
8 662 419 738 594 67907 0 0 1 moving 
8 664 419 743 594 67908 0 0 1 moving 
8 666 419 748 594 67909 0 0 1 moving 
9 315 473 397 624 67890 0 0 0 moving 
9 336 472 418 625 67891 0 0 1 standing 
9 357 471 440 626 67892 0 0 1 standing 
9 379 470 462 628 67893 0 0 0 standing 
9 409 467 501 627 67894 0 0 1 standing 
9 440 465 540 627 67895 0 0 1 standing 
9 471 463 580 627 67896 0 0 0 standing 
9 512 463 618 626 67897 0 0 1 standing 
9 554 463 656 626 67898 0 0 1 standing 
9 596 463 694 626 67899 0 0 0 standing 
9 628 461 719 625 67900 0 0 1 standing 
9 661 459 745 625 67901 0 0 1 standing 
9 694 458 771 625 67902 0 0 0 standing 
9 712 458 793 629 67903 0 0 1 standing 
9 730 458 815 633 67904 0 0 1 standing 
9 749 459 838 638 67905 0 0 0 standing 
9 741 460 835 638 67906 0 0 1 standing 
9 734 462 833 639 67907 0 0 1 standing 
9 727 464 830 639 67908 0 0 1 standing 
9 720 466 828 640 67909 0 0 1 standing 
10 309 414 363 551 67890 0 0 0 standing 
10 348 414 413 556 67891 0 0 1 blocking 
10 387 414 464 562 67892 0 0 1 blocking 
10 426 415 515 568 67893 0 0 0 blocking 
10 472 414 561 567 67894 0 0 1 blocking 
10 518 413 607 566 67895 0 0 1 blocking 
10 565 412 654 565 67896 0 0 0 blocking 
10 611 411 700 564 67897 0 0 1 blocking 
10 658 410 747 563 67898 0 0 1 blocking 
10 705 410 794 563 67899 0 0 0 blocking 
10 746 408 830 561 67900 0 0 1 blocking 
10 787 407 866 560 67901 0 0 1 blocking 
10 828 406 903 559 67902 0 0 0 blocking 
10 853 407 930 560 67903 0 0 1 blocking 
10 879 408 957 561 67904 0 0 1 blocking 
10 905 410 985 563 67905 0 0 0 blocking 
10 908 412 990 562 67906 0 0 1 blocking 
10 911 415 996 561 67907 0 0 1 blocking 
10 914 418 1002 560 67908 0 0 1 blocking 
10 917 421 1008 559 67909 0 0 1 blocking 
11 45 449 120 592 67890 1 0 1 blocking 
11 45 449 121 592 67891 1 0 1 standing 
11 45 449 122 592 67892 1 0 1 standing 
11 45 450 124 593 67893 0 0 0 standing 
11 87 444 159 588 67894 0 0 1 standing 
11 129 439 195 583 67895 0 0 1 standing 
11 171 434 231 578 67896 0 0 0 standing 
11 217 431 273 575 67897 0 0 1 standing 
11 263 428 316 572 67898 0 0 1 standing 
11 310 425 359 569 67899 0 0 0 standing 
11 346 422 395 566 67900 0 0 1 standing 
11 383 419 432 563 67901 0 0 1 standing 
11 420 417 469 561 67902 0 0 0 standing 
11 441 415 494 560 67903 0 0 1 standing 
11 463 413 519 559 67904 0 0 1 standing 
11 485 411 544 559 67905 0 0 0 standing 
11 485 410 549 560 67906 0 0 1 standing 
11 485 409 554 561 67907 0 0 1 standing 
11 486 409 559 563 67908 0 0 1 standing 
11 486 408 564 564 67909 0 0 1 standing 
