0 505 361 551 510 39055 0 1 0 setting 
0 509 354 555 505 39056 0 1 1 setting 
0 513 347 559 500 39057 0 1 1 setting 
0 517 340 563 496 39058 0 1 1 setting 
0 521 333 567 491 39059 0 1 1 setting 
0 526 327 571 487 39060 0 1 0 setting 
0 531 330 576 488 39061 0 1 1 setting 
0 536 333 581 489 39062 0 1 1 setting 
0 541 337 586 490 39063 0 1 1 setting 
0 546 340 591 491 39064 0 1 1 setting 
0 551 344 597 493 39065 0 1 0 setting 
0 554 350 602 494 39066 0 1 1 setting 
0 557 357 608 495 39067 0 1 1 setting 
0 561 364 613 496 39068 0 1 1 setting 
0 564 371 619 497 39069 0 1 1 setting 
0 568 378 625 499 39070 0 1 0 setting 
0 575 378 631 498 39071 0 1 1 setting 
0 582 379 637 497 39072 0 1 1 setting 
0 589 379 643 497 39073 0 1 1 setting 
0 596 380 649 496 39074 0 1 1 setting 
1 599 396 663 509 39055 0 1 0 setting 
1 597 393 662 506 39056 0 1 1 moving 
1 595 391 661 503 39057 0 1 1 moving 
1 593 388 660 500 39058 0 1 1 moving 
1 591 386 659 497 39059 0 1 1 moving 
1 590 384 658 494 39060 0 1 0 moving 
1 590 382 656 493 39061 0 1 1 moving 
1 591 380 654 492 39062 0 1 1 moving 
1 592 378 653 492 39063 0 1 0 moving 
1 589 375 649 489 39064 0 1 1 moving 
1 587 372 646 487 39065 0 1 1 moving 
1 585 370 643 484 39066 0 1 1 moving 
1 583 367 640 482 39067 0 1 1 moving 
1 581 364 636 479 39068 0 1 1 moving 
1 579 362 633 477 39069 0 1 1 moving 
1 577 359 630 475 39070 0 1 1 moving 
1 575 356 627 472 39071 0 1 1 moving 
1 573 354 623 470 39072 0 1 1 moving 
1 571 351 620 467 39073 0 1 1 moving 
1 569 348 617 465 39074 0 1 1 moving 
2 704 468 771 591 39055 0 1 0 moving 
2 702 467 772 592 39056 0 1 1 moving 
2 700 467 774 594 39057 0 1 1 moving 
2 698 466 776 595 39058 0 1 1 moving 
2 696 466 778 597 39059 0 1 1 moving 
2 694 465 780 598 39060 0 1 1 moving 
2 692 465 782 600 39061 0 1 1 moving 
2 690 465 784 602 39062 0 1 0 moving 
2 694 466 779 601 39063 0 1 1 moving 
2 699 467 774 601 39064 0 1 1 moving 
2 704 468 770 601 39065 0 1 0 moving 
2 699 467 770 601 39066 0 1 1 moving 
2 694 466 770 601 39067 0 1 1 moving 
2 689 465 770 601 39068 0 1 1 moving 
2 684 464 770 601 39069 0 1 1 moving 
2 680 464 771 601 39070 0 1 0 moving 
2 678 464 761 602 39071 0 1 1 moving 
2 676 464 752 604 39072 0 1 1 moving 
2 674 465 742 605 39073 0 1 1 moving 
2 672 465 733 607 39074 0 1 1 moving 
3 805 421 920 536 39055 0 1 0 moving 
3 801 420 913 535 39056 0 1 1 moving 
3 797 419 906 534 39057 0 1 1 moving 
3 794 418 899 533 39058 0 1 1 moving 
3 790 418 893 532 39059 0 1 1 moving 
3 787 417 886 531 39060 0 1 1 moving 
3 783 416 879 530 39061 0 1 1 moving 
3 780 416 873 529 39062 0 1 0 moving 
3 768 414 863 527 39063 0 1 1 moving 
3 756 412 853 525 39064 0 1 1 moving 
3 744 410 844 524 39065 0 1 0 moving 
3 738 404 834 522 39066 0 1 1 moving 
3 732 399 825 521 39067 0 1 1 moving 
3 727 394 815 519 39068 0 1 1 moving 
3 721 389 806 518 39069 0 1 1 moving 
3 716 384 796 516 39070 0 1 1 moving 
3 710 379 787 515 39071 0 1 1 moving 
3 705 374 778 514 39072 0 1 0 moving 
3 698 367 771 507 39073 0 1 1 moving 
3 692 360 764 501 39074 0 1 1 moving 
4 809 474 888 595 39055 0 0 0 moving 
4 809 468 886 592 39056 0 0 1 standing 
4 810 462 884 589 39057 0 0 1 standing 
4 811 457 882 587 39058 0 0 0 standing 
4 808 454 879 584 39059 0 0 1 standing 
4 805 451 876 582 39060 0 0 1 standing 
4 802 449 873 580 39061 0 0 0 standing 
4 802 449 869 580 39062 0 0 1 standing 
4 802 449 865 580 39063 0 0 1 standing 
4 802 449 861 580 39064 0 0 0 standing 
4 799 449 861 579 39065 0 0 1 standing 
4 796 450 862 578 39066 0 0 1 standing 
4 793 451 863 577 39067 0 0 0 standing 
4 785 451 854 574 39068 0 0 1 standing 
4 777 451 846 572 39069 0 0 1 standing 
4 769 451 838 570 39070 0 0 0 standing 
4 763 450 833 569 39071 0 0 1 standing 
4 757 449 829 568 39072 0 0 1 standing 
4 752 448 825 567 39073 0 0 1 standing 
4 746 447 821 566 39074 0 0 1 standing 
5 707 363 758 472 39055 0 0 0 standing 
5 705 364 762 471 39056 0 0 1 moving 
5 703 365 767 470 39057 0 0 1 moving 
5 701 367 772 470 39058 0 0 0 moving 
5 703 368 770 469 39059 0 0 1 moving 
5 706 369 769 469 39060 0 0 1 moving 
5 709 370 768 469 39061 0 0 0 moving 
5 710 369 769 469 39062 0 0 1 moving 
5 711 368 770 470 39063 0 0 1 moving 
5 713 368 772 471 39064 0 0 0 moving 
5 714 366 772 474 39065 0 0 1 moving 
5 715 365 772 478 39066 0 0 1 moving 
5 716 364 773 482 39067 0 0 0 moving 
5 718 365 772 482 39068 0 0 1 moving 
5 721 366 771 483 39069 0 0 1 moving 
5 724 367 771 484 39070 0 0 0 moving 
5 727 368 774 484 39071 0 0 1 moving 
5 730 369 777 485 39072 0 0 1 moving 
5 734 371 780 485 39073 0 0 1 moving 
5 737 372 783 486 39074 0 0 1 moving 
6 349 454 409 597 39055 0 0 0 moving 
6 351 454 409 596 39056 0 0 1 standing 
6 353 454 409 596 39057 0 0 1 standing 
6 356 454 409 596 39058 0 0 0 standing 
6 358 453 411 595 39059 0 0 1 standing 
6 360 452 413 595 39060 0 0 1 standing 
6 362 452 415 595 39061 0 0 0 standing 
6 363 454 420 593 39062 0 0 1 standing 
6 364 457 425 592 39063 0 0 1 standing 
6 365 460 430 591 39064 0 0 0 standing 
6 362 461 431 592 39065 0 0 1 standing 
6 360 462 433 593 39066 0 0 1 standing 
6 358 464 435 594 39067 0 0 0 standing 
6 362 465 440 592 39068 0 0 1 standing 
6 366 466 446 590 39069 0 0 1 standing 
6 370 467 452 589 39070 0 0 0 standing 
6 366 465 451 588 39071 0 0 1 standing 
6 363 464 450 587 39072 0 0 1 standing 
6 360 463 450 587 39073 0 0 1 standing 
6 357 462 449 586 39074 0 0 1 standing 
7 380 406 421 549 39055 0 0 0 standing 
7 379 406 422 548 39056 0 0 1 standing 
7 378 406 424 548 39057 0 0 1 standing 
7 377 406 426 548 39058 0 0 0 standing 
7 383 404 432 546 39059 0 0 1 standing 
7 389 402 438 544 39060 0 0 1 standing 
7 396 400 445 542 39061 0 0 0 standing 
7 399 401 447 543 39062 0 0 1 standing 
7 402 402 449 544 39063 0 0 1 standing 
7 406 403 451 545 39064 0 0 0 standing 
7 410 403 455 545 39065 0 0 1 standing 
7 414 403 459 545 39066 0 0 1 standing 
7 418 403 463 545 39067 0 0 0 standing 
7 422 401 467 543 39068 0 0 1 standing 
7 426 399 471 541 39069 0 0 1 standing 
7 430 397 475 539 39070 0 0 0 standing 
7 433 396 479 539 39071 0 0 1 standing 
7 436 395 484 539 39072 0 0 1 standing 
7 440 394 489 539 39073 0 0 1 standing 
7 443 393 494 539 39074 0 0 1 standing 
8 363 393 415 510 39055 0 0 0 standing 
8 366 390 416 501 39056 0 0 1 standing 
8 370 387 417 493 39057 0 0 1 standing 
8 374 385 419 485 39058 0 0 0 standing 
8 379 384 424 484 39059 0 0 1 standing 
8 384 383 430 484 39060 0 0 1 standing 
8 389 383 436 484 39061 0 0 0 standing 
8 394 382 441 483 39062 0 0 1 standing 
8 399 381 446 483 39063 0 0 1 standing 
8 405 381 452 483 39064 0 0 0 standing 
8 409 381 456 483 39065 0 0 1 standing 
8 413 381 460 483 39066 0 0 1 standing 
8 418 382 465 484 39067 0 0 0 standing 
8 422 381 469 483 39068 0 0 1 standing 
8 426 381 473 482 39069 0 0 1 standing 
8 431 381 478 482 39070 0 0 0 standing 
8 434 381 481 482 39071 0 0 1 standing 
8 437 382 484 483 39072 0 0 1 standing 
8 440 383 487 484 39073 0 0 1 standing 
8 443 384 490 485 39074 0 0 1 standing 
9 98 462 169 615 39055 0 0 0 standing 
9 98 461 172 615 39056 0 0 1 standing 
9 98 461 176 615 39057 0 0 1 standing 
9 98 461 180 616 39058 0 0 0 standing 
9 97 462 182 613 39059 0 0 1 standing 
9 97 463 184 611 39060 0 0 1 standing 
9 97 464 186 609 39061 0 0 0 standing 
9 99 464 188 610 39062 0 0 1 standing 
9 101 465 191 612 39063 0 0 1 standing 
9 104 466 194 614 39064 0 0 0 standing 
9 107 466 197 612 39065 0 0 1 standing 
9 111 466 200 611 39066 0 0 1 standing 
9 115 467 204 610 39067 0 0 0 standing 
9 119 468 208 609 39068 0 0 1 standing 
9 123 469 212 608 39069 0 0 1 standing 
9 127 470 216 608 39070 0 0 0 standing 
9 127 469 221 606 39071 0 0 1 standing 
9 128 469 226 605 39072 0 0 1 standing 
9 128 469 231 604 39073 0 0 1 standing 
9 129 469 236 603 39074 0 0 1 standing 
10 72 387 151 504 39055 0 0 0 standing 
10 74 384 148 501 39056 0 0 1 standing 
10 77 381 145 499 39057 0 0 1 standing 
10 80 378 143 497 39058 0 0 0 standing 
10 81 378 144 497 39059 0 0 1 standing 
10 83 378 146 497 39060 0 0 1 standing 
10 85 378 148 497 39061 0 0 0 standing 
10 88 377 151 494 39062 0 0 1 standing 
10 91 376 154 491 39063 0 0 1 standing 
10 94 376 158 489 39064 0 0 0 standing 
10 94 375 160 487 39065 0 0 1 standing 
10 94 374 163 486 39066 0 0 1 standing 
10 95 373 166 485 39067 0 0 0 standing 
10 100 375 167 483 39068 0 0 1 standing 
10 105 377 169 482 39069 0 0 1 standing 
10 111 379 171 481 39070 0 0 0 standing 
10 110 382 175 482 39071 0 0 1 standing 
10 109 385 179 483 39072 0 0 1 standing 
10 108 388 184 484 39073 0 0 0 standing 
10 108 388 184 484 39074 0 0 1 standing 
11 21 443 90 571 39055 0 0 0 standing 
11 22 441 91 571 39056 0 0 1 standing 
11 24 440 93 571 39057 0 0 1 standing 
11 26 439 95 571 39058 0 0 0 standing 
11 29 439 96 572 39059 0 0 1 standing 
11 32 439 98 573 39060 0 0 1 standing 
11 35 439 100 574 39061 0 0 0 standing 
11 38 439 101 573 39062 0 0 1 standing 
11 41 439 102 572 39063 0 0 1 standing 
11 45 439 104 571 39064 0 0 0 standing 
11 47 440 107 572 39065 0 0 1 standing 
11 49 441 110 573 39066 0 0 1 standing 
11 51 443 114 574 39067 0 0 0 standing 
11 53 444 119 575 39068 0 0 1 standing 
11 55 446 124 576 39069 0 0 1 standing 
11 58 448 129 578 39070 0 0 0 standing 
11 58 449 131 578 39071 0 0 1 standing 
11 59 450 134 578 39072 0 0 1 standing 
11 60 451 137 578 39073 0 0 1 standing 
11 61 452 140 578 39074 0 0 1 standing 
