0 752 354 844 461 62760 0 1 0 moving 
0 757 355 846 462 62761 0 1 1 moving 
0 763 356 848 464 62762 0 1 1 moving 
0 769 357 850 466 62763 0 1 1 moving 
0 774 358 852 467 62764 0 1 1 moving 
0 780 359 854 469 62765 0 1 1 moving 
0 786 360 857 471 62766 0 1 0 moving 
0 783 356 864 469 62767 0 1 1 moving 
0 781 353 871 467 62768 0 1 1 moving 
0 779 350 878 465 62769 0 1 1 moving 
0 777 347 885 463 62770 0 1 0 moving 
0 781 347 884 463 62771 0 1 1 moving 
0 785 348 884 464 62772 0 1 1 moving 
0 789 349 883 465 62773 0 1 1 moving 
0 793 350 883 465 62774 0 1 1 moving 
0 798 351 882 466 62775 0 1 1 moving 
0 802 351 882 467 62776 0 1 1 moving 
0 806 352 881 467 62777 0 1 1 moving 
0 810 353 881 468 62778 0 1 1 moving 
0 814 354 880 469 62779 0 1 1 moving 
1 876 432 979 540 62760 0 1 0 moving 
1 877 431 978 541 62761 0 1 1 moving 
1 878 431 978 543 62762 0 1 1 moving 
1 880 431 977 544 62763 0 1 1 moving 
1 881 430 977 546 62764 0 1 1 moving 
1 882 430 976 547 62765 0 1 1 moving 
1 884 430 976 549 62766 0 1 0 moving 
1 877 430 976 551 62767 0 1 1 moving 
1 871 430 976 554 62768 0 1 1 moving 
1 864 430 976 556 62769 0 1 1 moving 
1 858 431 977 559 62770 0 1 0 moving 
1 859 429 971 560 62771 0 1 1 moving 
1 860 428 966 562 62772 0 1 1 moving 
1 861 426 961 564 62773 0 1 1 moving 
1 862 425 956 566 62774 0 1 1 moving 
1 863 423 951 568 62775 0 1 1 moving 
1 864 422 946 570 62776 0 1 1 moving 
1 865 421 941 572 62777 0 1 0 moving 
1 863 410 950 565 62778 0 1 1 moving 
1 861 399 959 558 62779 0 1 1 moving 
2 816 546 896 680 62760 0 1 0 moving 
2 816 545 899 678 62761 0 1 1 standing 
2 817 544 902 676 62762 0 1 1 standing 
2 818 543 906 674 62763 0 1 1 standing 
2 819 542 909 672 62764 0 1 1 standing 
2 820 541 912 670 62765 0 1 1 standing 
2 821 540 916 668 62766 0 1 0 standing 
2 817 538 912 666 62767 0 1 1 standing 
2 814 537 909 664 62768 0 1 1 standing 
2 811 536 905 662 62769 0 1 1 standing 
2 808 534 902 660 62770 0 1 1 standing 
2 805 533 898 658 62771 0 1 1 standing 
2 802 532 895 656 62772 0 1 1 standing 
2 799 531 892 655 62773 0 1 1 standing 
2 795 529 888 653 62774 0 1 1 standing 
2 792 528 885 651 62775 0 1 1 standing 
2 789 527 881 649 62776 0 1 1 standing 
2 786 525 878 647 62777 0 1 1 standing 
2 783 524 874 645 62778 0 1 1 standing 
2 780 523 871 643 62779 0 1 1 standing 
3 628 385 735 520 62760 0 1 0 standing 
3 637 385 734 520 62761 0 1 1 jumping 
3 646 386 734 521 62762 0 1 1 jumping 
3 656 387 733 522 62763 0 1 1 jumping 
3 665 387 733 522 62764 0 1 1 jumping 
3 674 388 732 523 62765 0 1 1 jumping 
3 684 389 732 524 62766 0 1 0 jumping 
3 691 381 741 516 62767 0 1 1 jumping 
3 699 373 750 508 62768 0 1 1 jumping 
3 706 365 759 500 62769 0 1 1 jumping 
3 714 357 769 492 62770 0 1 0 jumping 
3 718 356 773 491 62771 0 1 1 jumping 
3 723 355 778 490 62772 0 1 1 jumping 
3 727 354 782 489 62773 0 1 1 jumping 
3 732 353 787 488 62774 0 1 1 jumping 
3 736 352 791 487 62775 0 1 1 jumping 
3 741 351 796 486 62776 0 1 1 jumping 
3 745 350 800 485 62777 0 1 1 jumping 
3 750 349 805 484 62778 0 1 1 jumping 
3 754 348 809 483 62779 0 1 1 jumping 
4 557 404 612 545 62760 0 1 0 jumping 
4 569 399 624 542 62761 0 1 1 jumping 
4 581 394 636 539 62762 0 1 1 jumping 
4 593 389 648 536 62763 0 1 1 jumping 
4 605 384 660 534 62764 0 1 1 jumping 
4 617 379 672 531 62765 0 1 1 jumping 
4 629 374 684 528 62766 0 1 1 jumping 
4 641 369 696 526 62767 0 1 1 jumping 
4 653 364 708 523 62768 0 1 1 jumping 
4 665 359 720 520 62769 0 1 1 jumping 
4 677 354 732 518 62770 0 1 0 jumping 
4 689 360 744 520 62771 0 1 1 jumping 
4 701 367 756 523 62772 0 1 1 jumping 
4 713 373 768 525 62773 0 1 1 jumping 
4 725 380 780 528 62774 0 1 1 jumping 
4 737 387 792 531 62775 0 1 1 jumping 
4 749 393 804 533 62776 0 1 1 jumping 
4 761 400 816 536 62777 0 1 1 jumping 
4 773 406 828 538 62778 0 1 1 jumping 
4 785 413 840 541 62779 0 1 1 jumping 
5 849 462 910 594 62760 0 0 0 jumping 
5 856 462 919 595 62761 0 0 1 standing 
5 864 463 928 596 62762 0 0 1 standing 
5 872 464 937 597 62763 0 0 0 standing 
5 878 465 942 599 62764 0 0 1 standing 
5 884 466 947 601 62765 0 0 1 standing 
5 891 467 953 604 62766 0 0 0 standing 
5 898 467 955 603 62767 0 0 1 standing 
5 905 467 958 603 62768 0 0 1 standing 
5 913 467 961 603 62769 0 0 0 standing 
5 921 467 969 605 62770 0 0 1 standing 
5 929 467 978 607 62771 0 0 1 standing 
5 937 468 987 609 62772 0 0 0 standing 
5 939 469 997 608 62773 0 0 1 standing 
5 941 470 1008 607 62774 0 0 1 standing 
5 944 472 1019 606 62775 0 0 0 standing 
5 952 472 1024 607 62776 0 0 1 standing 
5 960 473 1030 609 62777 0 0 1 standing 
5 968 474 1035 610 62778 0 0 1 standing 
5 976 475 1041 612 62779 0 0 1 standing 
6 434 464 498 613 62760 0 0 0 standing 
6 443 465 507 613 62761 0 0 1 standing 
6 453 466 517 613 62762 0 0 1 standing 
6 463 467 527 614 62763 0 0 0 standing 
6 473 465 537 614 62764 0 0 1 standing 
6 484 464 547 614 62765 0 0 1 standing 
6 495 463 558 615 62766 0 0 0 standing 
6 505 464 568 616 62767 0 0 1 standing 
6 516 465 579 617 62768 0 0 1 standing 
6 527 466 590 618 62769 0 0 0 standing 
6 536 465 598 615 62770 0 0 1 standing 
6 545 465 607 613 62771 0 0 1 standing 
6 554 465 616 611 62772 0 0 0 standing 
6 565 465 627 611 62773 0 0 1 standing 
6 576 465 638 611 62774 0 0 1 standing 
6 587 466 649 612 62775 0 0 0 standing 
6 595 459 658 610 62776 0 0 1 standing 
6 604 452 667 609 62777 0 0 1 standing 
6 613 446 676 608 62778 0 0 0 standing 
6 613 446 676 608 62779 0 0 1 standing 
7 453 388 504 547 62760 0 0 0 standing 
7 462 390 513 549 62761 0 0 1 standing 
7 472 392 523 551 62762 0 0 1 standing 
7 482 395 533 554 62763 0 0 0 standing 
7 489 399 542 558 62764 0 0 1 standing 
7 496 404 552 563 62765 0 0 1 standing 
7 503 409 562 568 62766 0 0 0 standing 
7 513 410 572 560 62767 0 0 1 standing 
7 524 411 582 552 62768 0 0 1 standing 
7 535 413 593 545 62769 0 0 0 standing 
7 546 409 604 541 62770 0 0 1 standing 
7 558 406 616 537 62771 0 0 1 standing 
7 570 403 628 533 62772 0 0 0 standing 
7 581 387 635 532 62773 0 0 1 standing 
7 592 372 642 531 62774 0 0 1 standing 
7 603 357 650 531 62775 0 0 0 standing 
7 611 353 659 528 62776 0 0 1 standing 
7 620 350 668 525 62777 0 0 1 standing 
7 628 346 678 522 62778 0 0 1 standing 
7 637 343 687 519 62779 0 0 1 standing 
8 427 410 504 537 62760 0 0 0 standing 
8 437 408 514 535 62761 0 0 1 standing 
8 447 406 524 533 62762 0 0 1 standing 
8 457 404 534 531 62763 0 0 0 standing 
8 469 404 537 531 62764 0 0 1 standing 
8 481 404 540 531 62765 0 0 1 standing 
8 493 405 544 531 62766 0 0 0 standing 
8 504 403 555 529 62767 0 0 1 standing 
8 516 402 567 528 62768 0 0 1 standing 
8 528 401 579 527 62769 0 0 0 standing 
8 538 401 589 527 62770 0 0 1 standing 
8 548 401 599 527 62771 0 0 1 standing 
8 559 401 610 527 62772 0 0 0 standing 
8 557 398 621 524 62773 0 0 1 standing 
8 555 395 632 521 62774 0 0 1 standing 
8 554 393 644 519 62775 0 0 0 standing 
8 562 392 652 518 62776 0 0 1 standing 
8 571 391 661 517 62777 0 0 1 standing 
8 580 390 670 516 62778 0 0 1 standing 
8 589 389 679 515 62779 0 0 1 standing 
9 113 408 174 535 62760 0 0 0 standing 
9 123 408 183 534 62761 0 0 1 standing 
9 133 408 193 534 62762 0 0 1 standing 
9 144 408 203 534 62763 0 0 0 standing 
9 151 407 211 534 62764 0 0 1 standing 
9 159 407 220 534 62765 0 0 1 standing 
9 167 407 229 534 62766 0 0 0 standing 
9 177 406 239 533 62767 0 0 1 standing 
9 187 405 249 532 62768 0 0 1 standing 
9 198 405 260 532 62769 0 0 0 standing 
9 211 408 271 530 62770 0 0 1 standing 
9 224 411 283 528 62771 0 0 1 standing 
9 237 415 295 526 62772 0 0 0 standing 
9 247 418 306 528 62773 0 0 1 standing 
9 258 422 317 530 62774 0 0 1 standing 
9 269 426 328 533 62775 0 0 0 standing 
9 280 426 337 531 62776 0 0 1 standing 
9 291 427 347 530 62777 0 0 1 standing 
9 302 428 356 528 62778 0 0 1 standing 
9 313 429 366 527 62779 0 0 1 standing 
10 120 493 171 627 62760 0 0 0 standing 
10 126 494 179 630 62761 0 0 1 standing 
10 132 495 187 633 62762 0 0 1 standing 
10 138 497 196 636 62763 0 0 0 standing 
10 145 498 205 637 62764 0 0 1 standing 
10 152 500 214 638 62765 0 0 1 standing 
10 159 502 223 640 62766 0 0 0 standing 
10 169 502 233 640 62767 0 0 1 standing 
10 179 502 243 640 62768 0 0 1 standing 
10 189 502 253 640 62769 0 0 0 standing 
10 201 501 263 638 62770 0 0 1 standing 
10 213 500 273 637 62771 0 0 1 standing 
10 225 499 283 636 62772 0 0 0 standing 
10 233 499 291 636 62773 0 0 1 standing 
10 241 499 299 636 62774 0 0 1 standing 
10 249 500 307 637 62775 0 0 0 standing 
10 258 502 316 636 62776 0 0 1 standing 
10 267 504 325 636 62777 0 0 1 standing 
10 277 507 334 635 62778 0 0 1 standing 
10 286 509 343 635 62779 0 0 1 standing 
11 21 479 97 588 62760 0 0 0 standing 
11 30 478 106 587 62761 0 0 1 waiting 
11 40 477 115 586 62762 0 0 1 waiting 
11 50 477 125 585 62763 0 0 0 waiting 
11 61 475 135 584 62764 0 0 1 waiting 
11 72 473 145 583 62765 0 0 1 waiting 
11 84 472 156 582 62766 0 0 0 waiting 
11 95 471 166 580 62767 0 0 1 waiting 
11 106 470 176 579 62768 0 0 1 waiting 
11 117 469 186 578 62769 0 0 0 waiting 
11 127 468 196 577 62770 0 0 1 waiting 
11 138 467 207 576 62771 0 0 1 waiting 
11 149 467 218 576 62772 0 0 0 waiting 
11 157 467 226 576 62773 0 0 1 waiting 
11 166 468 234 576 62774 0 0 1 waiting 
11 175 469 243 576 62775 0 0 0 waiting 
11 185 468 252 575 62776 0 0 1 waiting 
11 195 467 262 574 62777 0 0 1 waiting 
11 205 466 272 573 62778 0 0 1 waiting 
11 215 465 282 572 62779 0 0 1 waiting 
