0 136 401 200 562 13970 0 0 0 standing 
0 132 397 198 559 13971 0 0 1 standing 
0 128 393 197 557 13972 0 0 1 standing 
0 124 389 195 554 13973 0 0 1 standing 
0 120 385 194 552 13974 0 0 1 standing 
0 116 381 193 550 13975 0 0 0 standing 
0 112 381 186 549 13976 0 0 1 standing 
0 109 381 179 548 13977 0 0 1 standing 
0 105 382 172 547 13978 0 0 1 standing 
0 102 382 165 546 13979 0 0 1 standing 
0 99 383 159 545 13980 0 0 0 standing 
0 86 383 148 544 13981 0 0 1 standing 
0 73 384 138 544 13982 0 0 1 standing 
0 60 384 128 543 13983 0 0 1 standing 
0 47 385 117 543 13984 0 0 1 standing 
0 34 385 107 542 13985 0 0 1 standing 
0 21 386 97 542 13986 0 0 1 standing 
0 9 387 87 542 13987 0 0 0 standing 
0 9 387 87 542 13988 0 0 1 standing 
0 9 387 87 542 13989 0 0 1 standing 
1 220 471 294 630 13970 0 0 0 standing 
1 213 470 287 629 13971 0 0 1 standing 
1 207 469 280 628 13972 0 0 1 standing 
1 201 469 274 628 13973 0 0 0 standing 
1 190 467 266 626 13974 0 0 1 standing 
1 180 465 258 624 13975 0 0 1 standing 
1 170 463 250 622 13976 0 0 1 standing 
1 160 461 242 620 13977 0 0 1 standing 
1 150 459 234 618 13978 0 0 1 standing 
1 140 458 226 617 13979 0 0 0 standing 
1 124 456 210 615 13980 0 0 1 standing 
1 108 455 194 614 13981 0 0 1 standing 
1 92 454 178 613 13982 0 0 1 standing 
1 76 453 162 612 13983 0 0 1 standing 
1 60 452 146 611 13984 0 0 1 standing 
1 44 451 130 610 13985 0 0 1 standing 
1 28 450 114 609 13986 0 0 1 standing 
1 13 449 99 608 13987 0 0 0 standing 
1 13 449 99 608 13988 0 0 1 standing 
1 13 449 99 608 13989 0 0 1 standing 
2 335 454 416 614 13970 0 0 0 standing 
2 329 452 411 610 13971 0 0 1 standing 
2 323 450 406 607 13972 0 0 1 standing 
2 317 448 401 604 13973 0 0 1 standing 
2 311 446 396 601 13974 0 0 1 standing 
2 305 444 391 598 13975 0 0 1 standing 
2 299 442 387 595 13976 0 0 0 standing 
2 290 441 379 593 13977 0 0 1 standing 
2 281 441 371 592 13978 0 0 1 standing 
2 273 440 364 590 13979 0 0 1 standing 
2 264 440 356 589 13980 0 0 1 standing 
2 256 439 349 587 13981 0 0 1 standing 
2 247 439 341 586 13982 0 0 1 standing 
2 239 439 334 585 13983 0 0 0 standing 
2 222 440 318 584 13984 0 0 1 standing 
2 206 441 303 584 13985 0 0 1 standing 
2 190 442 288 584 13986 0 0 1 standing 
2 174 443 273 584 13987 0 0 0 standing 
2 174 443 273 584 13988 0 0 1 standing 
2 174 443 273 584 13989 0 0 1 standing 
3 493 391 587 531 13970 0 0 0 standing 
3 485 390 580 530 13971 0 0 1 standing 
3 478 390 573 530 13972 0 0 1 standing 
3 471 390 566 530 13973 0 0 1 standing 
3 464 390 560 530 13974 0 0 0 standing 
3 455 392 551 532 13975 0 0 1 standing 
3 446 394 543 534 13976 0 0 1 standing 
3 437 397 535 537 13977 0 0 0 standing 
3 427 398 525 544 13978 0 0 1 standing 
3 417 400 515 551 13979 0 0 1 standing 
3 408 402 506 559 13980 0 0 0 standing 
3 393 404 489 558 13981 0 0 1 standing 
3 379 407 472 558 13982 0 0 1 standing 
3 364 410 455 558 13983 0 0 1 standing 
3 350 412 438 557 13984 0 0 1 standing 
3 335 415 421 557 13985 0 0 1 standing 
3 321 418 404 557 13986 0 0 1 standing 
3 307 421 388 557 13987 0 0 0 standing 
3 307 421 388 557 13988 0 0 1 standing 
3 307 421 388 557 13989 0 0 1 standing 
4 397 393 467 531 13970 0 0 0 standing 
4 392 392 462 530 13971 0 0 1 standing 
4 387 391 457 529 13972 0 0 1 standing 
4 383 391 453 529 13973 0 0 0 standing 
4 375 391 448 529 13974 0 0 1 standing 
4 367 391 444 529 13975 0 0 1 standing 
4 360 391 439 530 13976 0 0 1 standing 
4 352 391 435 530 13977 0 0 1 standing 
4 345 392 431 531 13978 0 0 0 standing 
4 329 392 415 530 13979 0 0 1 standing 
4 314 393 400 529 13980 0 0 1 standing 
4 298 394 385 528 13981 0 0 1 standing 
4 283 395 370 527 13982 0 0 1 standing 
4 267 396 355 526 13983 0 0 1 standing 
4 252 397 340 525 13984 0 0 1 standing 
4 237 398 325 525 13985 0 0 0 standing 
4 237 398 325 525 13986 0 0 1 standing 
4 237 398 325 525 13987 0 0 1 standing 
4 237 398 325 525 13988 0 0 1 standing 
4 237 398 325 525 13989 0 0 1 standing 
5 423 275 487 445 13970 0 1 0 standing 
5 420 270 486 440 13971 0 1 1 spiking 
5 417 265 485 436 13972 0 1 1 spiking 
5 414 260 484 431 13973 0 1 1 spiking 
5 411 255 484 427 13974 0 1 1 spiking 
5 408 250 483 422 13975 0 1 1 spiking 
5 405 245 482 418 13976 0 1 1 spiking 
5 402 240 481 413 13977 0 1 1 spiking 
5 399 236 481 409 13978 0 1 0 spiking 
5 387 243 468 413 13979 0 1 1 spiking 
5 375 251 456 418 13980 0 1 1 spiking 
5 363 259 444 423 13981 0 1 1 spiking 
5 351 266 431 428 13982 0 1 1 spiking 
5 339 274 419 432 13983 0 1 1 spiking 
5 327 282 407 437 13984 0 1 1 spiking 
5 315 289 394 442 13985 0 1 1 spiking 
5 303 297 382 447 13986 0 1 1 spiking 
5 292 305 370 452 13987 0 0 0 spiking 
5 292 305 370 452 13988 0 0 1 spiking 
5 292 305 370 452 13989 0 0 1 spiking 
6 949 474 1016 632 13970 0 0 0 spiking 
6 937 473 1005 630 13971 0 0 1 standing 
6 926 472 995 629 13972 0 0 1 standing 
6 914 472 985 628 13973 0 0 1 standing 
6 903 471 975 627 13974 0 0 1 standing 
6 892 471 965 626 13975 0 0 0 standing 
6 880 471 955 625 13976 0 0 1 standing 
6 869 472 945 625 13977 0 0 1 standing 
6 857 472 935 625 13978 0 0 1 standing 
6 846 473 925 625 13979 0 0 0 standing 
6 830 472 910 623 13980 0 0 1 standing 
6 814 471 896 622 13981 0 0 1 standing 
6 798 470 881 620 13982 0 0 1 standing 
6 782 470 867 619 13983 0 0 1 standing 
6 766 469 852 617 13984 0 0 1 standing 
6 750 468 838 616 13985 0 0 1 standing 
6 735 468 824 615 13986 0 0 0 standing 
6 735 468 824 615 13987 0 0 1 standing 
6 735 468 824 615 13988 0 0 1 standing 
6 735 468 824 615 13989 0 0 1 standing 
7 1011 354 1084 487 13970 0 0 0 standing 
7 1005 353 1077 485 13971 0 0 1 standing 
7 999 352 1071 484 13972 0 0 1 standing 
7 993 351 1064 482 13973 0 0 1 standing 
7 987 350 1058 481 13974 0 0 0 standing 
7 978 349 1049 480 13975 0 0 1 standing 
7 969 348 1041 479 13976 0 0 1 standing 
7 960 347 1032 478 13977 0 0 1 standing 
7 951 347 1024 477 13978 0 0 0 standing 
7 937 346 1009 476 13979 0 0 1 standing 
7 924 346 995 476 13980 0 0 1 standing 
7 911 346 981 475 13981 0 0 1 standing 
7 897 346 967 475 13982 0 0 1 standing 
7 884 346 953 474 13983 0 0 1 standing 
7 871 346 939 474 13984 0 0 1 standing 
7 858 346 925 474 13985 0 0 0 standing 
7 858 346 925 474 13986 0 0 1 standing 
7 858 346 925 474 13987 0 0 1 standing 
7 858 346 925 474 13988 0 0 1 standing 
7 858 346 925 474 13989 0 0 1 standing 
8 636 343 695 483 13970 0 1 0 standing 
8 629 326 688 482 13971 0 1 1 blocking 
8 623 309 681 482 13972 0 1 1 blocking 
8 616 292 674 482 13973 0 1 1 blocking 
8 610 275 667 482 13974 0 1 0 blocking 
8 597 273 655 478 13975 0 1 1 blocking 
8 584 272 644 474 13976 0 1 1 blocking 
8 571 271 633 470 13977 0 1 1 blocking 
8 558 269 622 467 13978 0 1 1 blocking 
8 545 268 611 463 13979 0 1 1 blocking 
8 532 267 600 459 13980 0 1 1 blocking 
8 520 266 589 456 13981 0 1 0 blocking 
8 507 265 574 452 13982 0 1 1 blocking 
8 495 264 559 449 13983 0 1 1 blocking 
8 482 263 544 445 13984 0 1 1 blocking 
8 470 262 529 442 13985 0 1 0 blocking 
8 470 262 529 442 13986 0 1 1 blocking 
8 470 262 529 442 13987 0 1 1 blocking 
8 470 262 529 442 13988 0 1 1 blocking 
8 470 262 529 442 13989 0 1 1 blocking 
9 1199 406 1268 561 13970 0 0 0 blocking 
9 1192 406 1261 561 13971 0 0 1 standing 
9 1185 407 1254 562 13972 0 0 1 standing 
9 1178 408 1247 563 13973 0 0 1 standing 
9 1171 409 1240 564 13974 0 0 1 standing 
9 1164 410 1233 565 13975 0 0 0 standing 
9 1156 411 1225 564 13976 0 0 1 standing 
9 1148 412 1217 564 13977 0 0 1 standing 
9 1141 413 1210 564 13978 0 0 0 standing 
9 1127 413 1196 563 13979 0 0 1 standing 
9 1114 414 1183 562 13980 0 0 1 standing 
9 1100 414 1169 561 13981 0 0 1 standing 
9 1087 415 1156 561 13982 0 0 0 standing 
9 1067 416 1137 560 13983 0 0 1 standing 
9 1048 417 1118 560 13984 0 0 1 standing 
9 1029 418 1099 560 13985 0 0 1 standing 
9 1010 419 1080 560 13986 0 0 1 standing 
9 991 420 1061 560 13987 0 0 1 standing 
9 972 421 1043 560 13988 0 0 0 standing 
9 972 421 1043 560 13989 0 0 1 standing 
10 640 357 699 508 13970 0 1 0 standing 
10 630 345 689 504 13971 0 1 1 blocking 
10 620 334 680 500 13972 0 1 1 blocking 
10 610 323 670 496 13973 0 1 1 blocking 
10 601 312 661 492 13974 0 1 1 blocking 
10 591 300 652 488 13975 0 1 1 blocking 
10 581 289 642 484 13976 0 1 1 blocking 
10 571 278 633 480 13977 0 1 1 blocking 
10 562 267 624 477 13978 0 1 0 blocking 
10 548 267 615 475 13979 0 1 1 blocking 
10 535 267 607 473 13980 0 1 1 blocking 
10 521 267 598 471 13981 0 1 1 blocking 
10 508 267 590 469 13982 0 1 1 blocking 
10 494 267 581 467 13983 0 1 1 blocking 
10 481 268 573 465 13984 0 1 0 blocking 
10 468 268 554 463 13985 0 1 1 blocking 
10 455 269 535 462 13986 0 1 1 blocking 
10 442 270 516 461 13987 0 1 1 blocking 
10 429 271 497 460 13988 0 0 0 blocking 
10 429 271 497 460 13989 0 0 1 blocking 
