0 370 394 475 500 18305 0 1 0 digging 
0 373 397 473 500 18306 0 1 1 digging 
0 377 401 472 500 18307 0 1 1 digging 
0 381 405 471 500 18308 0 1 1 digging 
0 384 408 469 500 18309 0 1 1 digging 
0 388 412 468 500 18310 0 1 1 digging 
0 392 416 467 500 18311 0 1 0 digging 
0 397 416 472 499 18312 0 1 1 digging 
0 402 417 477 498 18313 0 1 1 digging 
0 407 418 482 497 18314 0 1 1 digging 
0 413 419 488 497 18315 0 1 0 digging 
0 428 412 501 495 18316 0 1 1 digging 
0 444 406 515 493 18317 0 1 1 digging 
0 459 400 528 491 18318 0 1 1 digging 
0 475 394 542 490 18319 0 1 0 digging 
0 482 389 551 489 18320 0 1 1 digging 
0 489 384 560 488 18321 0 1 1 digging 
0 496 379 570 488 18322 0 1 1 digging 
0 503 374 579 487 18323 0 1 1 digging 
0 510 369 588 486 18324 0 1 1 digging 
1 292 417 359 529 18305 0 1 0 digging 
1 292 416 358 528 18306 0 1 1 standing 
1 293 416 358 528 18307 0 1 1 standing 
1 294 416 357 528 18308 0 1 1 standing 
1 294 416 357 527 18309 0 1 1 standing 
1 295 416 356 527 18310 0 1 1 standing 
1 296 416 356 527 18311 0 1 1 standing 
1 297 416 356 527 18312 0 1 0 standing 
1 301 415 362 526 18313 0 1 1 standing 
1 305 414 369 525 18314 0 1 1 standing 
1 309 413 376 525 18315 0 1 0 standing 
1 319 410 386 524 18316 0 1 1 standing 
1 329 407 396 523 18317 0 1 1 standing 
1 339 404 406 522 18318 0 1 1 standing 
1 350 402 416 522 18319 0 1 0 standing 
1 356 400 422 522 18320 0 1 1 standing 
1 363 399 429 523 18321 0 1 1 standing 
1 369 398 435 524 18322 0 1 1 standing 
1 376 397 442 525 18323 0 1 1 standing 
1 383 396 449 526 18324 0 1 0 standing 
2 557 368 645 479 18305 0 1 0 standing 
2 556 367 646 479 18306 0 1 1 standing 
2 555 366 647 479 18307 0 1 1 standing 
2 555 366 648 479 18308 0 1 1 standing 
2 554 365 649 479 18309 0 1 1 standing 
2 554 365 651 480 18310 0 1 0 standing 
2 562 363 651 480 18311 0 1 1 standing 
2 570 362 651 480 18312 0 1 1 standing 
2 578 361 651 480 18313 0 1 1 standing 
2 586 360 651 480 18314 0 1 1 standing 
2 594 359 652 481 18315 0 1 0 standing 
2 606 361 670 481 18316 0 1 1 standing 
2 619 363 688 482 18317 0 1 1 standing 
2 631 365 706 483 18318 0 1 1 standing 
2 644 367 724 484 18319 0 1 1 standing 
2 657 370 742 485 18320 0 1 0 standing 
2 665 370 744 484 18321 0 1 1 standing 
2 673 370 747 483 18322 0 1 1 standing 
2 681 371 749 483 18323 0 1 1 standing 
2 689 371 752 482 18324 0 1 1 standing 
3 329 502 386 625 18305 0 0 0 standing 
3 328 499 385 624 18306 0 0 1 standing 
3 327 497 384 623 18307 0 0 1 standing 
3 326 495 383 622 18308 0 0 1 standing 
3 325 492 382 621 18309 0 0 1 standing 
3 324 490 381 620 18310 0 0 1 standing 
3 324 488 380 620 18311 0 0 0 standing 
3 330 487 386 621 18312 0 0 1 standing 
3 337 487 393 622 18313 0 0 1 standing 
3 343 487 399 623 18314 0 0 1 standing 
3 350 487 406 625 18315 0 0 0 standing 
3 361 487 419 622 18316 0 0 1 standing 
3 372 488 432 620 18317 0 0 1 standing 
3 383 489 445 618 18318 0 0 1 standing 
3 394 490 458 615 18319 0 0 1 standing 
3 405 491 471 613 18320 0 0 1 standing 
3 417 492 484 611 18321 0 0 0 standing 
3 423 491 492 609 18322 0 0 1 standing 
3 429 491 501 607 18323 0 0 1 standing 
3 435 491 509 605 18324 0 0 1 standing 
4 745 400 790 579 18305 0 0 0 standing 
4 746 408 790 582 18306 0 0 1 standing 
4 747 416 791 585 18307 0 0 1 standing 
4 749 424 792 588 18308 0 0 1 standing 
4 750 432 793 591 18309 0 0 1 standing 
4 751 440 794 594 18310 0 0 1 standing 
4 753 449 795 598 18311 0 0 0 standing 
4 759 455 801 603 18312 0 0 1 standing 
4 765 461 807 608 18313 0 0 1 standing 
4 772 468 814 613 18314 0 0 0 standing 
4 779 467 821 613 18315 0 0 1 standing 
4 786 467 829 614 18316 0 0 1 standing 
4 794 467 837 614 18317 0 0 1 standing 
4 801 467 845 615 18318 0 0 1 standing 
4 808 466 853 616 18319 0 0 1 standing 
4 816 466 861 616 18320 0 0 1 standing 
4 823 466 869 617 18321 0 0 1 standing 
4 831 466 877 618 18322 0 0 0 standing 
4 829 468 875 621 18323 0 0 1 standing 
4 827 471 874 625 18324 0 0 1 standing 
5 845 428 923 581 18305 0 0 0 standing 
5 840 437 916 590 18306 0 0 1 standing 
5 836 446 909 600 18307 0 0 1 standing 
5 831 455 902 609 18308 0 0 1 standing 
5 827 464 895 619 18309 0 0 1 standing 
5 823 473 888 629 18310 0 0 0 standing 
5 825 473 889 630 18311 0 0 1 standing 
5 827 473 890 631 18312 0 0 1 standing 
5 829 473 891 632 18313 0 0 1 standing 
5 831 474 892 634 18314 0 0 0 standing 
5 843 473 904 633 18315 0 0 1 standing 
5 856 472 916 632 18316 0 0 1 standing 
5 868 471 929 632 18317 0 0 1 standing 
5 881 470 941 631 18318 0 0 1 standing 
5 894 470 954 631 18319 0 0 0 standing 
5 902 471 962 632 18320 0 0 1 standing 
5 910 473 970 634 18321 0 0 1 standing 
5 918 474 978 635 18322 0 0 1 standing 
5 926 476 986 637 18323 0 0 1 standing 
5 935 478 995 639 18324 0 0 0 standing 
6 896 317 945 453 18305 0 0 0 standing 
6 895 315 944 451 18306 0 0 1 standing 
6 895 314 944 450 18307 0 0 1 standing 
6 895 312 944 448 18308 0 0 1 standing 
6 895 311 944 447 18309 0 0 1 standing 
6 895 310 944 446 18310 0 0 0 standing 
6 900 308 949 444 18311 0 0 1 standing 
6 905 307 954 443 18312 0 0 1 standing 
6 911 305 960 441 18313 0 0 1 standing 
6 916 304 965 440 18314 0 0 1 standing 
6 922 303 971 439 18315 0 0 0 standing 
6 934 306 983 442 18316 0 0 1 standing 
6 946 309 995 445 18317 0 0 1 standing 
6 958 312 1007 448 18318 0 0 1 standing 
6 971 315 1020 451 18319 0 0 0 standing 
6 976 317 1025 453 18320 0 0 1 standing 
6 982 319 1031 455 18321 0 0 1 standing 
6 987 321 1036 457 18322 0 0 1 standing 
6 993 323 1042 459 18323 0 0 1 standing 
6 998 325 1047 461 18324 0 0 1 standing 
7 966 386 1018 515 18305 0 0 0 standing 
7 964 390 1019 516 18306 0 0 1 standing 
7 962 395 1020 518 18307 0 0 1 standing 
7 960 399 1021 520 18308 0 0 1 standing 
7 958 404 1022 522 18309 0 0 0 standing 
7 963 401 1025 522 18310 0 0 1 standing 
7 968 399 1029 522 18311 0 0 1 standing 
7 973 397 1033 522 18312 0 0 1 standing 
7 979 395 1037 523 18313 0 0 0 standing 
7 990 393 1047 523 18314 0 0 1 standing 
7 1002 391 1057 524 18315 0 0 1 standing 
7 1013 389 1067 524 18316 0 0 1 standing 
7 1025 387 1078 525 18317 0 0 0 standing 
7 1036 388 1090 525 18318 0 0 1 standing 
7 1048 389 1103 525 18319 0 0 1 standing 
7 1059 390 1116 525 18320 0 0 1 standing 
7 1071 392 1129 525 18321 0 0 0 standing 
7 1073 395 1136 530 18322 0 0 1 standing 
7 1076 398 1144 535 18323 0 0 1 standing 
7 1079 401 1151 540 18324 0 0 1 standing 
8 1099 444 1154 602 18305 0 0 0 standing 
8 1097 446 1150 601 18306 0 0 1 standing 
8 1096 449 1147 601 18307 0 0 1 standing 
8 1094 451 1143 601 18308 0 0 1 standing 
8 1093 454 1140 601 18309 0 0 1 standing 
8 1092 457 1137 601 18310 0 0 0 standing 
8 1094 455 1141 602 18311 0 0 1 standing 
8 1096 453 1145 603 18312 0 0 1 standing 
8 1098 451 1149 604 18313 0 0 1 standing 
8 1100 449 1153 605 18314 0 0 1 standing 
8 1103 448 1158 606 18315 0 0 0 standing 
8 1116 448 1168 604 18316 0 0 1 standing 
8 1129 448 1179 603 18317 0 0 1 standing 
8 1142 448 1189 602 18318 0 0 1 standing 
8 1156 448 1200 601 18319 0 0 0 standing 
8 1157 448 1205 599 18320 0 0 1 standing 
8 1158 449 1210 598 18321 0 0 1 standing 
8 1160 450 1215 597 18322 0 0 1 standing 
8 1161 450 1220 595 18323 0 0 1 standing 
8 1162 451 1225 594 18324 0 0 1 standing 
9 1159 408 1209 545 18305 0 0 0 standing 
9 1160 407 1211 544 18306 0 0 1 standing 
9 1162 407 1213 544 18307 0 0 1 standing 
9 1164 407 1215 543 18308 0 0 1 standing 
9 1166 407 1217 543 18309 0 0 1 standing 
9 1168 407 1219 542 18310 0 0 1 standing 
9 1170 407 1221 542 18311 0 0 0 standing 
9 1174 405 1227 540 18312 0 0 1 standing 
9 1178 403 1233 538 18313 0 0 1 standing 
9 1182 401 1239 536 18314 0 0 1 standing 
9 1186 399 1245 534 18315 0 0 0 standing 
9 1198 400 1253 535 18316 0 0 1 standing 
9 1211 401 1261 536 18317 0 0 1 standing 
9 1224 402 1269 537 18318 0 0 1 standing 
9 1237 404 1278 539 18319 0 0 0 standing 
9 1242 404 1278 538 18320 0 0 1 standing 
9 1247 404 1278 538 18321 0 0 1 standing 
9 1252 404 1278 538 18322 0 0 1 standing 
9 1258 404 1278 538 18323 0 0 0 standing 
9 1258 404 1278 538 18324 0 0 1 standing 
10 832 426 882 579 18305 0 0 0 standing 
10 831 426 881 579 18306 0 0 1 standing 
10 830 427 880 580 18307 0 0 1 standing 
10 829 428 879 581 18308 0 0 1 standing 
10 828 429 878 582 18309 0 0 1 standing 
10 827 430 877 583 18310 0 0 0 standing 
10 831 426 881 579 18311 0 0 1 standing 
10 836 422 886 575 18312 0 0 1 standing 
10 840 419 890 572 18313 0 0 1 standing 
10 845 415 895 568 18314 0 0 1 standing 
10 850 412 900 565 18315 0 0 0 standing 
10 861 412 911 565 18316 0 0 1 standing 
10 873 412 923 565 18317 0 0 1 standing 
10 884 412 934 565 18318 0 0 1 standing 
10 896 412 946 565 18319 0 0 1 standing 
10 908 413 958 566 18320 0 0 0 standing 
10 912 413 962 566 18321 0 0 1 standing 
10 916 413 966 566 18322 0 0 1 standing 
10 920 414 970 567 18323 0 0 1 standing 
10 924 414 974 567 18324 0 0 1 standing 
11 712 371 810 533 18305 0 0 0 standing 
11 708 371 802 547 18306 0 0 1 standing 
11 704 371 795 561 18307 0 0 1 standing 
11 700 371 787 575 18308 0 0 1 standing 
11 697 372 780 589 18309 0 0 0 standing 
11 704 384 783 591 18310 0 0 1 standing 
11 711 396 787 594 18311 0 0 1 standing 
11 718 408 791 597 18312 0 0 1 standing 
11 725 420 794 600 18313 0 0 1 standing 
11 732 432 798 603 18314 0 0 1 standing 
11 740 445 802 606 18315 0 0 0 standing 
11 748 446 810 608 18316 0 0 1 standing 
11 757 447 819 610 18317 0 0 1 standing 
11 766 448 827 613 18318 0 0 1 standing 
11 774 449 836 615 18319 0 0 1 standing 
11 783 450 844 617 18320 0 0 1 standing 
11 792 451 853 620 18321 0 0 0 standing 
11 789 452 850 622 18322 0 0 1 standing 
11 787 453 848 625 18323 0 0 1 standing 
11 785 454 846 628 18324 0 0 1 standing 
