0 717 346 770 467 73440 0 1 0 setting 
0 711 339 764 466 73441 0 1 1 setting 
0 705 332 758 466 73442 0 1 1 setting 
0 699 326 752 466 73443 0 1 1 setting 
0 693 319 746 466 73444 0 1 1 setting 
0 687 313 741 466 73445 0 1 0 setting 
0 685 306 741 464 73446 0 1 1 setting 
0 683 300 742 462 73447 0 1 1 setting 
0 682 294 743 460 73448 0 1 1 setting 
0 680 288 744 458 73449 0 1 1 setting 
0 679 281 744 456 73450 0 1 1 setting 
0 677 275 745 454 73451 0 1 1 setting 
0 676 269 746 452 73452 0 1 1 setting 
0 674 263 747 450 73453 0 1 1 setting 
0 673 257 748 448 73454 0 1 0 setting 
0 680 264 752 449 73455 0 1 1 setting 
0 687 271 757 450 73456 0 1 1 setting 
0 694 279 761 452 73457 0 1 1 setting 
0 701 286 766 453 73458 0 1 1 setting 
0 708 294 770 455 73459 0 1 1 setting 
1 480 278 553 440 73440 0 0 0 setting 
1 475 285 542 447 73441 0 0 1 moving 
1 471 292 532 454 73442 0 0 1 moving 
1 467 299 522 461 73443 0 0 0 moving 
1 463 299 518 461 73444 0 0 1 moving 
1 460 299 515 461 73445 0 0 1 moving 
1 457 299 512 461 73446 0 0 0 moving 
1 456 305 515 460 73447 0 0 1 moving 
1 455 312 518 459 73448 0 0 1 moving 
1 455 318 521 458 73449 0 0 1 moving 
1 454 325 524 457 73450 0 0 1 moving 
1 453 331 527 456 73451 0 0 1 moving 
1 453 338 530 455 73452 0 0 0 moving 
1 460 339 538 460 73453 0 0 1 moving 
1 468 340 546 466 73454 0 0 1 moving 
1 476 341 555 472 73455 0 0 0 moving 
1 484 342 562 474 73456 0 0 1 moving 
1 492 343 570 476 73457 0 0 1 moving 
1 500 344 578 479 73458 0 0 1 moving 
1 508 345 586 481 73459 0 0 1 moving 
2 979 369 1050 478 73440 0 0 0 moving 
2 975 365 1041 477 73441 0 0 1 digging 
2 971 361 1033 476 73442 0 0 1 digging 
2 967 358 1025 475 73443 0 0 0 digging 
2 962 356 1020 474 73444 0 0 1 digging 
2 957 354 1015 473 73445 0 0 1 digging 
2 952 353 1010 472 73446 0 0 0 digging 
2 947 353 1005 472 73447 0 0 1 digging 
2 942 354 1000 473 73448 0 0 1 digging 
2 938 355 996 474 73449 0 0 0 digging 
2 933 355 996 473 73450 0 0 1 digging 
2 929 355 996 472 73451 0 0 1 digging 
2 925 355 996 472 73452 0 0 0 digging 
2 927 354 996 472 73453 0 0 1 digging 
2 929 353 997 472 73454 0 0 1 digging 
2 931 353 998 472 73455 0 0 0 digging 
2 936 352 1003 472 73456 0 0 1 digging 
2 941 351 1009 472 73457 0 0 1 digging 
2 946 350 1014 473 73458 0 0 1 digging 
2 951 349 1020 473 73459 0 0 1 digging 
3 625 415 702 533 73440 0 0 0 digging 
3 621 414 697 532 73441 0 0 1 standing 
3 618 413 692 532 73442 0 0 1 standing 
3 615 413 687 532 73443 0 0 0 standing 
3 611 414 682 531 73444 0 0 1 standing 
3 607 415 677 530 73445 0 0 1 standing 
3 603 416 673 529 73446 0 0 0 standing 
3 599 415 674 528 73447 0 0 1 standing 
3 596 414 675 527 73448 0 0 1 standing 
3 593 413 676 526 73449 0 0 0 standing 
3 592 411 679 527 73450 0 0 1 standing 
3 592 410 682 528 73451 0 0 1 standing 
3 592 409 686 530 73452 0 0 0 standing 
3 603 408 697 533 73453 0 0 1 standing 
3 614 407 708 536 73454 0 0 1 standing 
3 626 406 719 539 73455 0 0 0 standing 
3 638 406 724 541 73456 0 0 1 standing 
3 650 407 730 544 73457 0 0 1 standing 
3 663 407 735 546 73458 0 0 1 standing 
3 675 408 741 549 73459 0 0 1 standing 
4 896 430 980 553 73440 0 0 0 standing 
4 889 425 975 551 73441 0 0 1 standing 
4 882 420 970 549 73442 0 0 1 standing 
4 875 416 966 548 73443 0 0 0 standing 
4 872 412 960 547 73444 0 0 1 standing 
4 870 409 954 547 73445 0 0 1 standing 
4 868 406 949 547 73446 0 0 0 standing 
4 867 401 948 545 73447 0 0 1 standing 
4 866 396 947 544 73448 0 0 1 standing 
4 866 392 947 543 73449 0 0 0 standing 
4 865 391 946 538 73450 0 0 1 standing 
4 865 391 946 534 73451 0 0 1 standing 
4 865 391 946 530 73452 0 0 0 standing 
4 867 390 948 527 73453 0 0 1 standing 
4 869 389 950 524 73454 0 0 1 standing 
4 872 389 953 522 73455 0 0 0 standing 
4 879 388 956 521 73456 0 0 1 standing 
4 886 387 959 521 73457 0 0 1 standing 
4 894 386 962 520 73458 0 0 1 standing 
4 901 385 965 520 73459 0 0 1 standing 
5 353 421 429 558 73440 0 0 0 standing 
5 347 419 423 558 73441 0 0 1 standing 
5 342 417 418 558 73442 0 0 1 standing 
5 337 415 413 559 73443 0 0 0 standing 
5 331 414 407 559 73444 0 0 1 standing 
5 325 413 401 559 73445 0 0 1 standing 
5 319 413 395 559 73446 0 0 0 standing 
5 317 411 392 559 73447 0 0 1 standing 
5 315 409 390 559 73448 0 0 1 standing 
5 313 407 388 559 73449 0 0 0 standing 
5 315 406 388 558 73450 0 0 1 standing 
5 317 406 388 557 73451 0 0 1 standing 
5 319 406 388 556 73452 0 0 0 standing 
5 327 406 392 556 73453 0 0 1 standing 
5 335 406 397 556 73454 0 0 1 standing 
5 344 406 402 556 73455 0 0 0 standing 
5 348 406 406 557 73456 0 0 1 standing 
5 353 407 411 558 73457 0 0 1 standing 
5 357 408 415 559 73458 0 0 1 standing 
5 362 409 420 560 73459 0 0 1 standing 
6 487 257 537 419 73440 0 0 0 standing 
6 479 263 529 425 73441 0 0 1 standing 
6 472 269 521 431 73442 0 0 1 standing 
6 465 275 513 437 73443 0 0 0 standing 
6 463 282 511 444 73444 0 0 1 standing 
6 461 289 509 451 73445 0 0 1 standing 
6 460 296 507 458 73446 0 0 0 standing 
6 460 298 510 455 73447 0 0 1 standing 
6 460 301 514 453 73448 0 0 1 standing 
6 460 304 517 451 73449 0 0 1 standing 
6 460 306 521 449 73450 0 0 1 standing 
6 461 309 524 446 73451 0 0 1 standing 
6 461 312 528 444 73452 0 0 1 standing 
6 461 314 531 442 73453 0 0 1 standing 
6 461 317 535 440 73454 0 0 1 standing 
6 462 320 539 438 73455 0 0 0 standing 
6 466 321 544 436 73456 0 0 1 standing 
6 470 323 549 435 73457 0 0 1 standing 
6 474 325 554 434 73458 0 0 1 standing 
6 478 327 559 433 73459 0 0 1 standing 
7 397 356 464 476 73440 0 0 0 standing 
7 392 356 459 476 73441 0 0 1 standing 
7 388 356 455 476 73442 0 0 1 standing 
7 384 356 451 476 73443 0 0 0 standing 
7 379 353 446 475 73444 0 0 1 standing 
7 375 350 441 474 73445 0 0 1 standing 
7 371 347 436 474 73446 0 0 0 standing 
7 372 344 432 474 73447 0 0 1 standing 
7 373 342 429 475 73448 0 0 1 standing 
7 375 340 426 476 73449 0 0 0 standing 
7 375 342 426 478 73450 0 0 1 standing 
7 375 344 427 480 73451 0 0 1 standing 
7 376 346 428 483 73452 0 0 0 standing 
7 377 348 427 485 73453 0 0 1 standing 
7 378 350 426 487 73454 0 0 1 standing 
7 379 352 425 489 73455 0 0 0 standing 
7 381 352 429 492 73456 0 0 1 standing 
7 384 352 433 496 73457 0 0 1 standing 
7 386 352 438 500 73458 0 0 1 standing 
7 389 352 442 504 73459 0 0 1 standing 
8 258 389 314 528 73440 0 0 0 standing 
8 251 389 307 527 73441 0 0 1 standing 
8 244 389 301 527 73442 0 0 1 standing 
8 238 389 295 527 73443 0 0 0 standing 
8 231 389 288 527 73444 0 0 1 standing 
8 225 390 282 528 73445 0 0 1 standing 
8 219 391 276 529 73446 0 0 0 standing 
8 213 390 270 529 73447 0 0 1 standing 
8 207 389 265 529 73448 0 0 1 standing 
8 202 388 260 529 73449 0 0 0 standing 
8 196 386 258 530 73450 0 0 1 standing 
8 190 384 257 532 73451 0 0 1 standing 
8 185 383 256 534 73452 0 0 0 standing 
8 182 385 249 535 73453 0 0 1 standing 
8 179 387 243 536 73454 0 0 1 standing 
8 177 389 237 538 73455 0 0 0 standing 
8 171 390 233 541 73456 0 0 1 standing 
8 165 391 229 545 73457 0 0 1 standing 
8 159 392 225 549 73458 0 0 1 standing 
8 153 393 221 553 73459 0 0 1 standing 
9 356 326 407 445 73440 0 0 0 standing 
9 351 327 402 444 73441 0 0 1 standing 
9 346 328 398 444 73442 0 0 1 standing 
9 341 330 394 444 73443 0 0 0 standing 
9 336 326 389 446 73444 0 0 1 standing 
9 332 322 384 448 73445 0 0 1 standing 
9 328 318 380 451 73446 0 0 0 standing 
9 327 316 379 450 73447 0 0 1 standing 
9 326 314 378 449 73448 0 0 1 standing 
9 325 312 377 449 73449 0 0 0 standing 
9 322 314 379 449 73450 0 0 1 standing 
9 319 316 382 449 73451 0 0 1 standing 
9 316 318 385 449 73452 0 0 0 standing 
9 318 320 388 448 73453 0 0 1 standing 
9 320 323 391 447 73454 0 0 1 standing 
9 323 326 394 447 73455 0 0 0 standing 
9 330 326 396 447 73456 0 0 1 standing 
9 337 326 398 448 73457 0 0 1 standing 
9 344 326 401 448 73458 0 0 1 standing 
9 351 326 403 449 73459 0 0 1 standing 
10 275 343 322 478 73440 0 0 0 standing 
10 268 342 317 476 73441 0 0 1 standing 
10 262 341 313 474 73442 0 0 1 standing 
10 256 341 309 473 73443 0 0 0 standing 
10 248 339 299 470 73444 0 0 1 standing 
10 240 337 289 468 73445 0 0 1 standing 
10 233 335 280 466 73446 0 0 0 standing 
10 226 335 277 462 73447 0 0 1 standing 
10 219 335 274 459 73448 0 0 1 standing 
10 213 336 271 456 73449 0 0 0 standing 
10 209 333 267 455 73450 0 0 1 standing 
10 205 331 263 454 73451 0 0 1 standing 
10 201 329 259 454 73452 0 0 0 standing 
10 192 330 254 453 73453 0 0 1 standing 
10 183 331 249 452 73454 0 0 1 standing 
10 174 332 244 451 73455 0 0 0 standing 
10 175 333 244 453 73456 0 0 1 standing 
10 177 334 244 455 73457 0 0 1 standing 
10 178 335 244 458 73458 0 0 1 standing 
10 180 336 244 460 73459 0 0 1 standing 
11 111 377 165 504 73440 0 0 0 standing 
11 104 377 158 504 73441 0 0 1 standing 
11 97 377 151 504 73442 0 0 1 standing 
11 90 377 144 504 73443 0 0 0 standing 
11 79 376 133 503 73444 0 0 1 standing 
11 69 375 123 502 73445 0 0 1 standing 
11 59 375 113 501 73446 0 0 0 standing 
11 47 373 106 497 73447 0 0 1 standing 
11 36 372 100 494 73448 0 0 1 standing 
11 25 371 94 491 73449 0 0 0 standing 
11 19 371 91 491 73450 0 0 1 standing 
11 14 371 88 491 73451 0 0 1 standing 
11 9 371 85 491 73452 0 0 0 standing 
11 9 370 83 490 73453 0 0 1 standing 
11 10 370 81 490 73454 0 0 1 standing 
11 11 370 79 489 73455 0 0 1 standing 
11 11 370 77 489 73456 0 0 1 standing 
11 12 370 75 488 73457 0 0 1 standing 
11 13 370 73 488 73458 0 0 0 standing 
11 13 370 73 488 73459 0 0 1 standing 
