0 842 437 930 576 62775 0 1 0 spiking 
0 846 426 936 571 62776 0 1 1 spiking 
0 850 416 942 566 62777 0 1 1 spiking 
0 854 405 948 561 62778 0 1 1 spiking 
0 858 395 954 556 62779 0 1 1 spiking 
0 863 385 960 552 62780 0 1 0 spiking 
0 862 381 961 547 62781 0 1 1 spiking 
0 862 378 963 543 62782 0 1 1 spiking 
0 861 374 964 538 62783 0 1 1 spiking 
0 861 371 966 534 62784 0 1 1 spiking 
0 861 368 968 530 62785 0 1 0 spiking 
0 866 370 966 528 62786 0 1 1 spiking 
0 872 373 964 527 62787 0 1 1 spiking 
0 877 375 963 525 62788 0 1 1 spiking 
0 883 378 961 524 62789 0 1 1 spiking 
0 888 380 959 522 62790 0 1 1 spiking 
0 894 383 958 521 62791 0 1 0 spiking 
0 897 386 967 522 62792 0 1 1 spiking 
0 900 389 977 524 62793 0 1 1 spiking 
0 904 392 987 526 62794 0 1 1 spiking 
1 606 359 658 549 62775 0 1 0 spiking 
1 615 356 665 546 62776 0 1 1 blocking 
1 624 353 673 543 62777 0 1 1 blocking 
1 633 351 681 540 62778 0 1 1 blocking 
1 642 348 689 538 62779 0 1 1 blocking 
1 652 346 697 535 62780 0 1 1 blocking 
1 661 343 704 532 62781 0 1 1 blocking 
1 670 340 712 530 62782 0 1 1 blocking 
1 679 338 720 527 62783 0 1 1 blocking 
1 688 335 728 524 62784 0 1 1 blocking 
1 698 333 736 522 62785 0 1 0 blocking 
1 707 341 745 527 62786 0 1 1 blocking 
1 716 349 754 532 62787 0 1 1 blocking 
1 725 357 763 537 62788 0 1 1 blocking 
1 734 365 772 542 62789 0 1 1 blocking 
1 743 374 781 548 62790 0 1 0 blocking 
1 758 377 796 548 62791 0 1 1 blocking 
1 773 381 811 549 62792 0 1 1 blocking 
1 788 384 826 549 62793 0 1 1 blocking 
1 803 388 841 550 62794 0 1 1 blocking 
2 579 461 639 605 62775 0 1 0 blocking 
2 589 452 649 601 62776 0 1 1 blocking 
2 599 443 659 597 62777 0 1 1 blocking 
2 609 435 669 594 62778 0 1 1 blocking 
2 619 426 679 590 62779 0 1 1 blocking 
2 629 418 689 587 62780 0 1 1 blocking 
2 639 409 699 583 62781 0 1 1 blocking 
2 649 400 709 579 62782 0 1 1 blocking 
2 659 392 719 576 62783 0 1 1 blocking 
2 669 383 729 572 62784 0 1 1 blocking 
2 679 375 739 569 62785 0 1 0 blocking 
2 692 372 755 564 62786 0 1 1 blocking 
2 705 370 771 559 62787 0 1 1 blocking 
2 718 368 787 555 62788 0 1 1 blocking 
2 731 366 803 550 62789 0 1 1 blocking 
2 744 364 820 546 62790 0 1 0 blocking 
2 761 372 829 552 62791 0 1 1 blocking 
2 779 381 839 559 62792 0 1 1 blocking 
2 797 389 849 565 62793 0 1 1 blocking 
2 815 398 859 572 62794 0 1 1 blocking 
3 560 403 643 540 62775 0 0 0 blocking 
3 568 399 651 534 62776 0 0 1 blocking 
3 577 395 659 528 62777 0 0 1 blocking 
3 586 391 668 522 62778 0 0 0 blocking 
3 593 390 675 515 62779 0 0 1 blocking 
3 600 389 682 509 62780 0 0 1 blocking 
3 608 389 689 503 62781 0 0 0 blocking 
3 625 386 693 499 62782 0 0 1 blocking 
3 642 383 697 496 62783 0 0 1 blocking 
3 660 380 701 493 62784 0 0 0 blocking 
3 662 380 705 493 62785 0 0 1 blocking 
3 665 381 709 493 62786 0 0 1 blocking 
3 668 382 714 494 62787 0 0 0 blocking 
3 667 382 724 493 62788 0 0 1 blocking 
3 667 382 734 493 62789 0 0 1 blocking 
3 667 382 744 493 62790 0 0 0 blocking 
3 679 380 755 492 62791 0 0 1 blocking 
3 691 378 766 491 62792 0 0 1 blocking 
3 704 376 778 491 62793 0 0 1 blocking 
3 716 374 789 490 62794 0 0 1 blocking 
4 735 381 791 533 62775 0 0 0 blocking 
4 745 383 798 536 62776 0 0 1 spiking 
4 755 386 805 540 62777 0 0 1 spiking 
4 766 389 813 544 62778 0 0 0 spiking 
4 778 396 830 543 62779 0 0 1 spiking 
4 790 404 848 542 62780 0 0 1 spiking 
4 802 412 866 541 62781 0 0 0 spiking 
4 816 412 880 541 62782 0 0 1 spiking 
4 830 412 895 541 62783 0 0 1 spiking 
4 845 412 910 541 62784 0 0 0 spiking 
4 858 410 923 541 62785 0 0 1 spiking 
4 872 409 937 541 62786 0 0 1 spiking 
4 886 408 951 541 62787 0 0 0 spiking 
4 908 405 969 539 62788 0 0 1 spiking 
4 930 402 987 537 62789 0 0 1 spiking 
4 952 400 1005 536 62790 0 0 0 spiking 
4 973 401 1027 536 62791 0 0 1 spiking 
4 994 403 1050 537 62792 0 0 1 spiking 
4 1016 404 1072 537 62793 0 0 1 spiking 
4 1037 406 1095 538 62794 0 0 1 spiking 
5 947 474 1017 611 62775 0 0 0 spiking 
5 954 475 1023 610 62776 0 0 1 standing 
5 961 477 1029 610 62777 0 0 1 standing 
5 969 479 1035 610 62778 0 0 0 standing 
5 976 478 1039 609 62779 0 0 1 standing 
5 983 478 1044 609 62780 0 0 1 standing 
5 991 478 1049 609 62781 0 0 0 standing 
5 998 477 1055 609 62782 0 0 1 standing 
5 1006 476 1061 610 62783 0 0 1 standing 
5 1014 475 1067 611 62784 0 0 0 standing 
5 1020 475 1073 611 62785 0 0 1 standing 
5 1027 475 1079 612 62786 0 0 1 standing 
5 1034 475 1086 613 62787 0 0 0 standing 
5 1044 474 1096 613 62788 0 0 1 standing 
5 1054 474 1106 613 62789 0 0 1 standing 
5 1064 474 1116 613 62790 0 0 0 standing 
5 1080 476 1131 614 62791 0 0 1 standing 
5 1096 479 1146 616 62792 0 0 1 standing 
5 1112 482 1161 617 62793 0 0 1 standing 
5 1128 485 1176 619 62794 0 0 1 standing 
6 721 335 799 460 62775 0 0 0 standing 
6 728 339 800 464 62776 0 0 1 jumping 
6 735 343 801 468 62777 0 0 1 jumping 
6 743 347 803 472 62778 0 0 0 jumping 
6 749 348 807 473 62779 0 0 1 jumping 
6 756 350 812 474 62780 0 0 1 jumping 
6 763 352 817 476 62781 0 0 0 jumping 
6 769 360 822 487 62782 0 0 1 jumping 
6 775 368 828 498 62783 0 0 1 jumping 
6 781 377 834 509 62784 0 0 0 jumping 
6 786 385 838 518 62785 0 0 1 jumping 
6 791 393 843 528 62786 0 0 1 jumping 
6 796 401 848 538 62787 0 0 0 jumping 
6 803 406 856 535 62788 0 0 1 jumping 
6 810 411 865 533 62789 0 0 1 jumping 
6 817 416 874 531 62790 0 0 0 jumping 
6 830 417 886 530 62791 0 0 1 jumping 
6 843 419 899 530 62792 0 0 1 jumping 
6 857 420 911 530 62793 0 0 1 jumping 
6 870 422 924 530 62794 0 0 1 jumping 
7 805 358 863 470 62775 0 0 0 jumping 
7 801 360 859 472 62776 0 0 1 standing 
7 798 362 856 475 62777 0 0 1 standing 
7 795 365 853 478 62778 0 0 0 standing 
7 797 363 859 477 62779 0 0 1 standing 
7 799 362 865 476 62780 0 0 1 standing 
7 802 361 872 476 62781 0 0 0 standing 
7 807 359 873 475 62782 0 0 1 standing 
7 812 357 874 474 62783 0 0 1 standing 
7 818 356 876 474 62784 0 0 0 standing 
7 820 353 878 475 62785 0 0 1 standing 
7 823 350 881 477 62786 0 0 1 standing 
7 826 347 884 479 62787 0 0 0 standing 
7 832 349 890 481 62788 0 0 1 standing 
7 838 351 896 483 62789 0 0 1 standing 
7 844 353 902 485 62790 0 0 0 standing 
7 858 356 916 485 62791 0 0 1 standing 
7 873 360 931 485 62792 0 0 1 standing 
7 888 363 946 486 62793 0 0 1 standing 
7 903 367 961 486 62794 0 0 1 standing 
8 801 539 857 661 62775 0 0 0 standing 
8 794 535 858 658 62776 0 0 1 standing 
8 787 531 860 655 62777 0 0 1 standing 
8 780 527 862 652 62778 0 0 0 standing 
8 783 524 862 649 62779 0 0 1 standing 
8 787 522 862 646 62780 0 0 1 standing 
8 791 520 862 644 62781 0 0 0 standing 
8 798 516 863 643 62782 0 0 1 standing 
8 805 512 864 643 62783 0 0 1 standing 
8 812 508 865 643 62784 0 0 0 standing 
8 811 506 868 642 62785 0 0 1 standing 
8 810 504 871 641 62786 0 0 1 standing 
8 809 503 874 640 62787 0 0 0 standing 
8 811 503 880 641 62788 0 0 1 standing 
8 813 504 886 642 62789 0 0 1 standing 
8 815 505 892 643 62790 0 0 0 standing 
8 831 503 904 640 62791 0 0 1 standing 
8 847 501 916 638 62792 0 0 1 standing 
8 863 499 929 635 62793 0 0 1 standing 
8 879 497 941 633 62794 0 0 1 standing 
9 271 428 320 525 62775 0 0 0 standing 
9 281 427 330 524 62776 0 0 1 waiting 
9 292 427 340 523 62777 0 0 1 waiting 
9 303 427 350 523 62778 0 0 0 waiting 
9 313 428 360 521 62779 0 0 1 waiting 
9 324 429 371 520 62780 0 0 1 waiting 
9 335 430 382 519 62781 0 0 0 waiting 
9 345 430 391 520 62782 0 0 1 waiting 
9 355 430 400 521 62783 0 0 1 waiting 
9 366 430 409 523 62784 0 0 0 waiting 
9 375 428 418 524 62785 0 0 1 waiting 
9 385 426 427 525 62786 0 0 1 waiting 
9 395 425 436 526 62787 0 0 0 waiting 
9 406 425 449 528 62788 0 0 1 waiting 
9 418 425 462 530 62789 0 0 1 waiting 
9 430 425 475 532 62790 0 0 0 waiting 
9 445 425 491 531 62791 0 0 1 waiting 
9 461 425 507 530 62792 0 0 1 waiting 
9 476 426 523 529 62793 0 0 1 waiting 
9 492 426 539 528 62794 0 0 1 waiting 
10 253 504 305 636 62775 0 0 0 waiting 
10 260 505 313 635 62776 0 0 1 standing 
10 267 506 322 634 62777 0 0 1 standing 
10 274 508 331 633 62778 0 0 0 standing 
10 284 510 340 632 62779 0 0 1 standing 
10 295 512 349 632 62780 0 0 1 standing 
10 306 514 358 632 62781 0 0 0 standing 
10 313 513 367 632 62782 0 0 1 standing 
10 320 512 376 633 62783 0 0 1 standing 
10 328 511 385 634 62784 0 0 0 standing 
10 333 509 388 630 62785 0 0 1 standing 
10 338 507 392 626 62786 0 0 1 standing 
10 344 505 396 622 62787 0 0 0 standing 
10 350 504 405 617 62788 0 0 1 standing 
10 356 503 415 613 62789 0 0 1 standing 
10 362 502 425 609 62790 0 0 0 standing 
10 375 501 438 608 62791 0 0 1 standing 
10 388 501 451 608 62792 0 0 1 standing 
10 402 500 465 608 62793 0 0 1 standing 
10 415 500 478 608 62794 0 0 1 standing 
11 176 468 241 573 62775 0 0 0 standing 
11 185 467 250 573 62776 0 0 1 standing 
11 194 467 259 573 62777 0 0 1 standing 
11 204 467 269 574 62778 0 0 0 standing 
11 215 465 278 572 62779 0 0 1 standing 
11 227 463 288 570 62780 0 0 1 standing 
11 239 462 298 569 62781 0 0 0 standing 
11 250 458 309 567 62782 0 0 1 standing 
11 262 454 320 565 62783 0 0 1 standing 
11 274 451 332 564 62784 0 0 0 standing 
11 284 449 339 560 62785 0 0 1 standing 
11 294 447 347 556 62786 0 0 1 standing 
11 304 445 355 552 62787 0 0 0 standing 
11 316 444 367 547 62788 0 0 1 standing 
11 328 443 379 543 62789 0 0 1 standing 
11 340 443 392 539 62790 0 0 0 standing 
11 357 444 413 537 62791 0 0 1 standing 
11 375 445 435 536 62792 0 0 1 standing 
11 393 446 457 534 62793 0 0 1 standing 
11 411 447 479 533 62794 0 0 1 standing 
