0 1071 414 1140 545 62800 0 1 0 waiting 
0 1061 409 1128 542 62801 0 1 1 waiting 
0 1052 404 1117 540 62802 0 1 1 waiting 
0 1043 399 1105 537 62803 0 1 1 waiting 
0 1033 394 1094 535 62804 0 1 1 waiting 
0 1024 389 1082 532 62805 0 1 1 waiting 
0 1015 385 1071 530 62806 0 1 0 waiting 
0 997 378 1051 526 62807 0 1 1 waiting 
0 979 372 1031 522 62808 0 1 1 waiting 
0 961 365 1011 518 62809 0 1 1 waiting 
0 944 359 991 514 62810 0 1 0 waiting 
0 926 362 979 513 62811 0 1 1 waiting 
0 908 365 967 512 62812 0 1 1 waiting 
0 890 368 955 511 62813 0 1 1 waiting 
0 873 371 944 510 62814 0 1 0 waiting 
0 862 374 932 509 62815 0 1 1 waiting 
0 852 377 921 509 62816 0 1 1 waiting 
0 842 380 909 509 62817 0 1 1 waiting 
0 832 383 898 509 62818 0 1 1 waiting 
0 822 386 886 509 62819 0 1 1 waiting 
1 809 396 872 544 62800 0 0 0 waiting 
1 796 396 859 540 62801 0 0 1 moving 
1 783 396 846 537 62802 0 0 1 moving 
1 771 397 833 534 62803 0 0 0 moving 
1 753 396 815 534 62804 0 0 1 moving 
1 735 395 797 534 62805 0 0 1 moving 
1 718 395 780 534 62806 0 0 0 moving 
1 694 396 755 532 62807 0 0 1 moving 
1 670 397 731 531 62808 0 0 1 moving 
1 646 398 707 530 62809 0 0 0 moving 
1 622 396 689 527 62810 0 0 1 moving 
1 598 395 671 524 62811 0 0 1 moving 
1 574 394 653 522 62812 0 0 0 moving 
1 558 396 637 524 62813 0 0 1 moving 
1 543 398 622 526 62814 0 0 1 moving 
1 528 400 607 528 62815 0 0 0 moving 
1 518 399 596 527 62816 0 0 1 moving 
1 509 398 585 526 62817 0 0 1 moving 
1 499 397 575 525 62818 0 0 1 moving 
1 490 396 564 524 62819 0 0 1 moving 
2 701 377 779 488 62800 0 0 0 moving 
2 690 378 765 489 62801 0 0 1 moving 
2 679 380 751 490 62802 0 0 1 moving 
2 669 382 737 492 62803 0 0 0 moving 
2 652 381 723 490 62804 0 0 1 moving 
2 635 380 709 489 62805 0 0 1 moving 
2 619 380 695 488 62806 0 0 0 moving 
2 600 379 678 487 62807 0 0 1 moving 
2 581 379 661 487 62808 0 0 1 moving 
2 563 379 644 487 62809 0 0 0 moving 
2 549 380 629 488 62810 0 0 1 moving 
2 536 381 614 489 62811 0 0 1 moving 
2 523 383 600 490 62812 0 0 0 moving 
2 510 382 585 494 62813 0 0 1 moving 
2 497 382 571 498 62814 0 0 1 moving 
2 484 382 557 502 62815 0 0 0 moving 
2 479 382 547 503 62816 0 0 1 moving 
2 474 382 537 504 62817 0 0 1 moving 
2 470 382 528 506 62818 0 0 0 moving 
2 470 382 528 506 62819 0 0 1 moving 
3 828 428 878 577 62800 0 0 0 moving 
3 818 425 868 573 62801 0 0 1 standing 
3 808 422 858 569 62802 0 0 1 standing 
3 798 419 848 566 62803 0 0 0 standing 
3 780 417 830 564 62804 0 0 1 standing 
3 762 416 812 563 62805 0 0 1 standing 
3 745 415 794 562 62806 0 0 0 standing 
3 725 417 774 557 62807 0 0 1 standing 
3 706 419 754 552 62808 0 0 1 standing 
3 687 421 735 547 62809 0 0 0 standing 
3 663 420 714 546 62810 0 0 1 standing 
3 639 420 694 545 62811 0 0 1 standing 
3 616 420 674 545 62812 0 0 0 standing 
3 596 420 655 545 62813 0 0 1 standing 
3 577 421 636 546 62814 0 0 1 standing 
3 558 422 618 547 62815 0 0 0 standing 
3 548 422 608 548 62816 0 0 1 standing 
3 539 422 599 550 62817 0 0 1 standing 
3 530 423 589 551 62818 0 0 1 standing 
3 521 423 580 553 62819 0 0 1 standing 
4 511 425 574 528 62800 0 0 0 standing 
4 502 424 561 529 62801 0 0 1 standing 
4 493 423 549 530 62802 0 0 1 standing 
4 484 422 537 532 62803 0 0 0 standing 
4 467 422 520 533 62804 0 0 1 standing 
4 450 422 503 534 62805 0 0 1 standing 
4 434 422 486 535 62806 0 0 0 standing 
4 413 421 464 536 62807 0 0 1 standing 
4 393 420 442 537 62808 0 0 1 standing 
4 373 419 420 539 62809 0 0 0 standing 
4 352 417 399 541 62810 0 0 1 standing 
4 332 415 378 543 62811 0 0 1 standing 
4 312 414 358 545 62812 0 0 0 standing 
4 297 414 342 544 62813 0 0 1 standing 
4 282 414 327 543 62814 0 0 1 standing 
4 267 414 312 542 62815 0 0 0 standing 
4 260 414 305 542 62816 0 0 1 standing 
4 254 414 298 542 62817 0 0 1 standing 
4 248 415 291 542 62818 0 0 1 standing 
4 242 415 284 542 62819 0 0 1 standing 
5 433 434 506 532 62800 0 0 0 standing 
5 423 431 495 528 62801 0 0 1 standing 
5 414 428 484 525 62802 0 0 1 standing 
5 405 425 473 522 62803 0 0 0 standing 
5 389 421 454 524 62804 0 0 1 standing 
5 373 418 435 526 62805 0 0 1 standing 
5 357 415 417 528 62806 0 0 0 standing 
5 335 411 394 534 62807 0 0 1 standing 
5 313 408 371 541 62808 0 0 1 standing 
5 291 405 348 548 62809 0 0 0 standing 
5 268 406 326 544 62810 0 0 1 standing 
5 245 407 304 540 62811 0 0 1 standing 
5 222 409 283 536 62812 0 0 0 standing 
5 204 409 264 535 62813 0 0 1 standing 
5 186 410 246 534 62814 0 0 1 standing 
5 168 411 228 533 62815 0 0 0 standing 
5 158 412 218 533 62816 0 0 1 standing 
5 149 413 208 533 62817 0 0 1 standing 
5 139 415 199 533 62818 0 0 1 standing 
5 130 416 189 533 62819 0 0 1 standing 
6 432 487 495 609 62800 0 0 0 standing 
6 421 485 485 609 62801 0 0 1 standing 
6 411 484 476 610 62802 0 0 1 standing 
6 401 483 467 611 62803 0 0 0 standing 
6 384 482 450 610 62804 0 0 1 standing 
6 368 481 434 609 62805 0 0 1 standing 
6 352 480 418 608 62806 0 0 0 standing 
6 333 480 398 608 62807 0 0 1 standing 
6 315 480 378 609 62808 0 0 1 standing 
6 297 480 358 610 62809 0 0 0 standing 
6 275 480 338 610 62810 0 0 1 standing 
6 253 481 318 611 62811 0 0 1 standing 
6 232 482 298 612 62812 0 0 0 standing 
6 215 484 280 614 62813 0 0 1 standing 
6 198 486 263 616 62814 0 0 1 standing 
6 182 489 246 618 62815 0 0 0 standing 
6 173 489 237 618 62816 0 0 1 standing 
6 164 489 228 618 62817 0 0 1 standing 
6 155 490 219 618 62818 0 0 1 standing 
6 146 490 210 618 62819 0 0 1 standing 
7 895 495 978 629 62800 0 0 0 standing 
7 885 498 967 629 62801 0 0 1 standing 
7 875 501 957 629 62802 0 0 1 standing 
7 865 504 947 630 62803 0 0 0 standing 
7 847 505 928 627 62804 0 0 1 standing 
7 829 506 910 624 62805 0 0 1 standing 
7 812 507 892 621 62806 0 0 0 standing 
7 794 506 878 620 62807 0 0 1 standing 
7 777 505 865 620 62808 0 0 1 standing 
7 760 504 852 620 62809 0 0 0 standing 
7 753 502 840 622 62810 0 0 1 standing 
7 746 500 829 624 62811 0 0 1 standing 
7 739 499 818 626 62812 0 0 0 standing 
7 730 499 803 629 62813 0 0 1 standing 
7 722 499 789 632 62814 0 0 1 standing 
7 714 499 775 635 62815 0 0 0 standing 
7 709 500 774 637 62816 0 0 1 standing 
7 704 501 773 639 62817 0 0 1 standing 
7 699 502 772 641 62818 0 0 1 standing 
7 694 503 771 643 62819 0 0 1 standing 
8 1144 494 1201 621 62800 0 0 0 standing 
8 1133 491 1192 621 62801 0 0 1 setting 
8 1122 488 1183 621 62802 0 0 1 setting 
8 1112 486 1174 622 62803 0 0 0 setting 
8 1092 483 1155 617 62804 0 0 1 setting 
8 1072 480 1136 612 62805 0 0 1 setting 
8 1052 478 1118 607 62806 0 0 0 setting 
8 1030 475 1096 603 62807 0 0 1 setting 
8 1008 472 1074 599 62808 0 0 1 setting 
8 986 469 1053 596 62809 0 0 0 setting 
8 961 468 1032 594 62810 0 0 1 setting 
8 937 467 1012 593 62811 0 0 1 setting 
8 913 466 992 592 62812 0 0 0 setting 
8 895 466 974 591 62813 0 0 1 setting 
8 878 466 956 591 62814 0 0 1 setting 
8 861 466 939 591 62815 0 0 0 setting 
8 852 464 927 590 62816 0 0 1 setting 
8 844 462 916 589 62817 0 0 1 setting 
8 836 461 904 588 62818 0 0 1 setting 
8 828 459 893 587 62819 0 0 1 setting 
9 923 383 978 498 62800 0 0 0 setting 
9 911 385 969 498 62801 0 0 1 standing 
9 900 388 960 498 62802 0 0 1 standing 
9 889 391 952 498 62803 0 0 0 standing 
9 876 393 939 499 62804 0 0 1 standing 
9 864 395 926 500 62805 0 0 1 standing 
9 852 397 914 502 62806 0 0 0 standing 
9 832 395 905 501 62807 0 0 1 standing 
9 812 393 896 501 62808 0 0 1 standing 
9 793 391 887 501 62809 0 0 0 standing 
9 780 385 873 500 62810 0 0 1 standing 
9 767 380 860 499 62811 0 0 1 standing 
9 754 375 847 498 62812 0 0 0 standing 
9 745 371 831 495 62813 0 0 1 standing 
9 736 368 815 492 62814 0 0 1 standing 
9 727 365 799 489 62815 0 0 0 standing 
9 726 363 791 488 62816 0 0 1 standing 
9 725 361 784 487 62817 0 0 1 standing 
9 725 359 777 486 62818 0 0 0 standing 
9 725 359 777 486 62819 0 0 1 standing 
10 888 418 947 535 62800 0 0 0 standing 
10 880 419 939 534 62801 0 0 1 standing 
10 872 420 931 533 62802 0 0 1 standing 
10 864 421 924 533 62803 0 0 0 standing 
10 850 421 910 533 62804 0 0 1 standing 
10 837 422 897 534 62805 0 0 1 standing 
10 824 423 884 535 62806 0 0 0 standing 
10 806 424 868 536 62807 0 0 1 standing 
10 789 426 852 537 62808 0 0 1 standing 
10 772 428 836 539 62809 0 0 0 standing 
10 757 427 824 542 62810 0 0 1 standing 
10 742 426 812 546 62811 0 0 1 standing 
10 728 426 801 550 62812 0 0 0 standing 
10 715 426 788 555 62813 0 0 1 standing 
10 703 426 776 561 62814 0 0 1 standing 
10 691 426 764 567 62815 0 0 0 standing 
10 690 426 760 565 62816 0 0 1 standing 
10 690 426 757 563 62817 0 0 1 standing 
10 689 427 753 562 62818 0 0 1 standing 
10 689 427 750 560 62819 0 0 1 standing 
11 899 456 961 587 62800 0 0 0 standing 
11 888 463 950 586 62801 0 0 1 standing 
11 877 470 939 585 62802 0 0 1 standing 
11 867 478 928 584 62803 0 0 0 standing 
11 848 475 904 580 62804 0 0 1 standing 
11 829 472 881 577 62805 0 0 1 standing 
11 810 469 858 574 62806 0 0 0 standing 
11 789 466 842 575 62807 0 0 1 standing 
11 768 463 826 576 62808 0 0 1 standing 
11 748 460 811 578 62809 0 0 0 standing 
11 730 456 787 578 62810 0 0 1 standing 
11 712 453 764 578 62811 0 0 1 standing 
11 695 450 741 578 62812 0 0 0 standing 
11 675 449 726 580 62813 0 0 1 standing 
11 655 448 711 583 62814 0 0 1 standing 
11 636 447 697 586 62815 0 0 0 standing 
11 626 448 689 588 62816 0 0 1 standing 
11 616 449 681 590 62817 0 0 1 standing 
11 607 450 673 592 62818 0 0 1 standing 
11 597 451 665 594 62819 0 0 1 standing 
