0 718 343 783 534 14050 1 0 1 setting 
0 718 343 783 534 14051 1 0 1 setting 
0 718 343 783 534 14052 0 1 0 setting 
0 724 341 788 532 14053 0 1 1 setting 
0 730 340 794 530 14054 0 1 1 setting 
0 736 339 800 529 14055 0 1 1 setting 
0 742 337 805 527 14056 0 1 1 setting 
0 748 336 811 526 14057 0 1 1 setting 
0 754 335 817 524 14058 0 1 1 setting 
0 760 334 823 523 14059 0 1 0 setting 
0 764 342 830 529 14060 0 1 1 setting 
0 768 351 837 535 14061 0 1 1 setting 
0 772 360 845 541 14062 0 1 1 setting 
0 776 369 852 547 14063 0 1 1 setting 
0 780 378 860 554 14064 0 1 0 setting 
0 780 378 860 554 14065 0 1 1 setting 
0 780 378 860 554 14066 0 1 1 setting 
0 780 378 860 554 14067 0 1 1 setting 
0 780 378 860 554 14068 0 1 1 setting 
0 780 378 860 554 14069 0 1 1 setting 
1 931 377 1040 514 14050 1 0 1 setting 
1 931 377 1040 514 14051 1 0 1 moving 
1 931 377 1040 514 14052 0 1 0 moving 
1 924 376 1034 512 14053 0 1 1 moving 
1 918 375 1029 511 14054 0 1 1 moving 
1 912 374 1023 509 14055 0 1 1 moving 
1 906 373 1018 508 14056 0 1 1 moving 
1 899 372 1012 507 14057 0 1 1 moving 
1 893 371 1007 505 14058 0 1 1 moving 
1 887 370 1001 504 14059 0 1 1 moving 
1 881 369 996 503 14060 0 1 0 moving 
1 880 370 991 504 14061 0 1 1 moving 
1 879 372 986 506 14062 0 1 1 moving 
1 878 374 981 508 14063 0 1 0 moving 
1 878 374 981 508 14064 0 1 1 moving 
1 878 374 981 508 14065 0 1 1 moving 
1 878 374 981 508 14066 0 1 1 moving 
1 878 374 981 508 14067 0 1 1 moving 
1 878 374 981 508 14068 0 1 1 moving 
1 878 374 981 508 14069 0 1 1 moving 
2 713 464 827 634 14050 1 0 1 moving 
2 713 464 827 634 14051 1 0 1 moving 
2 713 464 827 634 14052 0 1 0 moving 
2 711 466 823 637 14053 0 1 1 moving 
2 710 469 820 640 14054 0 1 1 moving 
2 709 471 817 643 14055 0 1 1 moving 
2 708 474 814 646 14056 0 1 1 moving 
2 707 477 811 649 14057 0 1 0 moving 
2 703 476 810 648 14058 0 1 1 moving 
2 699 476 810 648 14059 0 1 1 moving 
2 696 475 810 648 14060 0 1 1 moving 
2 692 475 809 648 14061 0 1 1 moving 
2 688 474 809 648 14062 0 1 1 moving 
2 685 474 809 648 14063 0 1 0 moving 
2 685 474 809 648 14064 0 1 1 moving 
2 685 474 809 648 14065 0 1 1 moving 
2 685 474 809 648 14066 0 1 1 moving 
2 685 474 809 648 14067 0 1 1 moving 
2 685 474 809 648 14068 0 1 1 moving 
2 685 474 809 648 14069 0 1 1 moving 
3 785 301 862 423 14050 1 0 1 moving 
3 785 301 862 423 14051 1 0 1 moving 
3 785 301 862 423 14052 0 1 0 moving 
3 784 302 864 423 14053 0 1 1 moving 
3 783 303 867 424 14054 0 1 1 moving 
3 783 304 870 424 14055 0 1 1 moving 
3 782 305 873 425 14056 0 1 1 moving 
3 782 307 876 426 14057 0 1 0 moving 
3 782 307 873 425 14058 0 1 1 moving 
3 782 308 871 424 14059 0 1 1 moving 
3 782 309 869 424 14060 0 1 1 moving 
3 782 309 867 423 14061 0 1 1 moving 
3 782 310 865 423 14062 0 1 1 moving 
3 782 311 863 422 14063 0 1 1 moving 
3 782 312 861 422 14064 0 1 0 moving 
3 782 312 861 422 14065 0 1 1 moving 
3 782 312 861 422 14066 0 1 1 moving 
3 782 312 861 422 14067 0 1 1 moving 
3 782 312 861 422 14068 0 1 1 moving 
3 782 312 861 422 14069 0 1 1 moving 
4 656 333 714 500 14050 1 0 1 moving 
4 656 333 714 500 14051 1 0 1 moving 
4 656 333 714 500 14052 0 0 0 moving 
4 659 333 718 499 14053 0 0 1 moving 
4 662 334 722 498 14054 0 0 1 moving 
4 665 335 727 497 14055 0 0 1 moving 
4 668 335 731 496 14056 0 0 1 moving 
4 671 336 736 495 14057 0 0 1 moving 
4 674 337 740 494 14058 0 0 1 moving 
4 677 337 745 493 14059 0 0 1 moving 
4 680 338 749 492 14060 0 0 1 moving 
4 683 339 754 491 14061 0 0 0 moving 
4 681 343 758 493 14062 0 0 1 moving 
4 679 347 763 495 14063 0 0 1 moving 
4 678 351 768 497 14064 0 0 0 moving 
4 678 351 768 497 14065 0 0 1 moving 
4 678 351 768 497 14066 0 0 1 moving 
4 678 351 768 497 14067 0 0 1 moving 
4 678 351 768 497 14068 0 0 1 moving 
4 678 351 768 497 14069 0 0 1 moving 
5 1003 339 1069 466 14050 1 0 1 moving 
5 1003 339 1069 466 14051 1 0 1 standing 
5 1003 339 1069 466 14052 0 0 0 standing 
5 1009 339 1074 465 14053 0 0 1 standing 
5 1015 339 1080 464 14054 0 0 1 standing 
5 1021 339 1086 464 14055 0 0 1 standing 
5 1027 339 1091 463 14056 0 0 1 standing 
5 1033 339 1097 463 14057 0 0 1 standing 
5 1039 339 1103 462 14058 0 0 1 standing 
5 1045 340 1109 462 14059 0 0 0 standing 
5 1052 341 1116 465 14060 0 0 1 standing 
5 1059 342 1123 468 14061 0 0 1 standing 
5 1067 344 1131 472 14062 0 0 1 standing 
5 1074 345 1138 475 14063 0 0 1 standing 
5 1082 347 1146 479 14064 0 0 0 standing 
5 1082 347 1146 479 14065 0 0 1 standing 
5 1082 347 1146 479 14066 0 0 1 standing 
5 1082 347 1146 479 14067 0 0 1 standing 
5 1082 347 1146 479 14068 0 0 1 standing 
5 1082 347 1146 479 14069 0 0 1 standing 
6 41 434 94 614 14050 1 0 1 standing 
6 41 434 94 614 14051 1 0 1 standing 
6 41 434 94 614 14052 0 0 0 standing 
6 46 434 99 613 14053 0 0 1 standing 
6 51 434 104 613 14054 0 0 1 standing 
6 57 434 110 613 14055 0 0 1 standing 
6 62 434 115 613 14056 0 0 1 standing 
6 67 434 121 612 14057 0 0 1 standing 
6 73 434 126 612 14058 0 0 1 standing 
6 78 434 132 612 14059 0 0 1 standing 
6 83 434 137 612 14060 0 0 1 standing 
6 89 435 143 612 14061 0 0 0 standing 
6 92 434 149 608 14062 0 0 1 standing 
6 96 434 155 605 14063 0 0 1 standing 
6 100 434 161 602 14064 0 0 0 standing 
6 100 434 161 602 14065 0 0 1 standing 
6 100 434 161 602 14066 0 0 1 standing 
6 100 434 161 602 14067 0 0 1 standing 
6 100 434 161 602 14068 0 0 1 standing 
6 100 434 161 602 14069 0 0 1 standing 
7 200 357 257 491 14050 1 0 1 standing 
7 200 357 257 491 14051 1 0 1 standing 
7 200 357 257 491 14052 0 0 0 standing 
7 204 356 261 490 14053 0 0 1 standing 
7 209 355 265 489 14054 0 0 1 standing 
7 213 354 269 488 14055 0 0 1 standing 
7 218 353 273 487 14056 0 0 0 standing 
7 222 352 277 486 14057 0 0 1 standing 
7 226 351 281 485 14058 0 0 1 standing 
7 231 350 286 484 14059 0 0 0 standing 
7 231 350 292 484 14060 0 0 1 standing 
7 231 350 299 484 14061 0 0 1 standing 
7 232 351 306 484 14062 0 0 0 standing 
7 237 351 314 484 14063 0 0 1 standing 
7 243 352 322 484 14064 0 0 1 standing 
7 249 353 330 484 14065 0 0 0 standing 
7 249 353 330 484 14066 0 0 1 standing 
7 249 353 330 484 14067 0 0 1 standing 
7 249 353 330 484 14068 0 0 1 standing 
7 249 353 330 484 14069 0 0 1 standing 
8 434 440 479 585 14050 1 0 1 standing 
8 434 440 479 585 14051 1 0 1 standing 
8 434 440 479 585 14052 0 0 0 standing 
8 438 442 485 585 14053 0 0 1 standing 
8 443 444 491 585 14054 0 0 1 standing 
8 447 446 498 585 14055 0 0 1 standing 
8 452 448 504 585 14056 0 0 1 standing 
8 457 450 510 585 14057 0 0 1 standing 
8 461 452 517 585 14058 0 0 1 standing 
8 466 454 523 585 14059 0 0 1 standing 
8 471 457 530 585 14060 0 0 0 standing 
8 476 460 537 587 14061 0 0 1 standing 
8 482 463 545 589 14062 0 0 1 standing 
8 487 466 553 591 14063 0 0 1 standing 
8 493 469 561 594 14064 0 0 0 standing 
8 493 469 561 594 14065 0 0 1 standing 
8 493 469 561 594 14066 0 0 1 standing 
8 493 469 561 594 14067 0 0 1 standing 
8 493 469 561 594 14068 0 0 1 standing 
8 493 469 561 594 14069 0 0 1 standing 
9 465 389 529 549 14050 1 0 1 standing 
9 465 389 529 549 14051 1 0 1 standing 
9 465 389 529 549 14052 0 0 0 standing 
9 466 391 533 549 14053 0 0 1 standing 
9 468 394 537 550 14054 0 0 1 standing 
9 469 396 541 551 14055 0 0 1 standing 
9 471 399 545 552 14056 0 0 1 standing 
9 473 402 549 553 14057 0 0 0 standing 
9 481 405 553 553 14058 0 0 1 standing 
9 489 408 557 554 14059 0 0 1 standing 
9 497 412 561 555 14060 0 0 0 standing 
9 501 413 565 556 14061 0 0 1 standing 
9 505 414 569 557 14062 0 0 1 standing 
9 509 415 573 558 14063 0 0 1 standing 
9 514 416 578 559 14064 0 0 0 standing 
9 514 416 578 559 14065 0 0 1 standing 
9 514 416 578 559 14066 0 0 1 standing 
9 514 416 578 559 14067 0 0 1 standing 
9 514 416 578 559 14068 0 0 1 standing 
9 514 416 578 559 14069 0 0 1 standing 
10 465 356 537 492 14050 1 0 1 standing 
10 465 356 537 492 14051 1 0 1 standing 
10 465 356 537 492 14052 0 0 0 standing 
10 471 355 541 491 14053 0 0 1 standing 
10 477 354 546 490 14054 0 0 1 standing 
10 484 354 551 489 14055 0 0 0 standing 
10 488 353 554 489 14056 0 0 1 standing 
10 492 353 558 489 14057 0 0 1 standing 
10 497 353 562 490 14058 0 0 1 standing 
10 501 353 565 490 14059 0 0 1 standing 
10 505 353 569 490 14060 0 0 1 standing 
10 510 353 573 491 14061 0 0 1 standing 
10 514 353 576 491 14062 0 0 1 standing 
10 518 353 580 491 14063 0 0 1 standing 
10 523 353 584 492 14064 0 0 0 standing 
10 523 353 584 492 14065 0 0 1 standing 
10 523 353 584 492 14066 0 0 1 standing 
10 523 353 584 492 14067 0 0 1 standing 
10 523 353 584 492 14068 0 0 1 standing 
10 523 353 584 492 14069 0 0 1 standing 
11 0 386 38 535 14050 1 0 1 standing 
11 0 386 38 535 14051 1 0 1 standing 
11 0 386 38 535 14052 0 0 0 standing 
11 0 386 40 536 14053 0 0 1 standing 
11 0 386 42 538 14054 0 0 1 standing 
11 0 386 45 539 14055 0 0 1 standing 
11 0 386 47 541 14056 0 0 1 standing 
11 0 386 49 542 14057 0 0 1 standing 
11 1 386 52 544 14058 0 0 0 standing 
11 5 387 57 545 14059 0 0 1 standing 
11 10 389 62 547 14060 0 0 1 standing 
11 15 391 67 549 14061 0 0 1 standing 
11 20 392 72 550 14062 0 0 1 standing 
11 25 394 77 552 14063 0 0 1 standing 
11 30 396 82 554 14064 0 0 0 standing 
11 30 396 82 554 14065 0 0 1 standing 
11 30 396 82 554 14066 0 0 1 standing 
11 30 396 82 554 14067 0 0 1 standing 
11 30 396 82 554 14068 0 0 1 standing 
11 30 396 82 554 14069 0 0 1 standing 
