0 1115 386 1182 498 56805 0 0 0 waiting 
0 1109 385 1175 498 56806 0 0 1 waiting 
0 1103 384 1168 498 56807 0 0 1 waiting 
0 1098 384 1162 498 56808 0 0 0 waiting 
0 1089 382 1153 497 56809 0 0 1 waiting 
0 1080 381 1144 497 56810 0 0 1 waiting 
0 1072 380 1136 497 56811 0 0 0 waiting 
0 1061 379 1125 497 56812 0 0 1 waiting 
0 1051 378 1114 497 56813 0 0 1 waiting 
0 1041 378 1103 498 56814 0 0 0 waiting 
0 1030 380 1091 496 56815 0 0 1 waiting 
0 1019 382 1079 495 56816 0 0 1 waiting 
0 1009 385 1067 494 56817 0 0 0 waiting 
0 993 387 1050 494 56818 0 0 1 waiting 
0 977 389 1034 494 56819 0 0 1 waiting 
0 961 392 1018 495 56820 0 0 0 waiting 
0 940 390 996 494 56821 0 0 1 waiting 
0 919 389 975 493 56822 0 0 1 waiting 
0 898 387 954 492 56823 0 0 1 waiting 
0 877 386 933 491 56824 0 0 1 waiting 
1 1043 503 1122 621 56805 0 0 0 waiting 
1 1031 506 1110 621 56806 0 0 1 waiting 
1 1020 509 1099 621 56807 0 0 1 waiting 
1 1009 512 1088 621 56808 0 0 0 waiting 
1 1001 511 1077 620 56809 0 0 1 waiting 
1 994 511 1066 619 56810 0 0 1 waiting 
1 987 511 1056 618 56811 0 0 0 waiting 
1 974 506 1045 617 56812 0 0 1 waiting 
1 961 502 1034 616 56813 0 0 1 waiting 
1 948 498 1023 616 56814 0 0 0 waiting 
1 937 497 1013 615 56815 0 0 1 waiting 
1 926 496 1003 614 56816 0 0 1 waiting 
1 915 495 993 613 56817 0 0 0 waiting 
1 897 494 978 612 56818 0 0 1 waiting 
1 880 493 963 611 56819 0 0 1 waiting 
1 863 493 948 610 56820 0 0 0 waiting 
1 846 493 927 609 56821 0 0 1 waiting 
1 829 494 906 609 56822 0 0 1 waiting 
1 812 495 886 609 56823 0 0 0 waiting 
1 788 494 866 609 56824 0 0 1 waiting 
2 807 479 916 603 56805 0 0 0 waiting 
2 801 477 918 602 56806 0 0 1 standing 
2 796 476 921 601 56807 0 0 1 standing 
2 791 475 924 600 56808 0 0 0 standing 
2 788 473 917 599 56809 0 0 1 standing 
2 786 471 910 599 56810 0 0 1 standing 
2 784 470 903 599 56811 0 0 0 standing 
2 776 469 893 596 56812 0 0 1 standing 
2 768 468 883 593 56813 0 0 1 standing 
2 761 468 873 591 56814 0 0 0 standing 
2 754 468 869 591 56815 0 0 1 standing 
2 747 468 866 591 56816 0 0 1 standing 
2 740 468 863 591 56817 0 0 0 standing 
2 729 469 852 590 56818 0 0 1 standing 
2 718 470 842 590 56819 0 0 1 standing 
2 708 472 832 590 56820 0 0 0 standing 
2 692 473 811 590 56821 0 0 1 standing 
2 677 474 791 590 56822 0 0 1 standing 
2 662 476 771 590 56823 0 0 0 standing 
2 642 474 753 590 56824 0 0 1 standing 
3 757 362 803 478 56805 0 1 0 standing 
3 745 356 791 475 56806 0 1 1 spiking 
3 733 350 779 473 56807 0 1 1 spiking 
3 721 344 767 470 56808 0 1 1 spiking 
3 709 338 755 468 56809 0 1 1 spiking 
3 697 332 743 465 56810 0 1 1 spiking 
3 685 326 731 463 56811 0 1 1 spiking 
3 673 320 719 460 56812 0 1 1 spiking 
3 661 314 707 458 56813 0 1 1 spiking 
3 649 308 695 455 56814 0 1 1 spiking 
3 637 302 683 453 56815 0 1 1 spiking 
3 625 296 671 450 56816 0 1 1 spiking 
3 613 290 659 448 56817 0 1 1 spiking 
3 601 284 647 445 56818 0 1 1 spiking 
3 589 278 635 443 56819 0 1 1 spiking 
3 577 273 624 441 56820 0 1 0 spiking 
3 558 275 605 443 56821 0 1 1 spiking 
3 539 277 586 445 56822 0 1 1 spiking 
3 520 280 567 448 56823 0 1 0 spiking 
3 504 289 551 454 56824 0 1 1 spiking 
4 754 382 803 503 56805 0 1 0 spiking 
4 746 370 794 500 56806 0 1 1 blocking 
4 738 358 786 498 56807 0 1 1 blocking 
4 730 346 778 495 56808 0 1 1 blocking 
4 722 334 770 493 56809 0 1 1 blocking 
4 715 322 762 491 56810 0 1 0 blocking 
4 700 319 752 485 56811 0 1 1 blocking 
4 685 316 742 480 56812 0 1 1 blocking 
4 671 313 732 474 56813 0 1 1 blocking 
4 656 310 722 469 56814 0 1 1 blocking 
4 642 307 713 463 56815 0 1 1 blocking 
4 627 304 703 458 56816 0 1 1 blocking 
4 613 301 693 452 56817 0 1 1 blocking 
4 598 298 683 447 56818 0 1 1 blocking 
4 584 295 674 442 56819 0 1 0 blocking 
4 567 301 656 446 56820 0 1 1 blocking 
4 550 307 638 450 56821 0 1 1 blocking 
4 533 314 620 455 56822 0 1 1 blocking 
4 517 320 603 459 56823 0 1 1 blocking 
4 500 327 585 464 56824 0 1 1 blocking 
5 1198 478 1273 598 56805 1 0 0 blocking 
5 1196 478 1271 597 56806 1 0 1 blocking 
5 1194 478 1269 597 56807 1 0 1 blocking 
5 1193 478 1267 597 56808 1 0 1 blocking 
5 1191 478 1265 597 56809 1 0 1 blocking 
5 1190 478 1263 597 56810 0 0 0 blocking 
5 1186 478 1258 596 56811 0 0 1 blocking 
5 1182 478 1253 596 56812 0 0 1 blocking 
5 1178 478 1248 595 56813 0 0 1 blocking 
5 1174 478 1243 595 56814 0 0 1 blocking 
5 1170 479 1238 595 56815 0 0 0 blocking 
5 1166 479 1233 594 56816 0 0 1 blocking 
5 1162 479 1228 594 56817 0 0 1 blocking 
5 1158 479 1223 593 56818 0 0 1 blocking 
5 1154 479 1218 593 56819 0 0 1 blocking 
5 1150 480 1213 593 56820 0 0 0 blocking 
5 1124 480 1189 592 56821 0 0 1 blocking 
5 1099 480 1165 592 56822 0 0 1 blocking 
5 1073 480 1142 591 56823 0 0 1 blocking 
5 1048 480 1118 591 56824 0 0 1 blocking 
6 593 295 660 454 56805 0 1 0 blocking 
6 589 291 661 445 56806 0 1 1 spiking 
6 586 287 663 436 56807 0 1 1 spiking 
6 583 283 664 427 56808 0 1 1 spiking 
6 580 279 666 418 56809 0 1 1 spiking 
6 577 275 667 409 56810 0 1 1 spiking 
6 574 272 669 401 56811 0 1 0 spiking 
6 568 273 657 406 56812 0 1 1 spiking 
6 562 274 646 411 56813 0 1 1 spiking 
6 556 275 634 416 56814 0 1 1 spiking 
6 550 277 623 422 56815 0 1 0 spiking 
6 536 283 608 426 56816 0 1 1 spiking 
6 522 289 593 430 56817 0 1 1 spiking 
6 508 295 578 434 56818 0 1 1 spiking 
6 495 301 564 438 56819 0 1 1 spiking 
6 481 308 549 442 56820 0 1 1 spiking 
6 467 314 534 446 56821 0 1 1 spiking 
6 454 320 520 450 56822 0 1 1 spiking 
6 440 326 505 454 56823 0 1 1 spiking 
6 426 332 490 458 56824 0 1 1 spiking 
7 639 417 692 556 56805 0 0 0 spiking 
7 634 415 683 554 56806 0 0 1 standing 
7 629 414 675 552 56807 0 0 1 standing 
7 624 413 667 551 56808 0 0 0 standing 
7 614 410 659 547 56809 0 0 1 standing 
7 605 408 652 544 56810 0 0 1 standing 
7 596 406 645 541 56811 0 0 0 standing 
7 583 403 637 536 56812 0 0 1 standing 
7 570 400 629 531 56813 0 0 1 standing 
7 558 398 621 527 56814 0 0 0 standing 
7 546 398 606 524 56815 0 0 1 standing 
7 534 399 592 521 56816 0 0 1 standing 
7 523 400 578 519 56817 0 0 0 standing 
7 504 401 569 517 56818 0 0 1 standing 
7 486 402 560 516 56819 0 0 1 standing 
7 468 403 552 515 56820 0 0 0 standing 
7 446 404 532 515 56821 0 0 1 standing 
7 424 405 512 516 56822 0 0 1 standing 
7 403 407 492 517 56823 0 0 1 standing 
7 381 408 472 518 56824 0 0 1 standing 
8 589 488 647 650 56805 0 0 0 standing 
8 585 487 641 645 56806 0 0 1 moving 
8 581 486 636 640 56807 0 0 1 moving 
8 577 486 631 635 56808 0 0 0 moving 
8 575 482 629 633 56809 0 0 1 moving 
8 573 479 627 631 56810 0 0 1 moving 
8 572 476 626 630 56811 0 0 0 moving 
8 563 474 618 629 56812 0 0 1 moving 
8 555 472 610 629 56813 0 0 1 moving 
8 547 471 602 629 56814 0 0 0 moving 
8 536 471 591 625 56815 0 0 1 moving 
8 525 471 581 622 56816 0 0 1 moving 
8 514 471 571 619 56817 0 0 0 moving 
8 501 463 558 614 56818 0 0 1 moving 
8 488 456 545 610 56819 0 0 1 moving 
8 475 449 532 606 56820 0 0 0 moving 
8 452 447 513 603 56821 0 0 1 moving 
8 430 446 494 600 56822 0 0 1 moving 
8 407 444 475 597 56823 0 0 1 moving 
8 385 443 456 594 56824 0 0 1 moving 
9 465 405 561 513 56805 0 0 0 moving 
9 472 404 558 509 56806 0 0 1 standing 
9 479 403 556 505 56807 0 0 1 standing 
9 486 403 554 502 56808 0 0 0 standing 
9 485 402 551 502 56809 0 0 1 standing 
9 484 401 548 502 56810 0 0 1 standing 
9 484 400 546 502 56811 0 0 0 standing 
9 483 399 543 499 56812 0 0 1 standing 
9 482 398 540 497 56813 0 0 1 standing 
9 481 397 538 495 56814 0 0 0 standing 
9 475 396 529 496 56815 0 0 1 standing 
9 469 395 520 497 56816 0 0 1 standing 
9 463 395 511 498 56817 0 0 0 standing 
9 452 395 499 493 56818 0 0 1 standing 
9 442 395 487 488 56819 0 0 1 standing 
9 432 395 476 483 56820 0 0 0 standing 
9 412 394 456 483 56821 0 0 1 standing 
9 393 394 437 484 56822 0 0 1 standing 
9 374 393 418 484 56823 0 0 1 standing 
9 355 393 399 485 56824 0 0 1 standing 
10 429 398 481 522 56805 0 0 0 standing 
10 423 399 476 521 56806 0 0 1 standing 
10 418 401 471 520 56807 0 0 1 standing 
10 413 403 466 520 56808 0 0 0 standing 
10 405 402 458 519 56809 0 0 1 standing 
10 398 401 450 519 56810 0 0 1 standing 
10 391 400 443 519 56811 0 0 0 standing 
10 380 399 431 519 56812 0 0 1 standing 
10 370 398 420 519 56813 0 0 1 standing 
10 360 397 409 520 56814 0 0 0 standing 
10 349 398 398 523 56815 0 0 1 standing 
10 338 400 387 526 56816 0 0 1 standing 
10 327 402 376 529 56817 0 0 0 standing 
10 311 404 360 530 56818 0 0 1 standing 
10 296 406 345 531 56819 0 0 1 standing 
10 281 409 330 533 56820 0 0 0 standing 
10 260 409 309 534 56821 0 0 1 standing 
10 239 410 288 535 56822 0 0 1 standing 
10 218 411 268 536 56823 0 0 1 standing 
10 197 412 247 537 56824 0 0 1 standing 
11 389 442 459 561 56805 0 0 0 standing 
11 378 441 450 561 56806 0 0 1 standing 
11 367 441 442 562 56807 0 0 1 standing 
11 356 441 434 563 56808 0 0 0 standing 
11 347 441 422 562 56809 0 0 1 standing 
11 338 441 410 561 56810 0 0 1 standing 
11 329 441 398 560 56811 0 0 0 standing 
11 312 439 379 558 56812 0 0 1 standing 
11 295 437 361 556 56813 0 0 1 standing 
11 279 436 343 554 56814 0 0 0 standing 
11 259 436 324 554 56815 0 0 1 standing 
11 239 436 306 554 56816 0 0 1 standing 
11 219 437 288 554 56817 0 0 0 standing 
11 191 441 268 555 56818 0 0 1 standing 
11 163 445 249 556 56819 0 0 1 standing 
11 136 449 230 558 56820 0 0 0 standing 
11 111 450 205 559 56821 0 0 1 standing 
11 86 451 181 560 56822 0 0 1 standing 
11 62 452 156 561 56823 0 0 1 standing 
11 37 453 132 562 56824 0 0 1 standing 
