0 628 359 675 471 36040 0 1 0 setting 
0 630 354 678 466 36041 0 1 1 setting 
0 633 350 681 462 36042 0 1 1 setting 
0 635 346 684 457 36043 0 1 1 setting 
0 638 342 688 453 36044 0 1 1 setting 
0 640 337 691 449 36045 0 1 1 setting 
0 643 333 694 444 36046 0 1 1 setting 
0 645 329 697 440 36047 0 1 1 setting 
0 648 325 701 436 36048 0 1 0 setting 
0 648 324 703 438 36049 0 1 1 setting 
0 649 323 706 440 36050 0 1 1 setting 
0 649 322 709 443 36051 0 1 1 setting 
0 650 321 711 445 36052 0 1 1 setting 
0 650 320 714 447 36053 0 1 1 setting 
0 651 320 717 450 36054 0 1 0 setting 
0 653 321 721 458 36055 0 1 1 setting 
0 656 322 726 467 36056 0 1 1 setting 
0 658 323 730 475 36057 0 1 1 setting 
0 661 325 735 484 36058 0 1 0 setting 
0 661 325 735 484 36059 0 1 1 setting 
1 603 406 674 532 36040 0 1 0 setting 
1 609 408 678 537 36041 0 1 1 standing 
1 616 410 683 542 36042 0 1 1 standing 
1 623 412 688 547 36043 0 1 1 standing 
1 630 414 693 552 36044 0 1 0 standing 
1 636 414 697 555 36045 0 1 1 standing 
1 642 415 701 559 36046 0 1 1 standing 
1 648 416 705 563 36047 0 1 1 standing 
1 654 417 709 566 36048 0 1 1 standing 
1 660 418 713 570 36049 0 1 1 standing 
1 666 419 718 574 36050 0 1 0 standing 
1 666 422 721 577 36051 0 1 1 standing 
1 667 426 725 581 36052 0 1 1 standing 
1 668 429 729 585 36053 0 1 1 standing 
1 669 433 733 589 36054 0 1 1 standing 
1 670 436 737 593 36055 0 1 1 standing 
1 670 440 740 597 36056 0 1 1 standing 
1 671 443 744 601 36057 0 1 1 standing 
1 672 447 748 605 36058 0 1 1 standing 
1 673 450 752 609 36059 0 1 1 standing 
2 752 403 811 498 36040 0 0 0 standing 
2 750 399 811 498 36041 0 0 1 standing 
2 749 395 812 498 36042 0 0 1 standing 
2 748 391 813 498 36043 0 0 0 standing 
2 749 389 818 499 36044 0 0 1 standing 
2 751 387 823 501 36045 0 0 1 standing 
2 753 385 829 503 36046 0 0 0 standing 
2 754 383 830 503 36047 0 0 1 standing 
2 756 381 831 503 36048 0 0 1 standing 
2 758 379 833 503 36049 0 0 0 standing 
2 760 378 835 504 36050 0 0 1 standing 
2 762 377 837 505 36051 0 0 1 standing 
2 764 376 839 506 36052 0 0 0 standing 
2 763 373 838 504 36053 0 0 1 standing 
2 763 370 838 502 36054 0 0 1 standing 
2 763 368 838 501 36055 0 0 0 standing 
2 766 365 836 499 36056 0 0 1 standing 
2 769 363 835 497 36057 0 0 1 standing 
2 772 360 834 495 36058 0 0 1 standing 
2 775 358 833 493 36059 0 0 1 standing 
3 811 437 888 561 36040 0 0 0 standing 
3 816 436 889 560 36041 0 0 1 standing 
3 821 435 891 559 36042 0 0 1 standing 
3 827 434 893 559 36043 0 0 0 standing 
3 828 433 892 559 36044 0 0 1 standing 
3 829 433 891 559 36045 0 0 1 standing 
3 830 433 891 560 36046 0 0 0 standing 
3 829 434 891 561 36047 0 0 1 standing 
3 829 435 892 562 36048 0 0 1 standing 
3 829 437 893 564 36049 0 0 0 standing 
3 828 439 894 563 36050 0 0 1 standing 
3 828 441 896 562 36051 0 0 1 standing 
3 828 443 898 562 36052 0 0 0 standing 
3 825 444 899 562 36053 0 0 1 standing 
3 822 445 901 563 36054 0 0 1 standing 
3 820 446 903 564 36055 0 0 0 standing 
3 813 446 895 565 36056 0 0 1 standing 
3 807 446 888 566 36057 0 0 1 standing 
3 801 447 880 568 36058 0 0 1 standing 
3 795 447 873 569 36059 0 0 1 standing 
4 1028 397 1141 508 36040 0 0 0 standing 
4 1026 397 1140 507 36041 0 0 1 moving 
4 1024 397 1140 506 36042 0 0 1 moving 
4 1022 397 1140 506 36043 0 0 0 moving 
4 1017 396 1129 504 36044 0 0 1 moving 
4 1012 395 1119 502 36045 0 0 1 moving 
4 1008 394 1109 500 36046 0 0 0 moving 
4 1002 392 1102 501 36047 0 0 1 moving 
4 996 390 1096 502 36048 0 0 1 moving 
4 990 388 1090 503 36049 0 0 0 moving 
4 981 384 1086 502 36050 0 0 1 moving 
4 973 380 1082 502 36051 0 0 1 moving 
4 965 377 1078 502 36052 0 0 0 moving 
4 961 378 1064 503 36053 0 0 1 moving 
4 957 380 1050 504 36054 0 0 1 moving 
4 953 382 1037 505 36055 0 0 0 moving 
4 943 380 1027 505 36056 0 0 1 moving 
4 933 379 1018 505 36057 0 0 1 moving 
4 923 378 1009 505 36058 0 0 1 moving 
4 913 377 1000 505 36059 0 0 1 moving 
5 192 395 264 529 36040 0 0 0 moving 
5 191 393 258 529 36041 0 0 1 standing 
5 190 392 253 529 36042 0 0 1 standing 
5 190 391 248 529 36043 0 0 0 standing 
5 188 387 242 528 36044 0 0 1 standing 
5 186 383 237 527 36045 0 0 1 standing 
5 185 380 232 527 36046 0 0 0 standing 
5 179 376 228 522 36047 0 0 1 standing 
5 174 373 225 517 36048 0 0 1 standing 
5 169 370 222 512 36049 0 0 0 standing 
5 165 369 218 511 36050 0 0 1 standing 
5 161 368 214 510 36051 0 0 1 standing 
5 158 368 211 510 36052 0 0 0 standing 
5 154 368 207 510 36053 0 0 1 standing 
5 150 368 203 510 36054 0 0 1 standing 
5 147 368 200 510 36055 0 0 0 standing 
5 145 366 199 509 36056 0 0 1 standing 
5 144 364 198 509 36057 0 0 1 standing 
5 143 362 197 508 36058 0 0 1 standing 
5 142 360 196 508 36059 0 0 1 standing 
6 606 367 661 494 36040 0 0 0 standing 
6 609 369 662 497 36041 0 0 1 standing 
6 613 371 663 500 36042 0 0 1 standing 
6 617 373 664 503 36043 0 0 0 standing 
6 615 372 664 504 36044 0 0 1 standing 
6 614 372 665 505 36045 0 0 1 standing 
6 613 372 666 506 36046 0 0 1 standing 
6 612 371 666 507 36047 0 0 1 standing 
6 611 371 667 508 36048 0 0 1 standing 
6 610 371 668 509 36049 0 0 0 standing 
6 609 374 667 509 36050 0 0 1 standing 
6 608 378 666 510 36051 0 0 1 standing 
6 608 382 665 511 36052 0 0 0 standing 
6 607 381 664 511 36053 0 0 1 standing 
6 606 380 664 511 36054 0 0 1 standing 
6 606 380 664 512 36055 0 0 0 standing 
6 607 377 664 512 36056 0 0 1 standing 
6 608 374 664 512 36057 0 0 1 standing 
6 610 371 665 513 36058 0 0 1 standing 
6 611 368 665 513 36059 0 0 1 standing 
7 529 365 569 513 36040 0 0 0 standing 
7 527 364 567 517 36041 0 0 1 standing 
7 525 363 565 521 36042 0 0 1 standing 
7 523 362 563 525 36043 0 0 0 standing 
7 522 364 562 526 36044 0 0 1 standing 
7 521 366 561 527 36045 0 0 1 standing 
7 520 368 560 528 36046 0 0 0 standing 
7 517 368 560 527 36047 0 0 1 standing 
7 515 368 560 527 36048 0 0 1 standing 
7 513 368 560 527 36049 0 0 0 standing 
7 512 370 557 528 36050 0 0 1 standing 
7 511 372 554 529 36051 0 0 1 standing 
7 510 374 551 531 36052 0 0 0 standing 
7 506 377 553 533 36053 0 0 1 standing 
7 503 380 555 536 36054 0 0 1 standing 
7 500 383 558 539 36055 0 0 0 standing 
7 501 384 559 539 36056 0 0 1 standing 
7 502 385 560 539 36057 0 0 1 standing 
7 503 386 561 540 36058 0 0 1 standing 
7 504 387 562 540 36059 0 0 1 standing 
8 480 333 533 463 36040 0 0 0 standing 
8 484 332 535 462 36041 0 0 1 standing 
8 488 332 538 461 36042 0 0 1 standing 
8 492 332 541 461 36043 0 0 0 standing 
8 493 334 540 463 36044 0 0 1 standing 
8 495 336 539 465 36045 0 0 1 standing 
8 497 338 539 467 36046 0 0 0 standing 
8 496 339 538 468 36047 0 0 1 standing 
8 496 340 537 470 36048 0 0 1 standing 
8 496 341 537 472 36049 0 0 0 standing 
8 496 341 537 472 36050 0 0 1 standing 
8 496 341 537 472 36051 0 0 1 standing 
8 496 341 537 473 36052 0 0 0 standing 
8 493 345 537 476 36053 0 0 1 standing 
8 491 349 537 480 36054 0 0 1 standing 
8 489 353 537 484 36055 0 0 0 standing 
8 485 355 534 484 36056 0 0 1 standing 
8 481 358 532 484 36057 0 0 1 standing 
8 477 361 529 485 36058 0 0 1 standing 
8 473 364 527 485 36059 0 0 1 standing 
9 473 393 530 547 36040 0 0 0 standing 
9 473 393 528 550 36041 0 0 1 standing 
9 473 394 527 553 36042 0 0 1 standing 
9 474 395 526 556 36043 0 0 0 standing 
9 472 397 524 558 36044 0 0 1 standing 
9 471 399 523 560 36045 0 0 1 standing 
9 470 401 522 562 36046 0 0 0 standing 
9 469 399 523 562 36047 0 0 1 standing 
9 468 397 524 562 36048 0 0 1 standing 
9 468 395 526 562 36049 0 0 0 standing 
9 470 395 524 564 36050 0 0 1 standing 
9 473 396 523 566 36051 0 0 1 standing 
9 476 397 522 569 36052 0 0 0 standing 
9 475 401 523 570 36053 0 0 1 standing 
9 474 405 524 572 36054 0 0 1 standing 
9 474 409 526 574 36055 0 0 0 standing 
9 475 410 529 577 36056 0 0 1 standing 
9 476 411 532 580 36057 0 0 1 standing 
9 478 413 535 583 36058 0 0 1 standing 
9 479 414 538 586 36059 0 0 1 standing 
10 269 419 338 579 36040 0 0 0 standing 
10 272 421 339 579 36041 0 0 1 standing 
10 275 424 340 580 36042 0 0 1 standing 
10 278 427 342 581 36043 0 0 0 standing 
10 278 424 342 578 36044 0 0 1 standing 
10 278 421 342 576 36045 0 0 1 standing 
10 278 419 342 574 36046 0 0 0 standing 
10 275 418 344 573 36047 0 0 1 standing 
10 273 418 346 572 36048 0 0 1 standing 
10 271 418 349 571 36049 0 0 0 standing 
10 269 419 347 572 36050 0 0 1 standing 
10 268 420 346 573 36051 0 0 1 standing 
10 267 421 345 574 36052 0 0 0 standing 
10 258 421 344 574 36053 0 0 1 standing 
10 250 421 343 574 36054 0 0 1 standing 
10 242 422 343 575 36055 0 0 0 standing 
10 241 421 339 577 36056 0 0 1 standing 
10 240 420 336 579 36057 0 0 1 standing 
10 239 420 332 581 36058 0 0 1 standing 
10 238 419 329 583 36059 0 0 1 standing 
11 285 363 350 490 36040 0 0 0 standing 
11 283 365 348 490 36041 0 0 1 standing 
11 282 368 347 490 36042 0 0 1 standing 
11 281 371 346 490 36043 0 0 0 standing 
11 274 372 345 490 36044 0 0 1 standing 
11 268 373 345 491 36045 0 0 1 standing 
11 262 374 345 492 36046 0 0 0 standing 
11 255 373 340 491 36047 0 0 1 standing 
11 248 372 336 490 36048 0 0 1 standing 
11 241 371 332 490 36049 0 0 0 standing 
11 236 369 317 493 36050 0 0 1 standing 
11 232 368 303 496 36051 0 0 1 standing 
11 228 367 289 499 36052 0 0 0 standing 
11 224 368 287 503 36053 0 0 1 standing 
11 221 369 285 508 36054 0 0 1 standing 
11 218 370 284 513 36055 0 0 0 standing 
11 208 371 275 515 36056 0 0 1 standing 
11 198 372 266 518 36057 0 0 1 standing 
11 189 374 257 520 36058 0 0 1 standing 
11 179 375 248 523 36059 0 0 1 standing 
