0 652 304 719 459 96055 0 1 0 spiking 
0 651 294 722 453 96056 0 1 1 spiking 
0 651 284 726 447 96057 0 1 1 spiking 
0 650 274 729 441 96058 0 1 1 spiking 
0 650 264 733 436 96059 0 1 0 spiking 
0 653 262 733 434 96060 0 1 1 spiking 
0 657 261 733 433 96061 0 1 1 spiking 
0 661 260 733 432 96062 0 1 1 spiking 
0 665 259 733 431 96063 0 1 0 spiking 
0 669 261 738 430 96064 0 1 1 spiking 
0 674 264 743 429 96065 0 1 1 spiking 
0 679 267 748 428 96066 0 1 0 spiking 
0 687 278 755 434 96067 0 1 1 spiking 
0 695 290 762 440 96068 0 1 1 spiking 
0 703 302 770 446 96069 0 1 1 spiking 
0 711 313 777 452 96070 0 1 1 spiking 
0 719 325 784 458 96071 0 1 1 spiking 
0 727 337 792 464 96072 0 1 0 spiking 
0 733 338 793 464 96073 0 1 1 spiking 
0 739 339 795 465 96074 0 1 1 spiking 
1 547 326 589 480 96055 0 1 0 spiking 
1 551 320 595 474 96056 0 1 1 blocking 
1 555 315 601 469 96057 0 1 1 blocking 
1 560 310 608 463 96058 0 1 1 blocking 
1 564 305 614 458 96059 0 1 1 blocking 
1 569 300 620 453 96060 0 1 1 blocking 
1 573 295 627 447 96061 0 1 1 blocking 
1 578 290 633 442 96062 0 1 1 blocking 
1 582 285 639 437 96063 0 1 1 blocking 
1 587 280 646 431 96064 0 1 1 blocking 
1 591 275 652 426 96065 0 1 1 blocking 
1 596 270 659 421 96066 0 1 0 blocking 
1 604 276 666 421 96067 0 1 1 blocking 
1 612 282 673 421 96068 0 1 1 blocking 
1 620 289 681 422 96069 0 1 1 blocking 
1 628 295 688 422 96070 0 1 1 blocking 
1 636 302 695 423 96071 0 1 1 blocking 
1 644 308 703 423 96072 0 1 1 blocking 
1 652 315 710 424 96073 0 1 1 blocking 
1 660 321 717 424 96074 0 1 1 blocking 
2 543 367 598 512 96055 0 1 0 blocking 
2 548 359 602 506 96056 0 1 1 blocking 
2 553 351 607 501 96057 0 1 1 blocking 
2 558 344 612 496 96058 0 1 1 blocking 
2 563 336 617 491 96059 0 1 1 blocking 
2 568 328 621 485 96060 0 1 1 blocking 
2 573 321 626 480 96061 0 1 1 blocking 
2 578 313 631 475 96062 0 1 1 blocking 
2 583 306 636 470 96063 0 1 0 blocking 
2 591 307 644 470 96064 0 1 1 blocking 
2 600 308 653 471 96065 0 1 1 blocking 
2 609 309 662 471 96066 0 1 1 blocking 
2 617 310 670 472 96067 0 1 1 blocking 
2 626 311 679 472 96068 0 1 1 blocking 
2 635 312 688 473 96069 0 1 1 blocking 
2 644 314 697 474 96070 0 1 0 blocking 
2 648 320 702 474 96071 0 1 1 blocking 
2 652 326 707 474 96072 0 1 1 blocking 
2 656 332 713 474 96073 0 1 1 blocking 
2 660 338 718 475 96074 0 1 1 blocking 
3 615 402 665 520 96055 0 0 0 blocking 
3 619 402 668 520 96056 0 0 1 standing 
3 623 402 672 521 96057 0 0 1 standing 
3 628 403 676 522 96058 0 0 0 standing 
3 632 403 685 523 96059 0 0 1 standing 
3 636 403 694 525 96060 0 0 1 standing 
3 640 404 703 527 96061 0 0 0 standing 
3 644 405 710 527 96062 0 0 1 standing 
3 648 406 717 528 96063 0 0 1 standing 
3 653 407 724 529 96064 0 0 0 standing 
3 664 407 733 528 96065 0 0 1 standing 
3 675 407 743 528 96066 0 0 1 standing 
3 687 408 753 528 96067 0 0 0 standing 
3 706 408 764 528 96068 0 0 1 standing 
3 726 409 775 528 96069 0 0 1 standing 
3 746 410 786 529 96070 0 0 0 standing 
3 757 409 800 529 96071 0 0 1 standing 
3 768 408 814 530 96072 0 0 1 standing 
3 779 408 829 530 96073 0 0 1 standing 
3 790 407 843 531 96074 0 0 1 standing 
4 789 428 854 549 96055 0 0 0 standing 
4 786 428 853 551 96056 0 0 1 standing 
4 783 429 852 553 96057 0 0 1 standing 
4 781 430 851 555 96058 0 0 0 standing 
4 780 432 849 553 96059 0 0 1 standing 
4 779 434 848 551 96060 0 0 1 standing 
4 778 437 847 550 96061 0 0 0 standing 
4 779 437 848 550 96062 0 0 1 standing 
4 780 437 849 551 96063 0 0 1 standing 
4 781 438 850 552 96064 0 0 0 standing 
4 790 437 855 554 96065 0 0 1 standing 
4 800 436 860 557 96066 0 0 1 standing 
4 810 436 865 560 96067 0 0 0 standing 
4 818 436 876 562 96068 0 0 1 standing 
4 826 436 887 564 96069 0 0 1 standing 
4 835 436 898 567 96070 0 0 0 standing 
4 843 439 908 570 96071 0 0 1 standing 
4 852 443 918 574 96072 0 0 1 standing 
4 861 446 929 578 96073 0 0 1 standing 
4 870 450 939 582 96074 0 0 1 standing 
5 814 349 878 450 96055 0 0 0 standing 
5 814 347 873 448 96056 0 0 1 standing 
5 814 345 869 446 96057 0 0 1 standing 
5 814 344 865 445 96058 0 0 0 standing 
5 812 341 864 446 96059 0 0 1 standing 
5 811 339 864 448 96060 0 0 1 standing 
5 810 337 864 450 96061 0 0 0 standing 
5 813 335 867 454 96062 0 0 1 standing 
5 816 333 870 458 96063 0 0 1 standing 
5 820 332 873 462 96064 0 0 0 standing 
5 826 329 879 461 96065 0 0 1 standing 
5 832 327 885 460 96066 0 0 1 standing 
5 838 325 891 460 96067 0 0 0 standing 
5 847 326 901 461 96068 0 0 1 standing 
5 857 327 911 462 96069 0 0 1 standing 
5 867 328 921 464 96070 0 0 0 standing 
5 873 332 926 465 96071 0 0 1 standing 
5 879 336 932 466 96072 0 0 1 standing 
5 885 340 938 467 96073 0 0 1 standing 
5 891 344 944 468 96074 0 0 1 standing 
6 856 379 915 496 96055 0 0 0 standing 
6 860 380 917 495 96056 0 0 1 standing 
6 864 381 919 495 96057 0 0 1 standing 
6 869 382 922 495 96058 0 0 0 standing 
6 873 382 920 495 96059 0 0 1 standing 
6 877 382 918 495 96060 0 0 1 standing 
6 881 382 916 495 96061 0 0 0 standing 
6 882 382 917 498 96062 0 0 1 standing 
6 884 382 918 502 96063 0 0 1 standing 
6 886 382 920 506 96064 0 0 0 standing 
6 892 385 928 508 96065 0 0 1 standing 
6 898 388 936 510 96066 0 0 1 standing 
6 904 392 944 513 96067 0 0 0 standing 
6 914 394 955 513 96068 0 0 1 standing 
6 924 396 967 514 96069 0 0 1 standing 
6 934 398 979 515 96070 0 0 0 standing 
6 941 398 987 514 96071 0 0 1 standing 
6 949 398 995 514 96072 0 0 1 standing 
6 956 398 1003 513 96073 0 0 1 standing 
6 964 398 1011 513 96074 0 0 1 standing 
7 527 463 580 592 96055 0 0 0 standing 
7 530 465 586 593 96056 0 0 1 standing 
7 533 467 592 594 96057 0 0 1 standing 
7 536 470 599 595 96058 0 0 0 standing 
7 532 468 604 595 96059 0 0 1 standing 
7 528 467 609 595 96060 0 0 1 standing 
7 524 466 615 595 96061 0 0 0 standing 
7 529 463 619 593 96062 0 0 1 standing 
7 534 460 623 592 96063 0 0 1 standing 
7 539 458 628 591 96064 0 0 0 standing 
7 541 457 624 587 96065 0 0 1 standing 
7 544 456 620 584 96066 0 0 1 standing 
7 547 455 617 581 96067 0 0 0 standing 
7 549 456 626 582 96068 0 0 1 standing 
7 552 458 635 583 96069 0 0 1 standing 
7 555 460 645 584 96070 0 0 0 standing 
7 563 461 652 583 96071 0 0 1 standing 
7 571 462 660 583 96072 0 0 1 standing 
7 579 464 667 582 96073 0 0 1 standing 
7 587 465 675 582 96074 0 0 1 standing 
8 233 481 307 612 96055 0 0 0 standing 
8 237 480 312 609 96056 0 0 1 waiting 
8 241 479 317 606 96057 0 0 1 waiting 
8 246 478 322 603 96058 0 0 0 waiting 
8 253 478 326 602 96059 0 0 1 waiting 
8 261 478 330 601 96060 0 0 1 waiting 
8 269 478 334 601 96061 0 0 0 waiting 
8 275 478 340 602 96062 0 0 1 waiting 
8 281 478 346 603 96063 0 0 1 waiting 
8 287 479 352 604 96064 0 0 0 waiting 
8 295 478 360 603 96065 0 0 1 waiting 
8 303 477 368 603 96066 0 0 1 waiting 
8 312 477 377 603 96067 0 0 0 waiting 
8 324 473 388 601 96068 0 0 1 waiting 
8 336 469 400 599 96069 0 0 1 waiting 
8 348 465 412 597 96070 0 0 0 waiting 
8 356 464 422 594 96071 0 0 1 waiting 
8 364 464 432 592 96072 0 0 1 waiting 
8 372 463 442 590 96073 0 0 1 waiting 
8 380 463 452 588 96074 0 0 1 waiting 
9 228 397 294 495 96055 0 0 0 waiting 
9 233 395 301 494 96056 0 0 1 standing 
9 239 393 308 493 96057 0 0 1 standing 
9 245 391 316 492 96058 0 0 0 standing 
9 253 388 324 491 96059 0 0 1 standing 
9 261 385 332 490 96060 0 0 1 standing 
9 269 383 340 490 96061 0 0 0 standing 
9 282 381 349 486 96062 0 0 1 standing 
9 296 380 358 482 96063 0 0 1 standing 
9 310 379 367 478 96064 0 0 0 standing 
9 322 382 379 481 96065 0 0 1 standing 
9 334 385 391 485 96066 0 0 1 standing 
9 346 388 404 489 96067 0 0 0 standing 
9 357 388 422 489 96068 0 0 1 standing 
9 369 388 440 489 96069 0 0 1 standing 
9 381 389 458 490 96070 0 0 0 standing 
9 397 392 470 488 96071 0 0 1 standing 
9 413 395 483 486 96072 0 0 1 standing 
9 430 399 495 484 96073 0 0 1 standing 
9 446 402 508 482 96074 0 0 1 standing 
10 128 442 201 562 96055 0 0 0 standing 
10 131 441 204 561 96056 0 0 1 waiting 
10 135 440 208 560 96057 0 0 1 waiting 
10 139 440 212 560 96058 0 0 0 waiting 
10 142 439 213 559 96059 0 0 1 waiting 
10 145 439 214 558 96060 0 0 1 waiting 
10 149 439 215 558 96061 0 0 0 waiting 
10 152 439 218 558 96062 0 0 1 waiting 
10 156 439 221 559 96063 0 0 1 waiting 
10 160 439 225 560 96064 0 0 0 waiting 
10 168 440 233 560 96065 0 0 1 waiting 
10 176 441 241 560 96066 0 0 1 waiting 
10 185 442 250 560 96067 0 0 0 waiting 
10 195 442 258 560 96068 0 0 1 waiting 
10 205 442 266 560 96069 0 0 1 waiting 
10 216 442 275 560 96070 0 0 0 waiting 
10 225 441 283 559 96071 0 0 1 waiting 
10 234 441 292 558 96072 0 0 1 waiting 
10 243 440 301 557 96073 0 0 1 waiting 
10 252 440 310 556 96074 0 0 1 waiting 
11 751 530 840 666 96055 0 0 0 waiting 
11 745 527 833 665 96056 0 0 1 standing 
11 739 524 826 664 96057 0 0 1 standing 
11 733 521 820 664 96058 0 0 0 standing 
11 733 517 815 662 96059 0 0 1 standing 
11 733 514 810 660 96060 0 0 1 standing 
11 733 511 806 658 96061 0 0 0 standing 
11 735 507 807 655 96062 0 0 1 standing 
11 737 503 809 652 96063 0 0 1 standing 
11 740 499 811 649 96064 0 0 0 standing 
11 748 496 815 648 96065 0 0 1 standing 
11 757 493 820 647 96066 0 0 1 standing 
11 766 491 825 646 96067 0 0 0 standing 
11 775 492 834 647 96068 0 0 1 standing 
11 784 493 844 648 96069 0 0 1 standing 
11 793 494 854 649 96070 0 0 0 standing 
11 799 494 860 647 96071 0 0 1 standing 
11 805 494 867 646 96072 0 0 1 standing 
11 811 494 873 645 96073 0 0 1 standing 
11 817 494 880 644 96074 0 0 1 standing 
