0 227 372 271 506 46130 0 0 0 standing 
0 228 371 274 505 46131 0 0 1 standing 
0 230 370 278 505 46132 0 0 1 standing 
0 231 369 282 504 46133 0 0 1 standing 
0 233 369 285 504 46134 0 0 1 standing 
0 234 368 289 504 46135 0 0 1 standing 
0 236 367 293 503 46136 0 0 1 standing 
0 237 367 296 503 46137 0 0 1 standing 
0 239 366 300 502 46138 0 0 1 standing 
0 240 365 304 502 46139 0 0 1 standing 
0 242 365 308 502 46140 0 0 0 standing 
0 247 364 313 501 46141 0 0 1 standing 
0 252 363 318 500 46142 0 0 1 standing 
0 258 362 324 499 46143 0 0 1 standing 
0 263 361 329 498 46144 0 0 1 standing 
0 269 360 335 497 46145 0 0 1 standing 
0 274 359 340 496 46146 0 0 1 standing 
0 279 358 345 495 46147 0 0 1 standing 
0 285 357 351 494 46148 0 0 1 standing 
0 290 356 356 493 46149 0 0 1 standing 
1 394 397 444 545 46130 0 0 0 standing 
1 394 395 444 543 46131 0 0 1 standing 
1 395 393 445 541 46132 0 0 1 standing 
1 396 391 446 539 46133 0 0 1 standing 
1 396 390 447 538 46134 0 0 1 standing 
1 397 388 448 536 46135 0 0 1 standing 
1 398 386 449 534 46136 0 0 1 standing 
1 398 385 450 533 46137 0 0 1 standing 
1 399 383 451 531 46138 0 0 1 standing 
1 400 381 452 529 46139 0 0 1 standing 
1 401 380 453 528 46140 0 0 0 standing 
1 401 379 453 527 46141 0 0 1 standing 
1 401 378 453 526 46142 0 0 1 standing 
1 401 377 453 525 46143 0 0 1 standing 
1 401 376 453 524 46144 0 0 1 standing 
1 402 375 454 524 46145 0 0 1 standing 
1 402 374 454 523 46146 0 0 1 standing 
1 402 373 454 522 46147 0 0 1 standing 
1 402 372 454 521 46148 0 0 1 standing 
1 402 371 454 520 46149 0 0 1 standing 
2 493 327 532 462 46130 0 0 0 standing 
2 495 326 534 461 46131 0 0 1 standing 
2 497 326 536 461 46132 0 0 1 standing 
2 500 325 539 461 46133 0 0 1 standing 
2 502 325 541 461 46134 0 0 1 standing 
2 505 325 544 461 46135 0 0 1 standing 
2 507 324 546 460 46136 0 0 1 standing 
2 509 324 548 460 46137 0 0 1 standing 
2 512 323 551 460 46138 0 0 1 standing 
2 514 323 553 460 46139 0 0 1 standing 
2 517 323 556 460 46140 0 0 0 standing 
2 517 323 556 460 46141 0 0 1 standing 
2 518 323 557 460 46142 0 0 1 standing 
2 518 323 557 460 46143 0 0 1 standing 
2 519 323 558 460 46144 0 0 1 standing 
2 520 323 559 460 46145 0 0 1 standing 
2 520 323 559 460 46146 0 0 1 standing 
2 521 323 560 460 46147 0 0 1 standing 
2 521 323 560 460 46148 0 0 1 standing 
2 522 323 561 460 46149 0 0 1 standing 
3 630 348 676 475 46130 0 1 0 standing 
3 635 346 681 474 46131 0 1 1 standing 
3 641 345 687 473 46132 0 1 1 standing 
3 646 344 692 472 46133 0 1 1 standing 
3 652 343 698 471 46134 0 1 1 standing 
3 657 342 703 470 46135 0 1 1 standing 
3 663 341 709 469 46136 0 1 1 standing 
3 668 340 714 468 46137 0 1 1 standing 
3 674 339 720 467 46138 0 1 1 standing 
3 679 338 725 466 46139 0 1 1 standing 
3 685 337 731 465 46140 0 1 0 standing 
3 690 338 736 468 46141 0 1 1 standing 
3 696 340 742 471 46142 0 1 1 standing 
3 702 341 748 474 46143 0 1 1 standing 
3 708 343 754 477 46144 0 1 1 standing 
3 714 345 760 481 46145 0 1 1 standing 
3 720 346 766 484 46146 0 1 1 standing 
3 726 348 772 487 46147 0 1 1 standing 
3 732 349 778 490 46148 0 1 1 standing 
3 738 351 784 493 46149 0 1 1 standing 
4 865 428 918 546 46130 0 1 0 standing 
4 862 427 915 545 46131 0 1 1 moving 
4 860 426 913 544 46132 0 1 1 moving 
4 858 426 911 544 46133 0 1 1 moving 
4 856 425 909 543 46134 0 1 1 moving 
4 854 425 907 543 46135 0 1 1 moving 
4 852 424 905 542 46136 0 1 1 moving 
4 850 423 903 541 46137 0 1 1 moving 
4 848 423 901 541 46138 0 1 1 moving 
4 846 422 899 540 46139 0 1 1 moving 
4 844 422 897 540 46140 0 1 0 moving 
4 844 419 897 538 46141 0 1 1 moving 
4 845 417 898 536 46142 0 1 1 moving 
4 846 415 899 534 46143 0 1 1 moving 
4 846 413 899 532 46144 0 1 1 moving 
4 847 411 900 530 46145 0 1 1 moving 
4 848 409 901 528 46146 0 1 1 moving 
4 848 407 901 526 46147 0 1 1 moving 
4 849 405 902 524 46148 0 1 1 moving 
4 850 403 903 522 46149 0 1 1 moving 
5 733 372 799 551 46130 0 1 0 moving 
5 734 371 800 550 46131 0 1 1 standing 
5 736 371 802 550 46132 0 1 1 standing 
5 738 371 804 550 46133 0 1 1 standing 
5 740 370 806 550 46134 0 1 1 standing 
5 742 370 808 550 46135 0 1 1 standing 
5 744 370 810 549 46136 0 1 1 standing 
5 746 369 812 549 46137 0 1 1 standing 
5 748 369 814 549 46138 0 1 1 standing 
5 750 369 816 549 46139 0 1 1 standing 
5 752 369 818 549 46140 0 1 0 standing 
5 755 368 821 548 46141 0 1 1 standing 
5 758 368 824 548 46142 0 1 1 standing 
5 761 368 827 548 46143 0 1 1 standing 
5 764 367 830 547 46144 0 1 1 standing 
5 767 367 833 547 46145 0 1 1 standing 
5 770 367 836 547 46146 0 1 1 standing 
5 773 366 839 546 46147 0 1 1 standing 
5 776 366 842 546 46148 0 1 1 standing 
5 779 366 845 546 46149 0 1 1 standing 
6 928 335 971 446 46130 0 1 0 standing 
6 927 335 970 446 46131 0 1 1 standing 
6 927 335 970 446 46132 0 1 1 standing 
6 926 336 969 447 46133 0 1 1 standing 
6 926 336 969 447 46134 0 1 1 standing 
6 925 337 968 448 46135 0 1 1 standing 
6 925 337 968 448 46136 0 1 1 standing 
6 924 338 967 449 46137 0 1 1 standing 
6 924 338 967 449 46138 0 1 1 standing 
6 923 339 966 450 46139 0 1 1 standing 
6 923 339 966 450 46140 0 1 1 standing 
6 923 339 966 450 46141 0 1 1 standing 
6 922 340 965 451 46142 0 1 1 standing 
6 922 340 965 451 46143 0 1 1 standing 
6 921 341 964 452 46144 0 1 1 standing 
6 921 341 964 452 46145 0 1 1 standing 
6 920 342 963 453 46146 0 1 1 standing 
6 920 342 963 453 46147 0 1 1 standing 
6 919 343 962 454 46148 0 1 1 standing 
6 919 343 962 454 46149 0 1 1 standing 
7 234 332 281 480 46130 0 0 0 standing 
7 235 332 282 480 46131 0 0 1 standing 
7 236 332 283 480 46132 0 0 1 standing 
7 237 332 284 480 46133 0 0 1 standing 
7 239 332 286 480 46134 0 0 1 standing 
7 240 332 287 480 46135 0 0 1 standing 
7 241 332 288 480 46136 0 0 1 standing 
7 243 332 290 480 46137 0 0 1 standing 
7 244 332 291 480 46138 0 0 1 standing 
7 245 332 292 480 46139 0 0 1 standing 
7 247 332 294 481 46140 0 0 0 standing 
7 247 332 294 481 46141 0 0 1 standing 
7 247 332 294 481 46142 0 0 1 standing 
7 247 332 294 481 46143 0 0 1 standing 
7 247 332 294 481 46144 0 0 1 standing 
7 247 332 294 481 46145 0 0 1 standing 
7 247 332 294 481 46146 0 0 1 standing 
7 247 332 294 481 46147 0 0 1 standing 
7 247 332 294 481 46148 0 0 1 standing 
7 247 332 294 481 46149 0 0 1 standing 
8 347 403 409 482 46130 0 0 0 standing 
8 348 403 410 482 46131 0 0 1 falling 
8 349 404 411 483 46132 0 0 1 falling 
8 350 404 413 483 46133 0 0 1 falling 
8 352 405 414 484 46134 0 0 1 falling 
8 353 406 416 485 46135 0 0 1 falling 
8 354 406 417 485 46136 0 0 1 falling 
8 356 407 418 486 46137 0 0 1 falling 
8 357 407 420 486 46138 0 0 1 falling 
8 358 408 421 487 46139 0 0 1 falling 
8 360 409 423 488 46140 0 0 0 falling 
8 360 409 423 488 46141 0 0 1 falling 
8 360 409 423 488 46142 0 0 1 falling 
8 360 409 423 488 46143 0 0 1 falling 
8 360 409 423 488 46144 0 0 1 falling 
8 360 409 423 488 46145 0 0 1 falling 
8 360 409 423 488 46146 0 0 1 falling 
8 360 409 423 488 46147 0 0 1 falling 
8 360 409 423 488 46148 0 0 1 falling 
8 360 409 423 488 46149 0 0 1 falling 
9 449 343 491 487 46130 0 0 0 falling 
9 451 341 493 485 46131 0 0 1 standing 
9 453 340 495 484 46132 0 0 1 standing 
9 455 339 497 483 46133 0 0 1 standing 
9 457 338 499 482 46134 0 0 1 standing 
9 460 337 501 481 46135 0 0 1 standing 
9 462 336 503 480 46136 0 0 1 standing 
9 464 335 505 479 46137 0 0 1 standing 
9 466 334 507 478 46138 0 0 1 standing 
9 468 333 509 477 46139 0 0 1 standing 
9 471 332 512 476 46140 0 0 0 standing 
9 472 332 513 476 46141 0 0 1 standing 
9 473 332 514 476 46142 0 0 1 standing 
9 475 332 516 476 46143 0 0 1 standing 
9 476 333 517 477 46144 0 0 1 standing 
9 478 333 519 477 46145 0 0 1 standing 
9 479 333 520 477 46146 0 0 1 standing 
9 480 334 521 478 46147 0 0 1 standing 
9 482 334 523 478 46148 0 0 1 standing 
9 483 334 524 478 46149 0 0 1 standing 
10 600 330 642 452 46130 0 1 0 standing 
10 607 330 649 452 46131 0 1 1 standing 
10 614 331 656 453 46132 0 1 1 standing 
10 621 332 663 454 46133 0 1 1 standing 
10 628 333 670 455 46134 0 1 1 standing 
10 636 334 678 456 46135 0 1 1 standing 
10 643 335 685 456 46136 0 1 1 standing 
10 650 336 692 457 46137 0 1 1 standing 
10 657 337 699 458 46138 0 1 1 standing 
10 664 338 706 459 46139 0 1 1 standing 
10 672 339 714 460 46140 0 1 0 standing 
10 680 338 722 459 46141 0 1 1 standing 
10 689 337 731 459 46142 0 1 1 standing 
10 698 336 739 458 46143 0 1 1 standing 
10 706 335 748 458 46144 0 1 1 standing 
10 715 334 757 457 46145 0 1 1 standing 
10 724 333 765 457 46146 0 1 1 standing 
10 732 332 774 456 46147 0 1 1 standing 
10 741 331 782 456 46148 0 1 1 standing 
10 750 330 791 455 46149 0 1 1 standing 
11 949 372 1030 501 46130 0 1 0 standing 
11 947 371 1028 501 46131 0 1 1 standing 
11 945 371 1026 501 46132 0 1 1 standing 
11 943 371 1024 501 46133 0 1 1 standing 
11 941 371 1022 501 46134 0 1 1 standing 
11 939 371 1020 501 46135 0 1 1 standing 
11 937 371 1018 501 46136 0 1 1 standing 
11 935 371 1016 501 46137 0 1 1 standing 
11 933 371 1014 501 46138 0 1 1 standing 
11 931 371 1012 501 46139 0 1 1 standing 
11 930 371 1011 502 46140 0 1 0 standing 
11 928 370 1009 501 46141 0 1 1 standing 
11 926 370 1007 501 46142 0 1 1 standing 
11 924 369 1005 500 46143 0 1 1 standing 
11 922 369 1003 500 46144 0 1 1 standing 
11 920 368 1002 499 46145 0 1 1 standing 
11 918 368 1000 499 46146 0 1 1 standing 
11 916 367 998 498 46147 0 1 1 standing 
11 914 367 996 498 46148 0 1 1 standing 
11 912 366 994 497 46149 0 1 1 standing 
