0 379 476 457 638 52005 0 0 0 moving 
0 383 475 458 638 52006 0 0 1 moving 
0 388 474 459 638 52007 0 0 1 moving 
0 393 474 461 638 52008 0 0 0 moving 
0 399 472 469 636 52009 0 0 1 moving 
0 405 470 477 634 52010 0 0 1 moving 
0 412 468 486 632 52011 0 0 0 moving 
0 410 465 483 629 52012 0 0 1 moving 
0 409 463 480 626 52013 0 0 1 moving 
0 408 461 477 623 52014 0 0 1 moving 
0 407 459 474 621 52015 0 0 0 moving 
0 403 457 469 619 52016 0 0 1 moving 
0 399 455 464 617 52017 0 0 1 moving 
0 395 453 460 615 52018 0 0 1 moving 
0 391 451 455 613 52019 0 0 1 moving 
0 388 449 451 612 52020 0 0 0 moving 
0 384 449 446 611 52021 0 0 1 moving 
0 381 449 442 611 52022 0 0 1 moving 
0 377 449 438 611 52023 0 0 1 moving 
0 374 449 434 611 52024 0 0 1 moving 
1 329 419 393 533 52005 0 0 0 moving 
1 330 419 397 533 52006 0 0 1 standing 
1 331 419 401 533 52007 0 0 1 standing 
1 333 419 406 533 52008 0 0 0 standing 
1 331 418 402 532 52009 0 0 1 standing 
1 330 418 398 532 52010 0 0 1 standing 
1 328 418 394 532 52011 0 0 1 standing 
1 327 418 390 531 52012 0 0 1 standing 
1 325 418 386 531 52013 0 0 1 standing 
1 324 418 383 531 52014 0 0 0 standing 
1 319 418 378 530 52015 0 0 1 standing 
1 315 418 374 530 52016 0 0 1 standing 
1 311 418 370 530 52017 0 0 0 standing 
1 304 417 363 530 52018 0 0 1 standing 
1 298 416 357 530 52019 0 0 1 standing 
1 292 415 351 530 52020 0 0 0 standing 
1 285 415 343 530 52021 0 0 1 standing 
1 279 416 335 530 52022 0 0 1 standing 
1 272 416 327 530 52023 0 0 1 standing 
1 266 417 319 530 52024 0 0 1 standing 
2 363 379 406 498 52005 0 0 0 standing 
2 363 377 409 495 52006 0 0 1 standing 
2 364 375 412 493 52007 0 0 1 standing 
2 365 373 415 491 52008 0 0 0 standing 
2 363 371 413 489 52009 0 0 1 standing 
2 361 369 411 487 52010 0 0 1 standing 
2 360 368 409 485 52011 0 0 0 standing 
2 359 366 407 483 52012 0 0 1 standing 
2 359 365 405 482 52013 0 0 1 standing 
2 358 363 403 480 52014 0 0 1 standing 
2 358 362 401 479 52015 0 0 0 standing 
2 353 364 396 480 52016 0 0 1 standing 
2 348 366 391 482 52017 0 0 1 standing 
2 343 369 386 484 52018 0 0 1 standing 
2 338 371 381 486 52019 0 0 1 standing 
2 334 374 377 488 52020 0 0 0 standing 
2 329 373 372 487 52021 0 0 1 standing 
2 325 372 368 487 52022 0 0 1 standing 
2 321 371 363 487 52023 0 0 1 standing 
2 317 370 359 487 52024 0 0 1 standing 
3 466 426 519 566 52005 0 0 0 standing 
3 461 425 514 563 52006 0 0 1 standing 
3 456 424 509 561 52007 0 0 1 standing 
3 451 424 504 559 52008 0 0 0 standing 
3 444 422 498 556 52009 0 0 1 standing 
3 437 421 492 553 52010 0 0 1 standing 
3 431 420 486 551 52011 0 0 0 standing 
3 423 419 479 548 52012 0 0 1 standing 
3 415 418 472 545 52013 0 0 1 standing 
3 407 417 465 542 52014 0 0 1 standing 
3 400 416 458 539 52015 0 0 0 standing 
3 391 415 448 539 52016 0 0 1 standing 
3 383 414 439 539 52017 0 0 1 standing 
3 374 413 429 539 52018 0 0 1 standing 
3 366 412 420 539 52019 0 0 1 standing 
3 358 412 411 540 52020 0 0 0 standing 
3 351 413 402 540 52021 0 0 1 standing 
3 344 414 394 540 52022 0 0 1 standing 
3 337 415 386 541 52023 0 0 1 standing 
3 330 416 378 541 52024 0 0 1 standing 
4 531 357 581 507 52005 0 0 0 standing 
4 529 360 578 508 52006 0 0 1 standing 
4 528 364 576 509 52007 0 0 1 standing 
4 527 368 573 510 52008 0 0 1 standing 
4 526 371 571 511 52009 0 0 1 standing 
4 525 375 568 512 52010 0 0 1 standing 
4 524 379 566 513 52011 0 0 0 standing 
4 518 378 561 512 52012 0 0 1 standing 
4 512 378 556 512 52013 0 0 1 standing 
4 507 378 551 512 52014 0 0 0 standing 
4 501 377 545 513 52015 0 0 1 standing 
4 496 377 539 514 52016 0 0 1 standing 
4 491 377 533 515 52017 0 0 1 standing 
4 486 376 527 516 52018 0 0 1 standing 
4 481 376 521 517 52019 0 0 1 standing 
4 476 376 515 519 52020 0 0 0 standing 
4 469 377 507 519 52021 0 0 1 standing 
4 463 379 500 520 52022 0 0 1 standing 
4 457 381 493 520 52023 0 0 1 standing 
4 451 383 486 521 52024 0 0 1 standing 
5 495 337 553 458 52005 0 1 0 standing 
5 492 330 549 451 52006 0 1 1 spiking 
5 489 324 546 445 52007 0 1 1 spiking 
5 486 318 543 438 52008 0 1 1 spiking 
5 483 311 539 432 52009 0 1 1 spiking 
5 480 305 536 425 52010 0 1 1 spiking 
5 478 299 533 419 52011 0 1 0 spiking 
5 478 299 532 419 52012 0 1 1 spiking 
5 478 300 532 420 52013 0 1 1 spiking 
5 478 300 531 420 52014 0 1 1 spiking 
5 478 301 531 421 52015 0 1 0 spiking 
5 472 305 524 425 52016 0 1 1 spiking 
5 467 309 518 430 52017 0 1 1 spiking 
5 462 313 512 434 52018 0 1 1 spiking 
5 456 317 506 439 52019 0 1 1 spiking 
5 451 322 500 444 52020 0 1 1 spiking 
5 446 326 494 448 52021 0 1 1 spiking 
5 440 330 488 453 52022 0 1 1 spiking 
5 435 334 482 457 52023 0 1 1 spiking 
5 430 338 476 462 52024 0 1 1 spiking 
6 612 374 660 492 52005 0 1 0 spiking 
6 607 366 654 486 52006 0 1 1 blocking 
6 603 358 648 481 52007 0 1 1 blocking 
6 599 350 642 475 52008 0 1 1 blocking 
6 594 342 636 470 52009 0 1 1 blocking 
6 590 334 630 464 52010 0 1 1 blocking 
6 586 326 624 459 52011 0 1 1 blocking 
6 581 318 618 453 52012 0 1 1 blocking 
6 577 310 612 448 52013 0 1 1 blocking 
6 573 302 606 442 52014 0 1 1 blocking 
6 569 295 600 437 52015 0 1 0 blocking 
6 562 298 593 440 52016 0 1 1 blocking 
6 556 301 587 444 52017 0 1 1 blocking 
6 550 305 580 447 52018 0 1 1 blocking 
6 543 308 574 451 52019 0 1 1 blocking 
6 537 312 567 454 52020 0 1 1 blocking 
6 531 315 561 458 52021 0 1 1 blocking 
6 524 318 554 461 52022 0 1 1 blocking 
6 518 322 548 465 52023 0 1 1 blocking 
6 512 325 541 468 52024 0 1 1 blocking 
7 618 381 670 485 52005 0 1 0 blocking 
7 612 372 663 481 52006 0 1 1 blocking 
7 607 363 657 478 52007 0 1 1 blocking 
7 602 354 651 475 52008 0 1 1 blocking 
7 597 345 645 472 52009 0 1 1 blocking 
7 592 336 639 469 52010 0 1 1 blocking 
7 587 327 632 466 52011 0 1 1 blocking 
7 582 318 626 463 52012 0 1 1 blocking 
7 577 309 620 460 52013 0 1 1 blocking 
7 572 300 614 457 52014 0 1 1 blocking 
7 567 292 608 454 52015 0 1 0 blocking 
7 561 297 602 455 52016 0 1 1 blocking 
7 555 302 596 456 52017 0 1 1 blocking 
7 550 307 590 457 52018 0 1 1 blocking 
7 544 312 585 458 52019 0 1 1 blocking 
7 539 318 579 459 52020 0 1 1 blocking 
7 533 323 573 460 52021 0 1 1 blocking 
7 527 328 568 461 52022 0 1 1 blocking 
7 522 333 562 462 52023 0 1 1 blocking 
7 516 338 556 463 52024 0 1 1 blocking 
8 665 479 724 606 52005 0 0 0 blocking 
8 661 477 730 606 52006 0 0 1 standing 
8 657 475 736 607 52007 0 0 1 standing 
8 653 474 742 608 52008 0 0 0 standing 
8 654 473 748 606 52009 0 0 1 standing 
8 655 472 754 604 52010 0 0 1 standing 
8 657 471 761 603 52011 0 0 0 standing 
8 669 470 761 601 52012 0 0 1 standing 
8 682 470 761 599 52013 0 0 1 standing 
8 695 470 762 598 52014 0 0 0 standing 
8 698 469 766 596 52015 0 0 1 standing 
8 702 469 770 594 52016 0 0 1 standing 
8 706 469 775 593 52017 0 0 0 standing 
8 706 473 785 595 52018 0 0 1 standing 
8 706 477 795 597 52019 0 0 1 standing 
8 707 481 806 600 52020 0 0 0 standing 
8 702 482 800 599 52021 0 0 1 standing 
8 697 483 794 599 52022 0 0 1 standing 
8 693 485 788 599 52023 0 0 0 standing 
8 693 484 787 599 52024 0 0 1 standing 
9 901 379 966 482 52005 0 0 0 standing 
9 899 378 967 481 52006 0 0 1 standing 
9 898 378 969 480 52007 0 0 1 standing 
9 897 378 971 480 52008 0 0 0 standing 
9 896 377 968 479 52009 0 0 1 standing 
9 896 377 966 478 52010 0 0 1 standing 
9 896 377 964 477 52011 0 0 1 standing 
9 895 376 962 476 52012 0 0 1 standing 
9 895 376 960 476 52013 0 0 1 standing 
9 895 376 958 475 52014 0 0 1 standing 
9 894 375 956 474 52015 0 0 1 standing 
9 894 375 954 473 52016 0 0 1 standing 
9 894 375 952 473 52017 0 0 0 standing 
9 893 377 950 475 52018 0 0 1 standing 
9 892 379 949 477 52019 0 0 1 standing 
9 891 382 948 480 52020 0 0 0 standing 
9 887 380 942 479 52021 0 0 1 standing 
9 883 379 936 478 52022 0 0 1 standing 
9 880 377 930 477 52023 0 0 1 standing 
9 876 376 924 476 52024 0 0 1 standing 
10 994 462 1052 576 52005 0 0 0 standing 
10 994 460 1054 574 52006 0 0 1 digging 
10 994 459 1056 572 52007 0 0 1 digging 
10 994 458 1058 570 52008 0 0 0 digging 
10 989 459 1055 568 52009 0 0 1 digging 
10 985 460 1052 567 52010 0 0 1 digging 
10 981 462 1049 566 52011 0 0 0 digging 
10 976 461 1042 566 52012 0 0 1 digging 
10 971 460 1035 566 52013 0 0 1 digging 
10 966 459 1028 567 52014 0 0 0 digging 
10 959 458 1023 564 52015 0 0 1 digging 
10 952 457 1018 561 52016 0 0 1 digging 
10 946 456 1014 558 52017 0 0 0 digging 
10 944 456 1010 560 52018 0 0 1 digging 
10 942 456 1007 562 52019 0 0 1 digging 
10 941 457 1004 564 52020 0 0 0 digging 
10 934 457 998 563 52021 0 0 1 digging 
10 928 457 992 563 52022 0 0 1 digging 
10 922 457 986 562 52023 0 0 1 digging 
10 916 457 980 562 52024 0 0 1 digging 
11 1024 426 1090 530 52005 0 0 0 digging 
11 1024 425 1089 531 52006 0 0 1 standing 
11 1024 425 1088 532 52007 0 0 1 standing 
11 1024 425 1087 533 52008 0 0 0 standing 
11 1022 424 1088 533 52009 0 0 1 standing 
11 1021 424 1090 533 52010 0 0 1 standing 
11 1020 424 1092 533 52011 0 0 0 standing 
11 1017 421 1087 532 52012 0 0 1 standing 
11 1014 418 1082 531 52013 0 0 1 standing 
11 1011 416 1078 530 52014 0 0 0 standing 
11 1005 414 1071 527 52015 0 0 1 standing 
11 1000 412 1065 525 52016 0 0 1 standing 
11 995 410 1059 523 52017 0 0 0 standing 
11 992 411 1054 522 52018 0 0 1 standing 
11 989 412 1050 522 52019 0 0 1 standing 
11 987 413 1046 522 52020 0 0 0 standing 
11 983 411 1040 523 52021 0 0 1 standing 
11 979 409 1035 524 52022 0 0 1 standing 
11 975 408 1030 525 52023 0 0 0 standing 
11 973 407 1028 524 52024 0 0 1 standing 
