0 418 345 478 522 32125 0 1 0 setting 
0 415 339 475 512 32126 0 1 1 setting 
0 413 333 473 502 32127 0 1 1 setting 
0 411 327 470 492 32128 0 1 1 setting 
0 409 321 468 482 32129 0 1 0 setting 
0 407 321 466 484 32130 0 1 1 setting 
0 406 321 465 487 32131 0 1 1 setting 
0 404 321 464 490 32132 0 1 1 setting 
0 403 321 462 493 32133 0 1 1 setting 
0 401 321 461 496 32134 0 1 1 setting 
0 400 322 460 499 32135 0 1 0 setting 
0 393 333 455 505 32136 0 1 1 setting 
0 386 344 451 511 32137 0 1 1 setting 
0 379 355 446 517 32138 0 1 1 setting 
0 372 366 442 523 32139 0 1 1 setting 
0 365 377 437 530 32140 0 1 1 setting 
0 358 388 433 536 32141 0 1 1 setting 
0 351 399 428 542 32142 0 1 1 setting 
0 344 410 424 548 32143 0 1 1 setting 
0 337 421 419 554 32144 0 1 1 setting 
1 496 264 555 390 32125 0 1 0 setting 
1 494 264 553 390 32126 0 1 1 moving 
1 492 265 551 391 32127 0 1 1 moving 
1 490 265 549 391 32128 0 1 1 moving 
1 489 266 548 392 32129 0 1 1 moving 
1 487 267 546 393 32130 0 1 1 moving 
1 485 267 544 393 32131 0 1 1 moving 
1 484 268 543 394 32132 0 1 1 moving 
1 482 268 541 394 32133 0 1 1 moving 
1 480 269 539 395 32134 0 1 1 moving 
1 479 270 538 396 32135 0 1 0 moving 
1 476 272 535 398 32136 0 1 1 moving 
1 474 275 533 401 32137 0 1 1 moving 
1 471 277 530 403 32138 0 1 1 moving 
1 469 280 528 406 32139 0 1 1 moving 
1 467 282 526 408 32140 0 1 1 moving 
1 464 285 523 411 32141 0 1 1 moving 
1 462 287 521 413 32142 0 1 1 moving 
1 459 290 518 416 32143 0 1 1 moving 
1 457 292 516 418 32144 0 1 1 moving 
2 140 468 234 625 32125 0 1 0 moving 
2 142 470 236 627 32126 0 1 1 moving 
2 144 472 238 629 32127 0 1 1 moving 
2 146 474 240 631 32128 0 1 1 moving 
2 148 476 242 633 32129 0 1 1 moving 
2 151 479 245 635 32130 0 1 1 moving 
2 153 481 247 637 32131 0 1 1 moving 
2 155 483 249 639 32132 0 1 1 moving 
2 157 485 251 641 32133 0 1 1 moving 
2 159 487 253 643 32134 0 1 1 moving 
2 162 490 256 646 32135 0 1 0 moving 
2 167 488 260 645 32136 0 1 1 moving 
2 172 487 265 645 32137 0 1 1 moving 
2 177 485 270 645 32138 0 1 1 moving 
2 182 484 275 645 32139 0 1 1 moving 
2 187 483 280 645 32140 0 1 1 moving 
2 192 481 285 645 32141 0 1 1 moving 
2 197 480 290 645 32142 0 1 1 moving 
2 202 478 295 645 32143 0 1 1 moving 
2 207 477 300 645 32144 0 1 1 moving 
3 617 404 686 550 32125 0 0 0 moving 
3 614 404 683 550 32126 0 0 1 standing 
3 612 404 681 550 32127 0 0 1 standing 
3 610 404 679 550 32128 0 0 1 standing 
3 608 404 677 550 32129 0 0 1 standing 
3 606 404 675 550 32130 0 0 1 standing 
3 604 404 673 550 32131 0 0 1 standing 
3 602 404 671 550 32132 0 0 1 standing 
3 600 404 669 550 32133 0 0 1 standing 
3 598 404 667 550 32134 0 0 1 standing 
3 596 405 665 551 32135 0 0 0 standing 
3 590 405 659 550 32136 0 0 1 standing 
3 584 405 653 550 32137 0 0 1 standing 
3 578 405 647 549 32138 0 0 1 standing 
3 573 405 641 549 32139 0 0 1 standing 
3 567 406 636 549 32140 0 0 1 standing 
3 561 406 630 548 32141 0 0 1 standing 
3 556 406 624 548 32142 0 0 1 standing 
3 550 406 618 547 32143 0 0 1 standing 
3 544 406 612 547 32144 0 0 1 standing 
4 183 390 239 556 32125 0 0 0 standing 
4 182 389 238 555 32126 0 0 1 standing 
4 181 389 237 555 32127 0 0 1 standing 
4 181 388 237 554 32128 0 0 1 standing 
4 180 388 236 554 32129 0 0 1 standing 
4 180 388 236 554 32130 0 0 1 standing 
4 179 387 235 553 32131 0 0 1 standing 
4 178 387 234 553 32132 0 0 1 standing 
4 178 386 234 552 32133 0 0 1 standing 
4 177 386 233 552 32134 0 0 1 standing 
4 177 386 233 552 32135 0 0 0 standing 
4 174 386 230 552 32136 0 0 1 standing 
4 171 386 227 552 32137 0 0 1 standing 
4 168 386 224 552 32138 0 0 1 standing 
4 165 387 221 553 32139 0 0 1 standing 
4 162 387 218 553 32140 0 0 1 standing 
4 159 387 215 553 32141 0 0 1 standing 
4 156 388 212 554 32142 0 0 1 standing 
4 153 388 209 554 32143 0 0 1 standing 
4 150 388 206 554 32144 0 0 1 standing 
5 793 397 860 575 32125 0 0 0 standing 
5 793 398 859 575 32126 0 0 1 standing 
5 793 399 859 575 32127 0 0 1 standing 
5 793 400 859 576 32128 0 0 1 standing 
5 793 401 859 576 32129 0 0 1 standing 
5 793 402 859 577 32130 0 0 1 standing 
5 793 403 859 577 32131 0 0 1 standing 
5 793 404 859 577 32132 0 0 1 standing 
5 793 405 859 578 32133 0 0 1 standing 
5 793 406 859 578 32134 0 0 1 standing 
5 793 408 859 579 32135 0 0 0 standing 
5 788 410 854 579 32136 0 0 1 standing 
5 784 413 849 580 32137 0 0 1 standing 
5 779 415 844 580 32138 0 0 1 standing 
5 775 418 840 581 32139 0 0 1 standing 
5 770 420 835 581 32140 0 0 1 standing 
5 766 423 830 582 32141 0 0 1 standing 
5 761 425 826 582 32142 0 0 1 standing 
5 757 428 821 583 32143 0 0 1 standing 
5 752 430 816 583 32144 0 0 1 standing 
6 1120 426 1189 577 32125 0 0 0 standing 
6 1127 428 1196 579 32126 0 0 1 standing 
6 1134 430 1203 581 32127 0 0 1 standing 
6 1141 432 1210 583 32128 0 0 1 standing 
6 1148 434 1217 585 32129 0 0 1 standing 
6 1155 436 1224 587 32130 0 0 1 standing 
6 1162 438 1231 589 32131 0 0 1 standing 
6 1169 440 1238 591 32132 0 0 1 standing 
6 1176 442 1245 593 32133 0 0 1 standing 
6 1183 444 1252 595 32134 0 0 1 standing 
6 1191 446 1260 597 32135 0 0 0 standing 
6 1191 447 1260 598 32136 0 0 1 standing 
6 1192 448 1261 599 32137 0 0 1 standing 
6 1193 450 1262 601 32138 0 0 1 standing 
6 1193 451 1262 602 32139 0 0 1 standing 
6 1194 453 1263 604 32140 0 0 1 standing 
6 1195 454 1264 605 32141 0 0 1 standing 
6 1195 455 1264 606 32142 0 0 1 standing 
6 1196 457 1265 608 32143 0 0 1 standing 
6 1197 458 1266 609 32144 0 0 1 standing 
7 1107 330 1163 478 32125 0 0 0 standing 
7 1105 330 1162 477 32126 0 0 1 standing 
7 1103 331 1161 477 32127 0 0 1 standing 
7 1102 331 1161 477 32128 0 0 1 standing 
7 1100 332 1160 477 32129 0 0 1 standing 
7 1099 332 1160 477 32130 0 0 1 standing 
7 1097 333 1159 477 32131 0 0 1 standing 
7 1095 333 1158 477 32132 0 0 1 standing 
7 1094 334 1158 477 32133 0 0 1 standing 
7 1092 334 1157 477 32134 0 0 1 standing 
7 1091 335 1157 477 32135 0 0 0 standing 
7 1085 335 1152 477 32136 0 0 1 standing 
7 1079 336 1147 477 32137 0 0 1 standing 
7 1074 337 1142 477 32138 0 0 1 standing 
7 1068 338 1137 477 32139 0 0 1 standing 
7 1063 339 1132 477 32140 0 0 1 standing 
7 1057 339 1127 477 32141 0 0 1 standing 
7 1051 340 1122 477 32142 0 0 1 standing 
7 1046 341 1117 477 32143 0 0 1 standing 
7 1040 342 1112 477 32144 0 0 1 standing 
8 791 326 843 465 32125 0 0 0 standing 
8 789 327 841 466 32126 0 0 1 standing 
8 788 328 840 467 32127 0 0 1 standing 
8 786 329 838 468 32128 0 0 1 standing 
8 785 330 837 469 32129 0 0 1 standing 
8 784 331 836 470 32130 0 0 1 standing 
8 782 332 834 471 32131 0 0 1 standing 
8 781 333 833 472 32132 0 0 1 standing 
8 779 334 831 473 32133 0 0 1 standing 
8 778 335 830 474 32134 0 0 1 standing 
8 777 337 829 476 32135 0 0 0 standing 
8 773 338 827 477 32136 0 0 1 standing 
8 770 340 825 479 32137 0 0 1 standing 
8 767 342 823 481 32138 0 0 1 standing 
8 764 344 822 483 32139 0 0 1 standing 
8 760 345 820 484 32140 0 0 1 standing 
8 757 347 818 486 32141 0 0 1 standing 
8 754 349 816 488 32142 0 0 1 standing 
8 751 351 815 490 32143 0 0 0 standing 
8 752 351 816 490 32144 0 0 1 standing 
9 639 317 706 457 32125 0 0 0 standing 
9 637 316 704 457 32126 0 0 1 standing 
9 636 316 702 458 32127 0 0 1 standing 
9 634 316 701 459 32128 0 0 1 standing 
9 633 316 699 460 32129 0 0 1 standing 
9 631 316 698 461 32130 0 0 1 standing 
9 630 316 696 462 32131 0 0 1 standing 
9 628 316 694 463 32132 0 0 1 standing 
9 627 316 693 464 32133 0 0 1 standing 
9 625 316 691 465 32134 0 0 1 standing 
9 624 316 690 466 32135 0 0 0 standing 
9 618 320 684 469 32136 0 0 1 standing 
9 612 324 678 472 32137 0 0 1 standing 
9 607 328 672 475 32138 0 0 1 standing 
9 601 332 667 478 32139 0 0 1 standing 
9 596 337 661 481 32140 0 0 1 standing 
9 590 341 655 484 32141 0 0 1 standing 
9 584 345 650 487 32142 0 0 1 standing 
9 579 349 644 490 32143 0 0 1 standing 
9 573 353 638 493 32144 0 0 1 standing 
10 764 365 833 528 32125 0 0 0 standing 
10 764 365 833 528 32126 0 0 1 standing 
10 764 366 833 529 32127 0 0 1 standing 
10 764 367 833 530 32128 0 0 1 standing 
10 764 367 833 530 32129 0 0 1 standing 
10 764 368 833 531 32130 0 0 1 standing 
10 764 369 833 532 32131 0 0 1 standing 
10 764 369 833 532 32132 0 0 1 standing 
10 764 370 833 533 32133 0 0 1 standing 
10 764 371 833 534 32134 0 0 1 standing 
10 765 372 834 535 32135 0 0 0 standing 
10 760 374 828 534 32136 0 0 1 standing 
10 755 376 822 534 32137 0 0 1 standing 
10 750 378 817 534 32138 0 0 1 standing 
10 745 381 811 534 32139 0 0 1 standing 
10 740 383 806 534 32140 0 0 1 standing 
10 735 385 800 534 32141 0 0 1 standing 
10 730 388 794 534 32142 0 0 1 standing 
10 725 390 789 534 32143 0 0 1 standing 
10 720 392 783 534 32144 0 0 1 standing 
