0 477 386 543 536 18265 1 0 1 moving 
0 477 386 543 536 18266 1 0 1 moving 
0 477 386 543 536 18267 0 1 0 moving 
0 496 377 563 533 18268 0 1 1 moving 
0 516 369 583 531 18269 0 1 1 moving 
0 535 360 603 528 18270 0 1 1 moving 
0 555 352 623 526 18271 0 1 0 moving 
0 575 350 642 523 18272 0 1 1 moving 
0 595 349 662 521 18273 0 1 1 moving 
0 616 347 681 518 18274 0 1 1 moving 
0 636 346 701 516 18275 0 1 1 moving 
0 657 345 721 514 18276 0 1 0 moving 
0 677 347 741 516 18277 0 1 1 moving 
0 697 349 761 518 18278 0 1 1 moving 
0 717 351 781 520 18279 0 1 0 moving 
0 717 351 781 520 18280 0 1 1 moving 
0 717 351 781 520 18281 0 1 1 moving 
0 717 351 781 520 18282 0 1 1 moving 
0 717 351 781 520 18283 0 1 1 moving 
0 717 351 781 520 18284 0 1 1 moving 
1 683 459 793 604 18265 1 0 1 moving 
1 683 459 793 604 18266 1 0 1 moving 
1 683 459 793 604 18267 0 1 0 moving 
1 690 459 802 606 18268 0 1 1 moving 
1 697 459 812 609 18269 0 1 1 moving 
1 704 459 822 612 18270 0 1 0 moving 
1 713 458 827 614 18271 0 1 1 moving 
1 723 458 833 616 18272 0 1 1 moving 
1 733 458 839 619 18273 0 1 0 moving 
1 741 459 840 617 18274 0 1 1 moving 
1 749 460 841 616 18275 0 1 1 moving 
1 758 462 842 615 18276 0 1 0 moving 
1 755 460 849 614 18277 0 1 1 moving 
1 753 459 857 613 18278 0 1 1 moving 
1 751 458 865 613 18279 0 1 0 moving 
1 752 460 863 615 18280 0 1 1 moving 
1 753 462 862 617 18281 0 1 1 moving 
1 754 464 861 619 18282 0 1 0 moving 
1 758 464 858 621 18283 0 1 1 moving 
1 762 464 856 623 18284 0 1 1 moving 
2 671 310 762 452 18265 1 0 1 moving 
2 671 310 762 452 18266 1 0 1 standing 
2 671 310 762 452 18267 0 1 0 standing 
2 683 310 772 451 18268 0 1 1 standing 
2 695 310 782 450 18269 0 1 1 standing 
2 708 310 792 450 18270 0 1 0 standing 
2 715 310 803 449 18271 0 1 1 standing 
2 723 311 814 449 18272 0 1 1 standing 
2 731 312 825 448 18273 0 1 1 standing 
2 739 313 836 448 18274 0 1 1 standing 
2 746 314 847 447 18275 0 1 1 standing 
2 754 315 858 447 18276 0 1 1 standing 
2 762 316 869 446 18277 0 1 1 standing 
2 770 317 881 446 18278 0 1 0 standing 
2 774 317 887 445 18279 0 1 1 standing 
2 779 317 893 444 18280 0 1 1 standing 
2 784 317 900 444 18281 0 1 1 standing 
2 789 317 906 443 18282 0 1 1 standing 
2 794 318 913 443 18283 0 1 1 standing 
2 799 318 919 442 18284 0 1 1 standing 
3 609 403 708 544 18265 1 0 1 standing 
3 609 403 708 544 18266 1 0 1 moving 
3 609 403 708 544 18267 0 1 0 moving 
3 612 402 718 546 18268 0 1 1 moving 
3 616 401 728 549 18269 0 1 1 moving 
3 620 400 738 552 18270 0 1 0 moving 
3 629 402 739 554 18271 0 1 1 moving 
3 639 404 740 556 18272 0 1 1 moving 
3 648 406 741 559 18273 0 1 1 moving 
3 658 408 742 561 18274 0 1 1 moving 
3 668 410 743 564 18275 0 1 0 moving 
3 676 406 752 565 18276 0 1 1 moving 
3 684 402 761 566 18277 0 1 1 moving 
3 692 398 770 567 18278 0 1 1 moving 
3 700 394 780 568 18279 0 1 0 moving 
3 700 394 780 568 18280 0 1 1 moving 
3 700 394 780 568 18281 0 1 1 moving 
3 700 394 780 568 18282 0 1 1 moving 
3 700 394 780 568 18283 0 1 1 moving 
3 700 394 780 568 18284 0 1 1 moving 
4 832 415 897 562 18265 1 0 1 moving 
4 832 415 897 562 18266 1 0 1 standing 
4 832 415 897 562 18267 0 0 0 standing 
4 842 416 912 562 18268 0 0 1 standing 
4 852 417 927 562 18269 0 0 1 standing 
4 862 418 942 562 18270 0 0 1 standing 
4 873 419 957 563 18271 0 0 0 standing 
4 887 419 969 563 18272 0 0 1 standing 
4 901 419 982 563 18273 0 0 1 standing 
4 915 420 995 564 18274 0 0 0 standing 
4 928 419 1003 565 18275 0 0 1 standing 
4 942 418 1011 566 18276 0 0 1 standing 
4 956 418 1020 568 18277 0 0 0 standing 
4 965 419 1032 568 18278 0 0 1 standing 
4 974 420 1044 568 18279 0 0 1 standing 
4 983 422 1057 569 18280 0 0 1 standing 
4 992 423 1069 569 18281 0 0 1 standing 
4 1001 424 1081 569 18282 0 0 1 standing 
4 1010 426 1094 570 18283 0 0 0 standing 
4 1019 427 1102 570 18284 0 0 1 standing 
5 801 371 888 496 18265 1 0 1 standing 
5 801 371 888 496 18266 1 0 1 standing 
5 801 371 888 496 18267 0 1 0 standing 
5 811 371 901 495 18268 0 1 1 standing 
5 821 371 914 494 18269 0 1 1 standing 
5 831 371 927 493 18270 0 1 1 standing 
5 841 371 941 493 18271 0 1 0 standing 
5 847 370 945 493 18272 0 1 1 standing 
5 854 370 949 493 18273 0 1 1 standing 
5 861 370 953 493 18274 0 1 0 standing 
5 866 369 956 493 18275 0 1 1 standing 
5 872 369 959 493 18276 0 1 1 standing 
5 878 369 962 493 18277 0 1 0 standing 
5 871 365 974 492 18278 0 1 1 standing 
5 864 362 986 491 18279 0 1 1 standing 
5 858 359 998 490 18280 0 1 0 standing 
5 862 360 993 489 18281 0 1 1 standing 
5 866 361 988 488 18282 0 1 1 standing 
5 870 363 983 488 18283 0 1 0 standing 
5 878 364 978 489 18284 0 1 1 standing 
6 91 373 166 498 18265 1 0 1 standing 
6 91 373 166 498 18266 1 0 1 standing 
6 91 373 166 498 18267 0 0 0 standing 
6 105 371 179 496 18268 0 0 1 standing 
6 119 370 193 494 18269 0 0 1 standing 
6 133 368 207 493 18270 0 0 1 standing 
6 148 367 221 491 18271 0 0 1 standing 
6 162 366 235 490 18272 0 0 1 standing 
6 176 364 249 488 18273 0 0 1 standing 
6 191 363 263 486 18274 0 0 1 standing 
6 205 361 277 485 18275 0 0 1 standing 
6 219 360 291 483 18276 0 0 1 standing 
6 234 359 305 482 18277 0 0 0 standing 
6 247 358 324 481 18278 0 0 1 standing 
6 260 358 343 481 18279 0 0 1 standing 
6 273 358 362 481 18280 0 0 0 standing 
6 285 359 375 482 18281 0 0 1 standing 
6 297 360 389 483 18282 0 0 1 standing 
6 309 362 403 484 18283 0 0 0 standing 
6 319 361 410 483 18284 0 0 1 standing 
7 7 468 74 623 18265 1 0 1 standing 
7 7 468 74 623 18266 1 0 1 standing 
7 7 468 74 623 18267 0 0 0 standing 
7 20 467 87 621 18268 0 0 1 standing 
7 33 466 100 620 18269 0 0 1 standing 
7 46 465 113 619 18270 0 0 1 standing 
7 60 465 126 617 18271 0 0 1 standing 
7 73 464 139 616 18272 0 0 1 standing 
7 86 463 152 615 18273 0 0 1 standing 
7 100 463 165 613 18274 0 0 1 standing 
7 113 462 178 612 18275 0 0 1 standing 
7 126 461 191 611 18276 0 0 1 standing 
7 140 461 204 610 18277 0 0 0 standing 
7 153 462 217 610 18278 0 0 1 standing 
7 167 464 231 610 18279 0 0 1 standing 
7 181 466 245 610 18280 0 0 0 standing 
7 191 469 255 610 18281 0 0 1 standing 
7 202 472 266 611 18282 0 0 1 standing 
7 213 475 277 611 18283 0 0 1 standing 
7 223 478 287 612 18284 0 0 1 standing 
8 290 442 336 603 18265 1 0 1 standing 
8 290 442 336 603 18266 1 0 1 standing 
8 290 442 336 603 18267 0 0 0 standing 
8 304 438 350 602 18268 0 0 1 standing 
8 318 434 364 602 18269 0 0 1 standing 
8 332 431 378 602 18270 0 0 0 standing 
8 346 431 394 601 18271 0 0 1 standing 
8 361 432 410 601 18272 0 0 1 standing 
8 376 433 426 601 18273 0 0 1 standing 
8 390 434 442 601 18274 0 0 1 standing 
8 405 435 458 601 18275 0 0 1 standing 
8 420 436 474 601 18276 0 0 1 standing 
8 434 437 490 601 18277 0 0 1 standing 
8 449 438 506 601 18278 0 0 1 standing 
8 464 439 522 601 18279 0 0 0 standing 
8 475 441 535 603 18280 0 0 1 standing 
8 486 444 548 605 18281 0 0 1 standing 
8 497 447 562 607 18282 0 0 1 standing 
8 509 450 575 609 18283 0 0 1 standing 
8 520 452 588 611 18284 0 0 1 standing 
9 283 390 338 556 18265 1 0 1 standing 
9 283 390 338 556 18266 1 0 1 standing 
9 283 390 338 556 18267 0 0 0 standing 
9 298 390 354 554 18268 0 0 1 standing 
9 314 390 370 552 18269 0 0 1 standing 
9 330 390 386 551 18270 0 0 1 standing 
9 345 390 402 549 18271 0 0 1 standing 
9 361 390 418 547 18272 0 0 1 standing 
9 377 390 434 546 18273 0 0 1 standing 
9 392 390 450 544 18274 0 0 1 standing 
9 408 390 466 542 18275 0 0 1 standing 
9 424 390 482 541 18276 0 0 0 standing 
9 439 392 497 544 18277 0 0 1 standing 
9 455 394 512 547 18278 0 0 1 standing 
9 471 396 527 550 18279 0 0 1 standing 
9 487 398 542 553 18280 0 0 0 standing 
9 502 397 557 554 18281 0 0 1 standing 
9 517 397 572 555 18282 0 0 1 standing 
9 533 397 587 556 18283 0 0 1 standing 
9 548 396 603 557 18284 0 0 1 standing 
10 286 372 359 520 18265 1 0 1 standing 
10 286 372 359 520 18266 1 0 1 standing 
10 286 372 359 520 18267 0 0 0 standing 
10 302 370 373 517 18268 0 0 1 standing 
10 318 368 387 515 18269 0 0 1 standing 
10 335 366 401 513 18270 0 0 1 standing 
10 351 364 415 511 18271 0 0 1 standing 
10 368 362 429 509 18272 0 0 1 standing 
10 384 360 443 507 18273 0 0 1 standing 
10 400 358 457 505 18274 0 0 1 standing 
10 417 356 471 503 18275 0 0 1 standing 
10 433 354 485 501 18276 0 0 1 standing 
10 450 352 500 499 18277 0 0 0 standing 
10 461 352 513 496 18278 0 0 1 standing 
10 473 353 526 494 18279 0 0 1 standing 
10 485 354 539 491 18280 0 0 1 standing 
10 497 354 552 489 18281 0 0 1 standing 
10 509 355 565 486 18282 0 0 1 standing 
10 520 356 578 484 18283 0 0 1 standing 
10 532 356 591 481 18284 0 0 1 standing 
11 0 403 22 548 18265 1 0 1 standing 
11 0 403 22 548 18266 1 0 1 standing 
11 0 403 22 548 18267 1 0 1 standing 
11 0 403 22 548 18268 1 0 1 standing 
11 0 403 22 548 18269 1 0 1 standing 
11 0 403 22 548 18270 1 0 1 standing 
11 0 403 22 548 18271 1 0 1 standing 
11 0 403 22 548 18272 1 0 1 standing 
11 0 403 22 548 18273 1 0 1 standing 
11 0 403 22 548 18274 1 0 1 standing 
11 0 403 22 548 18275 0 0 0 standing 
11 1 403 37 548 18276 0 0 1 standing 
11 2 404 52 548 18277 0 0 1 standing 
11 4 405 68 549 18278 0 0 0 standing 
11 16 406 80 549 18279 0 0 1 standing 
11 29 408 93 549 18280 0 0 1 standing 
11 42 409 106 550 18281 0 0 1 standing 
11 54 411 118 550 18282 0 0 1 standing 
11 67 412 131 551 18283 0 0 1 standing 
11 80 414 144 551 18284 0 0 1 standing 
