0 660 390 716 513 102055 0 1 0 setting 
0 662 384 718 510 102056 0 1 1 setting 
0 665 379 721 508 102057 0 1 1 setting 
0 668 374 724 506 102058 0 1 1 setting 
0 671 369 726 504 102059 0 1 1 setting 
0 674 364 729 502 102060 0 1 1 setting 
0 676 359 732 499 102061 0 1 1 setting 
0 679 354 734 497 102062 0 1 1 setting 
0 682 349 737 495 102063 0 1 1 setting 
0 685 344 740 493 102064 0 1 1 setting 
0 688 339 743 491 102065 0 1 0 setting 
0 693 343 751 493 102066 0 1 1 setting 
0 699 347 759 496 102067 0 1 1 setting 
0 705 351 767 499 102068 0 1 1 setting 
0 710 355 775 501 102069 0 1 1 setting 
0 716 359 783 504 102070 0 1 1 setting 
0 722 363 791 507 102071 0 1 1 setting 
0 727 367 799 509 102072 0 1 1 setting 
0 733 371 807 512 102073 0 1 1 setting 
0 739 375 815 515 102074 0 1 1 setting 
1 839 521 941 652 102055 0 1 0 setting 
1 834 521 936 652 102056 0 1 1 moving 
1 830 521 931 652 102057 0 1 1 moving 
1 825 521 927 652 102058 0 1 1 moving 
1 821 522 922 653 102059 0 1 1 moving 
1 816 522 918 653 102060 0 1 1 moving 
1 812 522 913 653 102061 0 1 1 moving 
1 807 523 908 654 102062 0 1 1 moving 
1 803 523 904 654 102063 0 1 1 moving 
1 798 523 899 654 102064 0 1 1 moving 
1 794 524 895 655 102065 0 1 0 moving 
1 786 523 888 654 102066 0 1 1 moving 
1 778 522 882 653 102067 0 1 1 moving 
1 770 521 876 652 102068 0 1 1 moving 
1 762 520 870 651 102069 0 1 1 moving 
1 755 519 863 650 102070 0 1 1 moving 
1 747 518 857 649 102071 0 1 1 moving 
1 739 517 851 648 102072 0 1 1 moving 
1 731 516 845 647 102073 0 1 1 moving 
1 724 515 839 646 102074 0 1 0 moving 
2 605 359 642 486 102055 0 0 0 moving 
2 602 359 642 486 102056 0 0 1 standing 
2 600 359 642 486 102057 0 0 1 standing 
2 598 359 642 486 102058 0 0 0 standing 
2 599 358 643 485 102059 0 0 1 standing 
2 601 357 645 484 102060 0 0 1 standing 
2 603 357 647 484 102061 0 0 0 standing 
2 604 357 648 484 102062 0 0 1 standing 
2 605 357 649 484 102063 0 0 1 standing 
2 607 358 651 485 102064 0 0 0 standing 
2 609 358 655 485 102065 0 0 1 standing 
2 611 358 660 485 102066 0 0 1 standing 
2 613 359 665 486 102067 0 0 0 standing 
2 617 360 671 486 102068 0 0 1 standing 
2 621 361 677 487 102069 0 0 1 standing 
2 626 362 683 488 102070 0 0 0 standing 
2 629 365 686 489 102071 0 0 1 standing 
2 632 368 690 490 102072 0 0 1 standing 
2 636 371 694 492 102073 0 0 1 standing 
2 639 374 698 493 102074 0 0 1 standing 
3 401 455 464 594 102055 0 0 0 standing 
3 403 455 466 593 102056 0 0 1 standing 
3 406 456 468 593 102057 0 0 1 standing 
3 408 456 471 593 102058 0 0 1 standing 
3 411 457 473 592 102059 0 0 1 standing 
3 413 457 475 592 102060 0 0 1 standing 
3 416 458 478 592 102061 0 0 0 standing 
3 420 458 482 592 102062 0 0 1 standing 
3 424 458 486 592 102063 0 0 1 standing 
3 429 458 491 592 102064 0 0 0 standing 
3 433 456 495 593 102065 0 0 1 standing 
3 437 454 499 594 102066 0 0 1 standing 
3 442 453 503 596 102067 0 0 0 standing 
3 448 454 509 597 102068 0 0 1 standing 
3 454 455 516 598 102069 0 0 1 standing 
3 461 456 523 599 102070 0 0 0 standing 
3 468 458 528 598 102071 0 0 1 standing 
3 476 461 534 598 102072 0 0 1 standing 
3 483 464 539 597 102073 0 0 1 standing 
3 491 467 545 597 102074 0 0 1 standing 
4 428 410 491 548 102055 0 0 0 standing 
4 429 409 492 548 102056 0 0 1 standing 
4 431 409 494 548 102057 0 0 1 standing 
4 433 409 496 548 102058 0 0 1 standing 
4 434 409 497 548 102059 0 0 1 standing 
4 436 409 499 548 102060 0 0 1 standing 
4 438 409 501 549 102061 0 0 0 standing 
4 440 408 503 549 102062 0 0 1 standing 
4 443 408 506 549 102063 0 0 1 standing 
4 446 408 509 550 102064 0 0 0 standing 
4 450 409 508 551 102065 0 0 1 standing 
4 454 410 507 552 102066 0 0 1 standing 
4 459 412 506 553 102067 0 0 0 standing 
4 462 415 509 557 102068 0 0 1 standing 
4 466 419 513 561 102069 0 0 1 standing 
4 470 423 517 566 102070 0 0 0 standing 
4 476 424 524 562 102071 0 0 1 standing 
4 482 425 531 559 102072 0 0 1 standing 
4 489 426 538 556 102073 0 0 1 standing 
4 495 427 545 553 102074 0 0 1 standing 
5 794 369 843 497 102055 0 0 0 standing 
5 792 370 842 496 102056 0 0 1 standing 
5 791 371 841 496 102057 0 0 1 standing 
5 790 372 841 496 102058 0 0 0 standing 
5 789 373 842 497 102059 0 0 1 standing 
5 788 374 843 498 102060 0 0 1 standing 
5 787 375 845 500 102061 0 0 0 standing 
5 787 375 847 500 102062 0 0 1 standing 
5 787 375 849 501 102063 0 0 1 standing 
5 787 375 851 502 102064 0 0 0 standing 
5 789 374 848 500 102065 0 0 1 standing 
5 791 373 845 498 102066 0 0 1 standing 
5 793 372 842 497 102067 0 0 0 standing 
5 795 372 844 498 102068 0 0 1 standing 
5 797 372 846 499 102069 0 0 1 standing 
5 800 372 848 501 102070 0 0 0 standing 
5 804 376 853 504 102071 0 0 1 standing 
5 808 380 859 507 102072 0 0 1 standing 
5 812 384 864 510 102073 0 0 1 standing 
5 816 388 870 513 102074 0 0 1 standing 
6 434 381 485 519 102055 0 0 0 standing 
6 434 381 485 519 102056 0 0 1 standing 
6 434 382 485 520 102057 0 0 1 standing 
6 434 383 485 521 102058 0 0 1 standing 
6 434 383 485 521 102059 0 0 1 standing 
6 434 384 485 522 102060 0 0 1 standing 
6 434 385 485 523 102061 0 0 0 standing 
6 437 385 491 522 102062 0 0 1 standing 
6 440 385 497 522 102063 0 0 1 standing 
6 443 385 504 522 102064 0 0 0 standing 
6 445 385 506 522 102065 0 0 1 standing 
6 447 385 508 522 102066 0 0 1 standing 
6 450 386 511 523 102067 0 0 0 standing 
6 456 387 516 520 102068 0 0 1 standing 
6 462 388 522 517 102069 0 0 1 standing 
6 468 389 528 514 102070 0 0 0 standing 
6 471 391 532 512 102071 0 0 1 standing 
6 475 393 536 510 102072 0 0 1 standing 
6 478 396 540 509 102073 0 0 1 standing 
6 482 398 544 507 102074 0 0 1 standing 
7 821 441 863 576 102055 0 0 0 standing 
7 821 440 864 575 102056 0 0 1 standing 
7 822 440 865 574 102057 0 0 1 standing 
7 823 440 866 574 102058 0 0 1 standing 
7 824 439 867 573 102059 0 0 1 standing 
7 825 439 868 573 102060 0 0 1 standing 
7 826 439 869 572 102061 0 0 1 standing 
7 827 438 870 572 102062 0 0 1 standing 
7 828 438 871 571 102063 0 0 1 standing 
7 829 438 873 571 102064 0 0 0 standing 
7 833 438 877 572 102065 0 0 1 standing 
7 837 438 881 573 102066 0 0 1 standing 
7 841 438 885 574 102067 0 0 1 standing 
7 845 438 889 575 102068 0 0 1 standing 
7 849 438 893 576 102069 0 0 1 standing 
7 854 438 897 578 102070 0 0 0 standing 
7 861 438 903 578 102071 0 0 1 standing 
7 868 438 909 579 102072 0 0 1 standing 
7 875 438 916 580 102073 0 0 1 standing 
7 882 438 922 581 102074 0 0 1 standing 
8 680 326 743 428 102055 0 0 0 standing 
8 680 325 743 427 102056 0 0 1 standing 
8 680 325 743 426 102057 0 0 1 standing 
8 680 325 743 426 102058 0 0 1 standing 
8 680 324 743 425 102059 0 0 1 standing 
8 680 324 743 425 102060 0 0 1 standing 
8 680 324 743 424 102061 0 0 1 standing 
8 680 323 743 424 102062 0 0 1 standing 
8 680 323 743 423 102063 0 0 1 standing 
8 680 323 743 423 102064 0 0 0 standing 
8 680 322 742 420 102065 0 0 1 standing 
8 681 321 741 417 102066 0 0 1 standing 
8 682 320 741 415 102067 0 0 0 standing 
8 684 322 743 417 102068 0 0 1 standing 
8 687 325 746 420 102069 0 0 1 standing 
8 690 328 749 423 102070 0 0 0 standing 
8 692 328 752 426 102071 0 0 1 standing 
8 694 328 755 429 102072 0 0 1 standing 
8 696 329 759 433 102073 0 0 1 standing 
8 698 329 762 436 102074 0 0 1 standing 
9 121 451 175 601 102055 0 0 0 standing 
9 121 451 176 599 102056 0 0 1 standing 
9 121 451 177 598 102057 0 0 1 standing 
9 121 451 179 597 102058 0 0 0 standing 
9 121 452 179 598 102059 0 0 1 standing 
9 121 453 179 599 102060 0 0 1 standing 
9 122 455 180 601 102061 0 0 0 standing 
9 122 456 182 600 102062 0 0 1 standing 
9 123 458 184 599 102063 0 0 1 standing 
9 124 460 187 598 102064 0 0 0 standing 
9 125 457 189 597 102065 0 0 1 standing 
9 127 454 192 596 102066 0 0 1 standing 
9 129 452 195 596 102067 0 0 0 standing 
9 130 453 194 596 102068 0 0 1 standing 
9 131 454 194 597 102069 0 0 1 standing 
9 133 455 194 598 102070 0 0 0 standing 
9 132 456 198 599 102071 0 0 1 standing 
9 131 457 203 600 102072 0 0 1 standing 
9 130 459 208 601 102073 0 0 1 standing 
9 129 460 213 602 102074 0 0 1 standing 
10 69 422 154 560 102055 0 0 0 standing 
10 60 424 139 560 102056 0 0 1 standing 
10 52 426 125 560 102057 0 0 1 standing 
10 44 429 111 561 102058 0 0 0 standing 
10 29 430 104 562 102059 0 0 1 standing 
10 14 431 98 563 102060 0 0 1 standing 
10 0 433 92 564 102061 0 0 0 standing 
10 0 433 85 564 102062 0 0 1 standing 
10 0 433 78 564 102063 0 0 1 standing 
10 0 434 72 565 102064 0 0 0 standing 
10 0 433 68 564 102065 0 0 1 standing 
10 0 433 65 564 102066 0 0 1 standing 
10 0 433 62 564 102067 0 0 0 standing 
10 0 433 61 559 102068 0 0 1 standing 
10 0 433 60 554 102069 0 0 1 standing 
10 0 433 60 549 102070 0 0 0 standing 
10 0 435 60 553 102071 0 0 1 standing 
10 0 437 60 558 102072 0 0 1 standing 
10 0 439 60 562 102073 0 0 1 standing 
10 0 441 60 567 102074 0 0 1 standing 
11 127 393 181 530 102055 0 0 0 standing 
11 119 395 180 522 102056 0 0 1 digging 
11 111 397 179 514 102057 0 0 1 digging 
11 104 399 179 507 102058 0 0 0 digging 
11 105 399 178 506 102059 0 0 1 digging 
11 106 399 178 506 102060 0 0 1 digging 
11 108 399 178 506 102061 0 0 0 digging 
11 110 399 180 506 102062 0 0 1 digging 
11 112 400 182 507 102063 0 0 1 digging 
11 115 401 185 508 102064 0 0 0 digging 
11 119 400 191 507 102065 0 0 1 digging 
11 123 399 197 506 102066 0 0 1 digging 
11 128 399 203 505 102067 0 0 0 digging 
11 134 399 208 499 102068 0 0 1 digging 
11 141 399 214 494 102069 0 0 1 digging 
11 148 399 220 489 102070 0 0 0 digging 
11 156 398 227 488 102071 0 0 1 digging 
11 164 398 234 488 102072 0 0 1 digging 
11 173 397 242 488 102073 0 0 1 digging 
11 181 397 249 488 102074 0 0 1 digging 
