0 541 432 612 549 36800 0 1 0 standing 
0 547 430 616 549 36801 0 1 1 standing 
0 554 428 620 550 36802 0 1 1 standing 
0 561 426 624 550 36803 0 1 1 standing 
0 567 425 629 551 36804 0 1 1 standing 
0 574 423 633 551 36805 0 1 1 standing 
0 581 421 637 552 36806 0 1 1 standing 
0 587 420 642 552 36807 0 1 1 standing 
0 594 418 646 553 36808 0 1 1 standing 
0 601 416 650 553 36809 0 1 1 standing 
0 608 415 655 554 36810 0 1 0 standing 
0 612 416 659 555 36811 0 1 1 standing 
0 616 417 663 556 36812 0 1 1 standing 
0 620 418 667 557 36813 0 1 1 standing 
0 624 419 671 558 36814 0 1 1 standing 
0 628 420 675 559 36815 0 1 1 standing 
0 632 421 679 560 36816 0 1 1 standing 
0 636 422 683 561 36817 0 1 1 standing 
0 640 423 687 562 36818 0 1 1 standing 
0 644 424 691 563 36819 0 1 1 standing 
1 661 465 725 600 36800 0 1 0 standing 
1 663 463 725 598 36801 0 1 1 standing 
1 665 461 725 596 36802 0 1 1 standing 
1 667 460 725 594 36803 0 1 1 standing 
1 669 458 725 593 36804 0 1 1 standing 
1 671 457 725 591 36805 0 1 1 standing 
1 673 455 725 589 36806 0 1 1 standing 
1 675 453 725 588 36807 0 1 1 standing 
1 677 452 725 586 36808 0 1 1 standing 
1 679 450 725 584 36809 0 1 1 standing 
1 681 449 726 583 36810 0 1 0 standing 
1 683 447 728 581 36811 0 1 1 standing 
1 685 446 730 580 36812 0 1 1 standing 
1 687 445 732 579 36813 0 1 1 standing 
1 690 443 735 577 36814 0 1 1 standing 
1 692 442 737 576 36815 0 1 1 standing 
1 694 441 739 575 36816 0 1 1 standing 
1 697 439 742 573 36817 0 1 1 standing 
1 699 438 744 572 36818 0 1 1 standing 
1 701 437 746 571 36819 0 1 1 standing 
2 922 412 975 564 36800 0 1 0 standing 
2 921 412 974 564 36801 0 1 1 standing 
2 921 412 974 564 36802 0 1 1 standing 
2 921 412 974 564 36803 0 1 1 standing 
2 921 412 974 564 36804 0 1 1 standing 
2 921 412 974 564 36805 0 1 1 standing 
2 921 412 974 564 36806 0 1 1 standing 
2 921 412 974 564 36807 0 1 1 standing 
2 921 412 974 564 36808 0 1 1 standing 
2 921 412 974 564 36809 0 1 1 standing 
2 921 412 974 564 36810 0 1 0 standing 
2 918 411 971 563 36811 0 1 1 standing 
2 915 411 968 563 36812 0 1 1 standing 
2 912 411 965 563 36813 0 1 1 standing 
2 909 410 962 562 36814 0 1 1 standing 
2 906 410 959 562 36815 0 1 1 standing 
2 903 410 956 562 36816 0 1 1 standing 
2 900 409 953 561 36817 0 1 1 standing 
2 897 409 950 561 36818 0 1 1 standing 
2 894 409 947 561 36819 0 1 1 standing 
3 1021 483 1066 642 36800 0 0 0 standing 
3 1023 481 1068 640 36801 0 0 1 standing 
3 1025 480 1070 639 36802 0 0 1 standing 
3 1027 479 1072 638 36803 0 0 1 standing 
3 1029 478 1074 637 36804 0 0 1 standing 
3 1032 477 1077 636 36805 0 0 1 standing 
3 1034 476 1079 635 36806 0 0 1 standing 
3 1036 475 1081 634 36807 0 0 1 standing 
3 1038 474 1083 633 36808 0 0 1 standing 
3 1040 473 1085 632 36809 0 0 1 standing 
3 1043 472 1088 631 36810 0 0 0 standing 
3 1044 471 1089 630 36811 0 0 1 standing 
3 1046 471 1091 630 36812 0 0 1 standing 
3 1048 471 1093 630 36813 0 0 1 standing 
3 1050 471 1095 630 36814 0 0 1 standing 
3 1052 471 1097 630 36815 0 0 1 standing 
3 1053 470 1098 629 36816 0 0 1 standing 
3 1055 470 1100 629 36817 0 0 1 standing 
3 1057 470 1102 629 36818 0 0 1 standing 
3 1059 470 1104 629 36819 0 0 1 standing 
4 1089 402 1137 545 36800 0 0 0 standing 
4 1092 402 1140 544 36801 0 0 1 standing 
4 1095 402 1143 544 36802 0 0 1 standing 
4 1099 403 1146 544 36803 0 0 1 standing 
4 1102 403 1150 544 36804 0 0 1 standing 
4 1106 404 1153 544 36805 0 0 1 standing 
4 1109 404 1156 543 36806 0 0 1 standing 
4 1112 404 1160 543 36807 0 0 1 standing 
4 1116 405 1163 543 36808 0 0 1 standing 
4 1119 405 1166 543 36809 0 0 1 standing 
4 1123 406 1170 543 36810 0 0 0 standing 
4 1123 406 1170 543 36811 0 0 1 standing 
4 1124 407 1171 544 36812 0 0 1 standing 
4 1125 407 1172 544 36813 0 0 1 standing 
4 1125 408 1172 545 36814 0 0 1 standing 
4 1126 409 1173 546 36815 0 0 1 standing 
4 1127 409 1174 546 36816 0 0 1 standing 
4 1127 410 1174 547 36817 0 0 1 standing 
4 1128 410 1175 547 36818 0 0 1 standing 
4 1129 411 1176 548 36819 0 0 1 standing 
5 990 451 1032 594 36800 0 0 0 standing 
5 992 451 1034 594 36801 0 0 1 standing 
5 994 451 1036 594 36802 0 0 1 standing 
5 996 451 1038 594 36803 0 0 1 standing 
5 998 452 1040 595 36804 0 0 1 standing 
5 1000 452 1042 595 36805 0 0 1 standing 
5 1002 452 1044 595 36806 0 0 1 standing 
5 1004 453 1046 596 36807 0 0 1 standing 
5 1006 453 1048 596 36808 0 0 1 standing 
5 1008 453 1050 596 36809 0 0 1 standing 
5 1011 454 1053 597 36810 0 0 0 standing 
5 1012 454 1053 596 36811 0 0 1 standing 
5 1013 454 1054 596 36812 0 0 1 standing 
5 1014 454 1054 596 36813 0 0 1 standing 
5 1015 454 1055 596 36814 0 0 1 standing 
5 1016 454 1056 596 36815 0 0 1 standing 
5 1017 454 1056 596 36816 0 0 1 standing 
5 1018 454 1057 596 36817 0 0 1 standing 
5 1019 454 1057 596 36818 0 0 1 standing 
5 1020 454 1058 596 36819 0 0 1 standing 
6 650 383 703 499 36800 0 1 0 standing 
6 651 382 704 498 36801 0 1 1 standing 
6 653 382 706 498 36802 0 1 1 standing 
6 654 382 707 498 36803 0 1 1 standing 
6 656 382 709 498 36804 0 1 1 standing 
6 658 382 710 498 36805 0 1 1 standing 
6 659 381 712 497 36806 0 1 1 standing 
6 661 381 713 497 36807 0 1 1 standing 
6 662 381 715 497 36808 0 1 1 standing 
6 664 381 716 497 36809 0 1 1 standing 
6 666 381 718 497 36810 0 1 0 standing 
6 667 381 718 498 36811 0 1 1 standing 
6 669 381 719 500 36812 0 1 1 standing 
6 671 381 719 502 36813 0 1 1 standing 
6 673 381 720 504 36814 0 1 1 standing 
6 675 382 720 506 36815 0 1 1 standing 
6 676 382 721 508 36816 0 1 1 standing 
6 678 382 721 510 36817 0 1 1 standing 
6 680 382 722 512 36818 0 1 1 standing 
6 682 382 722 514 36819 0 1 1 standing 
7 838 369 893 491 36800 0 1 0 standing 
7 836 369 890 491 36801 0 1 1 standing 
7 835 369 888 491 36802 0 1 1 standing 
7 833 369 885 491 36803 0 1 1 standing 
7 832 369 883 491 36804 0 1 1 standing 
7 831 369 880 491 36805 0 1 1 standing 
7 829 369 878 491 36806 0 1 1 standing 
7 828 369 875 491 36807 0 1 1 standing 
7 826 369 873 491 36808 0 1 1 standing 
7 825 369 870 491 36809 0 1 1 standing 
7 824 370 868 491 36810 0 1 0 standing 
7 820 370 864 491 36811 0 1 1 standing 
7 817 371 861 492 36812 0 1 1 standing 
7 814 372 858 493 36813 0 1 1 standing 
7 811 373 855 494 36814 0 1 1 standing 
7 808 374 852 495 36815 0 1 1 standing 
7 805 374 849 495 36816 0 1 1 standing 
7 802 375 846 496 36817 0 1 1 standing 
7 799 376 843 497 36818 0 1 1 standing 
7 796 377 840 498 36819 0 1 1 standing 
8 903 446 959 589 36800 0 1 0 standing 
8 902 445 957 588 36801 0 1 1 standing 
8 901 444 955 588 36802 0 1 1 standing 
8 900 443 953 587 36803 0 1 1 standing 
8 899 442 951 587 36804 0 1 1 standing 
8 898 441 949 586 36805 0 1 1 standing 
8 897 440 947 586 36806 0 1 1 standing 
8 897 439 945 586 36807 0 0 0 standing 
8 894 438 939 586 36808 0 0 1 standing 
8 892 437 933 586 36809 0 0 1 standing 
8 890 436 928 587 36810 0 1 0 standing 
8 886 436 924 587 36811 0 1 1 standing 
8 883 436 921 587 36812 0 1 1 standing 
8 879 436 917 587 36813 0 1 1 standing 
8 876 436 914 587 36814 0 1 1 standing 
8 872 436 910 587 36815 0 1 1 standing 
8 869 436 907 587 36816 0 1 1 standing 
8 865 436 903 587 36817 0 1 1 standing 
8 862 436 900 587 36818 0 1 1 standing 
8 858 436 896 587 36819 0 1 1 standing 
9 1035 358 1082 497 36800 0 0 0 standing 
9 1038 358 1085 497 36801 0 0 1 standing 
9 1041 359 1088 498 36802 0 0 1 standing 
9 1044 360 1091 499 36803 0 0 1 standing 
9 1048 361 1095 500 36804 0 0 1 standing 
9 1051 362 1098 501 36805 0 0 1 standing 
9 1054 362 1101 501 36806 0 0 1 standing 
9 1058 363 1105 502 36807 0 0 1 standing 
9 1061 364 1108 503 36808 0 0 1 standing 
9 1064 365 1111 504 36809 0 0 1 standing 
9 1068 366 1115 505 36810 0 0 0 standing 
9 1069 367 1116 506 36811 0 0 1 standing 
9 1071 368 1118 507 36812 0 0 1 standing 
9 1072 369 1119 508 36813 0 0 1 standing 
9 1074 370 1121 509 36814 0 0 1 standing 
9 1075 371 1122 510 36815 0 0 1 standing 
9 1077 372 1124 511 36816 0 0 1 standing 
9 1078 373 1125 512 36817 0 0 1 standing 
9 1080 374 1127 513 36818 0 0 1 standing 
9 1081 375 1128 514 36819 0 0 1 standing 
10 1007 464 1047 605 36800 0 0 0 standing 
10 1008 464 1048 605 36801 0 0 1 standing 
10 1009 465 1049 606 36802 0 0 1 standing 
10 1010 465 1050 606 36803 0 0 1 standing 
10 1011 466 1051 607 36804 0 0 1 standing 
10 1013 466 1053 607 36805 0 0 1 standing 
10 1014 467 1054 608 36806 0 0 1 standing 
10 1015 467 1055 608 36807 0 0 1 standing 
10 1016 468 1056 609 36808 0 0 1 standing 
10 1017 468 1057 609 36809 0 0 1 standing 
10 1019 469 1059 610 36810 0 0 0 standing 
10 1019 469 1059 610 36811 0 0 1 standing 
10 1019 469 1059 610 36812 0 0 1 standing 
10 1019 469 1059 610 36813 0 0 1 standing 
10 1020 469 1060 610 36814 0 0 1 standing 
10 1020 470 1060 611 36815 0 0 1 standing 
10 1020 470 1060 611 36816 0 0 1 standing 
10 1021 470 1061 611 36817 0 0 1 standing 
10 1021 470 1061 611 36818 0 0 1 standing 
10 1021 470 1061 611 36819 0 0 1 standing 
