0 459 405 518 534 101995 0 1 0 setting 
0 457 394 514 529 101996 0 1 1 setting 
0 456 384 511 525 101997 0 1 1 setting 
0 454 374 508 521 101998 0 1 1 setting 
0 453 364 504 517 101999 0 1 1 setting 
0 451 354 501 513 102000 0 1 1 setting 
0 450 344 498 509 102001 0 1 0 setting 
0 448 344 496 505 102002 0 1 1 setting 
0 446 344 495 502 102003 0 1 1 setting 
0 444 344 493 499 102004 0 1 1 setting 
0 442 344 492 496 102005 0 1 1 setting 
0 440 345 491 493 102006 0 1 0 setting 
0 435 350 495 493 102007 0 1 1 setting 
0 430 355 500 494 102008 0 1 1 setting 
0 425 361 505 495 102009 0 1 0 setting 
0 419 367 499 496 102010 0 1 1 setting 
0 413 374 493 498 102011 0 1 1 setting 
0 407 381 487 500 102012 0 1 1 setting 
0 401 387 481 502 102013 0 1 1 setting 
0 395 394 475 504 102014 0 1 1 setting 
1 329 406 387 518 101995 0 0 0 setting 
1 327 405 386 517 101996 0 0 1 standing 
1 325 404 386 517 101997 0 0 1 standing 
1 323 403 386 517 101998 0 0 1 standing 
1 321 402 386 517 101999 0 0 1 standing 
1 319 401 386 517 102000 0 0 1 standing 
1 318 400 386 517 102001 0 0 0 standing 
1 318 399 386 516 102002 0 0 1 standing 
1 318 398 386 515 102003 0 0 1 standing 
1 318 398 386 515 102004 0 0 0 standing 
1 318 397 382 514 102005 0 0 1 standing 
1 318 396 379 514 102006 0 0 1 standing 
1 318 395 376 514 102007 0 0 0 standing 
1 318 394 373 514 102008 0 0 1 standing 
1 318 393 371 514 102009 0 0 1 standing 
1 318 393 369 515 102010 0 0 0 standing 
1 311 393 365 515 102011 0 0 1 standing 
1 305 393 362 516 102012 0 0 1 standing 
1 299 393 359 517 102013 0 0 1 standing 
1 293 393 356 518 102014 0 0 1 standing 
2 366 442 457 600 101995 0 0 0 standing 
2 369 442 456 597 101996 0 0 1 standing 
2 372 442 456 594 101997 0 0 1 standing 
2 375 442 456 591 101998 0 0 0 standing 
2 375 440 454 589 101999 0 0 1 standing 
2 376 439 453 587 102000 0 0 1 standing 
2 377 438 452 585 102001 0 0 0 standing 
2 378 438 453 585 102002 0 0 1 standing 
2 379 438 454 585 102003 0 0 1 standing 
2 380 438 455 585 102004 0 0 0 standing 
2 380 436 452 583 102005 0 0 1 standing 
2 381 434 449 582 102006 0 0 1 standing 
2 382 432 446 581 102007 0 0 0 standing 
2 381 432 444 581 102008 0 0 1 standing 
2 380 432 442 581 102009 0 0 1 standing 
2 380 433 441 581 102010 0 0 0 standing 
2 377 433 438 581 102011 0 0 1 standing 
2 374 433 435 581 102012 0 0 1 standing 
2 371 433 432 581 102013 0 0 1 standing 
2 368 433 429 581 102014 0 0 1 standing 
3 528 345 580 470 101995 0 0 0 standing 
3 522 345 578 469 101996 0 0 1 standing 
3 516 345 576 469 101997 0 0 1 standing 
3 511 346 575 469 101998 0 0 0 standing 
3 510 348 574 468 101999 0 0 1 standing 
3 509 350 574 467 102000 0 0 1 standing 
3 509 353 574 467 102001 0 0 0 standing 
3 509 351 575 467 102002 0 0 1 standing 
3 509 350 576 468 102003 0 0 1 standing 
3 509 349 578 469 102004 0 0 0 standing 
3 511 346 579 468 102005 0 0 1 standing 
3 513 344 580 467 102006 0 0 1 standing 
3 515 342 581 467 102007 0 0 0 standing 
3 518 342 581 469 102008 0 0 1 standing 
3 521 342 581 471 102009 0 0 1 standing 
3 525 343 581 473 102010 0 0 0 standing 
3 522 345 581 472 102011 0 0 1 standing 
3 519 347 582 472 102012 0 0 1 standing 
3 517 349 583 472 102013 0 0 1 standing 
3 514 351 584 472 102014 0 0 1 standing 
4 542 428 658 498 101995 0 0 0 standing 
4 544 427 657 497 101996 0 0 1 falling 
4 546 427 656 496 101997 0 0 1 falling 
4 548 427 655 496 101998 0 0 0 falling 
4 554 427 653 495 101999 0 0 1 falling 
4 561 427 651 495 102000 0 0 1 falling 
4 568 427 650 495 102001 0 0 0 falling 
4 575 425 649 493 102002 0 0 1 falling 
4 583 423 648 491 102003 0 0 1 falling 
4 591 422 648 489 102004 0 0 0 falling 
4 589 418 642 489 102005 0 0 1 falling 
4 587 414 636 490 102006 0 0 1 falling 
4 586 410 631 491 102007 0 0 0 falling 
4 583 407 628 491 102008 0 0 1 falling 
4 581 404 625 491 102009 0 0 1 falling 
4 579 401 623 491 102010 0 0 0 falling 
4 572 401 619 491 102011 0 0 1 falling 
4 565 401 615 491 102012 0 0 1 falling 
4 558 401 611 491 102013 0 0 1 falling 
4 551 401 607 491 102014 0 0 1 falling 
5 600 399 655 541 101995 0 0 0 falling 
5 602 399 655 540 101996 0 0 1 standing 
5 604 399 655 540 101997 0 0 1 standing 
5 606 399 655 540 101998 0 0 0 standing 
5 607 399 656 540 101999 0 0 1 standing 
5 609 399 658 540 102000 0 0 1 standing 
5 611 399 660 540 102001 0 0 0 standing 
5 610 399 660 539 102002 0 0 1 standing 
5 609 399 660 539 102003 0 0 1 standing 
5 608 399 660 539 102004 0 0 0 standing 
5 607 399 660 538 102005 0 0 1 standing 
5 606 399 661 538 102006 0 0 1 standing 
5 605 399 662 538 102007 0 0 0 standing 
5 606 398 661 539 102008 0 0 1 standing 
5 607 397 660 540 102009 0 0 1 standing 
5 609 396 659 541 102010 0 0 0 standing 
5 607 396 656 540 102011 0 0 1 standing 
5 605 396 654 539 102012 0 0 1 standing 
5 604 397 652 538 102013 0 0 1 standing 
5 602 397 650 537 102014 0 0 1 standing 
6 680 369 745 500 101995 0 0 0 standing 
6 680 368 747 499 101996 0 0 1 standing 
6 680 368 750 498 101997 0 0 1 standing 
6 680 368 753 498 101998 0 0 0 standing 
6 681 368 751 494 101999 0 0 1 standing 
6 682 368 749 490 102000 0 0 1 standing 
6 683 368 748 487 102001 0 0 0 standing 
6 686 368 751 487 102002 0 0 1 standing 
6 689 368 754 487 102003 0 0 1 standing 
6 692 368 757 487 102004 0 0 0 standing 
6 698 368 757 490 102005 0 0 1 standing 
6 704 368 757 493 102006 0 0 1 standing 
6 711 368 758 496 102007 0 0 0 standing 
6 714 369 759 496 102008 0 0 1 standing 
6 717 370 760 497 102009 0 0 1 standing 
6 721 371 762 498 102010 0 0 0 standing 
6 720 371 762 497 102011 0 0 1 standing 
6 719 371 763 496 102012 0 0 1 standing 
6 718 371 764 496 102013 0 0 1 standing 
6 717 371 765 495 102014 0 0 1 standing 
7 677 411 739 544 101995 0 0 0 standing 
7 679 408 738 539 101996 0 0 1 standing 
7 682 406 738 534 101997 0 0 1 standing 
7 685 404 738 529 101998 0 0 0 standing 
7 687 400 744 526 101999 0 0 1 standing 
7 689 397 751 523 102000 0 0 1 standing 
7 691 394 758 520 102001 0 0 0 standing 
7 700 392 764 515 102002 0 0 1 standing 
7 709 390 771 510 102003 0 0 1 standing 
7 719 389 778 506 102004 0 0 0 standing 
7 726 388 785 507 102005 0 0 1 standing 
7 733 387 792 508 102006 0 0 1 standing 
7 741 386 799 509 102007 0 0 0 standing 
7 745 387 807 510 102008 0 0 1 standing 
7 750 389 816 511 102009 0 0 1 standing 
7 755 391 825 513 102010 0 0 0 standing 
7 756 390 826 512 102011 0 0 1 standing 
7 758 390 827 511 102012 0 0 1 standing 
7 759 389 829 511 102013 0 0 1 standing 
7 761 389 830 510 102014 0 0 1 standing 
8 732 446 789 578 101995 0 0 0 standing 
8 736 445 793 577 101996 0 0 1 standing 
8 741 444 798 576 101997 0 0 1 standing 
8 746 444 803 576 101998 0 0 0 standing 
8 750 445 811 576 101999 0 0 1 standing 
8 754 446 820 576 102000 0 0 1 standing 
8 758 447 829 577 102001 0 0 0 standing 
8 761 447 836 577 102002 0 0 1 standing 
8 765 448 843 577 102003 0 0 1 standing 
8 769 449 851 578 102004 0 0 0 standing 
8 772 449 851 577 102005 0 0 1 standing 
8 775 449 851 577 102006 0 0 1 standing 
8 778 449 851 577 102007 0 0 0 standing 
8 787 448 852 578 102008 0 0 1 standing 
8 796 448 854 579 102009 0 0 1 standing 
8 806 448 856 581 102010 0 0 0 standing 
8 807 449 859 582 102011 0 0 1 standing 
8 809 450 862 583 102012 0 0 1 standing 
8 810 452 865 584 102013 0 0 1 standing 
8 812 453 868 585 102014 0 0 1 standing 
9 922 384 980 497 101995 0 0 0 standing 
9 921 384 976 495 101996 0 0 1 standing 
9 921 384 972 493 101997 0 0 1 standing 
9 921 385 969 492 101998 0 0 0 standing 
9 921 385 969 492 101999 0 0 1 standing 
9 922 385 970 492 102000 0 0 1 standing 
9 923 385 971 492 102001 0 0 0 standing 
9 923 385 972 491 102002 0 0 1 standing 
9 923 385 973 491 102003 0 0 1 standing 
9 923 385 974 491 102004 0 0 0 standing 
9 923 384 977 490 102005 0 0 1 standing 
9 924 384 981 489 102006 0 0 1 standing 
9 925 384 985 489 102007 0 0 0 standing 
9 922 383 983 489 102008 0 0 1 standing 
9 920 382 981 489 102009 0 0 1 standing 
9 918 381 979 489 102010 0 0 1 standing 
9 916 381 978 489 102011 0 0 1 standing 
9 913 380 976 489 102012 0 0 1 standing 
9 911 379 974 489 102013 0 0 1 standing 
9 909 378 972 489 102014 0 0 1 standing 
10 981 395 1038 521 101995 0 0 0 standing 
10 981 393 1036 519 101996 0 0 1 standing 
10 981 392 1034 517 101997 0 0 1 standing 
10 981 391 1033 515 101998 0 0 0 standing 
10 981 392 1033 515 101999 0 0 1 standing 
10 982 393 1033 515 102000 0 0 1 standing 
10 983 394 1033 516 102001 0 0 0 standing 
10 983 392 1033 515 102002 0 0 1 standing 
10 983 391 1034 515 102003 0 0 1 standing 
10 984 390 1035 515 102004 0 0 0 standing 
10 984 389 1038 514 102005 0 0 1 standing 
10 984 388 1041 513 102006 0 0 1 standing 
10 984 388 1044 512 102007 0 0 0 standing 
10 981 389 1039 511 102008 0 0 1 standing 
10 978 390 1035 510 102009 0 0 1 standing 
10 975 391 1031 509 102010 0 0 1 standing 
10 972 393 1027 509 102011 0 0 1 standing 
10 969 394 1023 508 102012 0 0 1 standing 
10 966 395 1019 507 102013 0 0 1 standing 
10 963 396 1015 506 102014 0 0 1 standing 
11 992 485 1041 601 101995 0 0 0 standing 
11 992 484 1043 600 101996 0 0 1 standing 
11 992 483 1046 600 101997 0 0 1 standing 
11 992 482 1049 600 101998 0 0 0 standing 
11 995 479 1051 598 101999 0 0 1 standing 
11 999 477 1054 597 102000 0 0 1 standing 
11 1003 475 1057 596 102001 0 0 0 standing 
11 1007 474 1062 595 102002 0 0 1 standing 
11 1011 473 1067 594 102003 0 0 1 standing 
11 1015 473 1073 593 102004 0 0 0 standing 
11 1017 472 1078 591 102005 0 0 1 standing 
11 1019 471 1084 590 102006 0 0 1 standing 
11 1021 471 1090 589 102007 0 0 0 standing 
11 1025 471 1099 590 102008 0 0 1 standing 
11 1029 471 1108 591 102009 0 0 1 standing 
11 1034 472 1117 592 102010 0 0 0 standing 
11 1034 470 1116 591 102011 0 0 1 standing 
11 1034 468 1115 590 102012 0 0 1 standing 
11 1035 467 1114 590 102013 0 0 1 standing 
11 1035 465 1113 589 102014 0 0 1 standing 
