0 785 362 853 510 51810 0 1 0 setting 
0 791 359 859 508 51811 0 1 1 setting 
0 797 356 865 507 51812 0 1 1 setting 
0 803 353 871 505 51813 0 1 1 setting 
0 810 350 877 504 51814 0 1 1 setting 
0 816 347 884 503 51815 0 1 1 setting 
0 822 344 890 501 51816 0 1 1 setting 
0 829 341 896 500 51817 0 1 1 setting 
0 835 338 902 498 51818 0 1 1 setting 
0 841 335 908 497 51819 0 1 1 setting 
0 848 333 915 496 51820 0 1 0 setting 
0 855 339 922 498 51821 0 1 1 setting 
0 862 346 929 500 51822 0 1 1 setting 
0 870 353 937 503 51823 0 1 1 setting 
0 877 360 944 505 51824 0 1 1 setting 
0 885 367 952 508 51825 0 1 1 setting 
0 892 373 959 510 51826 0 1 1 setting 
0 899 380 966 512 51827 0 1 1 setting 
0 907 387 974 515 51828 0 1 1 setting 
0 914 394 981 517 51829 0 1 1 setting 
1 927 338 1009 445 51810 0 1 0 setting 
1 929 339 1010 446 51811 0 1 1 standing 
1 931 340 1012 447 51812 0 1 1 standing 
1 933 341 1013 448 51813 0 1 1 standing 
1 935 342 1015 449 51814 0 1 1 standing 
1 938 344 1016 451 51815 0 1 1 standing 
1 940 345 1018 452 51816 0 1 1 standing 
1 942 346 1019 453 51817 0 1 1 standing 
1 944 347 1021 454 51818 0 1 1 standing 
1 946 348 1022 455 51819 0 1 1 standing 
1 949 350 1024 457 51820 0 1 0 standing 
1 946 350 1019 457 51821 0 1 1 standing 
1 944 350 1015 457 51822 0 1 1 standing 
1 942 350 1010 457 51823 0 1 1 standing 
1 939 350 1006 457 51824 0 1 1 standing 
1 937 351 1001 458 51825 0 1 1 standing 
1 935 351 997 458 51826 0 1 1 standing 
1 932 351 992 458 51827 0 1 1 standing 
1 930 351 988 458 51828 0 1 1 standing 
1 928 351 983 458 51829 0 1 1 standing 
2 679 470 732 633 51810 0 0 0 standing 
2 683 468 735 629 51811 0 0 1 standing 
2 687 466 739 625 51812 0 0 1 standing 
2 691 465 743 622 51813 0 0 0 standing 
2 694 465 745 619 51814 0 0 1 standing 
2 697 465 748 616 51815 0 0 1 standing 
2 701 465 751 613 51816 0 0 0 standing 
2 705 461 755 612 51817 0 0 1 standing 
2 709 457 760 612 51818 0 0 1 standing 
2 713 454 765 612 51819 0 0 0 standing 
2 719 453 772 607 51820 0 0 1 standing 
2 725 452 780 602 51821 0 0 1 standing 
2 731 451 788 598 51822 0 0 0 standing 
2 737 451 791 596 51823 0 0 1 standing 
2 743 451 794 594 51824 0 0 1 standing 
2 749 451 797 592 51825 0 0 0 standing 
2 750 448 800 589 51826 0 0 1 standing 
2 751 446 804 586 51827 0 0 1 standing 
2 752 444 808 583 51828 0 0 1 standing 
2 753 442 812 580 51829 0 0 1 standing 
3 938 422 1043 543 51810 0 0 0 standing 
3 936 422 1031 543 51811 0 0 1 moving 
3 934 422 1020 543 51812 0 0 1 moving 
3 932 422 1009 543 51813 0 0 0 moving 
3 919 421 1011 544 51814 0 0 1 moving 
3 906 421 1013 546 51815 0 0 1 moving 
3 893 421 1016 548 51816 0 0 0 moving 
3 890 420 1003 547 51817 0 0 1 moving 
3 888 419 990 546 51818 0 0 1 moving 
3 886 419 978 545 51819 0 0 0 moving 
3 883 421 966 547 51820 0 0 1 moving 
3 880 424 954 549 51821 0 0 1 moving 
3 877 427 943 551 51822 0 0 0 moving 
3 872 426 941 550 51823 0 0 1 moving 
3 868 425 940 550 51824 0 0 1 moving 
3 864 425 939 550 51825 0 0 0 moving 
3 864 418 935 549 51826 0 0 1 moving 
3 864 411 931 549 51827 0 0 1 moving 
3 864 404 927 549 51828 0 0 0 moving 
3 864 404 927 549 51829 0 0 1 moving 
4 895 461 951 595 51810 0 0 0 moving 
4 897 461 954 595 51811 0 0 1 standing 
4 899 462 957 595 51812 0 0 1 standing 
4 901 463 961 595 51813 0 0 0 standing 
4 905 463 965 595 51814 0 0 1 standing 
4 910 464 969 596 51815 0 0 1 standing 
4 915 465 974 597 51816 0 0 0 standing 
4 918 465 974 596 51817 0 0 1 standing 
4 921 465 975 596 51818 0 0 1 standing 
4 925 465 976 596 51819 0 0 0 standing 
4 927 465 978 596 51820 0 0 1 standing 
4 929 465 980 596 51821 0 0 1 standing 
4 931 466 982 597 51822 0 0 0 standing 
4 932 466 988 597 51823 0 0 1 standing 
4 934 466 994 597 51824 0 0 1 standing 
4 936 466 1001 598 51825 0 0 0 standing 
4 938 466 1003 598 51826 0 0 1 standing 
4 940 467 1005 598 51827 0 0 1 standing 
4 943 468 1007 599 51828 0 0 0 standing 
4 943 468 1007 599 51829 0 0 1 standing 
5 933 534 1037 676 51810 0 0 0 standing 
5 937 535 1041 677 51811 0 0 1 moving 
5 942 537 1046 678 51812 0 0 1 moving 
5 947 539 1051 679 51813 0 0 0 moving 
5 948 540 1049 676 51814 0 0 1 moving 
5 949 541 1047 673 51815 0 0 1 moving 
5 951 543 1046 670 51816 0 0 0 moving 
5 945 542 1047 669 51817 0 0 1 moving 
5 940 541 1049 669 51818 0 0 1 moving 
5 935 540 1051 669 51819 0 0 0 moving 
5 935 539 1043 668 51820 0 0 1 moving 
5 935 539 1035 667 51821 0 0 1 moving 
5 935 539 1027 667 51822 0 0 0 moving 
5 931 537 1024 666 51823 0 0 1 moving 
5 927 535 1021 665 51824 0 0 1 moving 
5 924 534 1019 664 51825 0 0 0 moving 
5 917 532 1010 662 51826 0 0 1 moving 
5 910 530 1002 661 51827 0 0 1 moving 
5 903 528 994 659 51828 0 0 1 moving 
5 896 526 986 658 51829 0 0 1 moving 
6 515 485 568 621 51810 0 0 0 moving 
6 520 484 573 620 51811 0 0 1 standing 
6 526 484 579 620 51812 0 0 1 standing 
6 532 484 585 620 51813 0 0 0 standing 
6 537 484 590 620 51814 0 0 1 standing 
6 543 485 596 621 51815 0 0 1 standing 
6 549 486 602 622 51816 0 0 0 standing 
6 555 486 607 622 51817 0 0 1 standing 
6 561 486 613 622 51818 0 0 1 standing 
6 568 486 619 622 51819 0 0 0 standing 
6 573 487 624 623 51820 0 0 1 standing 
6 578 488 629 625 51821 0 0 1 standing 
6 583 489 634 627 51822 0 0 0 standing 
6 588 490 641 628 51823 0 0 1 standing 
6 593 491 648 629 51824 0 0 1 standing 
6 598 492 656 630 51825 0 0 0 standing 
6 602 493 660 627 51826 0 0 1 standing 
6 606 495 665 624 51827 0 0 1 standing 
6 610 497 670 621 51828 0 0 1 standing 
6 614 499 675 618 51829 0 0 1 standing 
7 521 431 568 580 51810 0 0 0 standing 
7 526 431 573 580 51811 0 0 1 standing 
7 532 431 579 580 51812 0 0 1 standing 
7 538 432 585 581 51813 0 0 0 standing 
7 542 432 589 581 51814 0 0 1 standing 
7 547 433 594 581 51815 0 0 1 standing 
7 552 434 599 581 51816 0 0 0 standing 
7 557 435 604 581 51817 0 0 1 standing 
7 562 436 609 582 51818 0 0 1 standing 
7 568 438 615 583 51819 0 0 0 standing 
7 574 437 621 582 51820 0 0 1 standing 
7 581 436 628 581 51821 0 0 1 standing 
7 588 436 635 581 51822 0 0 0 standing 
7 590 433 641 577 51823 0 0 1 standing 
7 593 430 647 574 51824 0 0 1 standing 
7 596 427 653 571 51825 0 0 0 standing 
7 600 425 658 563 51826 0 0 1 standing 
7 604 423 664 555 51827 0 0 1 standing 
7 608 421 669 548 51828 0 0 1 standing 
7 612 419 675 540 51829 0 0 1 standing 
8 529 397 568 527 51810 0 0 0 standing 
8 534 396 574 526 51811 0 0 1 standing 
8 540 396 580 526 51812 0 0 1 standing 
8 546 396 587 526 51813 0 0 0 standing 
8 550 396 592 526 51814 0 0 1 standing 
8 555 396 597 526 51815 0 0 1 standing 
8 560 397 603 527 51816 0 0 0 standing 
8 564 397 608 527 51817 0 0 1 standing 
8 569 397 613 527 51818 0 0 1 standing 
8 574 397 619 527 51819 0 0 0 standing 
8 579 395 624 525 51820 0 0 1 standing 
8 585 393 630 523 51821 0 0 1 standing 
8 591 391 636 521 51822 0 0 0 standing 
8 597 389 642 519 51823 0 0 1 standing 
8 604 388 649 518 51824 0 0 1 standing 
8 611 387 656 517 51825 0 0 0 standing 
8 611 385 661 515 51826 0 0 1 standing 
8 611 384 667 513 51827 0 0 1 standing 
8 611 382 673 511 51828 0 0 1 standing 
8 611 381 679 509 51829 0 0 1 standing 
9 195 392 269 504 51810 0 0 0 standing 
9 199 390 266 503 51811 0 0 1 standing 
9 204 389 264 502 51812 0 0 1 standing 
9 209 388 262 501 51813 0 0 0 standing 
9 207 387 262 501 51814 0 0 1 standing 
9 205 387 263 502 51815 0 0 1 standing 
9 203 387 264 503 51816 0 0 0 standing 
9 207 386 268 502 51817 0 0 1 standing 
9 212 386 273 501 51818 0 0 1 standing 
9 217 386 278 501 51819 0 0 0 standing 
9 220 386 282 501 51820 0 0 1 standing 
9 223 386 286 501 51821 0 0 1 standing 
9 227 386 291 501 51822 0 0 0 standing 
9 233 387 295 502 51823 0 0 1 standing 
9 239 389 299 503 51824 0 0 1 standing 
9 245 391 303 504 51825 0 0 0 standing 
9 249 393 305 504 51826 0 0 1 standing 
9 253 395 307 505 51827 0 0 1 standing 
9 257 397 309 506 51828 0 0 1 standing 
9 261 399 311 507 51829 0 0 1 standing 
10 135 472 203 621 51810 0 0 0 standing 
10 140 471 207 621 51811 0 0 1 standing 
10 145 470 212 621 51812 0 0 1 standing 
10 150 470 217 622 51813 0 0 0 standing 
10 152 469 223 618 51814 0 0 1 standing 
10 155 468 229 615 51815 0 0 1 standing 
10 158 468 236 612 51816 0 0 0 standing 
10 165 467 239 614 51817 0 0 1 standing 
10 172 467 242 617 51818 0 0 1 standing 
10 179 467 246 620 51819 0 0 0 standing 
10 186 465 252 618 51820 0 0 1 standing 
10 193 463 259 616 51821 0 0 1 standing 
10 200 462 266 615 51822 0 0 0 standing 
10 206 461 271 614 51823 0 0 1 standing 
10 212 460 276 614 51824 0 0 1 standing 
10 218 460 282 614 51825 0 0 0 standing 
10 224 459 288 613 51826 0 0 1 standing 
10 230 458 294 613 51827 0 0 1 standing 
10 236 457 300 613 51828 0 0 1 standing 
10 242 456 306 613 51829 0 0 1 standing 
11 54 431 106 565 51810 0 0 0 standing 
11 56 430 108 564 51811 0 0 1 standing 
11 58 429 110 563 51812 0 0 1 standing 
11 60 428 112 562 51813 0 0 0 standing 
11 64 428 116 562 51814 0 0 1 standing 
11 69 429 121 562 51815 0 0 1 standing 
11 74 430 126 563 51816 0 0 0 standing 
11 78 429 130 562 51817 0 0 1 standing 
11 82 428 134 561 51818 0 0 1 standing 
11 86 428 138 560 51819 0 0 0 standing 
11 88 428 144 560 51820 0 0 1 standing 
11 90 429 150 560 51821 0 0 1 standing 
11 93 430 156 561 51822 0 0 0 standing 
11 95 431 160 561 51823 0 0 1 standing 
11 97 432 164 562 51824 0 0 1 standing 
11 99 433 169 563 51825 0 0 0 standing 
11 104 434 175 563 51826 0 0 1 standing 
11 109 435 181 564 51827 0 0 1 standing 
11 114 437 188 564 51828 0 0 1 standing 
11 119 438 194 565 51829 0 0 1 standing 
