0 609 427 660 546 56690 0 1 0 digging 
0 615 426 666 546 56691 0 1 1 digging 
0 621 425 672 546 56692 0 1 1 digging 
0 627 424 678 546 56693 0 1 1 digging 
0 633 423 684 546 56694 0 1 1 digging 
0 640 423 690 546 56695 0 1 1 digging 
0 646 422 696 546 56696 0 1 1 digging 
0 652 421 702 546 56697 0 1 1 digging 
0 658 420 708 546 56698 0 1 1 digging 
0 664 419 714 546 56699 0 1 1 digging 
0 671 419 721 547 56700 0 1 0 digging 
0 675 421 724 549 56701 0 1 1 digging 
0 679 423 727 551 56702 0 1 1 digging 
0 684 426 730 553 56703 0 1 1 digging 
0 688 428 733 556 56704 0 1 1 digging 
0 693 431 737 558 56705 0 1 1 digging 
0 697 433 740 560 56706 0 1 1 digging 
0 701 435 743 563 56707 0 1 1 digging 
0 706 438 746 565 56708 0 1 1 digging 
0 710 440 749 567 56709 0 1 1 digging 
1 718 463 818 590 56690 0 0 0 digging 
1 718 458 814 589 56691 0 0 1 standing 
1 718 453 810 589 56692 0 0 1 standing 
1 718 448 806 589 56693 0 0 1 standing 
1 718 444 803 588 56694 0 0 1 standing 
1 719 439 799 588 56695 0 0 1 standing 
1 719 434 795 588 56696 0 0 1 standing 
1 719 430 792 587 56697 0 0 1 standing 
1 719 425 788 587 56698 0 0 1 standing 
1 719 420 784 587 56699 0 0 1 standing 
1 720 416 781 587 56700 0 0 0 standing 
1 720 414 783 582 56701 0 0 1 standing 
1 720 413 786 577 56702 0 0 1 standing 
1 720 411 789 573 56703 0 0 1 standing 
1 721 410 791 568 56704 0 0 1 standing 
1 721 409 794 564 56705 0 0 1 standing 
1 721 407 797 559 56706 0 0 1 standing 
1 722 406 799 554 56707 0 0 1 standing 
1 722 404 802 550 56708 0 0 1 standing 
1 722 403 805 545 56709 0 0 1 standing 
2 869 474 980 588 56690 0 0 0 standing 
2 869 475 978 590 56691 0 0 1 moving 
2 869 477 977 593 56692 0 0 1 moving 
2 869 478 975 595 56693 0 0 1 moving 
2 869 480 974 598 56694 0 0 1 moving 
2 870 481 972 601 56695 0 0 1 moving 
2 870 483 971 603 56696 0 0 1 moving 
2 870 484 969 606 56697 0 0 1 moving 
2 870 486 968 608 56698 0 0 1 moving 
2 870 487 966 611 56699 0 0 1 moving 
2 871 489 965 614 56700 0 0 0 moving 
2 866 489 957 615 56701 0 0 1 moving 
2 861 490 949 617 56702 0 0 1 moving 
2 856 491 941 618 56703 0 0 1 moving 
2 851 491 933 620 56704 0 0 1 moving 
2 847 492 925 622 56705 0 0 1 moving 
2 842 493 917 623 56706 0 0 1 moving 
2 837 493 909 625 56707 0 0 1 moving 
2 832 494 901 626 56708 0 0 1 moving 
2 827 495 893 628 56709 0 0 1 moving 
3 985 441 1067 545 56690 0 0 0 moving 
3 985 441 1066 545 56691 0 0 1 moving 
3 985 442 1065 545 56692 0 0 1 moving 
3 985 443 1064 545 56693 0 0 1 moving 
3 985 443 1063 545 56694 0 0 1 moving 
3 985 444 1063 546 56695 0 0 1 moving 
3 985 445 1062 546 56696 0 0 1 moving 
3 985 445 1061 546 56697 0 0 1 moving 
3 985 446 1060 546 56698 0 0 1 moving 
3 985 447 1059 546 56699 0 0 1 moving 
3 986 448 1059 547 56700 0 0 0 moving 
3 983 446 1056 546 56701 0 0 1 moving 
3 980 444 1054 546 56702 0 0 1 moving 
3 977 442 1051 546 56703 0 0 1 moving 
3 974 441 1049 546 56704 0 0 1 moving 
3 971 439 1047 546 56705 0 0 1 moving 
3 968 437 1044 545 56706 0 0 1 moving 
3 965 436 1042 545 56707 0 0 1 moving 
3 962 434 1039 545 56708 0 0 1 moving 
3 959 432 1037 545 56709 0 0 1 moving 
4 1003 356 1088 463 56690 0 0 0 moving 
4 1003 356 1088 463 56691 0 0 1 moving 
4 1004 357 1089 464 56692 0 0 1 moving 
4 1004 357 1089 464 56693 0 0 1 moving 
4 1005 358 1090 465 56694 0 0 1 moving 
4 1005 358 1090 465 56695 0 0 1 moving 
4 1006 359 1091 466 56696 0 0 1 moving 
4 1006 359 1091 466 56697 0 0 1 moving 
4 1007 360 1092 467 56698 0 0 1 moving 
4 1007 360 1092 467 56699 0 0 1 moving 
4 1008 361 1093 468 56700 0 0 0 moving 
4 1006 360 1087 467 56701 0 0 1 moving 
4 1004 359 1082 466 56702 0 0 1 moving 
4 1002 358 1077 465 56703 0 0 1 moving 
4 1000 357 1071 464 56704 0 0 1 moving 
4 998 357 1066 463 56705 0 0 1 moving 
4 996 356 1061 462 56706 0 0 1 moving 
4 994 355 1055 461 56707 0 0 1 moving 
4 992 354 1050 460 56708 0 0 1 moving 
4 990 353 1045 459 56709 0 0 1 moving 
5 930 393 997 512 56690 0 0 0 moving 
5 936 392 1001 511 56691 0 0 1 standing 
5 943 392 1006 511 56692 0 0 1 standing 
5 950 391 1011 510 56693 0 0 1 standing 
5 957 391 1016 510 56694 0 0 1 standing 
5 964 391 1021 509 56695 0 0 1 standing 
5 970 390 1026 509 56696 0 0 1 standing 
5 977 390 1031 508 56697 0 0 1 standing 
5 984 389 1036 508 56698 0 0 1 standing 
5 991 389 1041 507 56699 0 0 1 standing 
5 998 389 1046 507 56700 0 0 0 standing 
5 1001 390 1049 508 56701 0 0 1 standing 
5 1005 391 1053 509 56702 0 0 1 standing 
5 1009 392 1057 510 56703 0 0 1 standing 
5 1012 394 1060 512 56704 0 0 1 standing 
5 1016 395 1064 513 56705 0 0 1 standing 
5 1020 396 1068 514 56706 0 0 1 standing 
5 1023 398 1071 516 56707 0 0 1 standing 
5 1027 399 1075 517 56708 0 0 1 standing 
5 1031 400 1079 518 56709 0 0 1 standing 
6 121 419 170 551 56690 0 0 0 standing 
6 128 418 177 550 56691 0 0 1 standing 
6 135 418 184 550 56692 0 0 1 standing 
6 142 418 191 550 56693 0 0 1 standing 
6 149 418 198 550 56694 0 0 1 standing 
6 156 418 205 550 56695 0 0 1 standing 
6 163 417 212 549 56696 0 0 1 standing 
6 170 417 219 549 56697 0 0 1 standing 
6 177 417 226 549 56698 0 0 1 standing 
6 184 417 233 549 56699 0 0 1 standing 
6 191 417 240 549 56700 0 0 0 standing 
6 195 418 244 549 56701 0 0 1 standing 
6 200 420 248 549 56702 0 0 1 standing 
6 204 422 253 550 56703 0 0 1 standing 
6 209 423 257 550 56704 0 0 1 standing 
6 213 425 262 551 56705 0 0 1 standing 
6 218 427 266 551 56706 0 0 1 standing 
6 222 428 270 551 56707 0 0 1 standing 
6 227 430 275 552 56708 0 0 1 standing 
6 231 432 279 552 56709 0 0 1 standing 
7 259 484 323 615 56690 0 0 0 standing 
7 262 483 325 615 56691 0 0 1 standing 
7 265 483 327 615 56692 0 0 1 standing 
7 268 483 329 615 56693 0 0 1 standing 
7 272 483 331 616 56694 0 0 1 standing 
7 275 483 333 616 56695 0 0 1 standing 
7 278 483 335 616 56696 0 0 1 standing 
7 282 483 337 617 56697 0 0 1 standing 
7 285 483 339 617 56698 0 0 1 standing 
7 288 483 341 617 56699 0 0 1 standing 
7 292 483 344 618 56700 0 0 0 standing 
7 293 485 347 618 56701 0 0 1 standing 
7 295 487 350 618 56702 0 0 1 standing 
7 297 489 353 618 56703 0 0 1 standing 
7 299 491 356 619 56704 0 0 1 standing 
7 301 493 359 619 56705 0 0 1 standing 
7 302 495 362 619 56706 0 0 1 standing 
7 304 497 365 620 56707 0 0 1 standing 
7 306 499 368 620 56708 0 0 1 standing 
7 308 501 371 620 56709 0 0 1 standing 
8 316 405 363 523 56690 0 0 0 standing 
8 320 405 370 522 56691 0 0 1 standing 
8 325 405 377 521 56692 0 0 1 standing 
8 330 405 384 520 56693 0 0 1 standing 
8 335 406 391 520 56694 0 0 1 standing 
8 340 406 398 519 56695 0 0 1 standing 
8 344 406 405 518 56696 0 0 1 standing 
8 349 407 412 518 56697 0 0 1 standing 
8 354 407 419 517 56698 0 0 1 standing 
8 359 407 426 516 56699 0 0 1 standing 
8 364 408 433 516 56700 0 0 0 standing 
8 372 408 441 515 56701 0 0 1 standing 
8 381 408 450 514 56702 0 0 1 standing 
8 389 409 458 513 56703 0 0 1 standing 
8 398 409 467 512 56704 0 0 1 standing 
8 407 410 475 512 56705 0 0 1 standing 
8 415 410 484 511 56706 0 0 1 standing 
8 424 410 492 510 56707 0 0 1 standing 
8 432 411 501 509 56708 0 0 1 standing 
8 441 411 509 508 56709 0 0 1 standing 
9 529 447 581 601 56690 0 0 0 standing 
9 535 448 587 601 56691 0 0 1 standing 
9 541 449 593 601 56692 0 0 1 standing 
9 547 450 599 601 56693 0 0 1 standing 
9 553 452 605 601 56694 0 0 1 standing 
9 559 453 611 602 56695 0 0 1 standing 
9 565 454 617 602 56696 0 0 1 standing 
9 571 456 623 602 56697 0 0 1 standing 
9 577 457 629 602 56698 0 0 1 standing 
9 583 458 635 602 56699 0 0 1 standing 
9 590 460 641 603 56700 0 0 0 standing 
9 594 462 645 605 56701 0 0 1 standing 
9 599 464 650 607 56702 0 0 1 standing 
9 604 466 655 609 56703 0 0 1 standing 
9 608 468 659 611 56704 0 0 1 standing 
9 613 471 664 614 56705 0 0 1 standing 
9 618 473 669 616 56706 0 0 1 standing 
9 622 475 673 618 56707 0 0 1 standing 
9 627 477 678 620 56708 0 0 1 standing 
9 632 479 683 622 56709 0 0 1 standing 
10 532 412 584 562 56690 0 0 0 standing 
10 539 413 591 563 56691 0 0 1 blocking 
10 546 414 598 564 56692 0 0 1 blocking 
10 553 415 605 565 56693 0 0 1 blocking 
10 560 416 612 566 56694 0 0 1 blocking 
10 568 417 620 567 56695 0 0 1 blocking 
10 575 418 627 568 56696 0 0 1 blocking 
10 582 419 634 569 56697 0 0 1 blocking 
10 589 420 641 570 56698 0 0 1 blocking 
10 596 421 648 571 56699 0 0 1 blocking 
10 604 423 656 573 56700 0 0 0 blocking 
10 609 424 660 574 56701 0 0 1 blocking 
10 614 426 664 575 56702 0 0 1 blocking 
10 619 427 668 576 56703 0 0 1 blocking 
10 624 429 673 577 56704 0 0 1 blocking 
10 629 430 677 578 56705 0 0 1 blocking 
10 634 432 681 579 56706 0 0 1 blocking 
10 639 433 686 580 56707 0 0 1 blocking 
10 644 435 690 581 56708 0 0 1 blocking 
10 649 436 694 582 56709 0 0 1 blocking 
11 534 395 591 534 56690 0 0 0 blocking 
11 540 397 595 535 56691 0 0 1 blocking 
11 546 400 600 537 56692 0 0 1 blocking 
11 552 402 605 538 56693 0 0 1 blocking 
11 559 405 609 540 56694 0 0 1 blocking 
11 565 407 614 542 56695 0 0 1 blocking 
11 571 410 619 543 56696 0 0 1 blocking 
11 578 412 623 545 56697 0 0 1 blocking 
11 584 415 628 546 56698 0 0 1 blocking 
11 590 417 633 548 56699 0 0 1 blocking 
11 597 420 638 550 56700 0 0 0 blocking 
11 600 420 641 550 56701 0 0 1 blocking 
11 604 420 645 550 56702 0 0 1 blocking 
11 608 420 649 550 56703 0 0 1 blocking 
11 611 420 652 550 56704 0 0 1 blocking 
11 615 420 656 550 56705 0 0 1 blocking 
11 619 420 660 550 56706 0 0 1 blocking 
11 622 420 663 550 56707 0 0 1 blocking 
11 626 420 667 550 56708 0 0 1 blocking 
11 630 420 671 550 56709 0 0 1 blocking 
