0 702 403 778 525 39070 0 1 0 spiking 
0 697 395 773 519 39071 0 1 1 spiking 
0 693 388 769 514 39072 0 1 1 spiking 
0 689 380 765 509 39073 0 1 1 spiking 
0 685 373 760 504 39074 0 1 1 spiking 
0 681 366 756 499 39075 0 1 1 spiking 
0 676 358 752 494 39076 0 1 1 spiking 
0 672 351 747 489 39077 0 1 1 spiking 
0 668 343 743 484 39078 0 1 1 spiking 
0 664 336 739 479 39079 0 1 1 spiking 
0 660 329 735 474 39080 0 1 0 spiking 
0 657 333 731 478 39081 0 1 1 spiking 
0 654 337 727 482 39082 0 1 1 spiking 
0 651 341 723 486 39083 0 1 1 spiking 
0 648 345 719 490 39084 0 1 1 spiking 
0 646 350 716 495 39085 0 1 1 spiking 
0 643 354 712 499 39086 0 1 1 spiking 
0 640 358 708 503 39087 0 1 1 spiking 
0 637 362 704 507 39088 0 1 1 spiking 
0 634 366 700 511 39089 0 1 1 spiking 
1 430 402 473 535 39070 0 1 0 spiking 
1 434 393 478 532 39071 0 1 1 blocking 
1 438 385 483 530 39072 0 1 1 blocking 
1 442 377 488 527 39073 0 1 1 blocking 
1 447 368 493 525 39074 0 1 1 blocking 
1 451 360 498 522 39075 0 1 1 blocking 
1 455 352 503 520 39076 0 1 1 blocking 
1 460 343 508 517 39077 0 1 1 blocking 
1 464 335 513 515 39078 0 1 1 blocking 
1 468 327 518 512 39079 0 1 1 blocking 
1 473 319 524 510 39080 0 1 0 blocking 
1 478 318 529 509 39081 0 1 1 blocking 
1 483 318 534 508 39082 0 1 1 blocking 
1 489 318 540 507 39083 0 1 1 blocking 
1 494 317 545 506 39084 0 1 1 blocking 
1 500 317 551 505 39085 0 1 1 blocking 
1 505 317 556 504 39086 0 1 1 blocking 
1 510 316 561 503 39087 0 1 1 blocking 
1 516 316 567 502 39088 0 1 1 blocking 
1 521 316 572 501 39089 0 1 1 blocking 
2 59 447 126 584 39070 0 0 0 blocking 
2 60 447 127 584 39071 0 0 1 waiting 
2 61 447 128 584 39072 0 0 1 waiting 
2 62 447 129 584 39073 0 0 1 waiting 
2 64 447 131 585 39074 0 0 1 waiting 
2 65 448 132 585 39075 0 0 1 waiting 
2 66 448 133 585 39076 0 0 1 waiting 
2 68 448 135 586 39077 0 0 1 waiting 
2 69 448 136 586 39078 0 0 1 waiting 
2 70 448 137 586 39079 0 0 1 waiting 
2 72 449 139 587 39080 0 0 0 waiting 
2 72 449 139 586 39081 0 0 1 waiting 
2 72 450 139 585 39082 0 0 1 waiting 
2 73 451 139 585 39083 0 0 1 waiting 
2 73 452 139 584 39084 0 0 1 waiting 
2 73 452 139 583 39085 0 0 1 waiting 
2 74 453 139 583 39086 0 0 1 waiting 
2 74 454 139 582 39087 0 0 1 waiting 
2 75 455 140 582 39088 0 0 0 waiting 
2 75 455 140 582 39089 0 0 1 waiting 
3 101 378 167 483 39070 0 0 0 waiting 
3 103 378 169 483 39071 0 0 1 standing 
3 105 378 171 483 39072 0 0 1 standing 
3 107 378 173 483 39073 0 0 1 standing 
3 109 378 175 484 39074 0 0 1 standing 
3 111 379 177 484 39075 0 0 1 standing 
3 113 379 179 484 39076 0 0 1 standing 
3 115 379 181 485 39077 0 0 1 standing 
3 117 379 183 485 39078 0 0 1 standing 
3 119 379 185 485 39079 0 0 1 standing 
3 122 380 187 486 39080 0 0 0 standing 
3 124 380 190 486 39081 0 0 1 standing 
3 126 381 193 486 39082 0 0 1 standing 
3 128 381 196 487 39083 0 0 1 standing 
3 130 382 199 487 39084 0 0 1 standing 
3 132 382 203 488 39085 0 0 1 standing 
3 134 383 206 488 39086 0 0 1 standing 
3 136 383 209 488 39087 0 0 1 standing 
3 138 384 212 489 39088 0 0 1 standing 
3 140 384 215 489 39089 0 0 1 standing 
4 127 470 216 611 39070 0 0 0 standing 
4 127 469 214 610 39071 0 0 1 standing 
4 128 469 213 610 39072 0 0 1 standing 
4 128 469 212 610 39073 0 0 1 standing 
4 129 468 211 610 39074 0 0 1 standing 
4 129 468 210 610 39075 0 0 1 standing 
4 130 468 209 610 39076 0 0 1 standing 
4 130 467 208 610 39077 0 0 1 standing 
4 131 467 207 610 39078 0 0 1 standing 
4 131 467 206 610 39079 0 0 1 standing 
4 132 467 205 610 39080 0 0 0 standing 
4 133 467 206 610 39081 0 0 1 standing 
4 134 468 207 611 39082 0 0 1 standing 
4 135 468 208 611 39083 0 0 1 standing 
4 137 469 210 612 39084 0 0 1 standing 
4 138 470 211 612 39085 0 0 1 standing 
4 139 470 212 613 39086 0 0 1 standing 
4 140 471 213 613 39087 0 0 1 standing 
4 142 472 215 614 39088 0 0 0 standing 
4 142 472 215 614 39089 0 0 1 standing 
5 369 464 450 591 39070 0 0 0 standing 
5 370 463 451 590 39071 0 0 1 standing 
5 371 462 452 589 39072 0 0 1 standing 
5 372 461 453 588 39073 0 0 1 standing 
5 374 461 455 588 39074 0 0 1 standing 
5 375 460 456 587 39075 0 0 1 standing 
5 376 459 457 586 39076 0 0 1 standing 
5 377 459 459 586 39077 0 0 1 standing 
5 379 458 460 585 39078 0 0 1 standing 
5 380 457 461 584 39079 0 0 1 standing 
5 381 457 463 584 39080 0 0 1 standing 
5 382 456 464 583 39081 0 0 1 standing 
5 384 455 465 582 39082 0 0 1 standing 
5 385 454 466 581 39083 0 0 1 standing 
5 386 454 468 581 39084 0 0 1 standing 
5 387 453 469 580 39085 0 0 1 standing 
5 389 452 470 579 39086 0 0 1 standing 
5 390 452 472 579 39087 0 0 1 standing 
5 391 451 473 578 39088 0 0 1 standing 
5 392 450 474 577 39089 0 0 1 standing 
6 429 384 481 511 39070 0 0 0 standing 
6 431 383 483 511 39071 0 0 1 blocking 
6 434 383 486 511 39072 0 0 1 blocking 
6 436 383 488 511 39073 0 0 1 blocking 
6 439 383 491 511 39074 0 0 1 blocking 
6 442 383 494 511 39075 0 0 1 blocking 
6 444 383 496 511 39076 0 0 1 blocking 
6 447 383 499 511 39077 0 0 1 blocking 
6 449 383 501 511 39078 0 0 1 blocking 
6 452 383 504 511 39079 0 0 1 blocking 
6 455 383 507 511 39080 0 0 0 blocking 
6 457 382 510 508 39081 0 0 1 blocking 
6 459 382 513 505 39082 0 0 1 blocking 
6 461 382 516 502 39083 0 0 1 blocking 
6 463 382 520 499 39084 0 0 1 blocking 
6 465 382 523 496 39085 0 0 1 blocking 
6 467 382 526 493 39086 0 0 1 blocking 
6 469 382 530 490 39087 0 0 1 blocking 
6 471 382 533 487 39088 0 0 1 blocking 
6 473 382 536 484 39089 0 0 1 blocking 
7 564 380 625 498 39070 0 0 0 blocking 
7 563 376 623 494 39071 0 0 1 standing 
7 563 373 621 490 39072 0 0 1 standing 
7 563 370 619 486 39073 0 0 1 standing 
7 562 366 618 483 39074 0 0 1 standing 
7 562 363 616 479 39075 0 0 1 standing 
7 562 360 614 475 39076 0 0 1 standing 
7 561 356 613 472 39077 0 0 1 standing 
7 561 353 611 468 39078 0 0 1 standing 
7 561 350 609 464 39079 0 0 1 standing 
7 561 347 608 461 39080 0 0 0 standing 
7 566 346 613 460 39081 0 0 1 standing 
7 571 345 618 459 39082 0 0 1 standing 
7 576 344 623 458 39083 0 0 1 standing 
7 581 344 628 458 39084 0 0 1 standing 
7 586 343 633 457 39085 0 0 1 standing 
7 591 342 638 456 39086 0 0 1 standing 
7 596 342 643 456 39087 0 0 1 standing 
7 601 341 648 455 39088 0 0 1 standing 
7 606 340 653 454 39089 0 0 1 standing 
8 576 363 624 474 39070 0 0 0 standing 
8 580 362 628 475 39071 0 0 1 standing 
8 585 362 633 476 39072 0 0 1 standing 
8 590 362 638 477 39073 0 0 1 standing 
8 595 362 642 478 39074 0 0 1 standing 
8 600 362 647 479 39075 0 0 1 standing 
8 604 361 652 480 39076 0 0 1 standing 
8 609 361 656 481 39077 0 0 1 standing 
8 614 361 661 482 39078 0 0 1 standing 
8 619 361 666 483 39079 0 0 1 standing 
8 624 361 671 485 39080 0 0 0 standing 
8 629 362 676 486 39081 0 0 1 standing 
8 634 364 681 488 39082 0 0 1 standing 
8 639 365 686 490 39083 0 0 1 standing 
8 644 367 691 491 39084 0 0 1 standing 
8 650 369 697 493 39085 0 0 1 standing 
8 655 370 702 495 39086 0 0 1 standing 
8 660 372 707 496 39087 0 0 1 standing 
8 665 373 712 498 39088 0 0 1 standing 
8 670 375 717 500 39089 0 0 1 standing 
9 778 450 839 570 39070 0 0 0 standing 
9 772 448 832 568 39071 0 0 1 standing 
9 767 447 825 567 39072 0 0 1 standing 
9 761 446 819 566 39073 0 0 1 standing 
9 756 444 812 564 39074 0 0 1 standing 
9 751 443 806 563 39075 0 0 1 standing 
9 745 442 799 562 39076 0 0 1 standing 
9 740 440 792 560 39077 0 0 1 standing 
9 734 439 786 559 39078 0 0 1 standing 
9 729 438 779 558 39079 0 0 1 standing 
9 724 437 773 557 39080 0 0 0 standing 
9 723 437 773 556 39081 0 0 1 standing 
9 722 437 774 556 39082 0 0 1 standing 
9 721 437 774 556 39083 0 0 1 standing 
9 720 437 775 556 39084 0 0 1 standing 
9 719 437 776 556 39085 0 0 1 standing 
9 718 437 776 556 39086 0 0 1 standing 
9 717 437 777 556 39087 0 0 1 standing 
9 716 437 777 556 39088 0 0 1 standing 
9 715 437 778 556 39089 0 0 1 standing 
10 682 463 767 614 39070 0 0 0 standing 
10 679 462 761 613 39071 0 0 1 standing 
10 677 462 755 613 39072 0 0 1 standing 
10 675 462 749 612 39073 0 0 1 standing 
10 673 462 743 612 39074 0 0 1 standing 
10 671 462 737 612 39075 0 0 1 standing 
10 668 461 731 611 39076 0 0 1 standing 
10 666 461 725 611 39077 0 0 1 standing 
10 664 461 719 610 39078 0 0 1 standing 
10 662 461 713 610 39079 0 0 1 standing 
10 660 461 707 610 39080 0 0 0 standing 
10 659 460 707 609 39081 0 0 1 standing 
10 658 460 708 609 39082 0 0 1 standing 
10 657 460 708 608 39083 0 0 1 standing 
10 656 459 709 608 39084 0 0 1 standing 
10 655 459 710 608 39085 0 0 1 standing 
10 654 459 710 607 39086 0 0 1 standing 
10 653 458 711 607 39087 0 0 1 standing 
10 652 458 711 606 39088 0 0 1 standing 
10 651 458 712 606 39089 0 0 1 standing 
11 721 373 775 501 39070 0 0 0 standing 
11 724 373 778 499 39071 0 0 1 standing 
11 728 374 781 498 39072 0 0 1 standing 
11 731 374 785 497 39073 0 0 1 standing 
11 735 375 788 496 39074 0 0 1 standing 
11 739 376 792 495 39075 0 0 1 standing 
11 742 376 795 494 39076 0 0 1 standing 
11 746 377 798 493 39077 0 0 1 standing 
11 749 377 802 492 39078 0 0 1 standing 
11 753 378 805 491 39079 0 0 1 standing 
11 757 379 809 490 39080 0 0 0 standing 
11 763 379 815 490 39081 0 0 1 standing 
11 769 380 821 491 39082 0 0 1 standing 
11 775 380 827 491 39083 0 0 1 standing 
11 781 381 833 492 39084 0 0 1 standing 
11 787 382 839 493 39085 0 0 1 standing 
11 793 382 845 493 39086 0 0 1 standing 
11 799 383 851 494 39087 0 0 1 standing 
11 805 383 857 494 39088 0 0 1 standing 
11 811 384 863 495 39089 0 0 1 standing 
