0 604 391 643 501 34130 0 1 0 blocking 
0 605 382 644 496 34131 0 1 1 blocking 
0 607 374 646 491 34132 0 1 1 blocking 
0 609 365 648 486 34133 0 1 1 blocking 
0 611 357 650 482 34134 0 1 1 blocking 
0 613 349 652 477 34135 0 1 1 blocking 
0 615 340 654 472 34136 0 1 1 blocking 
0 617 332 656 468 34137 0 1 1 blocking 
0 619 323 658 463 34138 0 1 1 blocking 
0 621 315 660 458 34139 0 1 1 blocking 
0 623 307 662 454 34140 0 1 0 blocking 
0 626 313 666 457 34141 0 1 1 blocking 
0 630 319 670 460 34142 0 1 1 blocking 
0 634 326 674 463 34143 0 1 1 blocking 
0 638 332 678 466 34144 0 1 1 blocking 
0 642 339 682 469 34145 0 1 1 blocking 
0 646 345 686 472 34146 0 1 1 blocking 
0 650 351 690 475 34147 0 1 1 blocking 
0 654 358 694 478 34148 0 1 1 blocking 
0 658 364 698 481 34149 0 1 1 blocking 
1 702 377 760 493 34130 0 1 0 blocking 
1 701 369 759 485 34131 0 1 1 spiking 
1 701 362 759 477 34132 0 1 1 spiking 
1 701 354 759 470 34133 0 1 1 spiking 
1 701 347 759 462 34134 0 1 1 spiking 
1 701 339 759 455 34135 0 1 1 spiking 
1 701 332 759 447 34136 0 1 1 spiking 
1 701 325 759 440 34137 0 1 0 spiking 
1 700 323 758 438 34138 0 1 1 spiking 
1 700 321 758 436 34139 0 1 1 spiking 
1 700 320 758 435 34140 0 1 0 spiking 
1 702 323 758 438 34141 0 1 1 spiking 
1 704 327 759 442 34142 0 1 1 spiking 
1 706 331 760 445 34143 0 1 1 spiking 
1 709 335 761 449 34144 0 1 1 spiking 
1 711 339 762 453 34145 0 1 1 spiking 
1 713 342 762 456 34146 0 1 1 spiking 
1 716 346 763 460 34147 0 1 1 spiking 
1 718 350 764 463 34148 0 1 1 spiking 
1 720 354 765 467 34149 0 1 1 spiking 
2 291 474 355 589 34130 0 0 0 spiking 
2 291 472 354 587 34131 0 0 1 standing 
2 292 470 353 586 34132 0 0 1 standing 
2 292 468 353 585 34133 0 0 1 standing 
2 293 466 352 583 34134 0 0 1 standing 
2 293 465 352 582 34135 0 0 1 standing 
2 294 463 351 581 34136 0 0 1 standing 
2 294 461 350 579 34137 0 0 1 standing 
2 295 459 350 578 34138 0 0 1 standing 
2 295 457 349 577 34139 0 0 1 standing 
2 296 456 349 576 34140 0 0 0 standing 
2 298 457 351 576 34141 0 0 1 standing 
2 301 458 354 577 34142 0 0 1 standing 
2 303 459 356 578 34143 0 0 1 standing 
2 306 460 359 579 34144 0 0 1 standing 
2 309 461 362 580 34145 0 0 1 standing 
2 311 462 364 581 34146 0 0 1 standing 
2 314 463 367 582 34147 0 0 1 standing 
2 316 464 369 583 34148 0 0 1 standing 
2 319 465 372 584 34149 0 0 1 standing 
3 273 426 330 539 34130 0 0 0 standing 
3 273 425 330 538 34131 0 0 1 standing 
3 274 425 331 538 34132 0 0 1 standing 
3 275 424 332 538 34133 0 0 1 standing 
3 276 424 333 537 34134 0 0 1 standing 
3 277 424 334 537 34135 0 0 1 standing 
3 278 423 335 537 34136 0 0 1 standing 
3 279 423 336 536 34137 0 0 1 standing 
3 280 422 337 536 34138 0 0 1 standing 
3 281 422 338 536 34139 0 0 1 standing 
3 282 422 339 536 34140 0 0 0 standing 
3 283 422 340 536 34141 0 0 1 standing 
3 284 422 341 536 34142 0 0 1 standing 
3 285 422 342 536 34143 0 0 1 standing 
3 286 422 343 536 34144 0 0 1 standing 
3 287 423 344 536 34145 0 0 1 standing 
3 288 423 345 536 34146 0 0 1 standing 
3 289 423 346 536 34147 0 0 1 standing 
3 290 423 347 536 34148 0 0 1 standing 
3 291 423 348 536 34149 0 0 1 standing 
4 348 389 400 481 34130 0 0 0 standing 
4 348 387 400 480 34131 0 0 1 standing 
4 348 386 400 479 34132 0 0 1 standing 
4 348 385 400 478 34133 0 0 1 standing 
4 348 384 400 477 34134 0 0 1 standing 
4 349 383 401 476 34135 0 0 1 standing 
4 349 381 401 475 34136 0 0 1 standing 
4 349 380 401 474 34137 0 0 1 standing 
4 349 379 401 473 34138 0 0 1 standing 
4 349 378 401 472 34139 0 0 1 standing 
4 350 377 402 471 34140 0 0 0 standing 
4 351 377 403 471 34141 0 0 1 standing 
4 352 378 404 472 34142 0 0 1 standing 
4 353 378 405 473 34143 0 0 1 standing 
4 354 379 406 473 34144 0 0 1 standing 
4 355 380 407 474 34145 0 0 1 standing 
4 356 380 408 475 34146 0 0 1 standing 
4 357 381 409 475 34147 0 0 1 standing 
4 358 381 410 476 34148 0 0 1 standing 
4 359 382 411 477 34149 0 0 1 standing 
5 565 477 616 601 34130 0 0 0 standing 
5 565 476 616 600 34131 0 0 1 standing 
5 565 475 616 599 34132 0 0 1 standing 
5 565 474 616 598 34133 0 0 1 standing 
5 565 473 616 598 34134 0 0 1 standing 
5 565 473 616 597 34135 0 0 1 standing 
5 565 472 616 596 34136 0 0 1 standing 
5 565 471 616 596 34137 0 0 1 standing 
5 565 470 616 595 34138 0 0 1 standing 
5 565 469 616 594 34139 0 0 1 standing 
5 565 469 616 594 34140 0 0 0 standing 
5 564 468 618 593 34141 0 0 1 standing 
5 564 468 621 593 34142 0 0 1 standing 
5 564 468 624 593 34143 0 0 1 standing 
5 563 468 627 593 34144 0 0 1 standing 
5 563 468 630 593 34145 0 0 1 standing 
5 563 467 633 592 34146 0 0 1 standing 
5 562 467 636 592 34147 0 0 1 standing 
5 562 467 639 592 34148 0 0 1 standing 
5 562 467 642 592 34149 0 0 1 standing 
6 585 441 634 565 34130 0 0 0 standing 
6 586 438 635 562 34131 0 0 1 standing 
6 587 436 636 560 34132 0 0 1 standing 
6 588 434 637 558 34133 0 0 1 standing 
6 590 432 639 556 34134 0 0 1 standing 
6 591 430 640 554 34135 0 0 1 standing 
6 592 427 641 552 34136 0 0 1 standing 
6 594 425 643 550 34137 0 0 1 standing 
6 595 423 644 548 34138 0 0 1 standing 
6 596 421 645 546 34139 0 0 1 standing 
6 598 419 647 544 34140 0 0 0 standing 
6 600 418 649 543 34141 0 0 1 standing 
6 602 418 651 542 34142 0 0 1 standing 
6 604 417 653 542 34143 0 0 1 standing 
6 607 417 656 541 34144 0 0 1 standing 
6 609 416 658 541 34145 0 0 1 standing 
6 611 416 660 540 34146 0 0 1 standing 
6 614 415 663 539 34147 0 0 1 standing 
6 616 415 665 539 34148 0 0 1 standing 
6 618 414 667 538 34149 0 0 1 standing 
7 672 399 719 512 34130 0 0 0 standing 
7 674 397 720 510 34131 0 0 1 standing 
7 677 396 721 509 34132 0 0 1 standing 
7 679 395 723 508 34133 0 0 1 standing 
7 682 394 724 507 34134 0 0 1 standing 
7 685 393 726 506 34135 0 0 1 standing 
7 687 392 727 504 34136 0 0 1 standing 
7 690 391 728 503 34137 0 0 1 standing 
7 692 390 730 502 34138 0 0 1 standing 
7 695 389 731 501 34139 0 0 1 standing 
7 698 388 733 500 34140 0 0 0 standing 
7 702 389 737 502 34141 0 0 1 standing 
7 707 391 742 504 34142 0 0 1 standing 
7 711 393 746 506 34143 0 0 1 standing 
7 716 395 751 508 34144 0 0 1 standing 
7 720 397 755 510 34145 0 0 1 standing 
7 725 399 760 512 34146 0 0 1 standing 
7 729 401 764 514 34147 0 0 1 standing 
7 734 403 769 516 34148 0 0 1 standing 
7 738 405 773 518 34149 0 0 1 standing 
8 844 411 881 523 34130 0 0 0 standing 
8 839 411 876 523 34131 0 0 1 standing 
8 835 412 872 524 34132 0 0 1 standing 
8 831 412 868 525 34133 0 0 1 standing 
8 826 413 863 525 34134 0 0 1 standing 
8 822 414 859 526 34135 0 0 1 standing 
8 818 414 855 527 34136 0 0 1 standing 
8 813 415 850 527 34137 0 0 1 standing 
8 809 415 846 528 34138 0 0 1 standing 
8 805 416 842 529 34139 0 0 1 standing 
8 801 417 838 530 34140 0 0 0 standing 
8 803 418 840 532 34141 0 0 1 standing 
8 805 420 842 534 34142 0 0 1 standing 
8 808 422 845 536 34143 0 0 1 standing 
8 810 424 847 538 34144 0 0 1 standing 
8 813 426 850 540 34145 0 0 1 standing 
8 815 428 852 542 34146 0 0 1 standing 
8 817 430 854 544 34147 0 0 1 standing 
8 820 432 857 546 34148 0 0 1 standing 
8 822 434 859 548 34149 0 0 1 standing 
9 936 380 973 494 34130 0 0 0 standing 
9 930 379 968 492 34131 0 0 1 standing 
9 925 378 963 491 34132 0 0 1 standing 
9 920 377 958 490 34133 0 0 1 standing 
9 914 376 953 489 34134 0 0 1 standing 
9 909 375 949 488 34135 0 0 1 standing 
9 904 374 944 487 34136 0 0 1 standing 
9 898 373 939 486 34137 0 0 1 standing 
9 893 372 934 485 34138 0 0 1 standing 
9 888 371 929 484 34139 0 0 1 standing 
9 883 370 925 483 34140 0 0 0 standing 
9 883 372 925 485 34141 0 0 1 standing 
9 884 374 926 487 34142 0 0 1 standing 
9 885 376 926 489 34143 0 0 1 standing 
9 885 378 927 491 34144 0 0 1 standing 
9 886 380 928 493 34145 0 0 1 standing 
9 887 382 928 495 34146 0 0 1 standing 
9 887 384 929 497 34147 0 0 1 standing 
9 888 386 929 499 34148 0 0 1 standing 
9 889 388 930 501 34149 0 0 1 standing 
10 856 439 923 569 34130 0 0 0 standing 
10 853 438 918 568 34131 0 0 1 standing 
10 851 437 913 567 34132 0 0 1 standing 
10 848 436 908 566 34133 0 0 1 standing 
10 846 435 903 565 34134 0 0 1 standing 
10 844 434 898 564 34135 0 0 1 standing 
10 841 433 893 563 34136 0 0 1 standing 
10 839 432 888 562 34137 0 0 1 standing 
10 836 431 883 561 34138 0 0 1 standing 
10 834 430 878 560 34139 0 0 1 standing 
10 832 430 874 560 34140 0 0 0 standing 
10 832 431 876 561 34141 0 0 1 standing 
10 833 432 878 562 34142 0 0 1 standing 
10 834 433 880 563 34143 0 0 1 standing 
10 835 434 882 564 34144 0 0 1 standing 
10 836 435 884 566 34145 0 0 1 standing 
10 836 436 886 567 34146 0 0 1 standing 
10 837 437 888 568 34147 0 0 1 standing 
10 838 438 890 569 34148 0 0 1 standing 
10 839 439 892 570 34149 0 0 1 standing 
11 897 497 1002 637 34130 0 0 0 standing 
11 889 494 989 634 34131 0 0 1 moving 
11 882 492 976 632 34132 0 0 1 moving 
11 875 490 963 629 34133 0 0 1 moving 
11 868 488 950 627 34134 0 0 1 moving 
11 861 486 937 625 34135 0 0 1 moving 
11 853 484 924 622 34136 0 0 1 moving 
11 846 482 911 620 34137 0 0 1 moving 
11 839 480 898 617 34138 0 0 1 moving 
11 832 478 885 615 34139 0 0 1 moving 
11 825 476 873 613 34140 0 0 0 moving 
11 818 476 869 613 34141 0 0 1 moving 
11 812 476 865 613 34142 0 0 1 moving 
11 806 476 861 613 34143 0 0 1 moving 
11 799 477 857 614 34144 0 0 1 moving 
11 793 477 853 614 34145 0 0 1 moving 
11 787 477 849 614 34146 0 0 1 moving 
11 780 478 845 615 34147 0 0 1 moving 
11 774 478 841 615 34148 0 0 1 moving 
11 768 478 837 615 34149 0 0 1 moving 
