0 231 417 298 593 36245 0 1 0 spiking 
0 237 414 303 585 36246 0 1 1 spiking 
0 244 412 309 577 36247 0 1 1 spiking 
0 250 410 314 570 36248 0 1 1 spiking 
0 257 407 320 562 36249 0 1 1 spiking 
0 263 405 325 554 36250 0 1 1 spiking 
0 270 403 331 547 36251 0 1 0 spiking 
0 276 400 337 545 36252 0 1 1 spiking 
0 283 398 343 544 36253 0 1 1 spiking 
0 290 396 349 543 36254 0 1 1 spiking 
0 297 394 356 542 36255 0 1 0 spiking 
0 299 398 358 545 36256 0 1 1 spiking 
0 302 403 361 549 36257 0 1 1 spiking 
0 304 408 363 553 36258 0 1 1 spiking 
0 307 412 366 556 36259 0 1 1 spiking 
0 310 417 368 560 36260 0 1 1 spiking 
0 312 422 371 564 36261 0 1 1 spiking 
0 315 426 373 567 36262 0 1 1 spiking 
0 317 431 376 571 36263 0 1 1 spiking 
0 320 436 378 575 36264 0 1 1 spiking 
1 582 408 629 547 36245 0 1 0 spiking 
1 577 404 624 543 36246 0 1 1 blocking 
1 573 401 620 540 36247 0 1 1 blocking 
1 569 397 616 536 36248 0 1 1 blocking 
1 565 394 612 533 36249 0 1 1 blocking 
1 561 391 608 530 36250 0 1 1 blocking 
1 557 387 604 526 36251 0 1 1 blocking 
1 553 384 600 523 36252 0 1 1 blocking 
1 549 380 596 519 36253 0 1 1 blocking 
1 545 377 592 516 36254 0 1 1 blocking 
1 541 374 588 513 36255 0 1 0 blocking 
1 537 377 584 516 36256 0 1 1 blocking 
1 534 381 581 519 36257 0 1 1 blocking 
1 531 385 578 522 36258 0 1 1 blocking 
1 528 389 575 525 36259 0 1 1 blocking 
1 525 393 572 528 36260 0 1 1 blocking 
1 522 396 568 531 36261 0 1 1 blocking 
1 519 400 565 534 36262 0 1 1 blocking 
1 516 404 562 537 36263 0 1 1 blocking 
1 513 408 559 540 36264 0 1 1 blocking 
2 577 391 619 517 36245 0 1 0 blocking 
2 575 388 618 515 36246 0 1 1 blocking 
2 573 386 617 513 36247 0 1 1 blocking 
2 571 383 617 511 36248 0 1 1 blocking 
2 569 381 616 509 36249 0 1 1 blocking 
2 568 379 616 507 36250 0 1 1 blocking 
2 566 376 615 505 36251 0 1 1 blocking 
2 564 374 614 503 36252 0 1 1 blocking 
2 562 371 614 501 36253 0 1 1 blocking 
2 560 369 613 499 36254 0 1 1 blocking 
2 559 367 613 497 36255 0 1 0 blocking 
2 558 371 612 501 36256 0 1 1 blocking 
2 557 376 611 506 36257 0 1 1 blocking 
2 557 380 611 511 36258 0 1 1 blocking 
2 556 385 610 515 36259 0 1 1 blocking 
2 556 390 610 520 36260 0 1 1 blocking 
2 555 394 609 525 36261 0 1 1 blocking 
2 554 399 608 529 36262 0 1 1 blocking 
2 554 403 608 534 36263 0 1 1 blocking 
2 553 408 607 539 36264 0 1 1 blocking 
3 370 419 429 548 36245 0 0 0 blocking 
3 367 417 424 546 36246 0 0 1 standing 
3 364 416 420 545 36247 0 0 1 standing 
3 362 415 416 544 36248 0 0 0 standing 
3 357 414 411 543 36249 0 0 1 standing 
3 352 413 406 542 36250 0 0 1 standing 
3 347 413 401 542 36251 0 0 0 standing 
3 343 408 396 541 36252 0 0 1 standing 
3 340 404 391 540 36253 0 0 1 standing 
3 337 400 386 539 36254 0 0 0 standing 
3 335 397 384 537 36255 0 0 1 standing 
3 334 394 382 536 36256 0 0 1 standing 
3 333 391 381 535 36257 0 0 0 standing 
3 326 391 374 531 36258 0 0 1 standing 
3 319 391 367 527 36259 0 0 1 standing 
3 312 391 361 523 36260 0 0 0 standing 
3 310 392 358 526 36261 0 0 1 standing 
3 308 393 355 530 36262 0 0 1 standing 
3 307 395 352 533 36263 0 0 1 standing 
3 305 396 349 537 36264 0 0 1 standing 
4 293 386 353 515 36245 0 0 0 standing 
4 291 384 350 513 36246 0 0 1 moving 
4 289 382 348 512 36247 0 0 1 moving 
4 287 381 346 511 36248 0 0 0 moving 
4 282 381 341 511 36249 0 0 1 moving 
4 277 381 336 512 36250 0 0 1 moving 
4 273 381 332 512 36251 0 0 1 moving 
4 268 381 327 513 36252 0 0 1 moving 
4 263 381 322 513 36253 0 0 1 moving 
4 259 381 318 514 36254 0 0 0 moving 
4 255 382 314 515 36255 0 0 1 moving 
4 252 384 311 517 36256 0 0 1 moving 
4 249 386 308 519 36257 0 0 0 moving 
4 244 388 303 523 36258 0 0 1 moving 
4 240 391 298 528 36259 0 0 1 moving 
4 236 394 294 533 36260 0 0 0 moving 
4 231 396 290 534 36261 0 0 1 moving 
4 226 398 286 535 36262 0 0 1 moving 
4 222 400 283 536 36263 0 0 1 moving 
4 217 402 279 537 36264 0 0 1 moving 
5 303 359 375 479 36245 0 0 0 moving 
5 297 359 361 478 36246 0 0 1 moving 
5 291 359 347 478 36247 0 0 1 moving 
5 286 359 334 478 36248 0 0 0 moving 
5 281 358 329 477 36249 0 0 1 moving 
5 276 358 324 477 36250 0 0 1 moving 
5 272 358 319 477 36251 0 0 0 moving 
5 264 359 311 478 36252 0 0 1 moving 
5 256 360 304 479 36253 0 0 1 moving 
5 249 362 297 481 36254 0 0 0 moving 
5 240 362 290 481 36255 0 0 1 moving 
5 232 362 283 481 36256 0 0 1 moving 
5 224 363 277 482 36257 0 0 0 moving 
5 216 360 268 482 36258 0 0 1 moving 
5 209 358 259 482 36259 0 0 1 moving 
5 202 356 251 483 36260 0 0 0 moving 
5 190 358 245 483 36261 0 0 1 moving 
5 179 360 240 484 36262 0 0 1 moving 
5 168 363 235 485 36263 0 0 1 moving 
5 157 365 230 486 36264 0 0 1 moving 
6 441 327 483 432 36245 0 0 0 moving 
6 439 325 484 434 36246 0 0 1 standing 
6 438 323 485 436 36247 0 0 1 standing 
6 437 321 486 438 36248 0 0 0 standing 
6 434 321 483 438 36249 0 0 1 standing 
6 431 321 480 438 36250 0 0 1 standing 
6 428 321 478 438 36251 0 0 0 standing 
6 426 320 477 439 36252 0 0 1 standing 
6 424 319 476 441 36253 0 0 1 standing 
6 422 319 476 443 36254 0 0 0 standing 
6 415 320 473 444 36255 0 0 1 standing 
6 409 322 470 446 36256 0 0 1 standing 
6 403 324 467 448 36257 0 0 0 standing 
6 403 325 465 449 36258 0 0 1 standing 
6 403 326 464 450 36259 0 0 1 standing 
6 403 328 463 451 36260 0 0 0 standing 
6 404 327 462 449 36261 0 0 1 standing 
6 405 326 461 447 36262 0 0 1 standing 
6 406 326 461 446 36263 0 0 0 standing 
6 406 326 461 446 36264 0 0 1 standing 
7 515 349 563 464 36245 0 0 0 standing 
7 513 349 561 463 36246 0 0 1 standing 
7 512 349 560 463 36247 0 0 1 standing 
7 511 349 559 463 36248 0 0 0 standing 
7 506 349 554 465 36249 0 0 1 standing 
7 501 350 550 467 36250 0 0 1 standing 
7 497 351 546 469 36251 0 0 0 standing 
7 493 351 541 470 36252 0 0 1 standing 
7 489 352 537 471 36253 0 0 1 standing 
7 485 353 533 472 36254 0 0 0 standing 
7 482 354 530 474 36255 0 0 1 standing 
7 479 355 528 477 36256 0 0 1 standing 
7 477 356 526 480 36257 0 0 0 standing 
7 473 356 522 480 36258 0 0 1 standing 
7 470 356 518 480 36259 0 0 1 standing 
7 466 356 514 480 36260 0 0 1 standing 
7 463 356 510 480 36261 0 0 1 standing 
7 459 356 506 480 36262 0 0 1 standing 
7 456 356 503 481 36263 0 0 0 standing 
7 455 355 502 480 36264 0 0 1 standing 
8 619 362 676 468 36245 0 0 0 standing 
8 615 362 677 468 36246 0 0 1 standing 
8 611 362 679 469 36247 0 0 1 standing 
8 607 363 681 470 36248 0 0 0 standing 
8 608 363 677 468 36249 0 0 1 standing 
8 609 364 673 466 36250 0 0 1 standing 
8 611 365 669 464 36251 0 0 0 standing 
8 612 365 667 466 36252 0 0 1 standing 
8 613 365 665 468 36253 0 0 1 standing 
8 614 366 663 470 36254 0 0 0 standing 
8 614 368 666 474 36255 0 0 1 standing 
8 615 370 670 478 36256 0 0 1 standing 
8 616 372 674 482 36257 0 0 0 standing 
8 614 374 675 483 36258 0 0 1 standing 
8 612 376 677 485 36259 0 0 1 standing 
8 611 378 679 487 36260 0 0 0 standing 
8 609 376 676 486 36261 0 0 1 standing 
8 608 375 674 486 36262 0 0 1 standing 
8 606 373 671 486 36263 0 0 1 standing 
8 605 372 669 486 36264 0 0 1 standing 
9 881 366 958 471 36245 0 0 0 standing 
9 875 364 955 469 36246 0 0 1 standing 
9 870 363 952 467 36247 0 0 1 standing 
9 865 362 949 465 36248 0 0 0 standing 
9 868 361 944 466 36249 0 0 1 standing 
9 871 360 940 467 36250 0 0 1 standing 
9 874 359 936 468 36251 0 0 0 standing 
9 876 359 938 466 36252 0 0 1 standing 
9 878 360 940 465 36253 0 0 1 standing 
9 880 361 943 464 36254 0 0 0 standing 
9 878 362 946 467 36255 0 0 1 standing 
9 877 363 949 470 36256 0 0 1 standing 
9 876 365 953 473 36257 0 0 0 standing 
9 872 366 948 472 36258 0 0 1 standing 
9 868 367 944 471 36259 0 0 1 standing 
9 865 368 940 470 36260 0 0 0 standing 
9 861 365 936 469 36261 0 0 1 standing 
9 858 363 932 469 36262 0 0 1 standing 
9 854 360 928 468 36263 0 0 1 standing 
9 851 358 924 468 36264 0 0 1 standing 
10 1039 453 1129 576 36245 0 0 0 standing 
10 1038 455 1126 573 36246 0 0 1 waiting 
10 1037 457 1123 570 36247 0 0 1 waiting 
10 1037 459 1121 568 36248 0 0 0 waiting 
10 1036 459 1116 570 36249 0 0 1 waiting 
10 1035 460 1111 572 36250 0 0 1 waiting 
10 1035 461 1107 574 36251 0 0 0 waiting 
10 1033 459 1104 569 36252 0 0 1 waiting 
10 1032 457 1101 564 36253 0 0 1 waiting 
10 1031 455 1099 559 36254 0 0 0 waiting 
10 1030 456 1096 562 36255 0 0 1 waiting 
10 1029 457 1093 566 36256 0 0 1 waiting 
10 1029 458 1091 570 36257 0 0 0 waiting 
10 1029 460 1087 567 36258 0 0 1 waiting 
10 1029 462 1084 565 36259 0 0 1 waiting 
10 1029 465 1081 563 36260 0 0 0 waiting 
10 1022 466 1077 562 36261 0 0 1 waiting 
10 1016 468 1073 562 36262 0 0 1 waiting 
10 1010 469 1069 561 36263 0 0 1 waiting 
10 1004 471 1065 561 36264 0 0 1 waiting 
11 1050 410 1111 510 36245 0 0 0 waiting 
11 1046 409 1109 507 36246 0 0 1 waiting 
11 1042 409 1108 505 36247 0 0 1 waiting 
11 1039 409 1107 503 36248 0 0 0 waiting 
11 1036 409 1106 501 36249 0 0 1 waiting 
11 1034 409 1106 500 36250 0 0 1 waiting 
11 1032 410 1106 499 36251 0 0 0 waiting 
11 1035 410 1105 498 36252 0 0 1 waiting 
11 1038 410 1105 498 36253 0 0 1 waiting 
11 1041 410 1105 498 36254 0 0 0 waiting 
11 1041 411 1107 508 36255 0 0 1 waiting 
11 1041 412 1109 519 36256 0 0 1 waiting 
11 1042 413 1111 530 36257 0 0 0 waiting 
11 1041 416 1110 530 36258 0 0 1 waiting 
11 1041 419 1109 530 36259 0 0 1 waiting 
11 1041 423 1108 530 36260 0 0 0 waiting 
11 1038 420 1106 528 36261 0 0 1 waiting 
11 1036 417 1105 526 36262 0 0 1 waiting 
11 1033 414 1104 524 36263 0 0 1 waiting 
11 1031 411 1103 522 36264 0 0 1 waiting 
