0 231 486 294 627 13880 0 1 0 digging 
0 249 486 312 627 13881 0 1 1 digging 
0 268 487 331 627 13882 0 1 1 digging 
0 287 488 350 627 13883 0 1 1 digging 
0 306 489 368 627 13884 0 1 1 digging 
0 324 490 387 627 13885 0 1 1 digging 
0 343 491 406 627 13886 0 1 1 digging 
0 362 492 424 627 13887 0 1 1 digging 
0 381 493 443 627 13888 0 1 1 digging 
0 400 494 462 628 13889 0 1 0 digging 
0 413 489 478 628 13890 0 1 1 digging 
0 427 485 495 629 13891 0 1 1 digging 
0 441 480 512 629 13892 0 1 1 digging 
0 454 476 529 630 13893 0 1 1 digging 
0 468 471 546 630 13894 0 1 1 digging 
0 482 467 563 631 13895 0 1 0 digging 
0 487 465 565 624 13896 0 1 1 digging 
0 493 463 567 618 13897 0 1 1 digging 
0 498 462 569 612 13898 0 1 1 digging 
0 504 460 571 606 13899 0 1 1 digging 
1 373 472 426 593 13880 0 1 0 digging 
1 389 473 442 594 13881 0 1 1 digging 
1 406 474 459 595 13882 0 1 1 digging 
1 423 475 476 596 13883 0 1 1 digging 
1 440 476 493 597 13884 0 1 1 digging 
1 456 477 509 598 13885 0 1 1 digging 
1 473 478 526 599 13886 0 1 1 digging 
1 490 479 543 600 13887 0 1 1 digging 
1 507 480 560 601 13888 0 1 0 digging 
1 520 476 573 599 13889 0 1 1 digging 
1 534 473 586 597 13890 0 1 1 digging 
1 547 469 600 596 13891 0 1 1 digging 
1 561 466 613 594 13892 0 1 1 digging 
1 574 462 627 593 13893 0 1 1 digging 
1 588 459 640 591 13894 0 1 1 digging 
1 602 456 654 590 13895 0 1 0 digging 
1 611 459 663 595 13896 0 1 1 digging 
1 620 463 672 601 13897 0 1 1 digging 
1 629 466 681 606 13898 0 1 1 digging 
1 639 470 690 612 13899 0 1 0 digging 
2 73 421 127 537 13880 0 0 0 digging 
2 93 420 147 536 13881 0 0 1 digging 
2 114 420 168 536 13882 0 0 1 digging 
2 135 419 189 535 13883 0 0 1 digging 
2 155 419 209 535 13884 0 0 1 digging 
2 176 419 230 535 13885 0 0 1 digging 
2 197 418 251 534 13886 0 0 1 digging 
2 217 418 271 534 13887 0 0 1 digging 
2 238 417 292 533 13888 0 0 1 digging 
2 259 417 313 533 13889 0 0 1 digging 
2 280 417 334 533 13890 0 0 0 digging 
2 294 415 348 531 13891 0 0 1 digging 
2 309 414 363 530 13892 0 0 1 digging 
2 324 413 378 529 13893 0 0 1 digging 
2 338 412 392 528 13894 0 0 1 digging 
2 353 411 407 527 13895 0 0 1 digging 
2 368 409 422 525 13896 0 0 1 digging 
2 382 408 436 524 13897 0 0 1 digging 
2 397 407 451 523 13898 0 0 1 digging 
2 412 406 466 522 13899 0 0 1 digging 
3 239 413 309 532 13880 0 0 0 digging 
3 252 413 320 534 13881 0 0 1 digging 
3 265 413 332 536 13882 0 0 1 digging 
3 278 413 344 538 13883 0 0 1 digging 
3 292 413 356 541 13884 0 0 1 digging 
3 305 413 368 543 13885 0 0 1 digging 
3 318 413 380 545 13886 0 0 1 digging 
3 331 413 392 547 13887 0 0 1 digging 
3 345 413 404 550 13888 0 0 1 digging 
3 358 413 416 552 13889 0 0 1 digging 
3 371 413 428 554 13890 0 0 1 digging 
3 385 413 440 557 13891 0 0 0 digging 
3 394 413 449 557 13892 0 0 1 digging 
3 403 413 458 557 13893 0 0 1 digging 
3 412 413 467 557 13894 0 0 1 digging 
3 421 414 476 558 13895 0 0 1 digging 
3 430 414 485 558 13896 0 0 1 digging 
3 439 414 494 558 13897 0 0 1 digging 
3 449 415 504 559 13898 0 0 0 digging 
3 450 415 505 556 13899 0 0 1 digging 
4 359 358 397 483 13880 0 0 0 digging 
4 375 358 414 483 13881 0 0 1 standing 
4 392 358 432 483 13882 0 0 1 standing 
4 409 358 450 483 13883 0 0 1 standing 
4 426 358 467 484 13884 0 0 1 standing 
4 443 358 485 484 13885 0 0 1 standing 
4 460 358 503 484 13886 0 0 1 standing 
4 477 358 520 485 13887 0 0 1 standing 
4 494 358 538 485 13888 0 0 1 standing 
4 511 358 556 485 13889 0 0 1 standing 
4 528 359 574 486 13890 0 0 0 standing 
4 540 359 586 486 13891 0 0 1 standing 
4 552 359 598 486 13892 0 0 1 standing 
4 565 360 611 487 13893 0 0 1 standing 
4 577 360 623 487 13894 0 0 1 standing 
4 590 361 636 488 13895 0 0 0 standing 
4 597 359 643 486 13896 0 0 1 standing 
4 604 358 650 485 13897 0 0 1 standing 
4 611 356 657 483 13898 0 0 1 standing 
4 618 355 664 482 13899 0 0 1 standing 
5 439 377 478 503 13880 0 0 0 standing 
5 455 377 494 503 13881 0 0 1 standing 
5 471 378 510 504 13882 0 0 1 standing 
5 487 379 526 505 13883 0 0 1 standing 
5 503 380 542 506 13884 0 0 1 standing 
5 519 381 558 507 13885 0 0 1 standing 
5 535 381 574 507 13886 0 0 1 standing 
5 551 382 590 508 13887 0 0 1 standing 
5 567 383 606 509 13888 0 0 1 standing 
5 583 384 622 510 13889 0 0 1 standing 
5 599 385 638 511 13890 0 0 0 standing 
5 612 385 653 512 13891 0 0 1 standing 
5 626 385 669 514 13892 0 0 1 standing 
5 640 385 685 515 13893 0 0 1 standing 
5 654 386 701 517 13894 0 0 0 standing 
5 661 387 710 517 13895 0 0 1 standing 
5 668 389 720 518 13896 0 0 1 standing 
5 676 390 730 518 13897 0 0 1 standing 
5 683 392 740 519 13898 0 0 1 standing 
5 690 393 750 519 13899 0 0 1 standing 
6 503 431 547 570 13880 0 0 0 standing 
6 521 432 566 571 13881 0 0 1 standing 
6 540 434 586 572 13882 0 0 1 standing 
6 558 435 606 574 13883 0 0 1 standing 
6 577 437 625 575 13884 0 0 1 standing 
6 596 438 645 577 13885 0 0 1 standing 
6 614 440 665 578 13886 0 0 1 standing 
6 633 441 684 579 13887 0 0 1 standing 
6 651 443 704 581 13888 0 0 1 standing 
6 670 444 724 582 13889 0 0 1 standing 
6 689 446 744 584 13890 0 0 0 standing 
6 706 448 758 586 13891 0 0 1 standing 
6 723 450 773 588 13892 0 0 1 standing 
6 740 452 788 590 13893 0 0 1 standing 
6 758 455 803 592 13894 0 0 0 standing 
6 770 454 817 592 13895 0 0 1 standing 
6 783 454 831 592 13896 0 0 1 standing 
6 795 454 845 592 13897 0 0 1 standing 
6 808 454 859 592 13898 0 0 1 standing 
6 820 454 873 592 13899 0 0 1 standing 
7 555 395 609 521 13880 0 0 0 standing 
7 573 392 627 521 13881 0 0 1 standing 
7 592 389 645 521 13882 0 0 1 standing 
7 610 387 664 521 13883 0 0 1 standing 
7 629 384 682 522 13884 0 0 1 standing 
7 647 382 701 522 13885 0 0 1 standing 
7 666 379 719 522 13886 0 0 1 standing 
7 685 377 738 523 13887 0 0 0 standing 
7 704 379 757 523 13888 0 0 1 standing 
7 723 381 776 523 13889 0 0 1 standing 
7 742 384 795 524 13890 0 0 0 standing 
7 757 383 810 523 13891 0 0 1 standing 
7 772 383 825 523 13892 0 0 1 standing 
7 787 382 840 522 13893 0 0 1 standing 
7 802 382 855 522 13894 0 0 1 standing 
7 818 382 871 522 13895 0 0 0 standing 
7 828 381 881 521 13896 0 0 1 standing 
7 838 381 891 521 13897 0 0 1 standing 
7 849 381 902 521 13898 0 0 1 standing 
7 859 381 912 521 13899 0 0 1 standing 
8 743 372 812 490 13880 0 0 0 standing 
8 763 371 830 490 13881 0 0 1 standing 
8 784 370 849 491 13882 0 0 1 standing 
8 804 369 867 492 13883 0 0 1 standing 
8 825 368 886 493 13884 0 0 1 standing 
8 845 367 904 494 13885 0 0 1 standing 
8 866 366 923 494 13886 0 0 1 standing 
8 886 365 941 495 13887 0 0 1 standing 
8 907 364 960 496 13888 0 0 1 standing 
8 927 363 978 497 13889 0 0 1 standing 
8 948 363 997 498 13890 0 0 0 standing 
8 964 364 1013 499 13891 0 0 1 standing 
8 981 366 1029 500 13892 0 0 1 standing 
8 998 367 1046 502 13893 0 0 1 standing 
8 1015 369 1062 503 13894 0 0 1 standing 
8 1032 371 1079 505 13895 0 0 0 standing 
8 1044 372 1091 506 13896 0 0 1 standing 
8 1057 374 1103 508 13897 0 0 1 standing 
8 1069 375 1115 509 13898 0 0 1 standing 
8 1082 377 1127 511 13899 0 0 1 standing 
9 816 487 865 600 13880 0 0 0 standing 
9 831 485 881 600 13881 0 0 1 standing 
9 847 483 897 601 13882 0 0 1 standing 
9 863 481 913 601 13883 0 0 1 standing 
9 879 479 929 602 13884 0 0 1 standing 
9 895 477 945 602 13885 0 0 1 standing 
9 911 475 962 603 13886 0 0 0 standing 
9 926 474 978 605 13887 0 0 1 standing 
9 942 474 994 607 13888 0 0 1 standing 
9 958 473 1010 609 13889 0 0 1 standing 
9 974 473 1026 611 13890 0 0 0 standing 
9 989 473 1041 612 13891 0 0 1 standing 
9 1004 473 1056 613 13892 0 0 1 standing 
9 1019 473 1071 614 13893 0 0 1 standing 
9 1035 473 1087 615 13894 0 0 0 standing 
9 1046 472 1098 616 13895 0 0 1 standing 
9 1058 472 1110 617 13896 0 0 1 standing 
9 1070 472 1122 618 13897 0 0 1 standing 
9 1082 472 1133 619 13898 0 0 1 standing 
9 1094 472 1145 620 13899 0 0 1 standing 
10 917 413 967 533 13880 0 0 0 standing 
10 932 413 982 536 13881 0 0 1 standing 
10 948 414 997 540 13882 0 0 1 standing 
10 964 415 1012 543 13883 0 0 1 standing 
10 980 416 1027 547 13884 0 0 1 standing 
10 996 417 1042 550 13885 0 0 1 standing 
10 1011 417 1057 554 13886 0 0 1 standing 
10 1027 418 1072 557 13887 0 0 1 standing 
10 1043 419 1087 561 13888 0 0 1 standing 
10 1059 420 1102 564 13889 0 0 1 standing 
10 1075 421 1117 568 13890 0 0 0 standing 
10 1089 420 1132 567 13891 0 0 1 standing 
10 1104 420 1147 566 13892 0 0 1 standing 
10 1119 419 1162 566 13893 0 0 1 standing 
10 1134 419 1177 565 13894 0 0 1 standing 
10 1149 418 1192 564 13895 0 0 1 standing 
10 1164 418 1208 564 13896 0 0 0 standing 
10 1175 418 1220 564 13897 0 0 1 standing 
10 1187 418 1232 564 13898 0 0 1 standing 
10 1198 418 1244 564 13899 0 0 1 standing 
11 515 395 565 546 13880 0 0 0 standing 
11 533 395 583 546 13881 0 0 1 standing 
11 552 396 602 546 13882 0 0 1 standing 
11 570 396 620 547 13883 0 0 1 standing 
11 589 397 639 547 13884 0 0 1 standing 
11 608 397 657 548 13885 0 0 1 standing 
11 626 398 676 548 13886 0 0 1 standing 
11 645 398 694 548 13887 0 0 1 standing 
11 663 399 713 549 13888 0 0 1 standing 
11 682 399 731 549 13889 0 0 1 standing 
11 701 400 750 550 13890 0 0 0 standing 
11 717 399 765 549 13891 0 0 1 standing 
11 734 399 780 549 13892 0 0 1 standing 
11 750 399 795 549 13893 0 0 1 standing 
11 767 399 810 548 13894 0 0 1 standing 
11 783 399 825 548 13895 0 0 1 standing 
11 800 399 840 548 13896 0 0 0 standing 
11 808 398 850 547 13897 0 0 1 standing 
11 816 398 860 547 13898 0 0 1 standing 
11 824 397 870 547 13899 0 0 1 standing 
