0 529 282 593 444 99585 0 1 0 spiking 
0 522 279 591 434 99586 0 1 1 spiking 
0 515 276 589 425 99587 0 1 1 spiking 
0 508 273 588 415 99588 0 1 1 spiking 
0 501 270 586 406 99589 0 1 1 spiking 
0 494 267 585 397 99590 0 1 0 spiking 
0 485 266 576 400 99591 0 1 1 spiking 
0 477 265 568 404 99592 0 1 1 spiking 
0 469 264 559 408 99593 0 1 1 spiking 
0 461 263 551 411 99594 0 1 1 spiking 
0 453 262 542 415 99595 0 1 1 spiking 
0 445 261 534 419 99596 0 1 0 spiking 
0 430 268 516 424 99597 0 1 1 spiking 
0 416 276 499 429 99598 0 1 1 spiking 
0 402 283 481 434 99599 0 1 1 spiking 
0 387 291 464 439 99600 0 1 1 spiking 
0 373 298 446 445 99601 0 1 1 spiking 
0 359 306 429 450 99602 0 1 1 spiking 
0 344 313 411 455 99603 0 1 1 spiking 
0 330 321 394 460 99604 0 1 1 spiking 
1 699 346 756 491 99585 0 1 0 spiking 
1 690 338 747 486 99586 0 1 1 blocking 
1 681 330 739 481 99587 0 1 1 blocking 
1 672 322 730 477 99588 0 1 1 blocking 
1 663 314 722 472 99589 0 1 1 blocking 
1 654 306 714 467 99590 0 1 1 blocking 
1 645 298 705 463 99591 0 1 1 blocking 
1 636 290 697 458 99592 0 1 1 blocking 
1 627 282 689 453 99593 0 1 1 blocking 
1 618 274 680 449 99594 0 1 1 blocking 
1 609 266 672 444 99595 0 1 1 blocking 
1 601 258 664 440 99596 0 1 0 blocking 
1 587 259 647 441 99597 0 1 1 blocking 
1 573 260 630 442 99598 0 1 1 blocking 
1 559 262 614 443 99599 0 1 1 blocking 
1 545 263 597 444 99600 0 1 1 blocking 
1 531 264 580 446 99601 0 1 1 blocking 
1 517 266 564 447 99602 0 1 1 blocking 
1 503 267 547 448 99603 0 1 1 blocking 
1 489 268 530 449 99604 0 1 1 blocking 
2 706 346 761 491 99585 0 1 0 blocking 
2 696 337 753 486 99586 0 1 1 blocking 
2 687 329 745 481 99587 0 1 1 blocking 
2 677 321 738 477 99588 0 1 1 blocking 
2 668 313 730 472 99589 0 1 1 blocking 
2 658 305 723 467 99590 0 1 1 blocking 
2 649 296 715 463 99591 0 1 1 blocking 
2 639 288 708 458 99592 0 1 1 blocking 
2 630 280 700 453 99593 0 1 1 blocking 
2 620 272 693 449 99594 0 1 1 blocking 
2 611 264 685 444 99595 0 1 1 blocking 
2 602 256 678 440 99596 0 1 0 blocking 
2 588 258 670 440 99597 0 1 1 blocking 
2 574 260 662 440 99598 0 1 1 blocking 
2 560 262 654 440 99599 0 1 1 blocking 
2 546 265 646 441 99600 0 1 0 blocking 
2 532 267 632 445 99601 0 1 1 blocking 
2 518 269 619 449 99602 0 1 1 blocking 
2 504 272 605 454 99603 0 1 1 blocking 
2 490 274 592 458 99604 0 1 1 blocking 
3 233 450 318 614 99585 0 0 0 blocking 
3 224 452 306 613 99586 0 0 1 moving 
3 215 455 295 612 99587 0 0 1 moving 
3 206 458 284 612 99588 0 0 0 moving 
3 192 458 269 612 99589 0 0 1 moving 
3 179 458 254 612 99590 0 0 1 moving 
3 166 459 240 613 99591 0 0 0 moving 
3 148 463 230 618 99592 0 0 1 moving 
3 130 467 220 624 99593 0 0 1 moving 
3 113 471 211 630 99594 0 0 0 moving 
3 98 472 201 631 99595 0 0 1 moving 
3 83 474 191 632 99596 0 0 1 moving 
3 68 476 181 634 99597 0 0 0 moving 
3 57 474 166 634 99598 0 0 1 moving 
3 47 472 151 634 99599 0 0 1 moving 
3 37 470 137 634 99600 0 0 0 moving 
3 29 470 118 633 99601 0 0 1 moving 
3 22 470 99 632 99602 0 0 1 moving 
3 14 470 80 631 99603 0 0 1 moving 
3 7 470 61 630 99604 0 0 1 moving 
4 288 394 331 533 99585 0 0 0 moving 
4 282 392 325 531 99586 0 0 1 standing 
4 276 390 319 529 99587 0 0 1 standing 
4 271 389 314 528 99588 0 0 0 standing 
4 265 389 308 528 99589 0 0 1 standing 
4 259 389 302 528 99590 0 0 1 standing 
4 254 389 297 528 99591 0 0 0 standing 
4 247 389 290 528 99592 0 0 1 standing 
4 240 389 283 528 99593 0 0 1 standing 
4 233 389 276 528 99594 0 0 0 standing 
4 219 390 264 529 99595 0 0 1 standing 
4 206 391 252 530 99596 0 0 1 standing 
4 193 393 241 531 99597 0 0 0 standing 
4 179 394 227 532 99598 0 0 1 standing 
4 165 395 214 533 99599 0 0 1 standing 
4 152 397 201 535 99600 0 0 0 standing 
4 134 397 183 535 99601 0 0 1 standing 
4 116 397 165 536 99602 0 0 1 standing 
4 99 398 148 536 99603 0 0 1 standing 
4 81 398 130 537 99604 0 0 1 standing 
5 431 370 508 501 99585 0 0 0 standing 
5 434 368 509 500 99586 0 0 1 standing 
5 437 366 511 499 99587 0 0 1 standing 
5 441 365 513 498 99588 0 0 0 standing 
5 438 364 507 497 99589 0 0 1 standing 
5 435 363 501 497 99590 0 0 1 standing 
5 432 363 496 497 99591 0 0 0 standing 
5 427 361 488 495 99592 0 0 1 standing 
5 423 360 480 494 99593 0 0 1 standing 
5 419 359 473 493 99594 0 0 0 standing 
5 410 360 465 491 99595 0 0 1 standing 
5 401 361 458 490 99596 0 0 1 standing 
5 392 362 451 489 99597 0 0 0 standing 
5 381 364 439 488 99598 0 0 1 standing 
5 371 366 427 487 99599 0 0 1 standing 
5 361 368 415 486 99600 0 0 0 standing 
5 344 369 398 487 99601 0 0 1 standing 
5 328 370 381 489 99602 0 0 1 standing 
5 311 371 365 490 99603 0 0 1 standing 
5 295 372 348 492 99604 0 0 1 standing 
6 486 483 594 646 99585 0 0 0 standing 
6 491 481 589 641 99586 0 0 1 standing 
6 496 479 584 636 99587 0 0 1 standing 
6 501 478 579 632 99588 0 0 0 standing 
6 497 476 572 631 99589 0 0 1 standing 
6 494 474 565 630 99590 0 0 1 standing 
6 491 472 559 630 99591 0 0 0 standing 
6 484 470 552 630 99592 0 0 1 standing 
6 477 469 545 630 99593 0 0 1 standing 
6 470 468 538 630 99594 0 0 0 standing 
6 458 468 527 628 99595 0 0 1 standing 
6 446 469 516 626 99596 0 0 1 standing 
6 434 470 506 625 99597 0 0 0 standing 
6 421 468 494 623 99598 0 0 1 standing 
6 409 467 482 622 99599 0 0 1 standing 
6 397 466 471 621 99600 0 0 0 standing 
6 381 465 455 621 99601 0 0 1 standing 
6 366 464 439 622 99602 0 0 1 standing 
6 350 463 423 622 99603 0 0 1 standing 
6 335 462 407 623 99604 0 0 1 standing 
7 603 358 654 494 99585 0 0 0 standing 
7 597 360 647 493 99586 0 0 1 waiting 
7 591 363 640 493 99587 0 0 1 waiting 
7 585 366 633 493 99588 0 0 0 waiting 
7 577 367 629 493 99589 0 0 1 waiting 
7 570 368 625 493 99590 0 0 1 waiting 
7 563 369 621 493 99591 0 0 0 waiting 
7 554 369 612 493 99592 0 0 1 waiting 
7 546 369 604 493 99593 0 0 1 waiting 
7 538 369 596 493 99594 0 0 0 waiting 
7 526 370 584 494 99595 0 0 1 waiting 
7 514 372 572 496 99596 0 0 1 waiting 
7 503 374 561 498 99597 0 0 0 waiting 
7 489 374 547 501 99598 0 0 1 waiting 
7 476 374 534 504 99599 0 0 1 waiting 
7 463 374 521 508 99600 0 0 0 waiting 
7 447 372 503 507 99601 0 0 1 waiting 
7 431 371 485 507 99602 0 0 1 waiting 
7 415 370 467 507 99603 0 0 1 waiting 
7 399 369 449 507 99604 0 0 1 waiting 
8 709 401 809 531 99585 0 0 0 waiting 
8 706 398 805 530 99586 0 0 1 standing 
8 703 395 801 530 99587 0 0 1 standing 
8 700 392 798 530 99588 0 0 0 standing 
8 705 390 799 528 99589 0 0 1 standing 
8 710 388 801 526 99590 0 0 1 standing 
8 716 386 803 524 99591 0 0 0 standing 
8 717 385 801 520 99592 0 0 1 standing 
8 719 385 800 516 99593 0 0 1 standing 
8 721 385 799 513 99594 0 0 0 standing 
8 721 385 803 513 99595 0 0 1 standing 
8 722 385 808 513 99596 0 0 1 standing 
8 723 385 813 513 99597 0 0 0 standing 
8 716 389 807 512 99598 0 0 1 standing 
8 709 393 801 512 99599 0 0 1 standing 
8 703 397 796 512 99600 0 0 0 standing 
8 689 396 781 512 99601 0 0 1 standing 
8 675 396 766 512 99602 0 0 1 standing 
8 661 396 751 512 99603 0 0 1 standing 
8 647 396 736 512 99604 0 0 1 standing 
9 1022 479 1094 618 99585 0 0 0 standing 
9 1014 477 1090 618 99586 0 0 1 standing 
9 1006 476 1086 618 99587 0 0 1 standing 
9 999 475 1082 618 99588 0 0 0 standing 
9 995 473 1078 618 99589 0 0 1 standing 
9 991 471 1074 618 99590 0 0 1 standing 
9 987 470 1071 618 99591 0 0 0 standing 
9 986 469 1063 613 99592 0 0 1 standing 
9 986 469 1056 608 99593 0 0 1 standing 
9 986 469 1049 603 99594 0 0 0 standing 
9 975 469 1041 603 99595 0 0 1 standing 
9 964 470 1034 603 99596 0 0 1 standing 
9 954 471 1027 603 99597 0 0 0 standing 
9 943 472 1021 601 99598 0 0 1 standing 
9 932 473 1016 599 99599 0 0 1 standing 
9 922 474 1011 598 99600 0 0 0 standing 
9 906 473 995 598 99601 0 0 1 standing 
9 890 472 979 598 99602 0 0 1 standing 
9 874 471 963 598 99603 0 0 1 standing 
9 858 470 947 598 99604 0 0 1 standing 
10 1061 336 1129 480 99585 0 0 0 standing 
10 1053 335 1118 476 99586 0 0 1 waiting 
10 1046 334 1108 472 99587 0 0 1 waiting 
10 1039 334 1098 468 99588 0 0 0 waiting 
10 1031 333 1090 464 99589 0 0 1 waiting 
10 1023 333 1082 460 99590 0 0 1 waiting 
10 1016 333 1074 457 99591 0 0 0 waiting 
10 1004 334 1063 458 99592 0 0 1 waiting 
10 993 335 1052 459 99593 0 0 1 waiting 
10 982 336 1041 460 99594 0 0 0 waiting 
10 972 335 1028 459 99595 0 0 1 waiting 
10 962 335 1015 459 99596 0 0 1 waiting 
10 953 335 1002 459 99597 0 0 0 waiting 
10 940 336 987 460 99598 0 0 1 waiting 
10 927 337 973 461 99599 0 0 1 waiting 
10 915 339 959 463 99600 0 0 0 waiting 
10 898 338 942 462 99601 0 0 1 waiting 
10 881 337 925 461 99602 0 0 1 waiting 
10 864 337 908 460 99603 0 0 1 waiting 
10 847 336 891 459 99604 0 0 1 waiting 
11 1252 430 1277 518 99585 0 0 0 waiting 
11 1252 429 1277 517 99586 0 0 1 standing 
11 1252 428 1277 516 99587 0 0 1 standing 
11 1252 427 1277 515 99588 0 0 1 standing 
11 1252 426 1277 514 99589 0 0 1 standing 
11 1252 425 1277 513 99590 0 0 1 standing 
11 1252 424 1277 513 99591 0 0 0 standing 
11 1245 419 1277 529 99592 0 0 1 standing 
11 1238 415 1277 546 99593 0 0 1 standing 
11 1231 411 1278 563 99594 0 0 0 standing 
11 1221 412 1277 560 99595 0 0 1 standing 
11 1212 413 1277 557 99596 0 0 1 standing 
11 1203 415 1277 554 99597 0 0 0 standing 
11 1191 416 1265 552 99598 0 0 1 standing 
11 1179 417 1253 551 99599 0 0 1 standing 
11 1167 418 1241 550 99600 0 0 0 standing 
11 1151 416 1223 549 99601 0 0 1 standing 
11 1135 414 1205 549 99602 0 0 1 standing 
11 1119 413 1187 548 99603 0 0 1 standing 
11 1103 411 1169 548 99604 0 0 1 standing 
