0 0 336 57 465 46580 0 1 0 standing 
0 0 337 56 466 46581 0 1 1 standing 
0 0 339 56 468 46582 0 1 1 standing 
0 0 341 56 470 46583 0 1 1 standing 
0 0 342 55 472 46584 0 1 1 standing 
0 0 344 55 474 46585 0 1 1 standing 
0 0 346 55 476 46586 0 1 1 standing 
0 0 347 54 478 46587 0 1 1 standing 
0 0 349 54 480 46588 0 1 1 standing 
0 0 351 54 482 46589 0 1 1 standing 
0 0 353 54 484 46590 0 1 0 standing 
0 0 353 54 484 46591 0 1 1 standing 
0 0 353 54 484 46592 0 1 1 standing 
0 0 353 54 484 46593 0 1 1 standing 
0 0 353 54 484 46594 0 1 1 standing 
0 0 353 54 484 46595 0 1 1 standing 
0 0 353 54 484 46596 0 1 1 standing 
0 0 353 54 484 46597 0 1 1 standing 
0 0 353 54 484 46598 0 1 1 standing 
0 0 353 54 484 46599 0 1 1 standing 
1 0 395 68 600 46580 0 1 0 standing 
1 0 395 65 599 46581 0 1 1 standing 
1 0 395 62 599 46582 0 1 1 standing 
1 0 395 60 599 46583 0 1 1 standing 
1 0 395 57 599 46584 0 1 1 standing 
1 0 395 55 599 46585 0 1 1 standing 
1 0 395 52 599 46586 0 1 1 standing 
1 0 395 49 599 46587 0 1 1 standing 
1 0 395 47 599 46588 0 1 1 standing 
1 0 395 44 599 46589 0 1 1 standing 
1 0 395 42 599 46590 0 1 0 standing 
1 0 395 42 599 46591 0 1 1 standing 
1 0 395 42 599 46592 0 1 1 standing 
1 0 395 42 599 46593 0 1 1 standing 
1 0 395 42 599 46594 0 1 1 standing 
1 0 395 42 599 46595 0 1 1 standing 
1 0 395 42 599 46596 0 1 1 standing 
1 0 395 42 599 46597 0 1 1 standing 
1 0 395 42 599 46598 0 1 1 standing 
1 0 395 42 599 46599 0 1 1 standing 
2 68 390 125 553 46580 0 1 0 standing 
2 69 389 126 552 46581 0 1 1 standing 
2 70 388 127 551 46582 0 1 1 standing 
2 71 387 128 551 46583 0 1 1 standing 
2 72 387 129 550 46584 0 1 1 standing 
2 73 386 130 550 46585 0 1 1 standing 
2 74 385 131 549 46586 0 1 1 standing 
2 75 385 132 548 46587 0 1 1 standing 
2 76 384 133 548 46588 0 1 1 standing 
2 77 383 134 547 46589 0 1 1 standing 
2 78 383 136 547 46590 0 1 0 standing 
2 78 382 134 543 46591 0 1 1 standing 
2 78 381 133 540 46592 0 1 1 standing 
2 79 380 132 537 46593 0 1 1 standing 
2 79 379 130 534 46594 0 1 1 standing 
2 80 378 129 531 46595 0 1 1 standing 
2 80 377 128 527 46596 0 1 1 standing 
2 80 376 126 524 46597 0 1 1 standing 
2 81 375 125 521 46598 0 1 1 standing 
2 81 374 124 518 46599 0 1 1 standing 
3 99 356 170 494 46580 0 1 0 standing 
3 93 356 164 494 46581 0 1 1 standing 
3 88 357 159 495 46582 0 1 1 standing 
3 83 357 154 496 46583 0 1 1 standing 
3 77 358 148 496 46584 0 1 1 standing 
3 72 359 143 497 46585 0 1 1 standing 
3 67 359 138 498 46586 0 1 1 standing 
3 61 360 132 498 46587 0 1 1 standing 
3 56 360 127 499 46588 0 1 1 standing 
3 51 361 122 500 46589 0 1 1 standing 
3 46 362 117 501 46590 0 1 0 standing 
3 42 363 111 502 46591 0 1 1 standing 
3 39 365 105 504 46592 0 1 1 standing 
3 36 367 99 505 46593 0 1 1 standing 
3 32 368 94 507 46594 0 1 1 standing 
3 29 370 88 508 46595 0 1 1 standing 
3 26 372 82 510 46596 0 1 1 standing 
3 22 373 77 511 46597 0 1 1 standing 
3 19 375 71 513 46598 0 1 1 standing 
3 16 377 65 514 46599 0 1 1 standing 
4 177 362 253 515 46580 0 1 0 standing 
4 172 362 248 515 46581 0 1 1 standing 
4 168 362 244 516 46582 0 1 1 standing 
4 164 363 240 516 46583 0 1 1 standing 
4 160 363 236 517 46584 0 1 1 standing 
4 156 364 232 517 46585 0 1 1 standing 
4 152 364 228 518 46586 0 1 1 standing 
4 148 364 224 518 46587 0 1 1 standing 
4 144 365 220 519 46588 0 1 1 standing 
4 140 365 216 519 46589 0 1 1 standing 
4 136 366 212 520 46590 0 1 0 standing 
4 131 365 207 520 46591 0 1 1 standing 
4 127 365 203 520 46592 0 1 1 standing 
4 122 365 198 520 46593 0 1 1 standing 
4 118 365 194 520 46594 0 1 1 standing 
4 114 365 190 520 46595 0 1 1 standing 
4 109 365 185 520 46596 0 1 1 standing 
4 105 365 181 520 46597 0 1 1 standing 
4 100 365 176 520 46598 0 1 1 standing 
4 96 365 172 520 46599 0 1 1 standing 
5 541 396 593 545 46580 0 0 0 standing 
5 537 394 589 543 46581 0 0 1 standing 
5 534 392 586 541 46582 0 0 1 standing 
5 530 390 582 540 46583 0 0 1 standing 
5 527 389 579 538 46584 0 0 1 standing 
5 524 387 576 537 46585 0 0 1 standing 
5 520 385 572 535 46586 0 0 1 standing 
5 517 384 569 533 46587 0 0 1 standing 
5 513 382 565 532 46588 0 0 1 standing 
5 510 380 562 530 46589 0 0 1 standing 
5 507 379 559 529 46590 0 0 0 standing 
5 503 379 557 529 46591 0 0 1 standing 
5 499 380 555 530 46592 0 0 1 standing 
5 495 381 553 531 46593 0 0 1 standing 
5 491 382 551 531 46594 0 0 1 standing 
5 487 383 549 532 46595 0 0 1 standing 
5 483 384 547 533 46596 0 0 1 standing 
5 479 385 545 533 46597 0 0 1 standing 
5 475 386 543 534 46598 0 0 1 standing 
5 471 387 541 535 46599 0 0 1 standing 
6 331 391 393 541 46580 0 0 0 standing 
6 333 391 396 541 46581 0 0 1 standing 
6 336 391 399 541 46582 0 0 1 standing 
6 339 391 402 541 46583 0 0 1 standing 
6 342 391 405 541 46584 0 0 1 standing 
6 345 391 408 541 46585 0 0 1 standing 
6 348 391 411 541 46586 0 0 1 standing 
6 351 391 414 541 46587 0 0 1 standing 
6 354 391 417 541 46588 0 0 1 standing 
6 357 391 420 541 46589 0 0 1 standing 
6 360 392 424 542 46590 0 0 0 standing 
6 362 392 426 542 46591 0 0 1 standing 
6 364 393 428 543 46592 0 0 1 standing 
6 366 393 430 544 46593 0 0 1 standing 
6 368 394 432 544 46594 0 0 1 standing 
6 371 395 435 545 46595 0 0 1 standing 
6 373 395 437 546 46596 0 0 1 standing 
6 375 396 439 546 46597 0 0 1 standing 
6 377 396 441 547 46598 0 0 1 standing 
6 379 397 443 548 46599 0 0 1 standing 
7 363 325 422 470 46580 0 0 0 standing 
7 362 326 421 471 46581 0 0 1 standing 
7 362 327 421 472 46582 0 0 1 standing 
7 361 328 420 473 46583 0 0 1 standing 
7 361 329 420 474 46584 0 0 1 standing 
7 361 330 420 475 46585 0 0 1 standing 
7 360 331 419 476 46586 0 0 1 standing 
7 360 332 419 477 46587 0 0 1 standing 
7 359 333 418 478 46588 0 0 1 standing 
7 359 334 418 479 46589 0 0 1 standing 
7 359 335 418 481 46590 0 0 0 standing 
7 357 336 416 480 46591 0 0 1 standing 
7 356 338 415 480 46592 0 0 1 standing 
7 355 339 413 479 46593 0 0 1 standing 
7 353 341 412 479 46594 0 0 1 standing 
7 352 342 411 478 46595 0 0 1 standing 
7 351 344 409 478 46596 0 0 1 standing 
7 349 345 408 477 46597 0 0 1 standing 
7 348 347 406 477 46598 0 0 1 standing 
7 347 348 405 476 46599 0 0 1 standing 
8 312 357 375 516 46580 0 0 0 standing 
8 313 356 376 515 46581 0 0 1 standing 
8 314 355 377 515 46582 0 0 1 standing 
8 315 355 378 514 46583 0 0 1 standing 
8 316 354 380 514 46584 0 0 1 standing 
8 317 354 381 514 46585 0 0 1 standing 
8 318 353 382 513 46586 0 0 1 standing 
8 319 352 384 513 46587 0 0 1 standing 
8 320 352 385 512 46588 0 0 1 standing 
8 321 351 386 512 46589 0 0 1 standing 
8 323 351 388 512 46590 0 0 0 standing 
8 323 351 388 512 46591 0 0 1 standing 
8 324 351 389 512 46592 0 0 1 standing 
8 325 351 390 512 46593 0 0 1 standing 
8 325 352 390 513 46594 0 0 1 standing 
8 326 352 391 513 46595 0 0 1 standing 
8 327 352 392 513 46596 0 0 1 standing 
8 327 353 392 514 46597 0 0 1 standing 
8 328 353 393 514 46598 0 0 1 standing 
8 329 353 394 514 46599 0 0 1 standing 
9 795 336 845 489 46580 0 0 0 standing 
9 792 336 844 489 46581 0 0 1 standing 
9 789 337 843 490 46582 0 0 1 standing 
9 786 337 842 491 46583 0 0 1 standing 
9 783 338 842 491 46584 0 0 1 standing 
9 781 338 841 492 46585 0 0 1 standing 
9 778 339 840 493 46586 0 0 1 standing 
9 775 339 840 493 46587 0 0 1 standing 
9 772 340 839 494 46588 0 0 1 standing 
9 769 340 838 495 46589 0 0 1 standing 
9 767 341 838 496 46590 0 0 0 standing 
9 763 341 833 496 46591 0 0 1 standing 
9 760 341 828 496 46592 0 0 1 standing 
9 757 341 823 496 46593 0 0 1 standing 
9 754 341 818 496 46594 0 0 1 standing 
9 751 341 813 496 46595 0 0 1 standing 
9 747 341 808 496 46596 0 0 1 standing 
9 744 341 803 496 46597 0 0 1 standing 
9 741 341 798 496 46598 0 0 1 standing 
9 738 341 793 496 46599 0 0 1 standing 
10 741 271 795 421 46580 0 0 0 standing 
10 739 271 793 421 46581 0 0 1 standing 
10 738 272 792 422 46582 0 0 1 standing 
10 736 273 790 423 46583 0 0 1 standing 
10 735 273 789 424 46584 0 0 1 standing 
10 733 274 787 425 46585 0 0 1 standing 
10 732 275 786 425 46586 0 0 1 standing 
10 730 275 784 426 46587 0 0 1 standing 
10 729 276 783 427 46588 0 0 1 standing 
10 727 277 781 428 46589 0 0 1 standing 
10 726 278 780 429 46590 0 0 0 standing 
10 725 279 779 430 46591 0 0 1 standing 
10 724 280 778 431 46592 0 0 1 standing 
10 723 281 777 432 46593 0 0 1 standing 
10 723 282 777 433 46594 0 0 1 standing 
10 722 284 776 435 46595 0 0 1 standing 
10 721 285 775 436 46596 0 0 1 standing 
10 721 286 775 437 46597 0 0 1 standing 
10 720 287 774 438 46598 0 0 1 standing 
10 719 288 773 439 46599 0 0 1 standing 
