0 402 252 471 405 73425 0 1 0 spiking 
0 399 253 467 406 73426 0 1 1 spiking 
0 397 255 463 408 73427 0 1 1 spiking 
0 395 256 459 410 73428 0 1 1 spiking 
0 393 258 455 411 73429 0 1 1 spiking 
0 391 260 452 413 73430 0 1 1 spiking 
0 388 261 448 415 73431 0 1 1 spiking 
0 386 263 444 416 73432 0 1 1 spiking 
0 384 264 440 418 73433 0 1 1 spiking 
0 382 266 436 420 73434 0 1 1 spiking 
0 380 268 433 422 73435 0 1 0 spiking 
0 375 273 427 424 73436 0 1 1 spiking 
0 371 279 421 427 73437 0 1 1 spiking 
0 366 285 415 429 73438 0 1 1 spiking 
0 362 290 409 432 73439 0 1 1 spiking 
0 357 296 403 435 73440 0 1 1 spiking 
0 353 302 397 437 73441 0 1 1 spiking 
0 348 307 391 440 73442 0 1 1 spiking 
0 344 313 385 442 73443 0 1 1 spiking 
0 339 319 379 445 73444 0 1 1 spiking 
1 568 318 627 467 73425 0 1 0 spiking 
1 561 312 620 462 73426 0 1 1 blocking 
1 554 306 613 457 73427 0 1 1 blocking 
1 547 300 606 452 73428 0 1 1 blocking 
1 540 294 599 448 73429 0 1 1 blocking 
1 534 289 592 443 73430 0 1 1 blocking 
1 527 283 585 438 73431 0 1 1 blocking 
1 520 277 578 434 73432 0 1 1 blocking 
1 513 271 571 429 73433 0 1 1 blocking 
1 506 265 564 424 73434 0 1 1 blocking 
1 500 260 558 420 73435 0 1 0 blocking 
1 495 264 552 424 73436 0 1 1 blocking 
1 490 268 546 428 73437 0 1 1 blocking 
1 485 273 540 433 73438 0 1 1 blocking 
1 481 277 534 437 73439 0 1 1 blocking 
1 476 282 529 442 73440 0 1 1 blocking 
1 471 286 523 446 73441 0 1 1 blocking 
1 467 290 517 450 73442 0 1 1 blocking 
1 462 295 511 455 73443 0 1 1 blocking 
1 457 299 505 459 73444 0 1 1 blocking 
2 575 314 623 452 73425 0 1 0 blocking 
2 568 306 616 444 73426 0 1 1 blocking 
2 561 299 610 436 73427 0 1 1 blocking 
2 554 291 604 429 73428 0 1 1 blocking 
2 547 284 598 421 73429 0 1 1 blocking 
2 541 276 592 414 73430 0 1 1 blocking 
2 534 269 586 406 73431 0 1 1 blocking 
2 527 261 580 398 73432 0 1 1 blocking 
2 520 254 574 391 73433 0 1 1 blocking 
2 513 246 568 383 73434 0 1 1 blocking 
2 507 239 562 376 73435 0 1 0 blocking 
2 502 245 556 382 73436 0 1 1 blocking 
2 498 252 550 388 73437 0 1 1 blocking 
2 493 258 544 395 73438 0 1 1 blocking 
2 489 265 539 401 73439 0 1 1 blocking 
2 485 271 533 408 73440 0 1 1 blocking 
2 480 278 527 414 73441 0 1 1 blocking 
2 476 284 522 420 73442 0 1 1 blocking 
2 471 291 516 427 73443 0 1 1 blocking 
2 467 297 510 433 73444 0 1 1 blocking 
3 219 409 288 533 73425 0 0 0 blocking 
3 213 404 286 531 73426 0 0 1 standing 
3 207 399 285 530 73427 0 0 1 standing 
3 201 394 284 529 73428 0 0 0 standing 
3 195 389 268 524 73429 0 0 1 standing 
3 189 385 252 520 73430 0 0 1 standing 
3 183 381 237 516 73431 0 0 0 standing 
3 176 376 228 514 73432 0 0 1 standing 
3 169 371 219 513 73433 0 0 1 standing 
3 162 367 211 512 73434 0 0 0 standing 
3 154 365 203 508 73435 0 0 1 standing 
3 146 363 195 505 73436 0 0 1 standing 
3 139 362 187 502 73437 0 0 0 standing 
3 130 364 180 502 73438 0 0 1 standing 
3 121 367 173 502 73439 0 0 1 standing 
3 113 370 167 503 73440 0 0 0 standing 
3 104 371 157 503 73441 0 0 1 standing 
3 95 372 148 503 73442 0 0 1 standing 
3 87 373 138 503 73443 0 0 1 standing 
3 78 374 129 503 73444 0 0 1 standing 
4 376 441 449 620 73425 0 0 0 standing 
4 375 439 447 615 73426 0 0 1 standing 
4 374 437 446 610 73427 0 0 1 standing 
4 373 436 445 605 73428 0 0 0 standing 
4 372 434 441 600 73429 0 0 1 standing 
4 371 432 437 595 73430 0 0 1 standing 
4 371 431 433 590 73431 0 0 0 standing 
4 369 428 431 583 73432 0 0 1 standing 
4 367 425 430 577 73433 0 0 1 standing 
4 366 422 429 571 73434 0 0 0 standing 
4 364 421 432 570 73435 0 0 1 standing 
4 362 420 436 569 73436 0 0 1 standing 
4 361 420 440 568 73437 0 0 0 standing 
4 359 420 436 565 73438 0 0 1 standing 
4 357 420 432 562 73439 0 0 1 standing 
4 355 420 429 559 73440 0 0 0 standing 
4 349 418 423 558 73441 0 0 1 standing 
4 343 416 418 558 73442 0 0 1 standing 
4 337 414 412 558 73443 0 0 1 standing 
4 331 412 407 558 73444 0 0 1 standing 
5 303 379 372 518 73425 0 0 0 standing 
5 301 378 368 521 73426 0 0 1 standing 
5 299 378 364 524 73427 0 0 1 standing 
5 297 378 361 527 73428 0 0 0 standing 
5 294 376 356 525 73429 0 0 1 standing 
5 292 374 352 523 73430 0 0 1 standing 
5 289 373 348 522 73431 0 0 1 standing 
5 287 371 344 520 73432 0 0 1 standing 
5 284 369 340 518 73433 0 0 1 standing 
5 282 368 336 517 73434 0 0 0 standing 
5 279 369 333 518 73435 0 0 1 standing 
5 276 370 330 519 73436 0 0 1 standing 
5 273 371 327 520 73437 0 0 0 standing 
5 267 374 322 522 73438 0 0 1 standing 
5 261 378 318 524 73439 0 0 1 standing 
5 256 382 314 526 73440 0 0 0 standing 
5 249 384 306 526 73441 0 0 1 standing 
5 243 386 299 527 73442 0 0 1 standing 
5 236 388 291 527 73443 0 0 1 standing 
5 230 390 284 528 73444 0 0 1 standing 
6 346 347 396 480 73425 0 0 0 standing 
6 341 346 391 479 73426 0 0 1 standing 
6 337 346 387 479 73427 0 0 1 standing 
6 333 346 383 479 73428 0 0 1 standing 
6 329 346 378 479 73429 0 0 1 standing 
6 325 346 374 479 73430 0 0 1 standing 
6 320 346 370 479 73431 0 0 1 standing 
6 316 346 365 479 73432 0 0 1 standing 
6 312 346 361 479 73433 0 0 1 standing 
6 308 346 357 479 73434 0 0 1 standing 
6 304 346 353 479 73435 0 0 0 standing 
6 297 345 346 478 73436 0 0 1 standing 
6 291 344 340 477 73437 0 0 1 standing 
6 285 343 334 476 73438 0 0 1 standing 
6 279 342 328 475 73439 0 0 1 standing 
6 273 342 322 475 73440 0 0 1 standing 
6 266 341 315 474 73441 0 0 1 standing 
6 260 340 309 473 73442 0 0 1 standing 
6 254 339 303 472 73443 0 0 1 standing 
6 248 338 297 471 73444 0 0 1 standing 
7 497 341 541 476 73425 0 0 0 standing 
7 492 341 537 479 73426 0 0 1 standing 
7 487 341 534 482 73427 0 0 1 standing 
7 483 341 531 485 73428 0 0 0 standing 
7 478 342 525 483 73429 0 0 1 standing 
7 473 343 519 481 73430 0 0 1 standing 
7 469 345 513 479 73431 0 0 0 standing 
7 460 344 507 478 73432 0 0 1 standing 
7 451 343 502 477 73433 0 0 1 standing 
7 442 343 497 476 73434 0 0 0 standing 
7 432 345 492 475 73435 0 0 1 standing 
7 423 348 487 475 73436 0 0 1 standing 
7 414 351 482 475 73437 0 0 0 standing 
7 408 352 475 474 73438 0 0 1 standing 
7 403 353 468 474 73439 0 0 1 standing 
7 398 354 462 474 73440 0 0 0 standing 
7 393 352 457 474 73441 0 0 1 standing 
7 389 351 452 474 73442 0 0 1 standing 
7 384 350 447 475 73443 0 0 1 standing 
7 380 349 442 475 73444 0 0 1 standing 
8 657 435 712 589 73425 0 0 0 standing 
8 655 431 711 584 73426 0 0 1 standing 
8 654 428 711 579 73427 0 0 1 standing 
8 653 425 711 574 73428 0 0 0 standing 
8 652 422 711 567 73429 0 0 1 standing 
8 651 419 712 560 73430 0 0 1 standing 
8 651 416 713 553 73431 0 0 0 standing 
8 649 414 715 548 73432 0 0 1 standing 
8 647 412 717 544 73433 0 0 1 standing 
8 646 411 719 540 73434 0 0 0 standing 
8 643 411 720 538 73435 0 0 1 standing 
8 641 411 721 536 73436 0 0 1 standing 
8 639 412 722 535 73437 0 0 0 standing 
8 634 412 716 534 73438 0 0 1 standing 
8 630 413 710 533 73439 0 0 1 standing 
8 626 413 704 533 73440 0 0 1 standing 
8 622 414 698 532 73441 0 0 1 standing 
8 618 414 692 531 73442 0 0 1 standing 
8 614 415 686 531 73443 0 0 1 standing 
8 610 415 680 530 73444 0 0 1 standing 
9 845 333 908 465 73425 0 0 0 standing 
9 836 333 903 465 73426 0 0 1 standing 
9 828 333 898 465 73427 0 0 1 standing 
9 820 333 893 465 73428 0 0 0 standing 
9 811 332 882 464 73429 0 0 1 standing 
9 802 332 872 464 73430 0 0 1 standing 
9 793 332 862 464 73431 0 0 0 standing 
9 783 332 850 463 73432 0 0 1 standing 
9 773 333 839 463 73433 0 0 1 standing 
9 764 334 828 463 73434 0 0 0 standing 
9 754 334 818 464 73435 0 0 1 standing 
9 745 335 809 466 73436 0 0 1 standing 
9 736 336 800 468 73437 0 0 0 standing 
9 728 337 789 466 73438 0 0 1 standing 
9 721 339 778 465 73439 0 0 1 standing 
9 714 341 767 464 73440 0 0 0 standing 
9 708 336 760 465 73441 0 0 1 standing 
9 703 331 754 466 73442 0 0 1 standing 
9 697 326 748 467 73443 0 0 1 standing 
9 692 321 742 468 73444 0 0 1 standing 
10 960 462 1037 614 73425 0 0 0 standing 
10 952 462 1031 613 73426 0 0 1 standing 
10 944 462 1026 612 73427 0 0 1 standing 
10 937 463 1021 612 73428 0 0 0 standing 
10 935 457 1015 609 73429 0 0 1 standing 
10 933 451 1010 606 73430 0 0 1 standing 
10 931 446 1005 604 73431 0 0 0 standing 
10 928 443 1000 599 73432 0 0 1 standing 
10 925 440 995 594 73433 0 0 1 standing 
10 922 438 991 590 73434 0 0 0 standing 
10 918 436 989 583 73435 0 0 1 standing 
10 915 434 987 576 73436 0 0 1 standing 
10 912 432 986 570 73437 0 0 0 standing 
10 908 430 982 565 73438 0 0 1 standing 
10 905 428 979 560 73439 0 0 1 standing 
10 902 426 976 555 73440 0 0 0 standing 
10 892 421 971 552 73441 0 0 1 standing 
10 882 417 966 549 73442 0 0 1 standing 
10 872 413 961 546 73443 0 0 0 standing 
10 872 412 960 546 73444 0 0 1 standing 
11 1042 371 1126 510 73425 0 0 0 standing 
11 1039 371 1123 508 73426 0 0 1 standing 
11 1037 371 1120 506 73427 0 0 1 standing 
11 1035 371 1117 505 73428 0 0 0 standing 
11 1032 369 1113 503 73429 0 0 1 standing 
11 1029 368 1109 501 73430 0 0 1 standing 
11 1027 367 1106 499 73431 0 0 0 standing 
11 1020 365 1100 494 73432 0 0 1 standing 
11 1013 364 1095 490 73433 0 0 1 standing 
11 1006 363 1090 486 73434 0 0 0 standing 
11 1001 364 1084 484 73435 0 0 1 standing 
11 996 366 1079 483 73436 0 0 1 standing 
11 991 368 1074 482 73437 0 0 0 standing 
11 987 366 1065 480 73438 0 0 1 standing 
11 983 365 1056 479 73439 0 0 1 standing 
11 979 364 1048 478 73440 0 0 0 standing 
11 974 361 1041 477 73441 0 0 1 standing 
11 969 358 1034 476 73442 0 0 1 standing 
11 964 355 1027 475 73443 0 0 1 standing 
11 959 352 1020 474 73444 0 0 1 standing 
