0 242 445 291 552 52595 0 1 0 standing 
0 278 445 326 550 52596 0 1 1 standing 
0 314 445 362 548 52597 0 1 1 standing 
0 350 445 398 546 52598 0 1 1 standing 
0 386 445 434 544 52599 0 1 1 standing 
0 422 446 470 542 52600 0 1 0 standing 
0 446 447 494 541 52601 0 1 1 standing 
0 470 448 518 540 52602 0 1 1 standing 
0 495 450 543 539 52603 0 1 1 standing 
0 519 451 567 538 52604 0 1 1 standing 
0 544 453 592 538 52605 0 1 0 standing 
0 555 451 604 538 52606 0 1 1 standing 
0 567 449 616 539 52607 0 1 1 standing 
0 579 448 629 540 52608 0 1 0 standing 
0 579 445 630 539 52609 0 1 1 standing 
0 580 442 632 539 52610 0 1 1 standing 
0 581 439 633 539 52611 0 1 1 standing 
0 582 437 635 539 52612 0 1 1 standing 
0 583 434 636 539 52613 0 1 1 standing 
0 584 431 638 539 52614 0 1 1 standing 
1 217 416 271 528 52595 0 1 0 standing 
1 250 418 304 526 52596 0 1 1 falling 
1 283 420 337 524 52597 0 1 1 falling 
1 316 422 370 522 52598 0 1 1 falling 
1 349 424 403 520 52599 0 1 1 falling 
1 383 426 436 519 52600 0 1 0 falling 
1 406 428 459 517 52601 0 1 1 falling 
1 429 430 482 516 52602 0 1 1 falling 
1 452 433 505 514 52603 0 1 1 falling 
1 475 435 528 513 52604 0 1 1 falling 
1 499 438 552 512 52605 0 1 0 falling 
1 509 442 564 516 52606 0 1 1 falling 
1 520 446 576 520 52607 0 1 1 falling 
1 531 451 588 525 52608 0 1 0 falling 
1 530 451 588 525 52609 0 1 1 falling 
1 529 452 589 525 52610 0 1 1 falling 
1 528 452 590 526 52611 0 1 1 falling 
1 528 453 590 526 52612 0 1 1 falling 
1 527 453 591 527 52613 0 1 1 falling 
1 526 454 592 527 52614 0 1 1 falling 
2 0 491 32 649 52595 0 0 0 falling 
2 25 489 67 647 52596 0 0 1 standing 
2 51 488 103 645 52597 0 0 1 standing 
2 77 487 139 644 52598 0 0 0 standing 
2 110 483 172 640 52599 0 0 1 standing 
2 143 479 205 636 52600 0 0 1 standing 
2 176 476 238 633 52601 0 0 0 standing 
2 199 477 262 637 52602 0 0 1 standing 
2 222 479 286 641 52603 0 0 1 standing 
2 245 481 310 646 52604 0 0 0 standing 
2 262 485 326 648 52605 0 0 1 standing 
2 279 489 343 651 52606 0 0 1 standing 
2 296 493 360 654 52607 0 0 0 standing 
2 298 494 364 653 52608 0 0 1 standing 
2 301 496 369 653 52609 0 0 1 standing 
2 304 498 374 653 52610 0 0 1 standing 
2 307 499 379 653 52611 0 0 1 standing 
2 310 501 384 653 52612 0 0 1 standing 
2 313 503 389 653 52613 0 0 0 standing 
2 313 503 389 653 52614 0 0 1 standing 
3 189 483 252 605 52595 0 0 0 standing 
3 224 480 287 602 52596 0 0 1 falling 
3 259 478 322 600 52597 0 0 1 falling 
3 295 476 358 598 52598 0 0 0 falling 
3 324 471 385 596 52599 0 0 1 falling 
3 353 466 412 595 52600 0 0 1 falling 
3 382 461 439 594 52601 0 0 0 falling 
3 405 459 460 592 52602 0 0 1 falling 
3 428 457 482 590 52603 0 0 1 falling 
3 451 456 504 588 52604 0 0 0 falling 
3 461 454 519 585 52605 0 0 1 falling 
3 471 452 535 583 52606 0 0 1 falling 
3 482 450 551 581 52607 0 0 0 falling 
3 479 450 549 581 52608 0 0 1 falling 
3 476 451 547 581 52609 0 0 1 falling 
3 473 451 545 581 52610 0 0 1 falling 
3 471 452 544 582 52611 0 0 1 falling 
3 468 452 542 582 52612 0 0 1 falling 
3 465 453 540 582 52613 0 0 1 falling 
3 462 453 538 582 52614 0 0 1 falling 
4 356 496 422 637 52595 0 0 0 falling 
4 390 495 456 636 52596 0 0 1 standing 
4 424 494 490 635 52597 0 0 1 standing 
4 459 493 525 634 52598 0 0 0 standing 
4 491 490 554 633 52599 0 0 1 standing 
4 523 488 583 632 52600 0 0 1 standing 
4 555 486 612 631 52601 0 0 0 standing 
4 580 484 637 631 52602 0 0 1 standing 
4 605 482 662 631 52603 0 0 1 standing 
4 631 481 687 632 52604 0 0 0 standing 
4 647 480 703 631 52605 0 0 1 standing 
4 663 480 719 631 52606 0 0 1 standing 
4 680 480 736 631 52607 0 0 0 standing 
4 682 479 738 631 52608 0 0 1 standing 
4 684 479 740 632 52609 0 0 1 standing 
4 687 478 742 632 52610 0 0 1 standing 
4 689 478 744 633 52611 0 0 1 standing 
4 691 477 746 633 52612 0 0 1 standing 
4 694 477 749 634 52613 0 0 0 standing 
4 694 477 749 634 52614 0 0 1 standing 
5 553 452 615 586 52595 0 0 0 standing 
5 587 452 652 586 52596 0 0 1 standing 
5 622 453 689 586 52597 0 0 1 standing 
5 657 454 726 587 52598 0 0 0 standing 
5 689 455 756 586 52599 0 0 1 standing 
5 722 456 787 586 52600 0 0 1 standing 
5 755 457 818 586 52601 0 0 0 standing 
5 780 459 843 588 52602 0 0 1 standing 
5 805 461 868 590 52603 0 0 1 standing 
5 831 464 894 593 52604 0 0 0 standing 
5 847 466 909 592 52605 0 0 1 standing 
5 863 468 925 591 52606 0 0 1 standing 
5 879 471 941 591 52607 0 0 0 standing 
5 882 469 944 589 52608 0 0 1 standing 
5 885 467 947 587 52609 0 0 1 standing 
5 888 466 950 586 52610 0 0 0 standing 
5 877 467 949 586 52611 0 0 1 standing 
5 866 469 949 586 52612 0 0 1 standing 
5 856 471 949 586 52613 0 0 1 standing 
5 845 473 949 586 52614 0 0 1 standing 
6 660 422 726 551 52595 0 0 0 standing 
6 695 424 761 553 52596 0 0 1 standing 
6 731 426 797 555 52597 0 0 1 standing 
6 767 429 833 558 52598 0 0 0 standing 
6 798 426 864 559 52599 0 0 1 standing 
6 830 424 895 560 52600 0 0 1 standing 
6 862 422 927 561 52601 0 0 0 standing 
6 886 422 951 561 52602 0 0 1 standing 
6 911 423 976 562 52603 0 0 1 standing 
6 936 424 1001 563 52604 0 0 0 standing 
6 953 424 1018 564 52605 0 0 1 standing 
6 971 424 1035 566 52606 0 0 1 standing 
6 989 425 1053 568 52607 0 0 0 standing 
6 995 425 1059 568 52608 0 0 1 standing 
6 1001 425 1065 568 52609 0 0 1 standing 
6 1008 425 1072 568 52610 0 0 0 standing 
6 1009 424 1071 567 52611 0 0 1 standing 
6 1010 424 1071 566 52612 0 0 1 standing 
6 1012 424 1071 566 52613 0 0 1 standing 
6 1013 424 1071 565 52614 0 0 1 standing 
7 663 410 734 532 52595 0 0 0 standing 
7 697 409 768 531 52596 0 0 1 standing 
7 731 409 802 531 52597 0 0 1 standing 
7 766 409 837 531 52598 0 0 0 standing 
7 799 408 870 530 52599 0 0 1 standing 
7 832 408 903 530 52600 0 0 1 standing 
7 866 408 937 530 52601 0 0 0 standing 
7 890 406 959 527 52602 0 0 1 standing 
7 914 404 982 525 52603 0 0 1 standing 
7 939 403 1005 523 52604 0 0 0 standing 
7 966 401 1022 521 52605 0 0 1 standing 
7 993 400 1040 519 52606 0 0 1 standing 
7 1020 399 1058 518 52607 0 0 0 standing 
7 1025 398 1063 517 52608 0 0 1 standing 
7 1031 397 1069 516 52609 0 0 1 standing 
7 1037 397 1075 516 52610 0 0 0 standing 
7 1037 397 1075 516 52611 0 0 1 standing 
7 1037 397 1075 516 52612 0 0 1 standing 
7 1037 397 1075 516 52613 0 0 1 standing 
7 1037 397 1075 516 52614 0 0 1 standing 
8 720 453 765 589 52595 0 0 0 standing 
8 754 453 796 589 52596 0 0 1 standing 
8 788 453 828 589 52597 0 0 1 standing 
8 822 454 860 589 52598 0 0 0 standing 
8 850 454 890 590 52599 0 0 1 standing 
8 879 454 921 591 52600 0 0 1 standing 
8 908 454 952 592 52601 0 0 0 standing 
8 928 455 976 593 52602 0 0 1 standing 
8 948 457 1001 594 52603 0 0 1 standing 
8 968 459 1026 596 52604 0 0 0 standing 
8 985 459 1042 597 52605 0 0 1 standing 
8 1002 460 1059 599 52606 0 0 1 standing 
8 1019 461 1076 601 52607 0 0 0 standing 
8 1023 461 1080 601 52608 0 0 1 standing 
8 1027 462 1084 602 52609 0 0 1 standing 
8 1031 463 1088 603 52610 0 0 0 standing 
8 1032 463 1084 604 52611 0 0 1 standing 
8 1034 463 1081 606 52612 0 0 1 standing 
8 1036 463 1078 608 52613 0 0 0 standing 
8 1036 463 1078 608 52614 0 0 1 standing 
9 879 433 912 566 52595 0 0 0 standing 
9 915 434 948 567 52596 0 0 1 standing 
9 952 435 985 568 52597 0 0 1 standing 
9 989 436 1022 569 52598 0 0 0 standing 
9 1022 436 1055 569 52599 0 0 1 standing 
9 1055 437 1088 570 52600 0 0 1 standing 
9 1089 438 1122 571 52601 0 0 0 standing 
9 1113 439 1149 574 52602 0 0 1 standing 
9 1138 441 1176 577 52603 0 0 1 standing 
9 1163 443 1204 581 52604 0 0 0 standing 
9 1179 446 1226 582 52605 0 0 1 standing 
9 1195 450 1248 584 52606 0 0 1 standing 
9 1212 454 1271 586 52607 0 0 0 standing 
9 1220 455 1273 587 52608 0 0 1 standing 
9 1228 456 1276 588 52609 0 0 1 standing 
9 1236 458 1279 590 52610 0 0 0 standing 
9 1241 457 1279 589 52611 0 0 1 standing 
9 1246 457 1279 589 52612 0 0 1 standing 
9 1251 456 1279 588 52613 0 0 1 standing 
9 1256 456 1279 588 52614 0 0 1 standing 
10 1085 433 1138 581 52595 0 0 0 standing 
10 1121 434 1174 582 52596 0 0 1 standing 
10 1157 436 1210 584 52597 0 0 1 standing 
10 1194 438 1247 586 52598 0 0 0 standing 
10 1219 443 1257 591 52599 0 0 1 standing 
10 1244 448 1268 596 52600 0 0 1 standing 
10 1270 454 1279 602 52601 0 0 0 standing 
10 1270 454 1279 602 52602 0 0 1 standing 
10 1270 454 1279 602 52603 0 0 1 standing 
10 1270 454 1279 602 52604 0 0 1 standing 
10 1270 454 1279 602 52605 0 0 1 standing 
10 1270 454 1279 602 52606 0 0 1 standing 
10 1270 454 1279 602 52607 0 0 1 standing 
10 1270 454 1279 602 52608 0 0 1 standing 
10 1270 454 1279 602 52609 0 0 1 standing 
10 1270 454 1279 602 52610 0 0 1 standing 
10 1270 454 1279 602 52611 0 0 1 standing 
10 1270 454 1279 602 52612 0 0 1 standing 
10 1270 454 1279 602 52613 0 0 1 standing 
10 1270 454 1279 602 52614 0 0 1 standing 
11 1109 363 1180 497 52595 0 0 0 standing 
11 1142 370 1207 504 52596 0 0 1 standing 
11 1176 378 1235 511 52597 0 0 1 standing 
11 1210 386 1263 519 52598 0 0 0 standing 
11 1230 384 1268 517 52599 0 0 1 standing 
11 1250 382 1273 515 52600 0 0 1 standing 
11 1270 380 1279 513 52601 0 0 0 standing 
11 1270 380 1279 513 52602 0 0 1 standing 
11 1270 380 1279 513 52603 0 0 1 standing 
11 1270 380 1279 513 52604 0 0 1 standing 
11 1270 380 1279 513 52605 0 0 1 standing 
11 1270 380 1279 513 52606 0 0 1 standing 
11 1270 380 1279 513 52607 0 0 1 standing 
11 1270 380 1279 513 52608 0 0 1 standing 
11 1270 380 1279 513 52609 0 0 1 standing 
11 1270 380 1279 513 52610 0 0 1 standing 
11 1270 380 1279 513 52611 0 0 1 standing 
11 1270 380 1279 513 52612 0 0 1 standing 
11 1270 380 1279 513 52613 0 0 1 standing 
11 1270 380 1279 513 52614 0 0 1 standing 
