0 479 401 564 524 52125 0 1 0 setting 
0 473 397 563 529 52126 0 1 1 setting 
0 468 393 562 534 52127 0 1 1 setting 
0 463 390 562 539 52128 0 1 0 setting 
0 461 380 555 537 52129 0 1 1 setting 
0 459 370 548 536 52130 0 1 1 setting 
0 457 360 541 535 52131 0 1 1 setting 
0 456 350 534 534 52132 0 1 0 setting 
0 448 347 523 534 52133 0 1 1 setting 
0 441 344 512 535 52134 0 1 1 setting 
0 434 342 501 536 52135 0 1 0 setting 
0 427 344 496 530 52136 0 1 1 setting 
0 420 346 491 524 52137 0 1 1 setting 
0 414 349 486 519 52138 0 1 0 setting 
0 407 358 481 520 52139 0 1 1 setting 
0 401 367 476 522 52140 0 1 1 setting 
0 394 376 471 523 52141 0 1 1 setting 
0 388 386 466 525 52142 0 1 0 setting 
0 384 393 462 531 52143 0 1 1 setting 
0 380 401 459 537 52144 0 1 1 setting 
1 612 429 669 584 52125 0 0 0 setting 
1 608 429 665 584 52126 0 0 1 standing 
1 604 429 662 585 52127 0 0 1 standing 
1 600 429 659 586 52128 0 0 0 standing 
1 593 429 653 579 52129 0 0 1 standing 
1 587 430 647 573 52130 0 0 1 standing 
1 581 430 641 567 52131 0 0 1 standing 
1 575 431 635 561 52132 0 0 0 standing 
1 570 431 630 567 52133 0 0 1 standing 
1 565 432 626 573 52134 0 0 1 standing 
1 560 432 622 579 52135 0 0 1 standing 
1 555 433 618 585 52136 0 0 1 standing 
1 550 433 614 591 52137 0 0 1 standing 
1 546 434 610 598 52138 0 0 0 standing 
1 537 436 606 599 52139 0 0 1 standing 
1 528 438 602 601 52140 0 0 1 standing 
1 519 440 598 603 52141 0 0 1 standing 
1 511 443 594 605 52142 0 0 0 standing 
1 506 443 584 607 52143 0 0 1 standing 
1 502 443 575 610 52144 0 0 1 standing 
2 621 395 661 571 52125 0 0 0 standing 
2 619 402 660 573 52126 0 0 1 standing 
2 617 409 659 576 52127 0 0 1 standing 
2 616 416 659 579 52128 0 0 0 standing 
2 614 415 659 578 52129 0 0 1 standing 
2 613 414 659 578 52130 0 0 1 standing 
2 612 413 659 578 52131 0 0 1 standing 
2 611 413 659 578 52132 0 0 1 standing 
2 610 412 659 578 52133 0 0 1 standing 
2 608 411 659 578 52134 0 0 1 standing 
2 607 411 659 578 52135 0 0 1 standing 
2 606 410 659 578 52136 0 0 1 standing 
2 605 409 659 578 52137 0 0 1 standing 
2 604 409 659 578 52138 0 0 0 standing 
2 603 407 658 577 52139 0 0 1 standing 
2 602 406 657 576 52140 0 0 1 standing 
2 602 404 657 576 52141 0 0 1 standing 
2 601 403 656 575 52142 0 0 1 standing 
2 601 401 656 575 52143 0 0 1 standing 
2 600 400 655 574 52144 0 0 1 standing 
3 241 444 302 580 52125 0 0 0 standing 
3 239 444 317 580 52126 0 0 1 standing 
3 237 445 333 580 52127 0 0 1 standing 
3 236 446 349 580 52128 0 0 0 standing 
3 241 444 350 580 52129 0 0 1 standing 
3 246 442 352 580 52130 0 0 1 standing 
3 251 440 353 580 52131 0 0 1 standing 
3 256 438 355 580 52132 0 0 0 standing 
3 273 434 367 581 52133 0 0 1 standing 
3 290 430 379 583 52134 0 0 1 standing 
3 307 426 392 585 52135 0 0 0 standing 
3 313 425 398 582 52136 0 0 1 standing 
3 320 424 405 580 52137 0 0 1 standing 
3 327 424 412 578 52138 0 0 0 standing 
3 334 426 421 581 52139 0 0 1 standing 
3 341 428 431 584 52140 0 0 1 standing 
3 348 430 440 587 52141 0 0 1 standing 
3 356 433 450 590 52142 0 0 0 standing 
3 363 439 454 592 52143 0 0 1 standing 
3 371 446 458 594 52144 0 0 1 standing 
4 334 365 377 475 52125 0 0 0 standing 
4 332 367 380 480 52126 0 0 1 moving 
4 330 370 383 485 52127 0 0 1 moving 
4 328 373 386 490 52128 0 0 0 moving 
4 330 375 387 491 52129 0 0 1 moving 
4 332 378 388 493 52130 0 0 1 moving 
4 334 380 389 495 52131 0 0 1 moving 
4 337 383 391 497 52132 0 0 0 moving 
4 339 382 389 497 52133 0 0 1 moving 
4 341 381 387 497 52134 0 0 1 moving 
4 343 380 385 498 52135 0 0 0 moving 
4 342 377 384 497 52136 0 0 1 moving 
4 341 375 384 497 52137 0 0 1 moving 
4 341 373 384 497 52138 0 0 0 moving 
4 338 371 381 496 52139 0 0 1 moving 
4 335 369 378 495 52140 0 0 1 moving 
4 332 367 375 494 52141 0 0 1 moving 
4 330 365 373 494 52142 0 0 0 moving 
4 328 364 371 494 52143 0 0 1 moving 
4 326 363 370 494 52144 0 0 1 moving 
5 104 413 169 519 52125 0 0 0 moving 
5 98 410 163 520 52126 0 0 1 standing 
5 93 408 158 521 52127 0 0 1 standing 
5 88 406 153 523 52128 0 0 0 standing 
5 84 403 149 522 52129 0 0 1 standing 
5 80 401 145 521 52130 0 0 1 standing 
5 76 398 141 520 52131 0 0 1 standing 
5 73 396 137 519 52132 0 0 0 standing 
5 69 394 132 519 52133 0 0 1 standing 
5 66 392 127 520 52134 0 0 1 standing 
5 63 391 123 521 52135 0 0 0 standing 
5 59 389 120 520 52136 0 0 1 standing 
5 56 388 118 520 52137 0 0 1 standing 
5 53 387 116 520 52138 0 0 0 standing 
5 48 386 113 520 52139 0 0 1 standing 
5 44 385 110 520 52140 0 0 1 standing 
5 40 384 107 520 52141 0 0 1 standing 
5 36 383 105 521 52142 0 0 0 standing 
5 33 384 102 520 52143 0 0 1 standing 
5 30 385 99 519 52144 0 0 1 standing 
6 701 449 775 589 52125 0 0 0 standing 
6 700 447 772 586 52126 0 0 1 standing 
6 699 446 769 583 52127 0 0 1 standing 
6 699 445 767 580 52128 0 0 0 standing 
6 695 442 761 579 52129 0 0 1 standing 
6 692 439 755 579 52130 0 0 1 standing 
6 689 436 749 578 52131 0 0 1 standing 
6 686 434 744 578 52132 0 0 0 standing 
6 686 432 743 578 52133 0 0 1 standing 
6 686 430 743 578 52134 0 0 1 standing 
6 687 429 743 579 52135 0 0 0 standing 
6 686 427 740 577 52136 0 0 1 standing 
6 686 425 737 576 52137 0 0 1 standing 
6 686 423 735 575 52138 0 0 0 standing 
6 687 421 735 573 52139 0 0 1 standing 
6 688 420 735 572 52140 0 0 1 standing 
6 689 418 736 571 52141 0 0 1 standing 
6 690 417 736 570 52142 0 0 1 standing 
6 691 415 737 569 52143 0 0 1 standing 
6 692 414 737 568 52144 0 0 1 standing 
7 773 442 826 563 52125 0 0 0 standing 
7 775 444 828 566 52126 0 0 1 standing 
7 777 446 830 570 52127 0 0 1 standing 
7 780 449 833 574 52128 0 0 0 standing 
7 782 447 837 573 52129 0 0 1 standing 
7 785 445 841 573 52130 0 0 1 standing 
7 787 443 845 573 52131 0 0 1 standing 
7 790 441 849 573 52132 0 0 0 standing 
7 797 441 854 575 52133 0 0 1 standing 
7 805 442 859 577 52134 0 0 1 standing 
7 813 443 865 579 52135 0 0 0 standing 
7 817 445 876 579 52136 0 0 1 standing 
7 821 447 887 580 52137 0 0 1 standing 
7 826 449 898 580 52138 0 0 1 standing 
7 830 451 909 581 52139 0 0 1 standing 
7 835 453 920 582 52140 0 0 0 standing 
7 845 452 922 583 52141 0 0 1 standing 
7 855 451 924 585 52142 0 0 1 standing 
7 865 450 927 586 52143 0 0 1 standing 
7 875 449 929 588 52144 0 0 1 standing 
8 825 394 873 526 52125 0 0 0 standing 
8 825 389 874 522 52126 0 0 1 standing 
8 825 385 875 518 52127 0 0 1 standing 
8 825 381 877 514 52128 0 0 0 standing 
8 830 377 880 511 52129 0 0 1 standing 
8 835 373 883 509 52130 0 0 1 standing 
8 840 369 886 506 52131 0 0 1 standing 
8 845 365 889 504 52132 0 0 0 standing 
8 849 365 892 506 52133 0 0 1 standing 
8 853 365 895 508 52134 0 0 1 standing 
8 857 366 899 510 52135 0 0 0 standing 
8 859 363 904 507 52136 0 0 1 standing 
8 861 361 909 505 52137 0 0 1 standing 
8 864 359 914 503 52138 0 0 0 standing 
8 868 357 913 498 52139 0 0 1 standing 
8 872 356 913 494 52140 0 0 1 standing 
8 876 354 913 490 52141 0 0 1 standing 
8 880 353 913 486 52142 0 0 0 standing 
8 881 351 917 486 52143 0 0 1 standing 
8 883 349 921 487 52144 0 0 1 standing 
9 1003 414 1059 548 52125 0 0 0 standing 
9 1005 413 1059 547 52126 0 0 1 standing 
9 1008 413 1059 546 52127 0 0 1 standing 
9 1011 413 1060 546 52128 0 0 0 standing 
9 1011 413 1061 547 52129 0 0 1 standing 
9 1012 413 1063 549 52130 0 0 1 standing 
9 1013 413 1064 551 52131 0 0 1 standing 
9 1014 414 1066 553 52132 0 0 0 standing 
9 1016 413 1071 554 52133 0 0 1 standing 
9 1018 412 1076 555 52134 0 0 1 standing 
9 1020 411 1082 556 52135 0 0 0 standing 
9 1025 409 1082 555 52136 0 0 1 standing 
9 1031 407 1082 554 52137 0 0 1 standing 
9 1037 406 1082 553 52138 0 0 0 standing 
9 1039 405 1088 550 52139 0 0 1 standing 
9 1041 405 1095 548 52140 0 0 1 standing 
9 1043 405 1102 546 52141 0 0 1 standing 
9 1045 405 1109 544 52142 0 0 0 standing 
9 1046 405 1111 543 52143 0 0 1 standing 
9 1047 405 1113 543 52144 0 0 1 standing 
10 726 387 786 509 52125 0 0 0 standing 
10 723 386 781 512 52126 0 0 1 standing 
10 720 385 776 515 52127 0 0 1 standing 
10 718 385 771 518 52128 0 0 0 standing 
10 717 385 768 519 52129 0 0 1 standing 
10 716 385 766 520 52130 0 0 1 standing 
10 716 385 763 522 52131 0 0 1 standing 
10 715 385 761 523 52132 0 0 1 standing 
10 715 385 758 525 52133 0 0 1 standing 
10 714 385 756 526 52134 0 0 1 standing 
10 714 385 754 528 52135 0 0 0 standing 
10 713 385 753 528 52136 0 0 1 standing 
10 712 386 752 528 52137 0 0 1 standing 
10 711 386 751 528 52138 0 0 1 standing 
10 711 387 750 528 52139 0 0 1 standing 
10 710 387 750 528 52140 0 0 1 standing 
10 709 388 749 528 52141 0 0 1 standing 
10 709 388 748 528 52142 0 0 1 standing 
10 708 389 747 528 52143 0 0 1 standing 
10 707 389 746 528 52144 0 0 1 standing 
11 748 355 793 475 52125 0 0 0 standing 
11 747 353 791 476 52126 0 0 1 standing 
11 746 352 789 477 52127 0 0 1 standing 
11 746 351 788 478 52128 0 0 0 standing 
11 743 351 786 478 52129 0 0 1 standing 
11 740 351 785 478 52130 0 0 1 standing 
11 737 351 783 478 52131 0 0 1 standing 
11 735 351 782 478 52132 0 0 0 standing 
11 732 351 776 478 52133 0 0 1 standing 
11 730 352 770 479 52134 0 0 1 standing 
11 728 353 764 480 52135 0 0 0 standing 
11 726 353 762 480 52136 0 0 1 standing 
11 724 354 760 481 52137 0 0 1 standing 
11 723 354 759 481 52138 0 0 1 standing 
11 721 355 757 482 52139 0 0 1 standing 
11 720 355 756 482 52140 0 0 1 standing 
11 718 356 754 483 52141 0 0 1 standing 
11 716 356 752 483 52142 0 0 1 standing 
11 715 357 751 484 52143 0 0 1 standing 
11 713 357 749 484 52144 0 0 1 standing 
