0 168 472 231 614 52705 0 0 0 standing 
0 163 470 236 613 52706 0 0 1 standing 
0 158 468 242 613 52707 0 0 1 standing 
0 154 466 248 613 52708 0 0 0 standing 
0 155 467 242 611 52709 0 0 1 standing 
0 156 468 236 609 52710 0 0 1 standing 
0 157 469 231 608 52711 0 0 0 standing 
0 161 468 226 606 52712 0 0 1 standing 
0 166 467 222 605 52713 0 0 1 standing 
0 171 466 218 604 52714 0 0 0 standing 
0 166 463 222 603 52715 0 0 1 standing 
0 162 460 226 602 52716 0 0 1 standing 
0 158 458 231 602 52717 0 0 0 standing 
0 154 457 225 600 52718 0 0 1 standing 
0 151 457 219 598 52719 0 0 1 standing 
0 148 457 213 596 52720 0 0 0 standing 
0 137 459 202 596 52721 0 0 1 standing 
0 127 461 191 596 52722 0 0 1 standing 
0 117 463 181 597 52723 0 0 0 standing 
0 106 462 171 596 52724 0 0 1 standing 
1 379 465 446 580 52705 0 0 0 standing 
1 378 460 454 580 52706 0 0 1 standing 
1 377 456 462 580 52707 0 0 1 standing 
1 376 452 470 580 52708 0 0 0 standing 
1 384 452 465 573 52709 0 0 1 standing 
1 393 452 460 566 52710 0 0 1 standing 
1 402 453 456 560 52711 0 0 0 standing 
1 401 453 462 565 52712 0 0 1 standing 
1 401 453 468 570 52713 0 0 1 standing 
1 401 453 474 576 52714 0 0 0 standing 
1 402 453 475 576 52715 0 0 1 standing 
1 404 453 477 577 52716 0 0 1 standing 
1 406 453 479 578 52717 0 0 0 standing 
1 406 453 473 579 52718 0 0 1 standing 
1 406 453 467 581 52719 0 0 1 standing 
1 407 454 461 583 52720 0 0 0 standing 
1 402 453 457 580 52721 0 0 1 standing 
1 397 453 454 577 52722 0 0 1 standing 
1 393 453 451 575 52723 0 0 0 standing 
1 385 454 447 578 52724 0 0 1 standing 
2 398 480 466 623 52705 0 0 0 standing 
2 401 478 464 621 52706 0 0 1 standing 
2 404 476 463 619 52707 0 0 1 standing 
2 408 474 462 618 52708 0 0 0 standing 
2 402 473 468 618 52709 0 0 1 standing 
2 397 472 475 618 52710 0 0 1 standing 
2 392 472 482 619 52711 0 0 0 standing 
2 394 472 475 617 52712 0 0 1 standing 
2 396 473 468 615 52713 0 0 1 standing 
2 399 474 462 613 52714 0 0 0 standing 
2 397 472 455 610 52715 0 0 1 standing 
2 396 470 449 608 52716 0 0 1 standing 
2 395 468 443 606 52717 0 0 0 standing 
2 389 467 447 607 52718 0 0 1 standing 
2 383 467 451 608 52719 0 0 1 standing 
2 377 467 455 610 52720 0 0 0 standing 
2 368 466 449 609 52721 0 0 1 standing 
2 359 465 443 608 52722 0 0 1 standing 
2 350 464 438 608 52723 0 0 0 standing 
2 336 463 423 608 52724 0 0 1 standing 
3 486 423 568 536 52705 0 0 0 standing 
3 474 424 560 536 52706 0 0 1 standing 
3 463 426 553 536 52707 0 0 1 standing 
3 452 428 546 537 52708 0 0 0 standing 
3 449 428 540 535 52709 0 0 1 standing 
3 447 428 534 533 52710 0 0 1 standing 
3 445 428 529 532 52711 0 0 0 standing 
3 446 426 522 532 52712 0 0 1 standing 
3 448 424 515 532 52713 0 0 1 standing 
3 450 423 509 532 52714 0 0 0 standing 
3 449 422 503 534 52715 0 0 1 standing 
3 449 421 497 537 52716 0 0 1 standing 
3 449 421 492 540 52717 0 0 0 standing 
3 444 421 487 541 52718 0 0 1 standing 
3 439 421 482 543 52719 0 0 1 standing 
3 434 422 478 545 52720 0 0 0 standing 
3 429 424 474 544 52721 0 0 1 standing 
3 424 426 470 544 52722 0 0 1 standing 
3 419 429 466 544 52723 0 0 0 standing 
3 406 428 453 544 52724 0 0 1 standing 
4 607 376 674 510 52705 0 1 0 standing 
4 603 366 670 508 52706 0 1 1 spiking 
4 599 356 666 507 52707 0 1 1 spiking 
4 595 346 662 505 52708 0 1 1 spiking 
4 592 336 659 504 52709 0 1 0 spiking 
4 585 331 657 499 52710 0 1 1 spiking 
4 578 327 656 494 52711 0 1 1 spiking 
4 571 322 655 489 52712 0 1 1 spiking 
4 564 318 654 485 52713 0 1 0 spiking 
4 565 320 648 487 52714 0 1 1 spiking 
4 566 322 642 489 52715 0 1 1 spiking 
4 567 324 636 492 52716 0 1 0 spiking 
4 560 331 626 496 52717 0 1 1 spiking 
4 554 338 617 501 52718 0 1 1 spiking 
4 548 345 607 505 52719 0 1 1 spiking 
4 542 353 598 510 52720 0 1 0 spiking 
4 535 360 588 514 52721 0 1 1 spiking 
4 529 367 579 519 52722 0 1 1 spiking 
4 523 375 570 524 52723 0 1 0 spiking 
4 514 381 563 528 52724 0 1 1 spiking 
5 716 435 778 568 52705 0 0 0 spiking 
5 706 433 769 569 52706 0 0 1 standing 
5 696 432 760 571 52707 0 0 1 standing 
5 687 431 751 573 52708 0 0 0 standing 
5 680 430 742 566 52709 0 0 1 standing 
5 673 429 734 559 52710 0 0 1 standing 
5 667 429 726 553 52711 0 0 0 standing 
5 661 429 720 553 52712 0 0 1 standing 
5 655 430 714 553 52713 0 0 1 standing 
5 649 431 708 554 52714 0 0 0 standing 
5 640 429 699 552 52715 0 0 1 standing 
5 632 427 690 551 52716 0 0 1 standing 
5 624 426 682 550 52717 0 0 0 standing 
5 614 425 678 550 52718 0 0 1 standing 
5 605 424 674 550 52719 0 0 1 standing 
5 596 423 671 551 52720 0 0 0 standing 
5 584 424 661 550 52721 0 0 1 standing 
5 573 425 651 550 52722 0 0 1 standing 
5 562 426 641 550 52723 0 0 0 standing 
5 548 422 626 548 52724 0 0 1 standing 
6 1116 395 1163 528 52705 0 0 0 standing 
6 1101 397 1149 527 52706 0 0 1 standing 
6 1087 400 1135 526 52707 0 0 1 standing 
6 1073 403 1121 525 52708 0 0 0 standing 
6 1056 404 1108 525 52709 0 0 1 standing 
6 1040 405 1095 526 52710 0 0 1 standing 
6 1024 407 1082 527 52711 0 0 0 standing 
6 1012 405 1070 526 52712 0 0 1 standing 
6 1000 403 1058 525 52713 0 0 1 standing 
6 988 402 1046 525 52714 0 0 0 standing 
6 978 401 1031 524 52715 0 0 1 standing 
6 969 400 1017 523 52716 0 0 1 standing 
6 960 399 1003 523 52717 0 0 0 standing 
6 945 400 989 524 52718 0 0 1 standing 
6 930 402 976 526 52719 0 0 1 standing 
6 915 404 963 528 52720 0 0 0 standing 
6 901 405 948 528 52721 0 0 1 standing 
6 887 406 933 528 52722 0 0 1 standing 
6 873 407 918 528 52723 0 0 1 standing 
6 859 408 903 528 52724 0 0 1 standing 
7 1233 500 1277 634 52705 0 0 0 standing 
7 1210 502 1269 635 52706 0 0 1 standing 
7 1188 505 1261 636 52707 0 0 1 standing 
7 1166 508 1253 637 52708 0 0 0 standing 
7 1151 507 1239 636 52709 0 0 1 standing 
7 1136 507 1225 635 52710 0 0 1 standing 
7 1122 507 1211 635 52711 0 0 0 standing 
7 1108 506 1189 632 52712 0 0 1 standing 
7 1094 505 1168 630 52713 0 0 1 standing 
7 1080 504 1147 628 52714 0 0 0 standing 
7 1066 502 1129 626 52715 0 0 1 standing 
7 1052 500 1111 624 52716 0 0 1 standing 
7 1039 499 1093 623 52717 0 0 0 standing 
7 1024 500 1078 622 52718 0 0 1 standing 
7 1009 501 1064 622 52719 0 0 1 standing 
7 995 502 1050 622 52720 0 0 0 standing 
7 979 498 1034 620 52721 0 0 1 standing 
7 964 494 1018 618 52722 0 0 1 standing 
7 949 491 1002 616 52723 0 0 1 standing 
7 934 487 986 614 52724 0 0 1 standing 
8 829 444 884 547 52705 0 1 0 standing 
8 819 436 873 543 52706 0 1 1 blocking 
8 809 428 863 540 52707 0 1 1 blocking 
8 800 420 853 537 52708 0 1 1 blocking 
8 790 412 843 534 52709 0 1 1 blocking 
8 781 404 833 531 52710 0 1 1 blocking 
8 771 396 823 528 52711 0 1 1 blocking 
8 761 388 812 524 52712 0 1 1 blocking 
8 752 380 802 521 52713 0 1 1 blocking 
8 742 372 792 518 52714 0 1 1 blocking 
8 733 364 782 515 52715 0 1 1 blocking 
8 723 356 772 512 52716 0 1 1 blocking 
8 714 348 762 509 52717 0 1 0 blocking 
8 701 349 749 511 52718 0 1 1 blocking 
8 688 350 736 513 52719 0 1 1 blocking 
8 676 351 724 515 52720 0 1 1 blocking 
8 663 352 711 517 52721 0 1 1 blocking 
8 651 353 699 519 52722 0 1 1 blocking 
8 638 354 686 521 52723 0 1 1 blocking 
8 626 355 674 523 52724 0 1 1 blocking 
9 829 405 883 522 52705 0 1 0 blocking 
9 818 398 873 519 52706 0 1 1 blocking 
9 808 392 863 516 52707 0 1 1 blocking 
9 798 385 853 513 52708 0 1 1 blocking 
9 788 379 843 510 52709 0 1 1 blocking 
9 777 373 833 507 52710 0 1 1 blocking 
9 767 366 823 504 52711 0 1 1 blocking 
9 757 360 813 501 52712 0 1 1 blocking 
9 747 353 803 498 52713 0 1 1 blocking 
9 736 347 793 495 52714 0 1 1 blocking 
9 726 341 783 492 52715 0 1 1 blocking 
9 716 334 773 489 52716 0 1 1 blocking 
9 706 328 763 486 52717 0 1 1 blocking 
9 696 322 753 484 52718 0 1 0 blocking 
9 683 326 740 488 52719 0 1 1 blocking 
9 671 330 728 492 52720 0 1 1 blocking 
9 659 334 716 496 52721 0 1 1 blocking 
9 647 338 704 500 52722 0 1 1 blocking 
9 635 342 692 504 52723 0 1 1 blocking 
9 622 346 679 508 52724 0 1 1 blocking 
10 826 416 886 551 52705 0 1 0 blocking 
10 816 407 876 547 52706 0 1 1 blocking 
10 806 399 866 543 52707 0 1 1 blocking 
10 797 390 856 539 52708 0 1 1 blocking 
10 787 382 847 535 52709 0 1 1 blocking 
10 778 373 837 531 52710 0 1 1 blocking 
10 768 365 827 527 52711 0 1 1 blocking 
10 758 356 818 523 52712 0 1 1 blocking 
10 749 348 808 519 52713 0 1 1 blocking 
10 739 339 798 515 52714 0 1 1 blocking 
10 730 331 789 511 52715 0 1 0 blocking 
10 718 331 777 511 52716 0 1 1 blocking 
10 707 332 766 512 52717 0 1 1 blocking 
10 695 332 754 512 52718 0 1 1 blocking 
10 684 333 743 513 52719 0 1 1 blocking 
10 673 333 732 513 52720 0 1 1 blocking 
10 661 334 720 514 52721 0 1 1 blocking 
10 650 334 709 514 52722 0 1 1 blocking 
10 638 335 697 515 52723 0 1 1 blocking 
10 627 335 686 515 52724 0 1 1 blocking 
11 1228 438 1275 581 52705 1 0 1 blocking 
11 1228 438 1275 581 52706 1 0 1 blocking 
11 1228 438 1275 581 52707 1 0 1 blocking 
11 1228 438 1275 581 52708 1 0 1 blocking 
11 1228 438 1275 581 52709 1 0 1 blocking 
11 1228 438 1275 581 52710 1 0 1 blocking 
11 1228 438 1275 581 52711 1 0 1 blocking 
11 1228 438 1275 581 52712 1 0 1 blocking 
11 1228 438 1275 581 52713 1 0 1 blocking 
11 1228 438 1275 581 52714 1 0 1 blocking 
11 1228 438 1275 581 52715 1 0 1 blocking 
11 1228 438 1275 581 52716 1 0 1 blocking 
11 1228 438 1275 581 52717 0 1 0 blocking 
11 1217 438 1265 580 52718 0 1 1 blocking 
11 1206 439 1255 579 52719 0 1 1 blocking 
11 1196 439 1245 579 52720 0 1 1 blocking 
11 1185 440 1235 578 52721 0 1 1 blocking 
11 1174 440 1225 577 52722 0 1 1 blocking 
11 1164 441 1215 577 52723 0 1 0 blocking 
11 1145 441 1197 575 52724 0 1 1 blocking 
