0 614 460 677 581 63520 0 1 0 setting 
0 610 448 673 576 63521 0 1 1 setting 
0 607 436 669 571 63522 0 1 1 setting 
0 604 424 665 566 63523 0 1 1 setting 
0 601 412 661 561 63524 0 1 1 setting 
0 598 400 657 557 63525 0 1 0 setting 
0 591 399 656 554 63526 0 1 1 setting 
0 584 399 655 552 63527 0 1 1 setting 
0 577 399 654 549 63528 0 1 1 setting 
0 570 398 653 547 63529 0 1 1 setting 
0 563 398 652 544 63530 0 1 1 setting 
0 556 398 651 542 63531 0 1 1 setting 
0 550 398 650 540 63532 0 1 0 setting 
0 551 405 649 546 63533 0 1 1 setting 
0 552 413 648 552 63534 0 1 1 setting 
0 553 421 648 559 63535 0 1 0 setting 
0 552 424 643 559 63536 0 1 1 setting 
0 552 427 638 559 63537 0 1 1 setting 
0 551 430 634 560 63538 0 1 1 setting 
0 551 433 629 560 63539 0 1 1 setting 
1 479 427 550 539 63520 0 1 0 setting 
1 483 427 554 538 63521 0 1 1 standing 
1 488 427 559 537 63522 0 1 1 standing 
1 492 427 564 536 63523 0 1 1 standing 
1 497 427 569 535 63524 0 1 1 standing 
1 502 427 574 534 63525 0 1 0 standing 
1 510 425 579 534 63526 0 1 1 standing 
1 518 424 584 534 63527 0 1 1 standing 
1 527 423 590 535 63528 0 1 0 standing 
1 528 412 588 532 63529 0 1 1 standing 
1 530 401 587 530 63530 0 1 1 standing 
1 532 390 586 527 63531 0 1 1 standing 
1 534 380 585 525 63532 0 1 0 standing 
1 530 375 589 516 63533 0 1 1 standing 
1 527 371 594 508 63534 0 1 1 standing 
1 523 366 598 499 63535 0 1 1 standing 
1 520 362 603 491 63536 0 1 0 standing 
1 527 356 602 488 63537 0 1 1 standing 
1 534 350 602 486 63538 0 1 1 standing 
1 541 344 602 483 63539 0 1 1 standing 
2 378 415 439 520 63520 0 1 0 standing 
2 377 414 442 518 63521 0 1 1 moving 
2 377 413 445 516 63522 0 1 1 moving 
2 376 412 448 514 63523 0 1 1 moving 
2 376 411 451 512 63524 0 1 1 moving 
2 376 410 454 510 63525 0 1 0 moving 
2 388 408 456 507 63526 0 1 1 moving 
2 401 406 459 505 63527 0 1 1 moving 
2 414 405 462 503 63528 0 1 0 moving 
2 416 403 475 501 63529 0 1 1 moving 
2 418 401 488 499 63530 0 1 1 moving 
2 420 399 501 497 63531 0 1 1 moving 
2 422 397 514 495 63532 0 1 0 moving 
2 428 397 515 495 63533 0 1 1 moving 
2 434 397 516 496 63534 0 1 1 moving 
2 440 397 518 497 63535 0 1 0 moving 
2 451 395 521 495 63536 0 1 1 moving 
2 462 394 524 494 63537 0 1 1 moving 
2 473 393 528 492 63538 0 1 1 moving 
2 484 392 531 491 63539 0 1 1 moving 
3 323 522 413 655 63520 0 1 0 moving 
3 325 519 419 651 63521 0 1 1 moving 
3 327 516 425 647 63522 0 1 1 moving 
3 329 513 431 643 63523 0 1 1 moving 
3 331 510 438 640 63524 0 1 0 moving 
3 344 510 440 640 63525 0 1 1 moving 
3 358 510 442 640 63526 0 1 1 moving 
3 372 510 444 640 63527 0 1 1 moving 
3 386 510 446 640 63528 0 1 0 moving 
3 390 510 460 641 63529 0 1 1 moving 
3 394 510 474 642 63530 0 1 1 moving 
3 398 510 488 643 63531 0 1 1 moving 
3 403 510 503 645 63532 0 1 0 moving 
3 412 511 512 647 63533 0 1 1 moving 
3 421 513 522 649 63534 0 1 1 moving 
3 430 515 532 651 63535 0 1 1 moving 
3 440 517 542 654 63536 0 1 0 moving 
3 451 514 545 651 63537 0 1 1 moving 
3 463 511 548 649 63538 0 1 1 moving 
3 474 508 551 646 63539 0 1 1 moving 
4 201 479 273 584 63520 0 1 0 moving 
4 201 476 277 584 63521 0 1 1 moving 
4 201 474 281 584 63522 0 1 1 moving 
4 202 472 285 584 63523 0 1 1 moving 
4 202 470 289 584 63524 0 1 1 moving 
4 203 468 293 584 63525 0 1 0 moving 
4 217 467 300 584 63526 0 1 1 moving 
4 231 466 308 584 63527 0 1 1 moving 
4 246 466 316 584 63528 0 1 0 moving 
4 252 465 330 583 63529 0 1 1 moving 
4 258 464 345 583 63530 0 1 1 moving 
4 264 463 360 582 63531 0 1 1 moving 
4 270 463 375 582 63532 0 1 0 moving 
4 281 463 378 582 63533 0 1 1 moving 
4 292 463 381 583 63534 0 1 1 moving 
4 303 463 384 584 63535 0 1 1 moving 
4 315 463 388 585 63536 0 1 0 moving 
4 328 461 398 584 63537 0 1 1 moving 
4 341 460 408 583 63538 0 1 1 moving 
4 354 459 418 582 63539 0 1 1 moving 
5 270 421 336 511 63520 0 0 0 moving 
5 274 419 333 511 63521 0 0 1 standing 
5 278 417 330 511 63522 0 0 1 standing 
5 283 415 328 511 63523 0 0 0 standing 
5 286 413 330 510 63524 0 0 1 standing 
5 290 411 332 509 63525 0 0 1 standing 
5 293 409 334 508 63526 0 0 1 standing 
5 297 407 336 507 63527 0 0 1 standing 
5 300 405 338 506 63528 0 0 1 standing 
5 304 404 341 505 63529 0 0 0 standing 
5 302 406 341 507 63530 0 0 1 standing 
5 301 408 342 509 63531 0 0 1 standing 
5 300 410 343 511 63532 0 0 0 standing 
5 302 408 347 509 63533 0 0 1 standing 
5 305 406 351 508 63534 0 0 1 standing 
5 307 404 355 506 63535 0 0 1 standing 
5 310 402 360 505 63536 0 0 0 standing 
5 316 397 365 504 63537 0 0 1 standing 
5 322 393 370 503 63538 0 0 1 standing 
5 328 388 375 502 63539 0 0 1 standing 
6 1089 471 1135 606 63520 0 0 0 standing 
6 1076 471 1129 607 63521 0 0 1 standing 
6 1064 472 1124 608 63522 0 0 1 standing 
6 1051 473 1118 610 63523 0 0 1 standing 
6 1039 474 1113 611 63524 0 0 1 standing 
6 1027 475 1108 613 63525 0 0 0 standing 
6 1022 473 1098 612 63526 0 0 1 standing 
6 1018 472 1088 612 63527 0 0 1 standing 
6 1013 471 1078 611 63528 0 0 1 standing 
6 1009 470 1068 611 63529 0 0 1 standing 
6 1004 469 1058 610 63530 0 0 1 standing 
6 1000 468 1048 610 63531 0 0 0 standing 
6 993 469 1042 609 63532 0 0 1 standing 
6 986 470 1037 608 63533 0 0 1 standing 
6 979 472 1031 608 63534 0 0 1 standing 
6 972 473 1026 607 63535 0 0 1 standing 
6 966 474 1020 606 63536 0 0 1 standing 
6 959 476 1015 606 63537 0 0 1 standing 
6 952 477 1009 605 63538 0 0 1 standing 
6 945 478 1004 604 63539 0 0 1 standing 
7 1028 444 1083 537 63520 0 0 0 standing 
7 1025 443 1080 537 63521 0 0 1 standing 
7 1023 443 1078 538 63522 0 0 1 standing 
7 1020 442 1076 538 63523 0 0 1 standing 
7 1018 442 1073 539 63524 0 0 1 standing 
7 1016 442 1071 539 63525 0 0 1 standing 
7 1013 441 1069 540 63526 0 0 1 standing 
7 1011 441 1066 540 63527 0 0 1 standing 
7 1008 440 1064 541 63528 0 0 1 standing 
7 1006 440 1062 541 63529 0 0 1 standing 
7 1004 440 1060 542 63530 0 0 0 standing 
7 999 440 1057 541 63531 0 0 1 standing 
7 994 440 1055 541 63532 0 0 1 standing 
7 989 441 1053 541 63533 0 0 1 standing 
7 984 441 1051 540 63534 0 0 1 standing 
7 979 441 1049 540 63535 0 0 1 standing 
7 975 442 1047 540 63536 0 0 0 standing 
7 971 440 1042 538 63537 0 0 1 standing 
7 967 438 1037 537 63538 0 0 1 standing 
7 963 436 1032 536 63539 0 0 1 standing 
8 915 412 959 522 63520 0 0 0 standing 
8 911 410 957 519 63521 0 0 1 standing 
8 908 408 955 517 63522 0 0 1 standing 
8 905 407 953 515 63523 0 0 0 standing 
8 904 406 953 514 63524 0 0 1 standing 
8 903 406 953 513 63525 0 0 1 standing 
8 902 406 953 512 63526 0 0 1 standing 
8 901 405 953 511 63527 0 0 1 standing 
8 900 405 953 510 63528 0 0 1 standing 
8 899 405 953 509 63529 0 0 1 standing 
8 899 405 954 509 63530 0 0 0 standing 
8 896 403 950 509 63531 0 0 1 standing 
8 894 402 947 510 63532 0 0 1 standing 
8 892 401 944 511 63533 0 0 0 standing 
8 890 402 942 511 63534 0 0 1 standing 
8 888 403 940 511 63535 0 0 1 standing 
8 886 404 938 511 63536 0 0 1 standing 
8 884 405 937 511 63537 0 0 0 standing 
8 879 404 933 508 63538 0 0 1 standing 
8 875 404 929 506 63539 0 0 1 standing 
9 700 475 760 617 63520 0 0 0 standing 
9 698 473 757 616 63521 0 0 1 standing 
9 696 471 754 615 63522 0 0 1 standing 
9 694 469 751 614 63523 0 0 1 standing 
9 692 467 749 613 63524 0 0 0 standing 
9 688 468 748 614 63525 0 0 1 standing 
9 684 469 748 616 63526 0 0 1 standing 
9 680 470 747 618 63527 0 0 1 standing 
9 677 471 747 620 63528 0 0 1 standing 
9 673 472 746 622 63529 0 0 1 standing 
9 669 473 746 624 63530 0 0 1 standing 
9 666 475 746 626 63531 0 0 0 standing 
9 663 475 739 623 63532 0 0 1 standing 
9 661 476 732 621 63533 0 0 1 standing 
9 659 476 725 619 63534 0 0 1 standing 
9 657 477 718 617 63535 0 0 1 standing 
9 655 478 712 615 63536 0 0 0 standing 
9 652 480 707 611 63537 0 0 1 standing 
9 649 483 703 608 63538 0 0 1 standing 
9 646 485 698 604 63539 0 0 1 standing 
10 703 421 755 557 63520 0 0 0 standing 
10 699 421 751 556 63521 0 0 1 standing 
10 696 422 748 555 63522 0 0 1 standing 
10 693 423 744 555 63523 0 0 1 standing 
10 689 424 741 554 63524 0 0 1 standing 
10 686 425 738 554 63525 0 0 1 standing 
10 683 425 734 553 63526 0 0 1 standing 
10 679 426 731 552 63527 0 0 1 standing 
10 676 427 727 552 63528 0 0 1 standing 
10 673 428 724 551 63529 0 0 1 standing 
10 670 429 721 551 63530 0 0 0 standing 
10 667 422 717 548 63531 0 0 1 standing 
10 665 415 714 545 63532 0 0 1 standing 
10 663 408 710 542 63533 0 0 1 standing 
10 661 402 707 540 63534 0 0 1 standing 
10 659 395 704 537 63535 0 0 1 standing 
10 657 388 700 534 63536 0 0 1 standing 
10 655 382 697 532 63537 0 0 1 standing 
10 653 375 693 529 63538 0 0 1 standing 
10 651 368 690 526 63539 0 0 1 standing 
11 714 398 765 512 63520 0 0 0 standing 
11 710 397 761 511 63521 0 0 1 standing 
11 706 397 757 510 63522 0 0 1 standing 
11 703 396 753 509 63523 0 0 1 standing 
11 699 396 750 509 63524 0 0 1 standing 
11 696 395 746 508 63525 0 0 1 standing 
11 692 395 742 507 63526 0 0 1 standing 
11 688 394 739 507 63527 0 0 1 standing 
11 685 394 735 506 63528 0 0 1 standing 
11 681 393 731 505 63529 0 0 1 standing 
11 678 393 728 505 63530 0 0 0 standing 
11 675 390 724 505 63531 0 0 1 standing 
11 672 387 720 505 63532 0 0 1 standing 
11 669 384 717 505 63533 0 0 1 standing 
11 666 381 713 505 63534 0 0 1 standing 
11 664 378 710 506 63535 0 0 1 standing 
11 661 375 706 506 63536 0 0 1 standing 
11 658 372 702 506 63537 0 0 1 standing 
11 655 369 699 506 63538 0 0 1 standing 
11 652 366 695 506 63539 0 0 1 standing 
