0 431 426 514 549 56735 0 1 0 setting 
0 443 419 525 548 56736 0 1 1 setting 
0 455 412 537 548 56737 0 1 1 setting 
0 467 406 549 548 56738 0 1 1 setting 
0 479 399 560 548 56739 0 1 1 setting 
0 491 393 572 548 56740 0 1 1 setting 
0 503 386 584 548 56741 0 1 1 setting 
0 516 380 596 548 56742 0 1 0 setting 
0 525 382 604 550 56743 0 1 1 setting 
0 534 385 612 553 56744 0 1 1 setting 
0 543 388 621 555 56745 0 1 1 setting 
0 552 390 629 558 56746 0 1 1 setting 
0 561 393 637 560 56747 0 1 1 setting 
0 570 396 646 563 56748 0 1 0 setting 
0 570 402 644 563 56749 0 1 1 setting 
0 571 408 642 563 56750 0 1 1 setting 
0 572 415 641 563 56751 0 1 0 setting 
0 572 416 639 563 56752 0 1 1 setting 
0 573 418 638 563 56753 0 1 1 setting 
0 573 419 637 563 56754 0 1 1 setting 
1 526 496 607 624 56735 1 0 1 setting 
1 528 496 609 624 56736 1 0 1 standing 
1 531 496 612 625 56737 0 0 0 standing 
1 547 492 631 624 56738 0 0 1 standing 
1 564 489 651 623 56739 0 0 1 standing 
1 581 486 671 623 56740 0 0 0 standing 
1 601 485 690 622 56741 0 0 1 standing 
1 622 484 709 621 56742 0 0 1 standing 
1 643 483 728 621 56743 0 0 1 standing 
1 664 482 747 620 56744 0 0 1 standing 
1 685 481 766 620 56745 0 0 1 standing 
1 706 480 785 619 56746 0 0 1 standing 
1 727 480 804 619 56747 0 0 0 standing 
1 731 479 807 618 56748 0 0 1 standing 
1 736 478 811 617 56749 0 0 1 standing 
1 741 477 815 616 56750 0 0 1 standing 
1 746 476 819 615 56751 0 0 1 standing 
1 750 475 822 614 56752 0 0 1 standing 
1 755 474 826 613 56753 0 0 1 standing 
1 760 473 830 612 56754 0 0 1 standing 
2 666 407 760 518 56735 0 0 0 standing 
2 675 402 768 517 56736 0 0 1 standing 
2 685 398 776 516 56737 0 0 1 standing 
2 694 394 784 515 56738 0 0 1 standing 
2 704 390 792 515 56739 0 0 0 standing 
2 712 390 799 515 56740 0 0 1 standing 
2 721 391 806 515 56741 0 0 1 standing 
2 729 392 813 515 56742 0 0 1 standing 
2 738 393 820 515 56743 0 0 1 standing 
2 746 394 827 515 56744 0 0 1 standing 
2 755 395 834 515 56745 0 0 1 standing 
2 763 396 841 515 56746 0 0 1 standing 
2 772 397 848 516 56747 0 0 0 standing 
2 770 395 845 513 56748 0 0 1 standing 
2 768 393 843 510 56749 0 0 1 standing 
2 766 391 840 507 56750 0 0 1 standing 
2 764 390 838 504 56751 0 0 1 standing 
2 762 388 835 501 56752 0 0 1 standing 
2 760 386 833 498 56753 0 0 1 standing 
2 758 384 830 495 56754 0 0 1 standing 
3 769 438 840 596 56735 0 0 0 standing 
3 777 437 848 592 56736 0 0 1 standing 
3 786 436 857 589 56737 0 0 1 standing 
3 795 435 865 585 56738 0 0 1 standing 
3 804 435 874 582 56739 0 0 0 standing 
3 812 431 882 577 56740 0 0 1 standing 
3 820 428 890 573 56741 0 0 1 standing 
3 828 424 898 568 56742 0 0 1 standing 
3 836 421 906 564 56743 0 0 1 standing 
3 844 418 914 560 56744 0 0 1 standing 
3 852 414 922 555 56745 0 0 1 standing 
3 860 411 930 551 56746 0 0 1 standing 
3 869 408 939 547 56747 0 0 0 standing 
3 863 406 933 545 56748 0 0 1 standing 
3 858 405 928 544 56749 0 0 1 standing 
3 852 403 922 542 56750 0 0 1 standing 
3 847 402 917 541 56751 0 0 1 standing 
3 841 401 911 540 56752 0 0 1 standing 
3 836 399 906 538 56753 0 0 1 standing 
3 830 398 900 537 56754 0 0 1 standing 
4 863 493 924 643 56735 0 0 0 standing 
4 872 495 933 645 56736 0 0 1 standing 
4 882 497 943 647 56737 0 0 1 standing 
4 892 499 953 649 56738 0 0 1 standing 
4 902 501 963 651 56739 0 0 1 standing 
4 912 503 973 653 56740 0 0 1 standing 
4 922 505 983 655 56741 0 0 1 standing 
4 932 507 993 657 56742 0 0 1 standing 
4 942 509 1003 659 56743 0 0 1 standing 
4 952 511 1013 661 56744 0 0 0 standing 
4 945 512 1008 663 56745 0 0 1 standing 
4 938 514 1004 666 56746 0 0 1 standing 
4 932 516 1000 668 56747 0 0 1 standing 
4 925 517 996 671 56748 0 0 1 standing 
4 919 519 992 673 56749 0 0 1 standing 
4 912 521 988 676 56750 0 0 1 standing 
4 906 523 984 678 56751 0 0 1 standing 
4 899 524 980 681 56752 0 0 1 standing 
4 893 526 976 683 56753 0 0 1 standing 
4 886 528 972 686 56754 0 0 1 standing 
5 861 473 934 607 56735 1 0 1 standing 
5 863 475 936 607 56736 1 0 1 standing 
5 865 477 938 608 56737 0 0 0 standing 
5 876 477 949 610 56738 0 0 1 standing 
5 888 478 961 613 56739 0 0 1 standing 
5 899 479 972 616 56740 0 0 1 standing 
5 911 480 984 619 56741 0 0 1 standing 
5 923 481 996 622 56742 0 0 1 standing 
5 934 482 1007 625 56743 0 0 1 standing 
5 946 483 1019 628 56744 0 0 1 standing 
5 958 484 1031 631 56745 0 0 0 standing 
5 954 484 1031 631 56746 0 0 1 standing 
5 951 485 1031 632 56747 0 0 1 standing 
5 947 486 1031 633 56748 0 0 1 standing 
5 944 487 1031 634 56749 0 0 1 standing 
5 940 487 1031 634 56750 0 0 1 standing 
5 937 488 1031 635 56751 0 0 1 standing 
5 933 489 1031 636 56752 0 0 1 standing 
5 930 490 1031 637 56753 0 0 0 standing 
5 930 490 1031 637 56754 0 0 1 standing 
6 925 523 1027 668 56735 0 1 0 standing 
6 937 524 1034 670 56736 0 1 1 standing 
6 950 525 1042 673 56737 0 1 1 standing 
6 962 526 1050 676 56738 0 1 1 standing 
6 975 527 1058 678 56739 0 1 1 standing 
6 987 528 1066 681 56740 0 1 1 standing 
6 1000 529 1074 684 56741 0 1 1 standing 
6 1013 531 1082 687 56742 0 1 0 standing 
6 1021 531 1090 687 56743 0 1 1 standing 
6 1030 531 1099 688 56744 0 1 1 standing 
6 1039 532 1108 689 56745 0 1 1 standing 
6 1047 532 1116 690 56746 0 1 1 standing 
6 1056 532 1125 691 56747 0 1 1 standing 
6 1065 533 1134 692 56748 0 1 0 standing 
6 1064 531 1133 690 56749 0 1 1 standing 
6 1064 529 1133 688 56750 0 1 1 standing 
6 1063 527 1132 687 56751 0 1 1 standing 
6 1063 526 1132 685 56752 0 1 1 standing 
6 1062 524 1131 684 56753 0 1 1 standing 
6 1062 522 1131 682 56754 0 1 1 standing 
7 926 460 979 586 56735 0 0 0 standing 
7 940 457 992 584 56736 0 0 1 standing 
7 954 455 1006 582 56737 0 0 1 standing 
7 968 453 1020 580 56738 0 0 1 standing 
7 983 450 1034 578 56739 0 0 1 standing 
7 997 448 1048 576 56740 0 0 1 standing 
7 1011 446 1062 574 56741 0 0 1 standing 
7 1026 444 1076 572 56742 0 0 0 standing 
7 1037 441 1087 570 56743 0 0 1 standing 
7 1049 439 1099 568 56744 0 0 1 standing 
7 1061 437 1111 566 56745 0 0 0 standing 
7 1064 437 1114 566 56746 0 0 1 standing 
7 1068 438 1118 566 56747 0 0 1 standing 
7 1072 439 1122 567 56748 0 0 0 standing 
7 1072 438 1122 566 56749 0 0 1 standing 
7 1072 438 1122 566 56750 0 0 1 standing 
7 1073 437 1123 566 56751 0 0 1 standing 
7 1073 437 1123 565 56752 0 0 1 standing 
7 1074 436 1124 565 56753 0 0 1 standing 
7 1074 436 1124 565 56754 0 0 1 standing 
8 942 403 1018 545 56735 0 0 0 standing 
8 956 403 1030 545 56736 0 0 1 standing 
8 971 403 1043 545 56737 0 0 1 standing 
8 986 403 1056 545 56738 0 0 1 standing 
8 1001 404 1069 545 56739 0 0 1 standing 
8 1016 404 1082 545 56740 0 0 1 standing 
8 1031 404 1095 545 56741 0 0 1 standing 
8 1046 405 1108 545 56742 0 0 0 standing 
8 1056 402 1117 542 56743 0 0 1 standing 
8 1066 399 1126 539 56744 0 0 1 standing 
8 1077 396 1136 537 56745 0 0 0 standing 
8 1078 396 1136 537 56746 0 0 1 standing 
8 1080 396 1137 537 56747 0 0 1 standing 
8 1081 397 1138 537 56748 0 0 1 standing 
8 1083 397 1139 537 56749 0 0 1 standing 
8 1085 398 1140 537 56750 0 0 1 standing 
8 1086 398 1141 537 56751 0 0 1 standing 
8 1088 398 1142 537 56752 0 0 1 standing 
8 1089 399 1143 537 56753 0 0 1 standing 
8 1091 399 1144 537 56754 0 0 1 standing 
9 1067 390 1158 513 56735 0 0 0 standing 
9 1087 389 1174 511 56736 0 0 1 standing 
9 1108 388 1190 510 56737 0 0 1 standing 
9 1129 388 1207 509 56738 0 0 1 standing 
9 1149 387 1223 508 56739 0 0 1 standing 
9 1170 386 1239 507 56740 0 0 1 standing 
9 1191 386 1256 506 56741 1 0 0 standing 
9 1208 389 1261 509 56742 1 0 1 standing 
9 1226 393 1267 512 56743 1 0 1 standing 
9 1244 396 1272 515 56744 1 0 1 standing 
9 1262 400 1278 518 56745 1 0 0 standing 
9 1262 400 1278 518 56746 1 0 1 standing 
9 1262 400 1278 518 56747 1 0 1 standing 
9 1262 400 1278 518 56748 1 0 1 standing 
9 1262 400 1278 518 56749 1 0 1 standing 
9 1262 400 1278 518 56750 1 0 1 standing 
9 1262 400 1278 518 56751 1 0 1 standing 
9 1262 400 1278 518 56752 1 0 1 standing 
9 1262 400 1278 518 56753 1 0 1 standing 
9 1262 400 1278 518 56754 1 0 1 standing 
10 1083 467 1151 609 56735 0 0 0 standing 
10 1099 467 1166 609 56736 0 0 1 standing 
10 1116 467 1181 609 56737 0 0 1 standing 
10 1132 468 1197 609 56738 0 0 1 standing 
10 1149 468 1212 609 56739 0 0 1 standing 
10 1165 468 1227 609 56740 0 0 1 standing 
10 1182 469 1243 609 56741 0 0 0 standing 
10 1190 478 1248 609 56742 0 0 1 standing 
10 1198 487 1253 609 56743 0 0 1 standing 
10 1206 496 1258 610 56744 0 0 1 standing 
10 1215 505 1263 610 56745 0 0 1 standing 
10 1223 514 1268 611 56746 0 0 1 standing 
10 1231 523 1273 611 56747 0 0 1 standing 
10 1240 533 1279 612 56748 1 0 0 standing 
10 1237 523 1278 611 56749 1 0 1 standing 
10 1234 514 1278 610 56750 1 0 1 standing 
10 1232 505 1278 610 56751 1 0 1 standing 
10 1229 496 1278 609 56752 1 0 1 standing 
10 1227 487 1278 609 56753 1 0 1 standing 
10 1224 478 1278 608 56754 1 0 1 standing 
11 1236 448 1279 573 56735 1 0 0 standing 
11 1236 450 1279 575 56736 1 0 1 standing 
11 1236 453 1279 578 56737 1 0 1 standing 
11 1237 455 1279 581 56738 1 0 1 standing 
11 1237 458 1279 583 56739 1 0 1 standing 
11 1238 460 1279 586 56740 1 0 1 standing 
11 1238 463 1279 589 56741 1 0 1 standing 
11 1238 465 1279 591 56742 1 0 1 standing 
11 1239 468 1279 594 56743 1 0 1 standing 
11 1239 470 1279 597 56744 1 0 1 standing 
11 1240 473 1279 600 56745 1 0 0 standing 
11 1240 473 1279 600 56746 1 0 1 standing 
11 1240 473 1279 600 56747 1 0 1 standing 
11 1240 473 1279 600 56748 1 0 1 standing 
11 1240 473 1279 600 56749 1 0 1 standing 
11 1240 473 1279 600 56750 1 0 1 standing 
11 1240 473 1279 600 56751 1 0 1 standing 
11 1240 473 1279 600 56752 1 0 1 standing 
11 1240 473 1279 600 56753 1 0 1 standing 
11 1240 473 1279 600 56754 1 0 1 standing 
