0 847 375 905 487 95995 0 1 0 digging 
0 835 373 894 486 95996 0 1 1 digging 
0 824 372 884 485 95997 0 1 1 digging 
0 813 371 873 484 95998 0 1 1 digging 
0 802 370 863 483 95999 0 1 1 digging 
0 791 369 853 483 96000 0 1 0 digging 
0 783 367 846 482 96001 0 1 1 digging 
0 776 366 840 481 96002 0 1 1 digging 
0 769 365 833 480 96003 0 1 1 digging 
0 762 364 827 479 96004 0 1 1 digging 
0 755 363 821 479 96005 0 1 0 digging 
0 755 361 821 478 96006 0 1 1 digging 
0 755 359 821 477 96007 0 1 1 digging 
0 755 357 821 476 96008 0 1 1 digging 
0 755 355 821 475 96009 0 1 1 digging 
0 755 353 821 474 96010 0 1 1 digging 
0 755 351 821 473 96011 0 1 1 digging 
0 755 349 821 472 96012 0 1 1 digging 
0 755 347 821 471 96013 0 1 1 digging 
0 755 345 821 470 96014 0 1 1 digging 
1 866 487 927 632 95995 0 0 0 digging 
1 864 489 925 635 95996 0 0 1 moving 
1 862 491 923 639 95997 0 0 1 moving 
1 860 494 922 643 95998 0 0 0 moving 
1 858 495 921 644 95999 0 0 1 moving 
1 856 496 920 646 96000 0 0 1 moving 
1 854 497 919 648 96001 0 0 1 moving 
1 853 499 919 650 96002 0 0 1 moving 
1 851 500 918 652 96003 0 0 1 moving 
1 849 501 917 654 96004 0 0 1 moving 
1 848 503 917 656 96005 0 0 0 moving 
1 849 506 919 658 96006 0 0 1 moving 
1 850 510 921 661 96007 0 0 1 moving 
1 851 514 923 664 96008 0 0 1 moving 
1 852 518 926 667 96009 0 0 1 moving 
1 853 522 928 670 96010 0 0 1 moving 
1 854 526 930 673 96011 0 0 1 moving 
1 856 530 933 676 96012 0 0 0 moving 
1 857 531 935 679 96013 0 0 1 moving 
1 858 533 937 682 96014 0 0 1 moving 
2 1182 395 1233 526 95995 0 0 0 moving 
2 1173 394 1223 524 95996 0 0 1 standing 
2 1164 393 1214 523 95997 0 0 1 standing 
2 1155 392 1204 522 95998 0 0 1 standing 
2 1146 391 1195 521 95999 0 0 1 standing 
2 1137 390 1185 519 96000 0 0 1 standing 
2 1128 389 1176 518 96001 0 0 1 standing 
2 1119 388 1166 517 96002 0 0 1 standing 
2 1110 387 1157 516 96003 0 0 0 standing 
2 1104 387 1151 516 96004 0 0 1 standing 
2 1098 388 1146 516 96005 0 0 1 standing 
2 1092 389 1141 516 96006 0 0 1 standing 
2 1086 390 1136 516 96007 0 0 1 standing 
2 1080 391 1131 516 96008 0 0 0 standing 
2 1076 391 1128 515 96009 0 0 1 standing 
2 1072 392 1125 515 96010 0 0 1 standing 
2 1068 392 1122 515 96011 0 0 1 standing 
2 1064 393 1119 514 96012 0 0 1 standing 
2 1060 393 1116 514 96013 0 0 1 standing 
2 1056 394 1113 514 96014 0 0 1 standing 
3 942 412 995 524 95995 0 0 0 standing 
3 934 409 987 521 95996 0 0 1 standing 
3 926 406 979 518 95997 0 0 1 standing 
3 919 404 971 515 95998 0 0 0 standing 
3 914 402 965 513 95999 0 0 1 standing 
3 909 401 960 511 96000 0 0 1 standing 
3 904 399 955 510 96001 0 0 1 standing 
3 899 398 950 508 96002 0 0 1 standing 
3 894 397 945 507 96003 0 0 0 standing 
3 893 394 944 505 96004 0 0 1 standing 
3 893 392 943 503 96005 0 0 1 standing 
3 892 389 943 501 96006 0 0 1 standing 
3 892 387 942 499 96007 0 0 1 standing 
3 892 385 942 498 96008 0 0 0 standing 
3 892 384 942 496 96009 0 0 1 standing 
3 893 383 943 495 96010 0 0 1 standing 
3 893 383 944 494 96011 0 0 1 standing 
3 894 382 944 493 96012 0 0 1 standing 
3 894 382 945 492 96013 0 0 1 standing 
3 895 381 946 491 96014 0 0 1 standing 
4 824 384 885 515 95995 0 0 0 standing 
4 818 385 879 516 95996 0 0 1 digging 
4 813 386 874 517 95997 0 0 1 digging 
4 808 388 869 518 95998 0 0 0 digging 
4 802 386 860 516 95999 0 0 1 digging 
4 796 385 852 515 96000 0 0 1 digging 
4 790 384 844 513 96001 0 0 1 digging 
4 784 383 836 512 96002 0 0 1 digging 
4 778 382 828 511 96003 0 0 0 digging 
4 776 379 827 508 96004 0 0 1 digging 
4 774 376 826 505 96005 0 0 1 digging 
4 773 373 826 502 96006 0 0 1 digging 
4 771 370 825 499 96007 0 0 1 digging 
4 770 368 825 497 96008 0 0 0 digging 
4 769 368 824 497 96009 0 0 1 digging 
4 768 368 824 497 96010 0 0 1 digging 
4 767 368 824 498 96011 0 0 1 digging 
4 766 369 824 498 96012 0 0 1 digging 
4 765 369 824 499 96013 0 0 1 digging 
4 764 369 824 499 96014 0 0 1 digging 
5 719 380 763 500 95995 0 0 0 digging 
5 708 379 752 499 95996 0 0 1 standing 
5 698 379 741 498 95997 0 0 1 standing 
5 688 379 731 498 95998 0 0 0 standing 
5 680 378 723 498 95999 0 0 1 standing 
5 672 378 715 498 96000 0 0 1 standing 
5 665 378 707 498 96001 0 0 1 standing 
5 657 378 700 498 96002 0 0 1 standing 
5 650 378 692 498 96003 0 0 1 standing 
5 642 378 684 498 96004 0 0 1 standing 
5 635 378 677 499 96005 0 0 0 standing 
5 629 378 672 499 96006 0 0 1 standing 
5 623 378 668 499 96007 0 0 1 standing 
5 618 378 664 499 96008 0 0 0 standing 
5 615 378 662 498 96009 0 0 1 standing 
5 613 378 661 498 96010 0 0 1 standing 
5 610 378 659 498 96011 0 0 1 standing 
5 608 378 658 498 96012 0 0 1 standing 
5 605 378 656 498 96013 0 0 1 standing 
5 603 378 655 498 96014 0 0 1 standing 
6 499 478 550 615 95995 0 0 0 standing 
6 498 474 551 614 95996 0 0 1 standing 
6 497 470 552 613 95997 0 0 1 standing 
6 496 467 553 612 95998 0 0 0 standing 
6 495 465 551 609 95999 0 0 1 standing 
6 495 464 549 606 96000 0 0 1 standing 
6 494 462 547 603 96001 0 0 1 standing 
6 494 461 545 600 96002 0 0 1 standing 
6 494 460 544 598 96003 0 0 0 standing 
6 494 459 544 597 96004 0 0 1 standing 
6 494 459 544 596 96005 0 0 1 standing 
6 495 458 544 596 96006 0 0 1 standing 
6 495 458 544 595 96007 0 0 1 standing 
6 496 457 545 595 96008 0 0 1 standing 
6 496 457 545 594 96009 0 0 1 standing 
6 497 456 545 594 96010 0 0 1 standing 
6 497 456 545 593 96011 0 0 1 standing 
6 498 456 546 593 96012 0 0 0 standing 
6 498 456 549 593 96013 0 0 1 standing 
6 499 456 553 593 96014 0 0 1 standing 
7 328 406 374 522 95995 0 0 0 standing 
7 320 405 366 521 95996 0 0 1 standing 
7 313 404 358 521 95997 0 0 1 standing 
7 306 403 351 521 95998 0 0 1 standing 
7 299 403 343 521 95999 0 0 1 standing 
7 291 402 335 521 96000 0 0 1 standing 
7 284 401 328 521 96001 0 0 1 standing 
7 277 400 320 521 96002 0 0 1 standing 
7 270 400 313 521 96003 0 0 0 standing 
7 264 399 309 520 96004 0 0 1 standing 
7 259 398 305 519 96005 0 0 1 standing 
7 254 397 301 518 96006 0 0 1 standing 
7 249 396 297 517 96007 0 0 1 standing 
7 244 396 294 516 96008 0 0 0 standing 
7 242 395 292 515 96009 0 0 1 standing 
7 241 394 291 514 96010 0 0 1 standing 
7 240 394 289 513 96011 0 0 1 standing 
7 238 393 288 513 96012 0 0 1 standing 
7 237 393 286 512 96013 0 0 1 standing 
7 236 392 285 511 96014 0 0 1 standing 
8 459 364 518 475 95995 0 0 0 standing 
8 457 364 516 474 95996 0 0 1 standing 
8 455 365 515 474 95997 0 0 1 standing 
8 454 366 514 474 95998 0 0 0 standing 
8 456 367 514 475 95999 0 0 1 standing 
8 459 368 514 476 96000 0 0 1 standing 
8 462 369 514 478 96001 0 0 1 standing 
8 465 370 514 479 96002 0 0 1 standing 
8 468 371 515 481 96003 0 0 0 standing 
8 471 372 517 481 96004 0 0 1 standing 
8 474 373 519 482 96005 0 0 1 standing 
8 477 375 522 482 96006 0 0 1 standing 
8 480 376 524 483 96007 0 0 1 standing 
8 483 377 526 483 96008 0 0 1 standing 
8 486 379 529 484 96009 0 0 1 standing 
8 489 380 531 485 96010 0 0 1 standing 
8 492 381 533 485 96011 0 0 1 standing 
8 495 383 536 486 96012 0 0 1 standing 
8 498 384 538 486 96013 0 0 1 standing 
8 501 385 540 487 96014 0 0 1 standing 
9 581 414 658 528 95995 0 0 0 standing 
9 577 413 651 527 95996 0 0 1 standing 
9 574 412 645 526 95997 0 0 1 standing 
9 571 411 639 525 95998 0 0 1 standing 
9 568 410 632 524 95999 0 0 1 standing 
9 565 410 626 523 96000 0 0 1 standing 
9 561 409 620 522 96001 0 0 1 standing 
9 558 408 613 521 96002 0 0 1 standing 
9 555 407 607 520 96003 0 0 1 standing 
9 552 406 601 519 96004 0 0 1 standing 
9 549 406 595 519 96005 0 0 0 standing 
9 547 404 593 519 96006 0 0 1 standing 
9 546 403 591 520 96007 0 0 1 standing 
9 544 401 590 521 96008 0 0 1 standing 
9 543 400 588 522 96009 0 0 1 standing 
9 541 398 587 523 96010 0 0 1 standing 
9 540 397 585 523 96011 0 0 1 standing 
9 538 395 583 524 96012 0 0 1 standing 
9 537 394 582 525 96013 0 0 1 standing 
9 535 392 580 526 96014 0 0 1 standing 
10 524 429 586 567 95995 0 0 0 standing 
10 507 429 567 566 95996 0 0 1 standing 
10 491 429 548 565 95997 0 0 1 standing 
10 475 430 530 565 95998 0 0 0 standing 
10 458 432 517 566 95999 0 0 1 standing 
10 441 434 505 567 96000 0 0 1 standing 
10 424 436 493 569 96001 0 0 1 standing 
10 407 438 481 570 96002 0 0 1 standing 
10 391 440 469 572 96003 0 0 0 standing 
10 382 439 458 573 96004 0 0 1 standing 
10 374 439 448 574 96005 0 0 1 standing 
10 366 438 437 575 96006 0 0 1 standing 
10 358 438 427 576 96007 0 0 1 standing 
10 350 437 416 577 96008 0 0 1 standing 
10 342 437 406 578 96009 0 0 1 standing 
10 334 436 395 579 96010 0 0 1 standing 
10 326 436 385 580 96011 0 0 1 standing 
10 318 436 375 582 96012 0 0 0 standing 
10 310 439 368 582 96013 0 0 1 standing 
10 302 442 361 582 96014 0 0 1 standing 
11 188 423 251 544 95995 0 0 0 standing 
11 181 423 242 543 95996 0 0 1 standing 
11 174 423 234 543 95997 0 0 1 standing 
11 167 423 226 543 95998 0 0 0 standing 
11 160 422 218 543 95999 0 0 1 standing 
11 153 422 210 543 96000 0 0 1 standing 
11 146 421 202 543 96001 0 0 1 standing 
11 139 421 194 544 96002 0 0 1 standing 
11 132 420 186 544 96003 0 0 1 standing 
11 125 420 178 544 96004 0 0 1 standing 
11 119 420 171 545 96005 0 0 0 standing 
11 117 420 168 549 96006 0 0 1 standing 
11 115 420 165 553 96007 0 0 1 standing 
11 114 420 163 557 96008 0 0 0 standing 
11 112 420 161 557 96009 0 0 1 standing 
11 111 420 159 557 96010 0 0 1 standing 
11 109 420 157 557 96011 0 0 1 standing 
11 108 420 155 557 96012 0 0 1 standing 
11 106 420 153 557 96013 0 0 1 standing 
11 105 420 151 557 96014 0 0 1 standing 
