0 717 334 780 492 57185 1 0 1 setting 
0 717 334 780 492 57186 1 0 1 setting 
0 717 334 780 492 57187 0 1 0 setting 
0 721 330 784 490 57188 0 1 1 setting 
0 726 326 789 489 57189 0 1 1 setting 
0 730 322 794 488 57190 0 1 1 setting 
0 735 319 799 487 57191 0 1 1 setting 
0 740 315 803 485 57192 0 1 1 setting 
0 744 311 808 484 57193 0 1 1 setting 
0 749 307 813 483 57194 0 1 1 setting 
0 754 304 818 482 57195 0 1 0 setting 
0 757 305 822 480 57196 0 1 1 setting 
0 760 306 827 478 57197 0 1 1 setting 
0 764 308 832 477 57198 0 1 0 setting 
0 767 314 837 475 57199 0 1 1 setting 
0 770 321 842 473 57200 0 1 1 setting 
0 774 328 848 472 57201 0 1 0 setting 
0 777 330 853 471 57202 0 1 1 setting 
0 781 333 858 471 57203 0 1 1 setting 
0 785 336 864 471 57204 0 1 1 setting 
1 938 431 1034 559 57185 1 0 1 setting 
1 938 431 1034 559 57186 1 0 1 moving 
1 938 431 1034 559 57187 0 1 0 moving 
1 935 431 1039 558 57188 0 1 1 moving 
1 933 432 1044 558 57189 0 1 1 moving 
1 930 432 1050 558 57190 0 1 1 moving 
1 928 433 1055 558 57191 0 1 1 moving 
1 926 434 1061 558 57192 0 1 0 moving 
1 927 434 1051 559 57193 0 1 1 moving 
1 928 434 1041 560 57194 0 1 1 moving 
1 930 435 1031 561 57195 0 1 1 moving 
1 931 435 1021 562 57196 0 1 1 moving 
1 933 436 1011 563 57197 0 1 0 moving 
1 925 433 1009 563 57198 0 1 1 moving 
1 917 430 1008 563 57199 0 1 1 moving 
1 909 427 1006 563 57200 0 1 1 moving 
1 901 424 1005 563 57201 0 1 0 moving 
1 893 424 992 564 57202 0 1 1 moving 
1 886 424 980 565 57203 0 1 1 moving 
1 879 425 968 566 57204 0 1 1 moving 
2 622 314 697 424 57185 1 0 1 moving 
2 622 314 696 424 57186 1 0 1 standing 
2 622 314 696 424 57187 0 1 0 standing 
2 629 313 702 423 57188 0 1 1 standing 
2 637 313 709 423 57189 0 1 1 standing 
2 644 313 715 423 57190 0 1 1 standing 
2 652 313 722 423 57191 0 1 1 standing 
2 660 313 729 423 57192 0 1 0 standing 
2 665 312 733 422 57193 0 1 1 standing 
2 670 311 737 421 57194 0 1 1 standing 
2 675 311 742 420 57195 0 1 1 standing 
2 680 310 746 419 57196 0 1 1 standing 
2 686 310 751 419 57197 0 1 0 standing 
2 688 309 754 420 57198 0 1 1 standing 
2 691 308 757 422 57199 0 1 1 standing 
2 693 307 760 424 57200 0 1 1 standing 
2 696 307 763 426 57201 0 1 0 standing 
2 697 308 765 426 57202 0 1 1 standing 
2 698 310 767 427 57203 0 1 1 standing 
2 699 312 769 428 57204 0 1 1 standing 
3 729 424 807 571 57185 1 0 1 standing 
3 729 424 807 571 57186 1 0 1 standing 
3 729 424 807 571 57187 0 0 0 standing 
3 738 426 818 574 57188 0 0 1 standing 
3 748 429 829 577 57189 0 0 1 standing 
3 758 432 840 581 57190 0 0 1 standing 
3 768 435 851 584 57191 0 0 1 standing 
3 778 438 863 588 57192 0 0 0 standing 
3 790 442 877 593 57193 0 0 1 standing 
3 803 446 891 598 57194 0 0 1 standing 
3 816 451 906 604 57195 0 0 0 standing 
3 822 455 913 606 57196 0 0 1 standing 
3 828 460 921 608 57197 0 0 1 standing 
3 835 465 929 611 57198 0 0 0 standing 
3 839 468 933 614 57199 0 0 1 standing 
3 843 471 937 617 57200 0 0 1 standing 
3 848 474 942 620 57201 0 0 0 standing 
3 847 474 939 623 57202 0 0 1 standing 
3 847 474 936 626 57203 0 0 1 standing 
3 847 474 933 629 57204 0 0 1 standing 
4 723 327 792 440 57185 1 0 1 standing 
4 723 327 792 440 57186 1 0 1 moving 
4 723 327 792 440 57187 0 0 0 moving 
4 736 326 811 440 57188 0 0 1 moving 
4 750 326 830 440 57189 0 0 1 moving 
4 764 326 849 441 57190 0 0 1 moving 
4 778 326 868 441 57191 0 0 1 moving 
4 792 326 888 442 57192 0 0 0 moving 
4 806 327 895 443 57193 0 0 1 moving 
4 821 329 902 444 57194 0 0 1 moving 
4 836 331 909 445 57195 0 0 0 moving 
4 843 332 917 448 57196 0 0 1 moving 
4 850 334 926 452 57197 0 0 1 moving 
4 858 336 935 456 57198 0 0 1 moving 
4 865 337 943 460 57199 0 0 1 moving 
4 873 339 952 463 57200 0 0 1 moving 
4 880 341 961 467 57201 0 0 1 moving 
4 888 342 969 471 57202 0 0 1 moving 
4 895 344 978 475 57203 0 0 1 moving 
4 903 346 987 479 57204 0 0 0 moving 
5 909 444 969 594 57185 1 0 1 moving 
5 909 444 969 594 57186 1 0 1 standing 
5 909 444 969 594 57187 0 0 0 standing 
5 917 443 977 593 57188 0 0 1 standing 
5 926 443 986 593 57189 0 0 1 standing 
5 934 443 994 593 57190 0 0 1 standing 
5 943 442 1003 592 57191 0 0 1 standing 
5 952 442 1012 592 57192 0 0 1 standing 
5 960 442 1020 592 57193 0 0 1 standing 
5 969 441 1029 591 57194 0 0 1 standing 
5 977 441 1037 591 57195 0 0 1 standing 
5 986 441 1046 591 57196 0 0 1 standing 
5 995 441 1055 591 57197 0 0 0 standing 
5 1000 440 1060 590 57198 0 0 1 standing 
5 1005 440 1065 590 57199 0 0 1 standing 
5 1011 439 1071 589 57200 0 0 1 standing 
5 1016 439 1076 589 57201 0 0 1 standing 
5 1022 438 1082 588 57202 0 0 1 standing 
5 1027 438 1087 588 57203 0 0 1 standing 
5 1032 437 1092 587 57204 0 0 1 standing 
6 389 453 446 596 57185 1 0 1 standing 
6 389 453 446 596 57186 1 0 1 standing 
6 389 453 446 596 57187 0 0 0 standing 
6 395 452 452 595 57188 0 0 1 standing 
6 402 452 458 595 57189 0 0 1 standing 
6 408 452 464 595 57190 0 0 1 standing 
6 415 452 470 594 57191 0 0 1 standing 
6 422 452 477 594 57192 0 0 1 standing 
6 428 451 483 594 57193 0 0 1 standing 
6 435 451 489 593 57194 0 0 1 standing 
6 441 451 495 593 57195 0 0 1 standing 
6 448 451 501 593 57196 0 0 1 standing 
6 455 451 508 593 57197 0 0 0 standing 
6 458 451 513 592 57198 0 0 1 standing 
6 462 452 518 592 57199 0 0 1 standing 
6 466 452 523 592 57200 0 0 1 standing 
6 470 453 528 592 57201 0 0 1 standing 
6 474 454 533 592 57202 0 0 1 standing 
6 478 454 538 592 57203 0 0 1 standing 
6 482 455 543 592 57204 0 0 1 standing 
7 429 385 490 553 57185 1 0 1 standing 
7 429 385 490 553 57186 1 0 1 standing 
7 429 385 490 553 57187 0 0 0 standing 
7 434 385 494 552 57188 0 0 1 standing 
7 440 385 499 552 57189 0 0 1 standing 
7 445 386 504 552 57190 0 0 1 standing 
7 451 386 509 551 57191 0 0 1 standing 
7 456 387 514 551 57192 0 0 1 standing 
7 462 387 518 551 57193 0 0 1 standing 
7 467 387 523 550 57194 0 0 1 standing 
7 473 388 528 550 57195 0 0 1 standing 
7 478 388 533 550 57196 0 0 1 standing 
7 484 389 538 550 57197 0 0 0 standing 
7 488 392 542 547 57198 0 0 1 standing 
7 492 395 546 545 57199 0 0 1 standing 
7 497 399 550 543 57200 0 0 0 standing 
7 501 396 554 541 57201 0 0 1 standing 
7 506 393 559 540 57202 0 0 1 standing 
7 510 390 563 539 57203 0 0 1 standing 
7 515 388 568 537 57204 0 0 1 standing 
8 443 368 506 517 57185 1 0 1 standing 
8 443 368 506 517 57186 1 0 1 digging 
8 443 368 506 517 57187 0 0 0 digging 
8 448 367 510 516 57188 0 0 1 digging 
8 453 367 515 516 57189 0 0 1 digging 
8 458 366 520 515 57190 0 0 1 digging 
8 463 366 525 515 57191 0 0 1 digging 
8 468 366 530 514 57192 0 0 1 digging 
8 473 365 534 514 57193 0 0 1 digging 
8 478 365 539 513 57194 0 0 1 digging 
8 483 364 544 513 57195 0 0 1 digging 
8 488 364 549 512 57196 0 0 1 digging 
8 494 364 554 512 57197 0 0 0 digging 
8 497 363 557 509 57198 0 0 1 digging 
8 501 362 561 507 57199 0 0 1 digging 
8 505 361 564 505 57200 0 0 1 digging 
8 508 360 568 503 57201 0 0 1 digging 
8 512 359 572 501 57202 0 0 1 digging 
8 516 358 575 499 57203 0 0 1 digging 
8 519 357 579 497 57204 0 0 1 digging 
9 120 455 207 619 57185 1 0 1 digging 
9 120 455 207 619 57186 1 0 1 standing 
9 120 455 207 619 57187 0 0 0 standing 
9 123 454 208 618 57188 0 0 1 standing 
9 127 454 209 618 57189 0 0 1 standing 
9 131 453 211 618 57190 0 0 1 standing 
9 135 453 212 618 57191 0 0 1 standing 
9 139 452 214 618 57192 0 0 1 standing 
9 142 452 215 618 57193 0 0 1 standing 
9 146 451 216 618 57194 0 0 1 standing 
9 150 451 218 618 57195 0 0 1 standing 
9 154 450 219 618 57196 0 0 1 standing 
9 158 450 221 618 57197 0 0 0 standing 
9 157 450 223 617 57198 0 0 1 standing 
9 156 451 226 616 57199 0 0 1 standing 
9 155 451 229 615 57200 0 0 1 standing 
9 154 452 232 615 57201 0 0 1 standing 
9 153 453 235 614 57202 0 0 1 standing 
9 152 453 237 613 57203 0 0 1 standing 
9 151 454 240 613 57204 0 0 1 standing 
10 56 395 126 539 57185 1 0 1 standing 
10 56 395 126 539 57186 1 0 1 standing 
10 56 395 126 539 57187 0 0 0 standing 
10 57 395 126 539 57188 0 0 1 standing 
10 58 395 127 539 57189 0 0 1 standing 
10 59 395 127 539 57190 0 0 1 standing 
10 60 395 128 539 57191 0 0 1 standing 
10 62 395 128 539 57192 0 0 1 standing 
10 63 395 129 539 57193 0 0 1 standing 
10 64 395 129 539 57194 0 0 1 standing 
10 65 395 130 539 57195 0 0 1 standing 
10 66 395 130 539 57196 0 0 1 standing 
10 68 395 131 539 57197 0 0 0 standing 
10 66 396 129 542 57198 0 0 1 standing 
10 64 397 128 546 57199 0 0 1 standing 
10 62 399 127 550 57200 0 0 0 standing 
10 60 400 126 551 57201 0 0 1 standing 
10 58 401 125 553 57202 0 0 1 standing 
10 56 403 125 554 57203 0 0 1 standing 
10 54 404 124 556 57204 0 0 1 standing 
11 106 355 166 499 57185 1 0 1 standing 
11 106 355 166 499 57186 1 0 1 standing 
11 106 355 166 499 57187 0 0 0 standing 
11 106 354 170 497 57188 0 0 1 standing 
11 106 353 174 496 57189 0 0 1 standing 
11 106 352 179 495 57190 0 0 1 standing 
11 106 351 183 494 57191 0 0 1 standing 
11 106 351 188 493 57192 0 0 0 standing 
11 110 351 188 493 57193 0 0 1 standing 
11 114 351 189 493 57194 0 0 1 standing 
11 119 351 190 493 57195 0 0 1 standing 
11 123 351 191 493 57196 0 0 1 standing 
11 128 351 192 493 57197 0 0 0 standing 
11 125 351 192 492 57198 0 0 1 standing 
11 122 351 193 491 57199 0 0 1 standing 
11 119 351 194 490 57200 0 0 1 standing 
11 116 351 194 489 57201 0 0 1 standing 
11 113 351 195 488 57202 0 0 1 standing 
11 111 352 196 488 57203 0 0 0 standing 
11 115 352 197 488 57204 0 0 1 standing 
