0 188 382 239 540 18350 0 0 0 standing 
0 171 384 222 541 18351 0 0 1 standing 
0 155 386 206 542 18352 0 0 1 standing 
0 138 388 190 543 18353 0 0 1 standing 
0 122 390 174 545 18354 0 0 0 standing 
0 105 390 157 544 18355 0 0 1 standing 
0 89 390 141 543 18356 0 0 1 standing 
0 72 391 125 543 18357 0 0 1 standing 
0 56 391 109 542 18358 0 0 1 standing 
0 39 391 93 541 18359 0 0 1 standing 
0 23 392 77 541 18360 0 0 0 standing 
0 18 391 66 540 18361 0 0 1 standing 
0 13 391 56 540 18362 0 0 1 standing 
0 9 390 46 540 18363 0 0 1 standing 
0 4 390 36 540 18364 0 0 1 standing 
0 0 390 26 540 18365 0 0 0 standing 
0 0 389 23 540 18366 0 0 1 standing 
0 0 388 20 540 18367 0 0 1 standing 
0 0 387 17 540 18368 0 0 1 standing 
0 0 386 14 540 18369 0 0 1 standing 
1 353 358 429 499 18350 0 0 0 standing 
1 347 363 422 500 18351 0 0 1 standing 
1 341 368 416 501 18352 0 0 1 standing 
1 336 373 410 503 18353 0 0 0 standing 
1 319 374 395 503 18354 0 0 1 standing 
1 302 375 381 503 18355 0 0 1 standing 
1 285 377 367 504 18356 0 0 0 standing 
1 271 376 349 505 18357 0 0 1 standing 
1 258 376 331 506 18358 0 0 1 standing 
1 245 376 313 508 18359 0 0 0 standing 
1 229 376 298 509 18360 0 0 1 standing 
1 214 376 284 511 18361 0 0 1 standing 
1 199 376 270 513 18362 0 0 0 standing 
1 189 377 257 512 18363 0 0 1 standing 
1 179 379 244 511 18364 0 0 1 standing 
1 170 381 232 511 18365 0 0 0 standing 
1 168 380 229 511 18366 0 0 1 standing 
1 167 380 227 511 18367 0 0 1 standing 
1 166 380 225 511 18368 0 0 0 standing 
1 170 378 229 509 18369 0 0 1 standing 
2 475 470 539 650 18350 0 0 0 standing 
2 461 471 524 649 18351 0 0 1 standing 
2 448 472 509 648 18352 0 0 1 standing 
2 435 474 495 648 18353 0 0 0 standing 
2 417 474 479 647 18354 0 0 1 standing 
2 399 474 464 646 18355 0 0 1 standing 
2 381 474 449 646 18356 0 0 1 standing 
2 363 474 434 645 18357 0 0 1 standing 
2 345 474 419 645 18358 0 0 0 standing 
2 326 470 404 643 18359 0 0 1 standing 
2 308 467 390 641 18360 0 0 1 standing 
2 290 464 376 639 18361 0 0 1 standing 
2 272 461 362 638 18362 0 0 0 standing 
2 259 457 348 635 18363 0 0 1 standing 
2 247 453 335 633 18364 0 0 1 standing 
2 235 450 322 631 18365 0 0 0 standing 
2 230 451 317 627 18366 0 0 1 standing 
2 225 452 313 624 18367 0 0 1 standing 
2 220 454 308 620 18368 0 0 1 standing 
2 215 455 304 617 18369 0 0 1 standing 
3 543 365 611 524 18350 0 0 0 standing 
3 528 373 595 529 18351 0 0 1 standing 
3 513 381 579 534 18352 0 0 1 standing 
3 499 390 564 540 18353 0 0 0 standing 
3 485 390 548 540 18354 0 0 1 standing 
3 471 391 533 540 18355 0 0 1 standing 
3 457 392 517 540 18356 0 0 1 standing 
3 444 393 502 541 18357 0 0 0 standing 
3 429 390 487 540 18358 0 0 1 standing 
3 414 388 473 540 18359 0 0 1 standing 
3 400 386 458 540 18360 0 0 1 standing 
3 385 384 444 540 18361 0 0 1 standing 
3 371 382 430 540 18362 0 0 0 standing 
3 361 384 420 541 18363 0 0 1 standing 
3 351 386 410 542 18364 0 0 1 standing 
3 342 388 400 543 18365 0 0 0 standing 
3 340 387 396 543 18366 0 0 1 standing 
3 339 386 393 543 18367 0 0 1 standing 
3 338 385 390 544 18368 0 0 0 standing 
3 337 383 391 543 18369 0 0 1 standing 
4 687 459 794 601 18350 0 0 0 standing 
4 672 456 778 600 18351 0 0 1 standing 
4 658 453 762 599 18352 0 0 1 standing 
4 644 451 747 599 18353 0 0 0 standing 
4 634 449 732 599 18354 0 0 1 standing 
4 624 448 717 599 18355 0 0 1 standing 
4 614 447 702 599 18356 0 0 1 standing 
4 604 446 688 599 18357 0 0 0 standing 
4 588 446 676 600 18358 0 0 1 standing 
4 573 446 664 601 18359 0 0 1 standing 
4 558 447 652 602 18360 0 0 1 standing 
4 543 447 640 603 18361 0 0 1 standing 
4 528 448 629 604 18362 0 0 0 standing 
4 521 448 622 604 18363 0 0 1 standing 
4 514 448 616 604 18364 0 0 1 standing 
4 508 449 610 605 18365 0 0 0 standing 
4 513 451 612 607 18366 0 0 1 standing 
4 518 453 614 610 18367 0 0 1 standing 
4 523 456 616 613 18368 0 0 1 standing 
4 528 458 618 616 18369 0 0 1 standing 
5 697 348 792 476 18350 0 0 1 standing 
5 682 350 778 476 18351 0 0 1 standing 
5 666 352 764 477 18352 0 0 1 standing 
5 651 354 750 478 18353 0 0 0 standing 
5 633 353 732 477 18354 0 0 1 standing 
5 615 352 714 477 18355 0 0 1 standing 
5 598 352 696 476 18356 0 0 1 standing 
5 580 351 678 476 18357 0 0 1 standing 
5 563 351 660 476 18358 0 0 0 standing 
5 553 350 651 476 18359 0 0 1 standing 
5 543 349 642 476 18360 0 0 1 standing 
5 534 349 633 476 18361 0 0 1 standing 
5 524 348 624 476 18362 0 0 1 standing 
5 515 348 616 477 18363 0 0 1 standing 
5 505 347 607 477 18364 0 0 1 standing 
5 496 347 598 477 18365 0 0 1 standing 
5 486 346 589 477 18366 0 0 1 standing 
5 477 346 581 478 18367 0 0 0 standing 
5 479 345 581 477 18368 0 0 1 standing 
5 481 344 581 477 18369 0 0 1 standing 
6 935 384 1003 497 18350 0 1 0 standing 
6 912 382 983 497 18351 0 1 1 digging 
6 889 380 964 498 18352 0 1 1 digging 
6 867 378 945 499 18353 0 1 1 digging 
6 844 376 926 499 18354 0 1 1 digging 
6 821 374 907 500 18355 0 1 1 digging 
6 799 372 888 501 18356 0 1 0 digging 
6 782 371 868 497 18357 0 1 1 digging 
6 766 370 849 494 18358 0 1 1 digging 
6 749 369 829 491 18359 0 1 1 digging 
6 733 368 810 488 18360 0 1 0 digging 
6 718 370 800 485 18361 0 1 1 digging 
6 703 373 790 482 18362 0 1 1 digging 
6 688 376 780 479 18363 0 1 0 digging 
6 682 377 773 479 18364 0 1 1 digging 
6 677 378 767 480 18365 0 1 1 digging 
6 672 379 761 481 18366 0 1 1 digging 
6 666 380 754 482 18367 0 1 1 digging 
6 661 381 748 483 18368 0 1 1 digging 
6 656 382 742 484 18369 0 1 1 digging 
7 177 462 246 608 18350 0 0 1 digging 
7 160 463 229 609 18351 0 0 1 standing 
7 143 464 212 610 18352 0 0 1 standing 
7 127 465 195 611 18353 0 0 0 standing 
7 109 464 175 612 18354 0 0 1 standing 
7 91 464 156 613 18355 0 0 1 standing 
7 73 464 137 614 18356 0 0 1 standing 
7 56 463 118 615 18357 0 0 1 standing 
7 38 463 99 616 18358 0 0 1 standing 
7 20 463 80 617 18359 0 0 1 standing 
7 3 463 61 618 18360 0 0 0 standing 
7 2 463 52 616 18361 0 0 1 standing 
7 1 464 44 615 18362 0 0 1 standing 
7 1 465 36 614 18363 0 0 1 standing 
7 0 466 28 613 18364 0 0 1 standing 
7 0 467 20 612 18365 0 0 0 standing 
7 0 466 21 611 18366 0 0 1 standing 
7 0 465 23 611 18367 0 0 1 standing 
7 0 464 24 611 18368 0 0 1 standing 
7 0 463 26 611 18369 0 0 1 standing 
8 527 422 583 601 18350 0 0 0 standing 
8 510 422 566 600 18351 0 0 1 standing 
8 493 422 549 599 18352 0 0 1 standing 
8 477 423 533 598 18353 0 0 0 standing 
8 458 421 515 595 18354 0 0 1 standing 
8 440 419 498 592 18355 0 0 1 standing 
8 422 417 481 589 18356 0 0 0 standing 
8 405 414 464 586 18357 0 0 1 standing 
8 388 412 447 583 18358 0 0 1 standing 
8 372 410 430 580 18359 0 0 0 standing 
8 358 410 420 580 18360 0 0 1 standing 
8 345 410 410 580 18361 0 0 1 standing 
8 332 410 401 580 18362 0 0 0 standing 
8 323 410 395 582 18363 0 0 1 standing 
8 314 410 389 585 18364 0 0 1 standing 
8 306 410 384 588 18365 0 0 0 standing 
8 306 410 380 585 18366 0 0 1 standing 
8 307 410 376 582 18367 0 0 1 standing 
8 308 410 373 580 18368 0 0 0 standing 
8 308 408 374 579 18369 0 0 1 standing 
9 660 351 717 519 18350 0 0 0 standing 
9 644 356 703 519 18351 0 0 1 standing 
9 628 361 690 519 18352 0 0 1 standing 
9 613 367 677 520 18353 0 0 0 standing 
9 594 369 657 523 18354 0 0 1 standing 
9 575 371 638 526 18355 0 0 1 standing 
9 556 374 619 529 18356 0 0 0 standing 
9 539 374 600 531 18357 0 0 1 standing 
9 522 374 582 533 18358 0 0 1 standing 
9 506 374 564 535 18359 0 0 0 standing 
9 490 371 552 532 18360 0 0 1 standing 
9 475 369 541 530 18361 0 0 1 standing 
9 460 367 530 528 18362 0 0 0 standing 
9 453 369 525 530 18363 0 0 1 standing 
9 447 371 520 532 18364 0 0 1 standing 
9 441 374 515 534 18365 0 0 1 standing 
9 435 376 510 536 18366 0 0 1 standing 
9 429 379 506 538 18367 0 0 0 standing 
9 429 378 502 536 18368 0 0 1 standing 
9 429 377 498 534 18369 0 0 1 standing 
10 769 400 830 534 18350 0 0 1 standing 
10 755 400 813 533 18351 0 0 0 standing 
10 737 399 796 533 18352 0 0 1 standing 
10 719 399 780 534 18353 0 0 1 standing 
10 701 398 764 534 18354 0 0 1 standing 
10 683 398 748 535 18355 0 0 1 standing 
10 665 398 732 536 18356 0 0 0 standing 
10 650 399 721 535 18357 0 0 1 standing 
10 636 400 711 534 18358 0 0 1 standing 
10 622 401 701 534 18359 0 0 0 standing 
10 612 401 691 532 18360 0 0 1 standing 
10 602 401 682 530 18361 0 0 1 standing 
10 592 401 672 528 18362 0 0 1 standing 
10 583 401 663 527 18363 0 0 0 standing 
10 579 399 658 526 18364 0 0 1 standing 
10 575 397 653 525 18365 0 0 1 standing 
10 571 395 648 524 18366 0 0 1 standing 
10 568 394 644 523 18367 0 0 0 standing 
10 565 392 642 522 18368 0 0 1 standing 
10 562 391 641 522 18369 0 0 1 standing 
11 972 445 1049 581 18350 0 0 0 standing 
11 958 441 1033 578 18351 0 0 1 standing 
11 944 437 1017 575 18352 0 0 1 standing 
11 930 433 1001 573 18353 0 0 0 standing 
11 916 430 987 569 18354 0 0 1 standing 
11 903 427 974 565 18355 0 0 1 standing 
11 889 424 960 561 18356 0 0 1 standing 
11 876 421 947 557 18357 0 0 0 standing 
11 864 420 938 556 18358 0 0 1 standing 
11 853 419 929 555 18359 0 0 1 standing 
11 841 418 921 554 18360 0 0 1 standing 
11 830 417 912 553 18361 0 0 1 standing 
11 819 417 904 553 18362 0 0 0 standing 
11 809 416 896 552 18363 0 0 1 standing 
11 800 415 888 552 18364 0 0 1 standing 
11 791 415 880 552 18365 0 0 0 standing 
11 790 413 875 550 18366 0 0 1 standing 
11 790 411 871 548 18367 0 0 1 standing 
11 790 409 867 547 18368 0 0 1 standing 
11 790 407 863 545 18369 0 0 1 standing 
