0 98 420 180 564 39100 0 0 0 standing 
0 92 421 180 564 39101 0 0 1 standing 
0 86 422 181 565 39102 0 0 1 standing 
0 80 423 182 566 39103 0 0 0 standing 
0 79 422 179 565 39104 0 0 1 standing 
0 78 421 176 564 39105 0 0 1 standing 
0 78 421 174 564 39106 0 0 0 standing 
0 77 420 167 563 39107 0 0 1 standing 
0 76 419 160 562 39108 0 0 1 standing 
0 76 419 154 562 39109 0 0 0 standing 
0 73 418 150 561 39110 0 0 1 standing 
0 70 417 147 560 39111 0 0 1 standing 
0 68 417 144 560 39112 0 0 1 standing 
0 65 416 140 559 39113 0 0 1 standing 
0 62 415 137 558 39114 0 0 1 standing 
0 60 415 134 558 39115 0 0 0 standing 
0 57 416 131 557 39116 0 0 1 standing 
0 55 418 128 556 39117 0 0 1 standing 
0 52 420 125 555 39118 0 0 1 standing 
0 50 422 122 554 39119 0 0 1 standing 
1 171 452 221 606 39100 0 0 0 standing 
1 169 451 219 605 39101 0 0 1 standing 
1 168 450 218 605 39102 0 0 1 standing 
1 167 449 217 605 39103 0 0 1 standing 
1 165 448 216 604 39104 0 0 1 standing 
1 164 447 215 604 39105 0 0 1 standing 
1 163 446 214 604 39106 0 0 0 standing 
1 162 447 213 604 39107 0 0 1 standing 
1 161 448 213 604 39108 0 0 1 standing 
1 160 449 212 604 39109 0 0 1 standing 
1 160 450 212 604 39110 0 0 0 standing 
1 155 450 208 604 39111 0 0 1 standing 
1 151 450 205 605 39112 0 0 1 standing 
1 147 450 202 605 39113 0 0 1 standing 
1 143 450 198 606 39114 0 0 1 standing 
1 139 451 195 606 39115 0 0 1 standing 
1 134 451 192 607 39116 0 0 1 standing 
1 130 451 188 607 39117 0 0 1 standing 
1 126 451 185 608 39118 0 0 1 standing 
1 122 451 182 608 39119 0 0 1 standing 
2 191 365 259 488 39100 0 0 0 standing 
2 192 364 260 487 39101 0 0 1 moving 
2 193 364 262 487 39102 0 0 1 moving 
2 194 364 263 487 39103 0 0 1 moving 
2 195 363 265 486 39104 0 0 1 moving 
2 196 363 266 486 39105 0 0 1 moving 
2 197 363 268 486 39106 0 0 0 moving 
2 199 362 266 486 39107 0 0 1 moving 
2 201 362 265 486 39108 0 0 1 moving 
2 203 362 264 486 39109 0 0 1 moving 
2 205 362 263 486 39110 0 0 0 moving 
2 204 362 262 485 39111 0 0 1 moving 
2 203 363 261 485 39112 0 0 1 moving 
2 202 364 261 485 39113 0 0 1 moving 
2 201 365 260 485 39114 0 0 1 moving 
2 201 366 260 485 39115 0 0 0 moving 
2 200 365 259 485 39116 0 0 1 moving 
2 200 364 258 485 39117 0 0 1 moving 
2 199 364 258 486 39118 0 0 1 moving 
2 199 363 257 486 39119 0 0 1 moving 
3 400 451 503 574 39100 0 0 0 moving 
3 398 449 497 574 39101 0 0 1 moving 
3 396 448 491 574 39102 0 0 1 moving 
3 395 447 486 575 39103 0 0 0 moving 
3 396 445 487 574 39104 0 0 1 moving 
3 398 444 488 574 39105 0 0 1 moving 
3 400 443 490 574 39106 0 0 0 moving 
3 405 441 494 574 39107 0 0 1 moving 
3 410 440 498 574 39108 0 0 1 moving 
3 416 439 502 574 39109 0 0 0 moving 
3 419 438 501 574 39110 0 0 1 moving 
3 422 437 501 575 39111 0 0 1 moving 
3 425 436 501 576 39112 0 0 1 moving 
3 428 435 500 577 39113 0 0 1 moving 
3 431 434 500 578 39114 0 0 1 moving 
3 434 433 500 579 39115 0 0 0 moving 
3 437 435 498 580 39116 0 0 1 moving 
3 440 437 496 581 39117 0 0 1 moving 
3 443 439 494 583 39118 0 0 1 moving 
3 446 441 492 584 39119 0 0 1 moving 
4 559 374 595 517 39100 0 0 0 moving 
4 553 377 591 517 39101 0 0 1 standing 
4 548 380 587 517 39102 0 0 1 standing 
4 543 384 583 518 39103 0 0 0 standing 
4 540 384 579 521 39104 0 0 1 standing 
4 537 384 576 524 39105 0 0 1 standing 
4 535 384 573 528 39106 0 0 0 standing 
4 532 384 570 528 39107 0 0 1 standing 
4 530 384 567 528 39108 0 0 1 standing 
4 528 384 564 528 39109 0 0 1 standing 
4 526 384 562 528 39110 0 0 0 standing 
4 522 384 558 528 39111 0 0 1 standing 
4 518 385 554 529 39112 0 0 1 standing 
4 515 386 551 530 39113 0 0 1 standing 
4 511 387 547 531 39114 0 0 1 standing 
4 508 388 544 532 39115 0 0 1 standing 
4 504 389 540 533 39116 0 0 1 standing 
4 500 390 536 534 39117 0 0 1 standing 
4 497 391 533 535 39118 0 0 1 standing 
4 493 392 529 536 39119 0 0 1 standing 
5 502 378 569 471 39100 0 0 0 standing 
5 501 377 568 473 39101 0 0 1 standing 
5 500 376 567 476 39102 0 0 1 standing 
5 500 375 566 479 39103 0 0 0 standing 
5 499 374 565 479 39104 0 0 1 standing 
5 498 373 564 479 39105 0 0 1 standing 
5 498 372 564 479 39106 0 0 0 standing 
5 501 371 563 479 39107 0 0 1 standing 
5 505 370 563 480 39108 0 0 1 standing 
5 508 369 563 480 39109 0 0 1 standing 
5 512 368 563 481 39110 0 0 0 standing 
5 510 368 561 481 39111 0 0 1 standing 
5 508 368 559 481 39112 0 0 1 standing 
5 506 368 557 481 39113 0 0 1 standing 
5 504 368 555 481 39114 0 0 1 standing 
5 502 368 553 481 39115 0 0 1 standing 
5 500 368 551 481 39116 0 0 1 standing 
5 498 368 549 481 39117 0 0 1 standing 
5 496 368 547 481 39118 0 0 1 standing 
5 494 368 545 481 39119 0 0 1 standing 
6 625 423 669 522 39100 0 0 0 standing 
6 624 423 668 521 39101 0 0 1 falling 
6 623 424 668 520 39102 0 0 1 falling 
6 622 425 668 520 39103 0 0 0 falling 
6 621 422 668 519 39104 0 0 1 falling 
6 620 419 668 519 39105 0 0 1 falling 
6 619 417 668 518 39106 0 0 1 falling 
6 619 414 668 518 39107 0 0 1 falling 
6 618 412 668 517 39108 0 0 1 falling 
6 617 409 668 517 39109 0 0 1 falling 
6 617 407 669 517 39110 0 0 0 falling 
6 615 406 669 517 39111 0 0 1 falling 
6 613 405 670 517 39112 0 0 1 falling 
6 611 404 671 518 39113 0 0 1 falling 
6 609 403 672 518 39114 0 0 1 falling 
6 607 402 673 519 39115 0 0 1 falling 
6 605 401 674 519 39116 0 0 1 falling 
6 604 400 675 520 39117 0 0 0 falling 
6 606 402 677 521 39118 0 0 1 falling 
6 608 404 679 522 39119 0 0 1 falling 
7 658 353 703 459 39100 0 0 0 falling 
7 660 352 707 459 39101 0 0 1 standing 
7 662 351 711 459 39102 0 0 1 standing 
7 665 350 716 460 39103 0 0 0 standing 
7 667 352 720 460 39104 0 0 1 standing 
7 670 355 724 460 39105 0 0 1 standing 
7 673 358 728 460 39106 0 0 0 standing 
7 676 357 733 460 39107 0 0 1 standing 
7 679 357 739 461 39108 0 0 1 standing 
7 682 356 745 461 39109 0 0 1 standing 
7 685 356 751 462 39110 0 0 0 standing 
7 687 354 754 462 39111 0 0 1 standing 
7 690 353 757 463 39112 0 0 1 standing 
7 692 352 760 463 39113 0 0 1 standing 
7 695 351 763 464 39114 0 0 1 standing 
7 697 350 766 464 39115 0 0 1 standing 
7 700 349 769 465 39116 0 0 1 standing 
7 703 348 773 466 39117 0 0 0 standing 
7 706 350 774 466 39118 0 0 1 standing 
7 709 352 775 466 39119 0 0 1 standing 
8 694 381 749 492 39100 0 1 0 standing 
8 691 380 746 491 39101 0 1 1 digging 
8 688 379 743 490 39102 0 1 1 digging 
8 685 378 740 489 39103 0 1 1 digging 
8 682 377 737 488 39104 0 1 1 digging 
8 679 376 734 488 39105 0 1 1 digging 
8 676 375 731 487 39106 0 1 1 digging 
8 673 374 728 486 39107 0 1 1 digging 
8 670 373 725 485 39108 0 1 1 digging 
8 667 372 722 484 39109 0 1 1 digging 
8 664 371 719 484 39110 0 1 0 digging 
8 657 370 713 484 39111 0 1 1 digging 
8 651 370 708 484 39112 0 1 1 digging 
8 645 370 703 485 39113 0 1 1 digging 
8 639 370 698 485 39114 0 1 1 digging 
8 633 370 693 486 39115 0 1 1 digging 
8 627 370 688 486 39116 0 1 1 digging 
8 621 370 683 486 39117 0 1 1 digging 
8 615 370 678 487 39118 0 1 1 digging 
8 609 370 673 487 39119 0 1 1 digging 
9 655 481 743 603 39100 0 0 0 digging 
9 657 480 753 603 39101 0 0 1 standing 
9 660 479 763 603 39102 0 0 1 standing 
9 663 478 773 604 39103 0 0 0 standing 
9 671 476 773 605 39104 0 0 1 standing 
9 680 474 773 606 39105 0 0 1 standing 
9 688 473 773 608 39106 0 0 1 standing 
9 697 471 773 609 39107 0 0 1 standing 
9 705 469 773 610 39108 0 0 1 standing 
9 714 468 774 612 39109 0 0 0 standing 
9 716 469 780 616 39110 0 0 1 standing 
9 719 470 786 620 39111 0 0 1 standing 
9 722 471 792 624 39112 0 0 1 standing 
9 725 472 798 628 39113 0 0 1 standing 
9 728 473 804 632 39114 0 0 1 standing 
9 731 474 810 636 39115 0 0 0 standing 
9 740 475 813 636 39116 0 0 1 standing 
9 749 476 817 636 39117 0 0 1 standing 
9 758 477 821 636 39118 0 0 1 standing 
9 767 478 825 636 39119 0 0 1 standing 
10 745 437 813 552 39100 0 0 0 standing 
10 749 435 817 551 39101 0 0 1 standing 
10 754 433 822 551 39102 0 0 1 standing 
10 759 432 827 551 39103 0 0 0 standing 
10 764 432 833 551 39104 0 0 1 standing 
10 769 432 840 551 39105 0 0 1 standing 
10 774 433 847 552 39106 0 0 1 standing 
10 779 433 854 552 39107 0 0 1 standing 
10 784 433 861 552 39108 0 0 1 standing 
10 789 434 868 553 39109 0 0 0 standing 
10 792 434 871 554 39110 0 0 1 standing 
10 795 435 875 555 39111 0 0 1 standing 
10 798 435 878 556 39112 0 0 1 standing 
10 801 436 882 557 39113 0 0 1 standing 
10 804 437 886 558 39114 0 0 1 standing 
10 807 437 889 559 39115 0 0 1 standing 
10 810 438 893 560 39116 0 0 1 standing 
10 814 439 897 562 39117 0 0 0 standing 
10 817 439 896 561 39118 0 0 1 standing 
10 821 440 896 560 39119 0 0 1 standing 
11 849 385 898 505 39100 0 0 0 standing 
11 848 384 897 504 39101 0 0 1 standing 
11 848 383 897 503 39102 0 0 1 standing 
11 848 382 897 502 39103 0 0 1 standing 
11 847 381 896 501 39104 0 0 1 standing 
11 847 380 896 500 39105 0 0 1 standing 
11 847 379 896 499 39106 0 0 1 standing 
11 846 378 895 498 39107 0 0 1 standing 
11 846 377 895 497 39108 0 0 1 standing 
11 846 376 895 496 39109 0 0 1 standing 
11 846 376 895 495 39110 0 0 0 standing 
11 843 375 895 494 39111 0 0 1 standing 
11 840 375 895 493 39112 0 0 1 standing 
11 837 375 895 492 39113 0 0 1 standing 
11 834 375 896 492 39114 0 0 1 standing 
11 831 375 896 491 39115 0 0 1 standing 
11 828 375 896 490 39116 0 0 1 standing 
11 826 375 897 490 39117 0 0 0 standing 
11 827 373 891 490 39118 0 0 1 standing 
11 829 372 885 490 39119 0 0 1 standing 
