0 471 388 530 547 99640 0 1 0 setting 
0 474 383 533 543 99641 0 1 1 setting 
0 478 378 537 540 99642 0 1 1 setting 
0 482 373 541 537 99643 0 1 1 setting 
0 486 368 545 534 99644 0 1 1 setting 
0 490 363 549 531 99645 0 1 1 setting 
0 494 358 553 527 99646 0 1 1 setting 
0 498 353 557 524 99647 0 1 1 setting 
0 502 348 561 521 99648 0 1 1 setting 
0 506 343 565 518 99649 0 1 1 setting 
0 510 339 569 515 99650 0 1 0 setting 
0 513 346 573 518 99651 0 1 1 setting 
0 517 354 578 521 99652 0 1 1 setting 
0 521 361 582 524 99653 0 1 1 setting 
0 525 369 587 527 99654 0 1 1 setting 
0 529 376 591 530 99655 0 1 1 setting 
0 533 384 596 533 99656 0 1 1 setting 
0 537 391 600 536 99657 0 1 1 setting 
0 541 399 605 539 99658 0 1 1 setting 
0 545 406 609 542 99659 0 1 1 setting 
1 547 341 609 505 99640 0 1 0 setting 
1 548 347 609 503 99641 0 1 1 standing 
1 550 354 610 501 99642 0 1 1 standing 
1 552 360 611 499 99643 0 1 1 standing 
1 554 367 612 498 99644 0 1 0 standing 
1 555 357 613 496 99645 0 1 1 standing 
1 557 347 614 495 99646 0 1 1 standing 
1 559 337 615 493 99647 0 1 1 standing 
1 561 327 616 492 99648 0 1 1 standing 
1 563 317 617 490 99649 0 1 1 standing 
1 565 308 618 489 99650 0 1 0 standing 
1 563 308 620 487 99651 0 1 1 standing 
1 561 308 623 486 99652 0 1 1 standing 
1 560 308 626 484 99653 0 1 1 standing 
1 558 308 629 483 99654 0 1 1 standing 
1 557 308 632 482 99655 0 1 0 standing 
1 558 308 628 481 99656 0 1 1 standing 
1 560 308 625 480 99657 0 1 1 standing 
1 561 308 622 479 99658 0 1 1 standing 
1 563 308 619 478 99659 0 1 1 standing 
2 310 511 415 661 99640 0 1 0 standing 
2 318 510 421 660 99641 0 1 1 moving 
2 326 509 428 659 99642 0 1 1 moving 
2 335 508 435 659 99643 0 1 1 moving 
2 343 507 442 658 99644 0 1 1 moving 
2 352 507 449 658 99645 0 1 1 moving 
2 360 506 456 657 99646 0 1 1 moving 
2 368 505 463 656 99647 0 1 1 moving 
2 377 504 470 656 99648 0 1 1 moving 
2 385 503 477 655 99649 0 1 1 moving 
2 394 503 484 655 99650 0 1 0 moving 
2 402 502 493 654 99651 0 1 1 moving 
2 411 501 503 653 99652 0 1 1 moving 
2 420 500 513 652 99653 0 1 1 moving 
2 428 499 522 651 99654 0 1 1 moving 
2 437 498 532 650 99655 0 1 1 moving 
2 446 497 542 649 99656 0 1 1 moving 
2 454 496 551 648 99657 0 1 1 moving 
2 463 495 561 647 99658 0 1 1 moving 
2 472 494 571 646 99659 0 1 1 moving 
3 369 328 468 436 99640 0 1 0 moving 
3 375 326 474 437 99641 0 1 1 moving 
3 382 325 481 438 99642 0 1 1 moving 
3 389 324 487 439 99643 0 1 1 moving 
3 395 323 494 440 99644 0 1 1 moving 
3 402 322 501 441 99645 0 1 1 moving 
3 409 321 507 442 99646 0 1 1 moving 
3 415 320 514 443 99647 0 1 1 moving 
3 422 319 520 444 99648 0 1 1 moving 
3 429 318 527 445 99649 0 1 1 moving 
3 436 317 534 447 99650 0 1 0 moving 
3 445 317 539 447 99651 0 1 1 moving 
3 455 318 544 448 99652 0 1 1 moving 
3 465 318 549 448 99653 0 1 1 moving 
3 475 319 554 449 99654 0 1 1 moving 
3 485 319 559 450 99655 0 1 1 moving 
3 494 320 564 450 99656 0 1 1 moving 
3 504 320 569 451 99657 0 1 1 moving 
3 514 321 574 451 99658 0 1 1 moving 
3 524 321 579 452 99659 0 1 1 moving 
4 215 395 263 550 99640 0 0 0 moving 
4 216 395 265 550 99641 0 0 1 standing 
4 217 395 267 550 99642 0 0 1 standing 
4 218 396 269 550 99643 0 0 1 standing 
4 219 396 272 551 99644 0 0 1 standing 
4 221 397 274 551 99645 0 0 1 standing 
4 222 397 276 551 99646 0 0 1 standing 
4 223 397 279 552 99647 0 0 1 standing 
4 224 398 281 552 99648 0 0 1 standing 
4 225 398 283 552 99649 0 0 1 standing 
4 227 399 286 553 99650 0 0 0 standing 
4 229 401 288 554 99651 0 0 1 standing 
4 231 404 290 556 99652 0 0 1 standing 
4 233 406 292 558 99653 0 0 1 standing 
4 235 409 294 559 99654 0 0 1 standing 
4 238 411 297 561 99655 0 0 1 standing 
4 240 414 299 563 99656 0 0 1 standing 
4 242 416 301 564 99657 0 0 1 standing 
4 244 419 303 566 99658 0 0 1 standing 
4 246 421 305 568 99659 0 0 1 standing 
5 705 398 763 548 99640 0 0 0 standing 
5 703 399 761 549 99641 0 0 1 standing 
5 701 401 759 551 99642 0 0 1 standing 
5 700 402 758 552 99643 0 0 1 standing 
5 698 404 756 554 99644 0 0 1 standing 
5 697 406 755 556 99645 0 0 1 standing 
5 695 407 753 557 99646 0 0 1 standing 
5 693 409 751 559 99647 0 0 1 standing 
5 692 410 750 560 99648 0 0 1 standing 
5 690 412 748 562 99649 0 0 1 standing 
5 689 414 747 564 99650 0 0 0 standing 
5 686 417 748 566 99651 0 0 1 standing 
5 684 420 750 569 99652 0 0 1 standing 
5 681 423 751 572 99653 0 0 1 standing 
5 679 426 753 575 99654 0 0 1 standing 
5 676 429 754 577 99655 0 0 1 standing 
5 674 432 756 580 99656 0 0 1 standing 
5 671 435 757 583 99657 0 0 1 standing 
5 669 439 759 586 99658 0 0 0 standing 
5 669 439 759 586 99659 0 0 1 standing 
6 967 439 1029 601 99640 0 0 0 standing 
6 967 440 1029 599 99641 0 0 1 standing 
6 968 441 1030 598 99642 0 0 1 standing 
6 969 442 1031 597 99643 0 0 1 standing 
6 970 443 1032 596 99644 0 0 1 standing 
6 971 445 1033 595 99645 0 0 1 standing 
6 972 446 1033 594 99646 0 0 1 standing 
6 973 447 1034 593 99647 0 0 1 standing 
6 974 448 1035 592 99648 0 0 1 standing 
6 975 449 1036 591 99649 0 0 1 standing 
6 976 451 1037 590 99650 0 0 0 standing 
6 977 453 1038 591 99651 0 0 1 standing 
6 978 456 1039 593 99652 0 0 1 standing 
6 979 459 1040 595 99653 0 0 1 standing 
6 980 461 1041 597 99654 0 0 1 standing 
6 982 464 1042 599 99655 0 0 1 standing 
6 983 467 1043 601 99656 0 0 1 standing 
6 984 469 1044 603 99657 0 0 1 standing 
6 985 472 1045 605 99658 0 0 1 standing 
6 986 475 1046 607 99659 0 0 1 standing 
7 1096 379 1165 528 99640 0 0 0 standing 
7 1091 379 1160 528 99641 0 0 1 standing 
7 1087 379 1156 528 99642 0 0 1 standing 
7 1083 379 1152 528 99643 0 0 1 standing 
7 1079 379 1148 528 99644 0 0 1 standing 
7 1075 379 1144 528 99645 0 0 1 standing 
7 1071 379 1140 528 99646 0 0 1 standing 
7 1067 379 1136 528 99647 0 0 1 standing 
7 1063 379 1132 528 99648 0 0 1 standing 
7 1059 379 1128 528 99649 0 0 1 standing 
7 1055 380 1124 529 99650 0 0 0 standing 
7 1050 380 1119 529 99651 0 0 1 standing 
7 1046 381 1114 529 99652 0 0 1 standing 
7 1041 382 1109 529 99653 0 0 1 standing 
7 1037 382 1105 529 99654 0 0 1 standing 
7 1032 383 1100 529 99655 0 0 1 standing 
7 1028 384 1095 529 99656 0 0 1 standing 
7 1023 384 1091 529 99657 0 0 1 standing 
7 1019 385 1086 529 99658 0 0 1 standing 
7 1014 386 1081 529 99659 0 0 1 standing 
8 694 339 766 461 99640 0 0 0 standing 
8 691 339 763 462 99641 0 0 1 standing 
8 689 340 760 464 99642 0 0 1 standing 
8 687 340 758 465 99643 0 0 1 standing 
8 685 341 755 467 99644 0 0 1 standing 
8 683 342 753 468 99645 0 0 1 standing 
8 681 342 750 470 99646 0 0 1 standing 
8 679 343 747 471 99647 0 0 1 standing 
8 677 343 745 473 99648 0 0 1 standing 
8 675 344 742 474 99649 0 0 1 standing 
8 673 345 740 476 99650 0 0 0 standing 
8 673 346 740 477 99651 0 0 1 standing 
8 673 348 740 478 99652 0 0 1 standing 
8 674 350 740 479 99653 0 0 1 standing 
8 674 351 741 480 99654 0 0 1 standing 
8 675 353 741 481 99655 0 0 1 standing 
8 675 355 741 482 99656 0 0 1 standing 
8 675 356 742 483 99657 0 0 1 standing 
8 676 358 742 484 99658 0 0 1 standing 
8 676 360 742 485 99659 0 0 1 standing 
9 395 346 455 487 99640 0 0 0 standing 
9 394 347 454 488 99641 0 0 1 standing 
9 393 348 453 490 99642 0 0 1 standing 
9 393 349 452 492 99643 0 0 1 standing 
9 392 350 452 493 99644 0 0 1 standing 
9 392 352 451 495 99645 0 0 1 standing 
9 391 353 450 497 99646 0 0 1 standing 
9 390 354 450 498 99647 0 0 1 standing 
9 390 355 449 500 99648 0 0 1 standing 
9 389 356 448 502 99649 0 0 1 standing 
9 389 358 448 504 99650 0 0 0 standing 
9 391 358 450 504 99651 0 0 1 standing 
9 394 359 453 505 99652 0 0 1 standing 
9 397 360 456 505 99653 0 0 1 standing 
9 400 361 459 506 99654 0 0 0 standing 
9 402 364 461 506 99655 0 0 1 standing 
9 405 367 464 507 99656 0 0 1 standing 
9 408 370 467 508 99657 0 0 1 standing 
9 411 373 470 509 99658 0 0 1 standing 
9 414 376 473 510 99659 0 0 1 standing 
10 701 319 765 453 99640 0 0 0 standing 
10 701 319 765 453 99641 0 0 1 standing 
10 701 320 765 454 99642 0 0 1 standing 
10 701 320 765 454 99643 0 0 1 standing 
10 701 321 765 455 99644 0 0 1 standing 
10 701 321 765 455 99645 0 0 1 standing 
10 701 322 765 456 99646 0 0 1 standing 
10 701 322 765 456 99647 0 0 1 standing 
10 701 323 765 457 99648 0 0 1 standing 
10 701 323 765 457 99649 0 0 1 standing 
10 702 324 766 458 99650 0 0 0 standing 
10 702 325 766 457 99651 0 0 1 standing 
10 702 327 766 457 99652 0 0 1 standing 
10 702 329 766 457 99653 0 0 1 standing 
10 702 331 767 457 99654 0 0 1 standing 
10 702 333 767 457 99655 0 0 1 standing 
10 702 334 767 457 99656 0 0 1 standing 
10 702 336 768 457 99657 0 0 1 standing 
10 702 338 768 457 99658 0 0 1 standing 
10 702 340 768 457 99659 0 0 1 standing 
11 972 342 1045 476 99640 0 0 0 standing 
11 972 342 1044 477 99641 0 0 1 standing 
11 972 343 1044 478 99642 0 0 1 standing 
11 972 343 1044 479 99643 0 0 1 standing 
11 972 344 1044 481 99644 0 0 1 standing 
11 972 344 1044 482 99645 0 0 1 standing 
11 972 345 1044 483 99646 0 0 1 standing 
11 972 345 1044 485 99647 0 0 1 standing 
11 972 346 1044 486 99648 0 0 1 standing 
11 972 346 1044 487 99649 0 0 1 standing 
11 972 347 1044 489 99650 0 0 0 standing 
11 972 347 1043 489 99651 0 0 1 standing 
11 972 348 1043 489 99652 0 0 1 standing 
11 972 348 1043 489 99653 0 0 1 standing 
11 972 349 1043 489 99654 0 0 1 standing 
11 972 350 1043 489 99655 0 0 1 standing 
11 972 350 1043 489 99656 0 0 1 standing 
11 972 351 1043 489 99657 0 0 1 standing 
11 972 351 1043 489 99658 0 0 1 standing 
11 972 352 1043 489 99659 0 0 1 standing 
