0 852 354 939 473 52915 0 1 0 spiking 
0 850 349 938 471 52916 0 1 1 spiking 
0 849 344 937 469 52917 0 1 1 spiking 
0 848 339 936 468 52918 0 1 1 spiking 
0 847 334 935 466 52919 0 1 1 spiking 
0 846 329 934 465 52920 0 1 0 spiking 
0 844 323 929 459 52921 0 1 1 spiking 
0 843 318 924 454 52922 0 1 1 spiking 
0 842 313 919 448 52923 0 1 1 spiking 
0 841 308 914 443 52924 0 1 1 spiking 
0 840 303 910 438 52925 0 1 0 spiking 
0 837 294 905 437 52926 0 1 1 spiking 
0 834 285 900 436 52927 0 1 1 spiking 
0 832 276 896 436 52928 0 1 0 spiking 
0 837 284 899 440 52929 0 1 1 spiking 
0 842 293 902 445 52930 0 1 1 spiking 
0 848 302 905 450 52931 0 1 1 spiking 
0 853 310 909 455 52932 0 1 1 spiking 
0 859 319 912 460 52933 0 1 1 spiking 
0 864 328 915 465 52934 0 1 1 spiking 
1 608 373 667 512 52915 0 1 0 spiking 
1 614 372 671 511 52916 0 1 1 blocking 
1 620 372 675 511 52917 0 1 1 blocking 
1 627 372 679 511 52918 0 1 1 blocking 
1 633 371 683 510 52919 0 1 1 blocking 
1 639 371 687 510 52920 0 1 1 blocking 
1 646 371 691 510 52921 0 1 0 blocking 
1 652 356 695 509 52922 0 1 1 blocking 
1 658 342 700 509 52923 0 1 1 blocking 
1 664 327 704 508 52924 0 1 1 blocking 
1 671 313 709 508 52925 0 1 0 blocking 
1 680 311 718 506 52926 0 1 1 blocking 
1 690 310 728 505 52927 0 1 1 blocking 
1 700 309 738 504 52928 0 1 1 blocking 
1 710 307 748 502 52929 0 1 1 blocking 
1 720 306 758 501 52930 0 1 1 blocking 
1 729 305 767 500 52931 0 1 1 blocking 
1 739 303 777 498 52932 0 1 1 blocking 
1 749 302 787 497 52933 0 1 1 blocking 
1 759 301 797 496 52934 0 1 1 blocking 
2 610 397 669 531 52915 0 1 0 blocking 
2 615 392 674 531 52916 0 1 1 standing 
2 620 387 679 532 52917 0 1 1 standing 
2 625 383 684 532 52918 0 1 1 standing 
2 630 378 689 533 52919 0 1 1 standing 
2 636 374 694 533 52920 0 1 1 standing 
2 641 369 699 534 52921 0 1 1 standing 
2 646 364 704 534 52922 0 1 1 standing 
2 651 360 709 535 52923 0 1 1 standing 
2 656 355 714 535 52924 0 1 1 standing 
2 662 351 720 536 52925 0 1 0 standing 
2 670 344 727 529 52926 0 1 1 standing 
2 678 338 734 523 52927 0 1 1 standing 
2 686 332 742 517 52928 0 1 1 standing 
2 694 326 749 510 52929 0 1 1 standing 
2 702 320 756 504 52930 0 1 1 standing 
2 711 314 764 498 52931 0 1 0 standing 
2 725 312 777 496 52932 0 1 1 standing 
2 739 311 790 495 52933 0 1 1 standing 
2 753 310 803 494 52934 0 1 1 standing 
3 678 402 719 522 52915 0 0 0 standing 
3 682 401 723 522 52916 0 0 1 standing 
3 686 401 727 522 52917 0 0 1 standing 
3 690 401 731 522 52918 0 0 0 standing 
3 694 401 740 521 52919 0 0 1 standing 
3 698 401 749 520 52920 0 0 1 standing 
3 703 401 758 520 52921 0 0 0 standing 
3 713 401 768 520 52922 0 0 1 standing 
3 723 401 778 520 52923 0 0 1 standing 
3 733 401 788 521 52924 0 0 0 standing 
3 733 405 788 525 52925 0 0 1 standing 
3 734 410 788 529 52926 0 0 1 standing 
3 735 415 788 534 52927 0 0 0 standing 
3 742 419 796 534 52928 0 0 1 standing 
3 749 423 805 534 52929 0 0 1 standing 
3 757 428 814 534 52930 0 0 0 standing 
3 770 424 826 533 52931 0 0 1 standing 
3 783 420 838 532 52932 0 0 1 standing 
3 796 417 850 531 52933 0 0 1 standing 
3 809 413 862 530 52934 0 0 1 standing 
4 795 523 867 651 52915 0 0 0 standing 
4 787 520 858 649 52916 0 0 1 standing 
4 779 517 849 647 52917 0 0 1 standing 
4 771 515 840 646 52918 0 0 0 standing 
4 769 514 837 644 52919 0 0 1 standing 
4 768 513 834 643 52920 0 0 1 standing 
4 767 512 832 642 52921 0 0 0 standing 
4 772 508 833 642 52922 0 0 1 standing 
4 777 505 834 642 52923 0 0 1 standing 
4 783 502 835 643 52924 0 0 0 standing 
4 779 501 838 641 52925 0 0 1 standing 
4 776 500 841 639 52926 0 0 1 standing 
4 773 499 844 638 52927 0 0 0 standing 
4 773 500 848 635 52928 0 0 1 standing 
4 773 501 852 633 52929 0 0 1 standing 
4 773 502 856 631 52930 0 0 0 standing 
4 785 501 865 630 52931 0 0 1 standing 
4 797 501 875 630 52932 0 0 1 standing 
4 809 500 884 629 52933 0 0 1 standing 
4 821 500 894 629 52934 0 0 1 standing 
5 832 427 903 556 52915 0 0 0 standing 
5 833 425 900 553 52916 0 0 1 standing 
5 834 423 897 550 52917 0 0 1 standing 
5 836 421 894 548 52918 0 0 0 standing 
5 833 423 891 550 52919 0 0 1 standing 
5 830 425 888 552 52920 0 0 1 standing 
5 828 427 886 554 52921 0 0 0 standing 
5 826 428 884 552 52922 0 0 1 standing 
5 824 429 882 551 52923 0 0 1 standing 
5 823 431 880 550 52924 0 0 0 standing 
5 825 429 882 549 52925 0 0 1 standing 
5 828 428 885 548 52926 0 0 1 standing 
5 831 427 888 547 52927 0 0 0 standing 
5 834 425 893 546 52928 0 0 1 standing 
5 837 423 898 546 52929 0 0 1 standing 
5 841 421 904 546 52930 0 0 0 standing 
5 851 423 914 547 52931 0 0 1 standing 
5 861 426 925 549 52932 0 0 1 standing 
5 872 428 936 551 52933 0 0 1 standing 
5 882 431 947 553 52934 0 0 1 standing 
6 979 400 1027 523 52915 0 0 0 standing 
6 981 399 1025 522 52916 0 0 1 standing 
6 983 398 1023 521 52917 0 0 1 standing 
6 985 398 1021 521 52918 0 0 0 standing 
6 982 399 1026 519 52919 0 0 1 standing 
6 979 400 1031 518 52920 0 0 1 standing 
6 977 401 1036 517 52921 0 0 0 standing 
6 979 402 1038 517 52922 0 0 1 standing 
6 981 403 1040 518 52923 0 0 1 standing 
6 983 404 1042 519 52924 0 0 0 standing 
6 988 402 1043 518 52925 0 0 1 standing 
6 993 401 1044 517 52926 0 0 1 standing 
6 999 400 1045 517 52927 0 0 0 standing 
6 1006 398 1050 519 52928 0 0 1 standing 
6 1013 396 1055 521 52929 0 0 1 standing 
6 1020 394 1060 523 52930 0 0 0 standing 
6 1031 395 1071 524 52931 0 0 1 standing 
6 1042 397 1082 525 52932 0 0 1 standing 
6 1053 399 1093 526 52933 0 0 1 standing 
6 1064 401 1104 527 52934 0 0 1 standing 
7 708 340 764 489 52915 0 0 0 standing 
7 711 345 763 489 52916 0 0 1 standing 
7 714 350 763 489 52917 0 0 1 standing 
7 718 356 763 489 52918 0 0 0 standing 
7 718 361 765 491 52919 0 0 1 standing 
7 718 366 768 494 52920 0 0 1 standing 
7 718 371 771 497 52921 0 0 0 standing 
7 721 380 774 506 52922 0 0 1 standing 
7 724 389 777 515 52923 0 0 1 standing 
7 728 398 781 524 52924 0 0 0 standing 
7 738 399 791 522 52925 0 0 1 standing 
7 748 400 801 521 52926 0 0 1 standing 
7 759 401 811 520 52927 0 0 0 standing 
7 766 400 818 519 52928 0 0 1 standing 
7 774 399 826 518 52929 0 0 1 standing 
7 782 398 834 518 52930 0 0 0 standing 
7 795 398 847 518 52931 0 0 1 standing 
7 808 399 860 519 52932 0 0 1 standing 
7 822 400 874 520 52933 0 0 1 standing 
7 835 401 887 521 52934 0 0 1 standing 
8 599 486 659 606 52915 0 0 0 standing 
8 595 484 661 605 52916 0 0 1 standing 
8 591 482 663 605 52917 0 0 1 standing 
8 588 481 666 605 52918 0 0 0 standing 
8 586 478 670 604 52919 0 0 1 standing 
8 584 475 674 603 52920 0 0 1 standing 
8 583 472 678 602 52921 0 0 0 standing 
8 582 469 673 597 52922 0 0 1 standing 
8 581 466 668 592 52923 0 0 1 standing 
8 580 464 663 588 52924 0 0 0 standing 
8 580 463 665 588 52925 0 0 1 standing 
8 580 463 667 589 52926 0 0 1 standing 
8 580 463 669 590 52927 0 0 0 standing 
8 584 462 673 589 52928 0 0 1 standing 
8 589 461 678 589 52929 0 0 1 standing 
8 594 461 683 589 52930 0 0 0 standing 
8 606 460 691 587 52931 0 0 1 standing 
8 618 459 699 585 52932 0 0 1 standing 
8 630 458 707 584 52933 0 0 1 standing 
8 642 457 715 582 52934 0 0 1 standing 
9 450 400 505 505 52915 0 0 0 standing 
9 448 398 504 503 52916 0 0 1 standing 
9 446 396 503 501 52917 0 0 1 standing 
9 445 394 502 499 52918 0 0 0 standing 
9 442 393 497 497 52919 0 0 1 standing 
9 439 392 492 496 52920 0 0 1 standing 
9 436 392 488 495 52921 0 0 0 standing 
9 434 392 485 495 52922 0 0 1 standing 
9 432 392 482 496 52923 0 0 1 standing 
9 431 392 479 497 52924 0 0 0 standing 
9 427 391 477 496 52925 0 0 1 standing 
9 424 390 476 496 52926 0 0 1 standing 
9 421 389 475 496 52927 0 0 0 standing 
9 425 387 479 494 52928 0 0 1 standing 
9 429 385 483 492 52929 0 0 1 standing 
9 433 383 487 490 52930 0 0 0 standing 
9 441 379 491 487 52931 0 0 1 standing 
9 449 376 496 485 52932 0 0 1 standing 
9 458 373 501 482 52933 0 0 1 standing 
9 466 370 506 480 52934 0 0 1 standing 
10 317 466 392 609 52915 0 0 0 standing 
10 320 465 397 607 52916 0 0 1 standing 
10 324 464 403 606 52917 0 0 1 standing 
10 328 463 409 605 52918 0 0 0 standing 
10 332 462 415 603 52919 0 0 1 standing 
10 336 461 421 602 52920 0 0 1 standing 
10 340 460 427 601 52921 0 0 0 standing 
10 344 459 435 602 52922 0 0 1 standing 
10 348 458 444 603 52923 0 0 1 standing 
10 352 457 453 604 52924 0 0 0 standing 
10 358 457 459 604 52925 0 0 1 standing 
10 364 457 465 604 52926 0 0 1 standing 
10 371 457 472 604 52927 0 0 0 standing 
10 379 456 480 604 52928 0 0 1 standing 
10 387 455 488 604 52929 0 0 1 standing 
10 395 455 496 604 52930 0 0 0 standing 
10 406 455 507 602 52931 0 0 1 standing 
10 418 456 518 601 52932 0 0 1 standing 
10 429 456 529 599 52933 0 0 1 standing 
10 441 457 540 598 52934 0 0 1 standing 
11 215 444 266 557 52915 0 0 0 standing 
11 215 443 269 557 52916 0 0 1 standing 
11 215 443 272 557 52917 0 0 1 standing 
11 216 443 275 557 52918 0 0 0 standing 
11 213 443 275 556 52919 0 0 1 standing 
11 211 443 275 556 52920 0 0 1 standing 
11 209 443 275 556 52921 0 0 0 standing 
11 204 443 278 556 52922 0 0 1 standing 
11 200 443 281 556 52923 0 0 1 standing 
11 196 443 285 556 52924 0 0 0 standing 
11 198 443 289 556 52925 0 0 1 standing 
11 200 443 293 556 52926 0 0 1 standing 
11 203 443 298 556 52927 0 0 0 standing 
11 208 442 295 557 52928 0 0 1 standing 
11 214 442 292 558 52929 0 0 1 standing 
11 220 442 290 559 52930 0 0 0 standing 
11 229 443 298 559 52931 0 0 1 standing 
11 239 444 307 559 52932 0 0 1 standing 
11 249 445 316 559 52933 0 0 1 standing 
11 259 446 325 559 52934 0 0 1 standing 
