0 889 359 942 498 47840 0 1 0 standing 
0 880 359 936 498 47841 0 1 1 standing 
0 872 360 930 499 47842 0 1 1 standing 
0 863 360 924 500 47843 0 1 1 standing 
0 855 361 918 501 47844 0 1 1 standing 
0 846 361 912 502 47845 0 1 1 standing 
0 838 362 906 503 47846 0 1 0 standing 
0 835 362 901 502 47847 0 1 1 standing 
0 833 362 897 502 47848 0 1 1 standing 
0 830 363 892 502 47849 0 1 1 standing 
0 828 363 888 501 47850 0 1 1 standing 
0 825 364 883 501 47851 0 1 1 standing 
0 823 364 879 501 47852 0 1 1 standing 
0 821 365 875 501 47853 0 1 0 standing 
0 818 365 879 500 47854 0 1 1 standing 
0 815 365 883 499 47855 0 1 1 standing 
0 812 365 887 498 47856 0 1 1 standing 
0 809 365 891 498 47857 0 1 0 standing 
0 806 365 890 498 47858 0 1 1 standing 
0 803 365 890 499 47859 0 1 1 standing 
1 834 383 891 519 47840 0 1 0 standing 
1 828 382 882 519 47841 0 1 1 standing 
1 822 382 874 520 47842 0 1 1 standing 
1 816 382 865 521 47843 0 1 1 standing 
1 810 381 857 521 47844 0 1 1 standing 
1 804 381 848 522 47845 0 1 1 standing 
1 798 381 840 523 47846 0 1 1 standing 
1 792 381 832 524 47847 0 1 0 standing 
1 786 381 828 523 47848 0 1 1 standing 
1 780 381 824 522 47849 0 1 1 standing 
1 774 381 821 521 47850 0 1 1 standing 
1 768 381 817 520 47851 0 1 1 standing 
1 762 381 814 520 47852 0 1 0 standing 
1 760 381 811 520 47853 0 1 1 standing 
1 759 381 808 520 47854 0 1 1 standing 
1 758 381 805 520 47855 0 1 1 standing 
1 757 382 802 521 47856 0 1 0 standing 
1 757 381 802 521 47857 0 1 1 standing 
1 758 381 803 521 47858 0 1 1 standing 
1 759 380 803 521 47859 0 1 1 standing 
2 1063 349 1137 482 47840 0 1 0 standing 
2 1051 349 1125 482 47841 0 1 1 standing 
2 1040 349 1113 482 47842 0 1 1 standing 
2 1029 349 1102 482 47843 0 1 0 standing 
2 1017 349 1087 481 47844 0 1 1 standing 
2 1006 349 1073 481 47845 0 1 1 standing 
2 995 349 1058 480 47846 0 1 1 standing 
2 984 349 1044 480 47847 0 1 0 standing 
2 974 349 1036 482 47848 0 1 1 standing 
2 964 349 1028 484 47849 0 1 1 standing 
2 955 350 1020 487 47850 0 1 0 standing 
2 949 351 1014 487 47851 0 1 1 standing 
2 943 352 1008 488 47852 0 1 1 standing 
2 937 353 1002 489 47853 0 1 1 standing 
2 931 354 996 490 47854 0 1 1 standing 
2 925 356 990 491 47855 0 1 1 standing 
2 919 357 984 491 47856 0 1 1 standing 
2 913 358 978 492 47857 0 1 1 standing 
2 907 359 972 493 47858 0 1 1 standing 
2 901 360 966 494 47859 0 1 1 standing 
3 844 419 903 556 47840 0 1 0 standing 
3 835 418 896 555 47841 0 1 1 standing 
3 826 417 889 554 47842 0 1 1 standing 
3 817 416 882 553 47843 0 1 1 standing 
3 809 416 875 553 47844 0 1 0 standing 
3 803 413 871 550 47845 0 1 1 standing 
3 798 411 867 548 47846 0 1 1 standing 
3 793 409 864 546 47847 0 1 0 standing 
3 790 406 859 544 47848 0 1 1 standing 
3 787 404 854 542 47849 0 1 1 standing 
3 785 402 850 541 47850 0 1 0 standing 
3 784 402 849 540 47851 0 1 1 standing 
3 783 403 849 539 47852 0 1 1 standing 
3 782 403 848 539 47853 0 1 1 standing 
3 781 404 848 538 47854 0 1 1 standing 
3 780 405 848 538 47855 0 1 0 standing 
3 779 404 848 537 47856 0 1 1 standing 
3 778 403 848 536 47857 0 1 1 standing 
3 777 403 848 536 47858 0 1 1 standing 
3 776 402 848 535 47859 0 1 1 standing 
4 1088 377 1173 513 47840 0 1 0 standing 
4 1082 376 1164 512 47841 0 1 1 standing 
4 1076 376 1156 512 47842 0 1 1 standing 
4 1070 376 1148 512 47843 0 1 1 standing 
4 1065 375 1140 512 47844 0 1 1 standing 
4 1059 375 1132 512 47845 0 1 1 standing 
4 1053 375 1124 511 47846 0 1 1 standing 
4 1048 374 1116 511 47847 0 1 1 standing 
4 1042 374 1108 511 47848 0 1 1 standing 
4 1036 374 1100 511 47849 0 1 1 standing 
4 1031 374 1092 511 47850 0 1 0 standing 
4 1027 374 1089 512 47851 0 1 1 standing 
4 1023 375 1087 513 47852 0 1 1 standing 
4 1020 376 1084 514 47853 0 1 1 standing 
4 1016 377 1082 515 47854 0 1 1 standing 
4 1013 378 1080 516 47855 0 1 1 standing 
4 1009 379 1077 517 47856 0 1 1 standing 
4 1005 380 1075 518 47857 0 1 1 standing 
4 1002 381 1072 519 47858 0 1 1 standing 
4 998 382 1070 520 47859 0 1 1 standing 
5 1150 407 1219 575 47840 0 1 0 standing 
5 1137 409 1210 575 47841 0 1 1 standing 
5 1125 412 1201 575 47842 0 1 1 standing 
5 1112 415 1192 575 47843 0 1 1 standing 
5 1100 418 1183 575 47844 0 1 0 standing 
5 1092 416 1171 573 47845 0 1 1 standing 
5 1084 415 1159 571 47846 0 1 1 standing 
5 1077 414 1147 569 47847 0 1 1 standing 
5 1069 413 1135 567 47848 0 1 1 standing 
5 1062 412 1123 565 47849 0 1 0 standing 
5 1051 414 1112 563 47850 0 1 1 standing 
5 1040 416 1101 561 47851 0 1 1 standing 
5 1029 418 1090 559 47852 0 1 1 standing 
5 1019 421 1080 557 47853 0 1 0 standing 
5 1012 421 1070 556 47854 0 1 1 standing 
5 1006 421 1060 555 47855 0 1 1 standing 
5 1000 422 1051 555 47856 0 1 0 standing 
5 993 418 1046 554 47857 0 1 1 standing 
5 986 414 1042 553 47858 0 1 1 standing 
5 979 410 1038 552 47859 0 1 1 standing 
6 282 491 382 645 47840 0 0 0 standing 
6 281 492 378 646 47841 0 0 1 standing 
6 280 493 375 647 47842 0 0 1 standing 
6 279 495 372 648 47843 0 0 1 standing 
6 278 496 369 649 47844 0 0 1 standing 
6 277 498 366 651 47845 0 0 0 standing 
6 278 498 365 651 47846 0 0 1 standing 
6 280 499 365 652 47847 0 0 1 standing 
6 281 499 364 652 47848 0 0 1 standing 
6 283 500 364 653 47849 0 0 0 standing 
6 283 498 373 651 47850 0 0 1 standing 
6 283 496 383 649 47851 0 0 1 standing 
6 284 494 393 647 47852 0 0 0 standing 
6 287 493 398 645 47853 0 0 1 standing 
6 290 492 404 643 47854 0 0 1 standing 
6 294 492 410 641 47855 0 0 0 standing 
6 307 490 411 641 47856 0 0 1 standing 
6 321 488 412 641 47857 0 0 1 standing 
6 334 487 414 641 47858 0 0 1 standing 
6 348 485 415 641 47859 0 0 1 standing 
7 290 422 333 559 47840 0 0 0 standing 
7 282 422 326 559 47841 0 0 1 standing 
7 274 422 320 560 47842 0 0 1 standing 
7 266 423 313 561 47843 0 0 1 standing 
7 258 423 307 562 47844 0 0 1 standing 
7 250 424 301 563 47845 0 0 1 standing 
7 242 424 294 563 47846 0 0 1 standing 
7 234 424 288 564 47847 0 0 1 standing 
7 226 425 281 565 47848 0 0 1 standing 
7 218 425 275 566 47849 0 0 1 standing 
7 211 426 269 567 47850 0 0 0 standing 
7 207 426 266 567 47851 0 0 1 standing 
7 204 427 263 567 47852 0 0 1 standing 
7 201 428 261 567 47853 0 0 1 standing 
7 198 428 258 567 47854 0 0 1 standing 
7 195 429 255 567 47855 0 0 1 standing 
7 192 430 253 567 47856 0 0 0 standing 
7 193 430 253 568 47857 0 0 1 standing 
7 194 430 253 569 47858 0 0 1 standing 
7 195 430 253 570 47859 0 0 1 standing 
8 418 367 459 489 47840 0 0 0 standing 
8 409 367 450 489 47841 0 0 1 standing 
8 400 367 441 489 47842 0 0 1 standing 
8 391 367 432 489 47843 0 0 1 standing 
8 382 367 423 489 47844 0 0 1 standing 
8 373 367 414 489 47845 0 0 1 standing 
8 364 367 405 489 47846 0 0 1 standing 
8 355 367 396 489 47847 0 0 1 standing 
8 346 367 387 489 47848 0 0 1 standing 
8 337 367 378 489 47849 0 0 1 standing 
8 328 368 369 490 47850 0 0 0 standing 
8 323 368 364 490 47851 0 0 1 standing 
8 319 368 360 490 47852 0 0 1 standing 
8 314 368 355 490 47853 0 0 1 standing 
8 310 369 351 490 47854 0 0 1 standing 
8 306 369 347 491 47855 0 0 1 standing 
8 301 369 342 491 47856 0 0 1 standing 
8 297 370 338 491 47857 0 0 1 standing 
8 292 370 333 491 47858 0 0 1 standing 
8 288 370 329 491 47859 0 0 1 standing 
9 622 336 670 494 47840 0 0 0 standing 
9 615 336 663 495 47841 0 0 1 jumping 
9 608 336 656 496 47842 0 0 1 jumping 
9 601 337 650 498 47843 0 0 0 jumping 
9 593 339 642 500 47844 0 0 1 jumping 
9 586 342 635 503 47845 0 0 1 jumping 
9 579 345 628 506 47846 0 0 0 jumping 
9 572 352 621 509 47847 0 0 1 jumping 
9 565 360 614 512 47848 0 0 1 jumping 
9 558 368 608 515 47849 0 0 1 jumping 
9 551 376 601 518 47850 0 0 1 jumping 
9 544 384 595 521 47851 0 0 0 jumping 
9 542 387 593 520 47852 0 0 1 jumping 
9 540 390 591 519 47853 0 0 1 jumping 
9 538 393 589 518 47854 0 0 1 jumping 
9 537 397 588 517 47855 0 0 0 jumping 
9 532 395 585 517 47856 0 0 1 jumping 
9 528 393 582 517 47857 0 0 1 jumping 
9 524 391 580 517 47858 0 0 1 jumping 
9 520 389 577 517 47859 0 0 1 jumping 
10 673 329 736 463 47840 0 0 0 jumping 
10 662 329 724 463 47841 0 0 1 jumping 
10 652 329 712 463 47842 0 0 1 jumping 
10 642 329 700 463 47843 0 0 1 jumping 
10 632 329 688 463 47844 0 0 1 jumping 
10 622 329 676 463 47845 0 0 1 jumping 
10 612 329 664 463 47846 0 0 1 jumping 
10 602 329 652 463 47847 0 0 1 jumping 
10 592 329 640 463 47848 0 0 1 jumping 
10 582 329 628 463 47849 0 0 1 jumping 
10 572 329 617 464 47850 0 0 0 jumping 
10 564 329 612 463 47851 0 0 1 jumping 
10 557 329 608 463 47852 0 0 1 jumping 
10 549 329 604 463 47853 0 0 1 jumping 
10 542 329 600 463 47854 0 0 1 jumping 
10 534 329 595 463 47855 0 0 1 jumping 
10 527 329 591 463 47856 0 0 1 jumping 
10 519 329 587 463 47857 0 0 1 jumping 
10 512 330 583 463 47858 0 0 0 jumping 
10 507 329 577 462 47859 0 0 1 jumping 
11 657 287 698 399 47840 0 0 0 jumping 
11 647 286 688 399 47841 0 0 1 standing 
11 638 286 679 400 47842 0 0 1 standing 
11 629 286 669 401 47843 0 0 1 standing 
11 619 286 660 401 47844 0 0 1 standing 
11 610 286 651 402 47845 0 0 1 standing 
11 601 285 641 403 47846 0 0 1 standing 
11 591 285 632 403 47847 0 0 1 standing 
11 582 285 622 404 47848 0 0 1 standing 
11 573 285 613 405 47849 0 0 1 standing 
11 564 285 604 406 47850 0 0 0 standing 
11 559 284 601 405 47851 0 0 1 standing 
11 555 284 598 405 47852 0 0 1 standing 
11 551 283 595 404 47853 0 0 1 standing 
11 546 283 592 404 47854 0 0 1 standing 
11 542 282 589 403 47855 0 0 1 standing 
11 538 282 586 403 47856 0 0 1 standing 
11 533 281 583 402 47857 0 0 1 standing 
11 529 281 580 402 47858 0 0 1 standing 
11 525 280 577 401 47859 0 0 1 standing 
