0 524 251 575 427 74790 0 1 0 spiking 
0 517 245 576 418 74791 0 1 1 spiking 
0 510 239 578 410 74792 0 1 1 spiking 
0 503 234 580 402 74793 0 1 1 spiking 
0 496 228 581 394 74794 0 1 1 spiking 
0 489 222 583 386 74795 0 1 1 spiking 
0 482 217 585 378 74796 0 1 0 spiking 
0 479 211 572 377 74797 0 1 1 spiking 
0 477 206 560 377 74798 0 1 1 spiking 
0 474 200 548 377 74799 0 1 1 spiking 
0 472 195 536 377 74800 0 1 0 spiking 
0 466 207 526 376 74801 0 1 1 spiking 
0 461 219 517 375 74802 0 1 1 spiking 
0 456 231 508 374 74803 0 1 0 spiking 
0 443 238 496 380 74804 0 1 1 spiking 
0 430 245 485 386 74805 0 1 1 spiking 
0 417 252 474 392 74806 0 1 1 spiking 
0 404 259 462 398 74807 0 1 1 spiking 
0 391 266 451 404 74808 0 1 1 spiking 
0 378 273 440 410 74809 0 1 1 spiking 
1 652 329 701 458 74790 0 1 0 spiking 
1 644 314 692 454 74791 0 1 1 blocking 
1 636 300 684 450 74792 0 1 1 blocking 
1 628 286 676 446 74793 0 1 1 blocking 
1 620 271 668 442 74794 0 1 1 blocking 
1 612 257 660 438 74795 0 1 1 blocking 
1 604 243 652 434 74796 0 1 0 blocking 
1 596 239 644 430 74797 0 1 1 blocking 
1 588 235 637 426 74798 0 1 1 blocking 
1 580 231 629 422 74799 0 1 1 blocking 
1 573 227 622 419 74800 0 1 0 blocking 
1 560 229 609 418 74801 0 1 1 blocking 
1 547 231 596 417 74802 0 1 1 blocking 
1 535 234 583 416 74803 0 1 1 blocking 
1 522 236 571 416 74804 0 1 1 blocking 
1 510 239 558 415 74805 0 1 1 blocking 
1 497 241 545 414 74806 0 1 1 blocking 
1 484 243 533 414 74807 0 1 1 blocking 
1 472 246 520 413 74808 0 1 1 blocking 
1 459 248 507 412 74809 0 1 1 blocking 
2 653 329 698 458 74790 0 1 0 blocking 
2 644 319 690 455 74791 0 1 1 blocking 
2 636 310 683 453 74792 0 1 1 blocking 
2 628 300 675 451 74793 0 1 1 blocking 
2 620 291 668 449 74794 0 1 1 blocking 
2 612 281 660 447 74795 0 1 1 blocking 
2 604 272 653 445 74796 0 1 1 blocking 
2 596 262 645 443 74797 0 1 1 blocking 
2 588 253 638 441 74798 0 1 1 blocking 
2 580 243 630 439 74799 0 1 1 blocking 
2 572 234 623 437 74800 0 1 0 blocking 
2 560 235 615 434 74801 0 1 1 blocking 
2 549 236 607 432 74802 0 1 1 blocking 
2 538 238 599 430 74803 0 1 1 blocking 
2 527 239 592 428 74804 0 1 1 blocking 
2 516 241 584 426 74805 0 1 1 blocking 
2 505 242 576 424 74806 0 1 1 blocking 
2 494 244 569 422 74807 0 1 0 blocking 
2 485 248 554 423 74808 0 1 1 blocking 
2 476 253 540 425 74809 0 1 1 blocking 
3 216 460 297 618 74790 0 0 0 blocking 
3 224 459 303 617 74791 0 0 1 standing 
3 232 458 309 616 74792 0 0 1 standing 
3 241 458 315 616 74793 0 0 0 standing 
3 243 458 322 615 74794 0 0 1 standing 
3 245 458 329 615 74795 0 0 1 standing 
3 247 458 336 615 74796 0 0 0 standing 
3 247 458 336 615 74797 0 0 1 standing 
3 247 458 336 615 74798 0 0 1 standing 
3 248 458 337 615 74799 0 0 0 standing 
3 245 458 336 615 74800 0 0 1 standing 
3 242 458 335 615 74801 0 0 1 standing 
3 240 458 334 616 74802 0 0 0 standing 
3 229 457 321 615 74803 0 0 1 standing 
3 218 456 309 614 74804 0 0 1 standing 
3 207 455 297 613 74805 0 0 0 standing 
3 195 454 282 613 74806 0 0 1 standing 
3 183 454 268 614 74807 0 0 1 standing 
3 171 453 254 614 74808 0 0 1 standing 
3 159 453 240 615 74809 0 0 1 standing 
4 287 399 334 536 74790 0 0 0 standing 
4 276 395 323 532 74791 0 0 1 standing 
4 265 391 312 528 74792 0 0 1 standing 
4 255 388 302 525 74793 0 0 0 standing 
4 244 385 294 522 74794 0 0 1 standing 
4 234 382 286 520 74795 0 0 1 standing 
4 224 380 278 518 74796 0 0 0 standing 
4 213 375 267 517 74797 0 0 1 standing 
4 203 371 256 516 74798 0 0 1 standing 
4 193 367 246 515 74799 0 0 0 standing 
4 182 369 235 514 74800 0 0 1 standing 
4 171 371 224 513 74801 0 0 1 standing 
4 161 373 214 512 74802 0 0 0 standing 
4 147 374 200 513 74803 0 0 1 standing 
4 133 375 186 514 74804 0 0 1 standing 
4 119 377 172 516 74805 0 0 0 standing 
4 100 377 154 516 74806 0 0 1 standing 
4 81 378 137 517 74807 0 0 1 standing 
4 63 379 119 517 74808 0 0 1 standing 
4 44 380 102 518 74809 0 0 1 standing 
5 357 368 438 503 74790 0 0 0 standing 
5 354 364 437 502 74791 0 0 1 standing 
5 351 361 437 502 74792 0 0 1 standing 
5 349 358 437 502 74793 0 0 0 standing 
5 351 356 430 500 74794 0 0 1 standing 
5 354 354 423 498 74795 0 0 1 standing 
5 357 353 417 496 74796 0 0 0 standing 
5 354 348 410 492 74797 0 0 1 standing 
5 351 343 403 489 74798 0 0 1 standing 
5 349 338 396 486 74799 0 0 0 standing 
5 344 335 394 483 74800 0 0 1 standing 
5 339 332 393 480 74801 0 0 1 standing 
5 334 330 392 478 74802 0 0 0 standing 
5 324 335 385 479 74803 0 0 1 standing 
5 314 340 379 480 74804 0 0 1 standing 
5 304 346 373 481 74805 0 0 0 standing 
5 292 347 359 482 74806 0 0 1 standing 
5 280 348 345 483 74807 0 0 1 standing 
5 269 349 331 484 74808 0 0 1 standing 
5 257 350 317 485 74809 0 0 1 standing 
6 568 240 631 408 74790 0 0 0 standing 
6 559 247 626 411 74791 0 0 1 jumping 
6 550 255 621 414 74792 0 0 1 jumping 
6 542 263 616 417 74793 0 0 0 jumping 
6 534 269 608 422 74794 0 0 1 jumping 
6 526 276 600 427 74795 0 0 1 jumping 
6 518 283 592 432 74796 0 0 0 jumping 
6 516 291 585 440 74797 0 0 1 jumping 
6 514 300 578 449 74798 0 0 1 jumping 
6 512 309 572 458 74799 0 0 0 jumping 
6 507 314 562 460 74800 0 0 1 jumping 
6 503 319 552 462 74801 0 0 1 jumping 
6 499 325 542 464 74802 0 0 0 jumping 
6 488 326 531 466 74803 0 0 1 jumping 
6 477 327 520 469 74804 0 0 1 jumping 
6 466 328 509 472 74805 0 0 0 jumping 
6 453 328 496 473 74806 0 0 1 jumping 
6 440 329 483 474 74807 0 0 1 jumping 
6 428 330 471 476 74808 0 0 1 jumping 
6 415 331 458 477 74809 0 0 1 jumping 
7 573 388 628 514 74790 0 0 0 jumping 
7 564 388 618 517 74791 0 0 1 standing 
7 555 388 609 520 74792 0 0 1 standing 
7 546 389 600 523 74793 0 0 0 standing 
7 535 389 592 526 74794 0 0 1 standing 
7 524 390 584 529 74795 0 0 1 standing 
7 513 391 577 533 74796 0 0 0 standing 
7 503 391 569 533 74797 0 0 1 standing 
7 494 391 561 533 74798 0 0 1 standing 
7 485 392 554 534 74799 0 0 0 standing 
7 473 389 540 534 74800 0 0 1 standing 
7 462 387 527 534 74801 0 0 1 standing 
7 451 385 514 534 74802 0 0 0 standing 
7 433 387 498 539 74803 0 0 1 standing 
7 415 389 482 544 74804 0 0 1 standing 
7 397 392 466 549 74805 0 0 0 standing 
7 379 394 452 550 74806 0 0 1 standing 
7 361 396 438 552 74807 0 0 1 standing 
7 343 398 424 553 74808 0 0 1 standing 
7 325 400 410 555 74809 0 0 1 standing 
8 662 423 732 555 74790 0 0 0 standing 
8 654 422 728 554 74791 0 0 1 standing 
8 646 421 725 554 74792 0 0 1 standing 
8 638 420 722 554 74793 0 0 0 standing 
8 639 416 719 552 74794 0 0 1 standing 
8 640 413 716 550 74795 0 0 1 standing 
8 641 410 714 549 74796 0 0 0 standing 
8 644 411 712 546 74797 0 0 1 standing 
8 647 412 710 543 74798 0 0 1 standing 
8 651 413 709 541 74799 0 0 0 standing 
8 649 414 719 544 74800 0 0 1 standing 
8 647 415 729 547 74801 0 0 1 standing 
8 645 416 739 550 74802 0 0 0 standing 
8 635 417 731 551 74803 0 0 1 standing 
8 626 418 723 552 74804 0 0 1 standing 
8 617 420 716 554 74805 0 0 0 standing 
8 609 419 703 554 74806 0 0 1 standing 
8 601 419 690 554 74807 0 0 1 standing 
8 593 418 677 554 74808 0 0 1 standing 
8 585 418 664 554 74809 0 0 1 standing 
9 871 440 959 560 74790 0 0 0 standing 
9 862 441 954 558 74791 0 0 1 standing 
9 854 442 949 556 74792 0 0 1 standing 
9 846 444 944 554 74793 0 0 0 standing 
9 838 442 938 553 74794 0 0 1 standing 
9 830 440 932 553 74795 0 0 1 standing 
9 822 439 926 553 74796 0 0 0 standing 
9 826 438 926 555 74797 0 0 1 standing 
9 830 437 927 557 74798 0 0 1 standing 
9 835 436 928 559 74799 0 0 0 standing 
9 835 436 924 562 74800 0 0 1 standing 
9 835 436 921 565 74801 0 0 1 standing 
9 836 436 918 568 74802 0 0 0 standing 
9 829 438 920 569 74803 0 0 1 standing 
9 822 440 922 570 74804 0 0 1 standing 
9 816 443 924 571 74805 0 0 0 standing 
9 803 445 909 570 74806 0 0 1 standing 
9 791 447 895 570 74807 0 0 1 standing 
9 779 450 881 570 74808 0 0 1 standing 
9 767 452 867 570 74809 0 0 1 standing 
10 958 339 1009 471 74790 0 0 0 standing 
10 951 337 1003 471 74791 0 0 1 standing 
10 944 336 997 472 74792 0 0 1 standing 
10 937 335 991 473 74793 0 0 0 standing 
10 931 333 984 468 74794 0 0 1 standing 
10 925 331 978 463 74795 0 0 1 standing 
10 919 329 972 458 74796 0 0 0 standing 
10 913 327 966 458 74797 0 0 1 standing 
10 908 325 961 458 74798 0 0 1 standing 
10 903 324 956 458 74799 0 0 0 standing 
10 896 324 951 456 74800 0 0 1 standing 
10 889 325 946 455 74801 0 0 1 standing 
10 882 326 941 454 74802 0 0 0 standing 
10 870 325 928 453 74803 0 0 1 standing 
10 859 325 915 453 74804 0 0 1 standing 
10 848 325 902 453 74805 0 0 0 standing 
10 834 325 888 453 74806 0 0 1 standing 
10 820 325 874 453 74807 0 0 1 standing 
10 806 325 860 453 74808 0 0 1 standing 
10 792 325 846 453 74809 0 0 1 standing 
11 1027 390 1096 521 74790 0 0 0 standing 
11 1019 390 1088 521 74791 0 0 1 standing 
11 1012 390 1081 522 74792 0 0 1 standing 
11 1005 390 1074 523 74793 0 0 0 standing 
11 997 389 1067 521 74794 0 0 1 standing 
11 989 388 1060 520 74795 0 0 1 standing 
11 981 387 1054 519 74796 0 0 0 standing 
11 977 386 1050 518 74797 0 0 1 standing 
11 973 386 1046 518 74798 0 0 1 standing 
11 970 386 1043 518 74799 0 0 0 standing 
11 968 386 1039 520 74800 0 0 1 standing 
11 966 387 1035 523 74801 0 0 1 standing 
11 965 388 1032 526 74802 0 0 0 standing 
11 956 390 1021 527 74803 0 0 1 standing 
11 948 393 1010 528 74804 0 0 1 standing 
11 940 396 1000 529 74805 0 0 0 standing 
11 927 396 986 528 74806 0 0 1 standing 
11 914 397 972 528 74807 0 0 1 standing 
11 902 398 958 528 74808 0 0 1 standing 
11 889 399 944 528 74809 0 0 1 standing 
