0 923 323 989 456 38735 0 1 0 standing 
0 924 321 995 450 38736 0 1 1 standing 
0 925 320 1001 445 38737 0 1 1 standing 
0 927 319 1008 440 38738 0 1 0 standing 
0 928 320 1007 442 38739 0 1 1 standing 
0 929 321 1006 444 38740 0 1 1 standing 
0 931 322 1005 446 38741 0 1 1 standing 
0 932 324 1005 448 38742 0 1 1 standing 
0 934 325 1004 450 38743 0 1 1 standing 
0 935 326 1003 452 38744 0 1 1 standing 
0 937 328 1003 455 38745 0 1 0 standing 
0 943 326 1005 453 38746 0 1 1 standing 
0 949 325 1007 452 38747 0 1 1 standing 
0 955 323 1009 451 38748 0 1 1 standing 
0 961 322 1011 449 38749 0 1 1 standing 
0 967 320 1013 448 38750 0 1 1 standing 
0 973 319 1015 447 38751 0 1 0 standing 
0 976 319 1024 446 38752 0 1 1 standing 
0 980 320 1033 445 38753 0 1 1 standing 
0 983 321 1042 444 38754 0 1 1 standing 
1 1012 311 1052 464 38735 0 1 0 standing 
1 1006 316 1051 464 38736 0 1 1 standing 
1 1000 321 1051 464 38737 0 1 1 standing 
1 994 326 1051 464 38738 0 1 1 standing 
1 988 331 1051 464 38739 0 1 0 standing 
1 991 331 1051 464 38740 0 1 1 standing 
1 994 331 1051 464 38741 0 1 1 standing 
1 998 331 1051 465 38742 0 1 1 standing 
1 1001 331 1051 465 38743 0 1 1 standing 
1 1005 331 1051 466 38744 0 1 1 standing 
1 1008 331 1051 466 38745 0 1 1 standing 
1 1012 332 1052 467 38746 0 1 0 standing 
1 1012 330 1052 466 38747 0 1 1 standing 
1 1012 328 1053 466 38748 0 1 1 standing 
1 1012 326 1054 466 38749 0 1 1 standing 
1 1012 324 1054 466 38750 0 1 1 standing 
1 1012 322 1055 466 38751 0 1 1 standing 
1 1012 320 1056 466 38752 0 1 1 standing 
1 1012 318 1056 466 38753 0 1 1 standing 
1 1012 316 1057 466 38754 0 1 1 standing 
2 896 301 946 426 38735 0 1 0 standing 
2 898 301 949 424 38736 0 1 1 standing 
2 901 302 953 423 38737 0 1 1 standing 
2 904 303 956 421 38738 0 1 1 standing 
2 907 304 960 420 38739 0 1 0 standing 
2 909 305 964 420 38740 0 1 1 standing 
2 912 306 968 421 38741 0 1 1 standing 
2 915 307 973 421 38742 0 1 1 standing 
2 918 308 977 422 38743 0 1 1 standing 
2 921 309 981 423 38744 0 1 1 standing 
2 924 310 986 423 38745 0 1 1 standing 
2 927 311 990 424 38746 0 1 1 standing 
2 930 312 995 425 38747 0 1 0 standing 
2 936 312 998 425 38748 0 1 1 standing 
2 942 312 1001 426 38749 0 1 1 standing 
2 948 312 1004 426 38750 0 1 1 standing 
2 954 312 1008 427 38751 0 1 1 standing 
2 960 312 1011 427 38752 0 1 1 standing 
2 966 312 1014 428 38753 0 1 1 standing 
2 972 312 1017 428 38754 0 1 1 standing 
3 907 363 972 493 38735 0 1 0 standing 
3 909 363 974 493 38736 0 1 1 standing 
3 912 364 976 493 38737 0 1 1 standing 
3 915 364 978 494 38738 0 1 1 standing 
3 918 365 980 494 38739 0 1 1 standing 
3 921 365 982 495 38740 0 1 1 standing 
3 923 366 984 495 38741 0 1 1 standing 
3 926 366 986 495 38742 0 1 1 standing 
3 929 367 988 496 38743 0 1 1 standing 
3 932 367 990 496 38744 0 1 1 standing 
3 935 368 992 497 38745 0 1 0 standing 
3 935 368 993 497 38746 0 1 1 standing 
3 936 368 995 497 38747 0 1 1 standing 
3 937 368 997 497 38748 0 1 1 standing 
3 938 368 999 497 38749 0 1 1 standing 
3 939 368 1001 497 38750 0 1 1 standing 
3 940 368 1003 497 38751 0 1 1 standing 
3 941 368 1005 497 38752 0 1 1 standing 
3 942 368 1007 497 38753 0 1 1 standing 
3 943 368 1009 497 38754 0 1 1 standing 
4 1046 411 1078 547 38735 0 1 0 standing 
4 1045 408 1077 544 38736 0 1 1 standing 
4 1044 406 1077 541 38737 0 1 1 standing 
4 1043 403 1077 539 38738 0 1 1 standing 
4 1043 401 1077 536 38739 0 1 1 standing 
4 1042 398 1077 534 38740 0 1 1 standing 
4 1041 396 1077 531 38741 0 1 1 standing 
4 1041 394 1077 529 38742 0 1 0 standing 
4 1039 394 1076 529 38743 0 1 1 standing 
4 1038 395 1075 530 38744 0 1 1 standing 
4 1037 396 1074 531 38745 0 1 0 standing 
4 1036 396 1073 530 38746 0 1 1 standing 
4 1035 396 1072 530 38747 0 1 1 standing 
4 1035 397 1072 530 38748 0 1 0 standing 
4 1034 394 1071 527 38749 0 1 1 standing 
4 1034 392 1070 525 38750 0 1 1 standing 
4 1033 390 1070 522 38751 0 1 1 standing 
4 1033 388 1069 520 38752 0 1 1 standing 
4 1032 386 1069 517 38753 0 1 1 standing 
4 1032 384 1068 515 38754 0 1 1 standing 
5 1239 348 1278 513 38735 0 1 0 standing 
5 1234 347 1278 512 38736 0 1 1 standing 
5 1230 346 1278 512 38737 0 1 1 standing 
5 1226 346 1278 512 38738 0 1 1 standing 
5 1222 345 1278 512 38739 0 1 1 standing 
5 1218 345 1278 512 38740 0 1 0 standing 
5 1211 344 1275 512 38741 0 1 1 standing 
5 1204 344 1272 513 38742 0 1 1 standing 
5 1197 343 1269 514 38743 0 1 1 standing 
5 1190 343 1266 515 38744 0 1 1 standing 
5 1183 343 1264 516 38745 0 1 0 standing 
5 1178 342 1257 514 38746 0 1 1 standing 
5 1174 341 1251 512 38747 0 1 1 standing 
5 1170 340 1245 511 38748 0 1 0 standing 
5 1165 339 1234 510 38749 0 1 1 standing 
5 1161 339 1223 510 38750 0 1 1 standing 
5 1157 338 1212 509 38751 0 1 1 standing 
5 1153 338 1202 509 38752 0 1 0 standing 
5 1145 336 1200 507 38753 0 1 1 standing 
5 1137 334 1199 506 38754 0 1 1 standing 
6 651 397 707 541 38735 0 0 0 standing 
6 648 396 702 540 38736 0 0 1 standing 
6 646 396 698 540 38737 0 0 1 standing 
6 644 395 694 540 38738 0 0 1 standing 
6 642 395 689 539 38739 0 0 1 standing 
6 640 394 685 539 38740 0 0 1 standing 
6 638 394 681 539 38741 0 0 0 standing 
6 632 395 680 539 38742 0 0 1 standing 
6 626 396 680 539 38743 0 0 1 standing 
6 620 398 680 539 38744 0 0 1 standing 
6 614 399 679 539 38745 0 0 1 standing 
6 608 400 679 539 38746 0 0 1 standing 
6 602 402 679 539 38747 0 0 0 standing 
6 600 402 675 539 38748 0 0 1 standing 
6 599 403 672 539 38749 0 0 1 standing 
6 598 403 669 539 38750 0 0 1 standing 
6 597 404 666 540 38751 0 0 0 standing 
6 595 404 658 540 38752 0 0 1 standing 
6 593 404 651 540 38753 0 0 1 standing 
6 591 404 643 540 38754 0 0 1 standing 
7 634 355 680 483 38735 0 0 0 standing 
7 632 355 679 482 38736 0 0 1 standing 
7 630 355 679 482 38737 0 0 1 standing 
7 628 355 679 482 38738 0 0 1 standing 
7 626 355 678 482 38739 0 0 1 standing 
7 625 355 678 482 38740 0 0 1 standing 
7 623 355 678 482 38741 0 0 1 standing 
7 621 355 677 482 38742 0 0 1 standing 
7 619 355 677 482 38743 0 0 1 standing 
7 617 355 677 482 38744 0 0 1 standing 
7 616 355 677 482 38745 0 0 0 standing 
7 613 355 673 482 38746 0 0 1 standing 
7 611 355 670 483 38747 0 0 1 standing 
7 609 355 667 483 38748 0 0 1 standing 
7 607 356 663 484 38749 0 0 1 standing 
7 605 356 660 484 38750 0 0 1 standing 
7 603 356 657 485 38751 0 0 1 standing 
7 601 357 654 486 38752 0 0 0 standing 
7 599 357 650 485 38753 0 0 1 standing 
7 597 357 647 484 38754 0 0 1 standing 
8 727 331 798 450 38735 0 0 0 standing 
8 724 332 796 450 38736 0 0 1 standing 
8 722 333 794 450 38737 0 0 1 standing 
8 720 334 792 450 38738 0 0 1 standing 
8 718 335 790 450 38739 0 0 1 standing 
8 716 336 788 450 38740 0 0 1 standing 
8 714 338 787 451 38741 0 0 0 standing 
8 712 337 782 451 38742 0 0 1 standing 
8 710 337 778 452 38743 0 0 1 standing 
8 708 336 773 453 38744 0 0 1 standing 
8 706 336 769 454 38745 0 0 0 standing 
8 703 335 761 454 38746 0 0 1 standing 
8 700 335 753 454 38747 0 0 1 standing 
8 697 335 746 454 38748 0 0 0 standing 
8 691 335 744 454 38749 0 0 1 standing 
8 685 335 743 454 38750 0 0 1 standing 
8 679 336 742 454 38751 0 0 1 standing 
8 674 336 741 454 38752 0 0 1 standing 
8 668 337 740 454 38753 0 0 1 standing 
8 662 337 739 454 38754 0 0 1 standing 
9 726 357 813 493 38735 0 0 0 standing 
9 726 357 813 493 38736 0 0 1 standing 
9 726 357 813 493 38737 0 0 1 standing 
9 726 358 813 493 38738 0 0 1 standing 
9 726 358 813 493 38739 0 0 1 standing 
9 726 359 813 493 38740 0 0 1 standing 
9 726 359 813 493 38741 0 0 1 standing 
9 726 359 813 493 38742 0 0 1 standing 
9 726 360 813 493 38743 0 0 1 standing 
9 726 360 813 493 38744 0 0 1 standing 
9 727 361 814 493 38745 0 0 0 standing 
9 725 359 807 491 38746 0 0 1 standing 
9 723 357 801 490 38747 0 0 1 standing 
9 721 355 794 488 38748 0 0 1 standing 
9 720 354 788 487 38749 0 0 0 standing 
9 718 352 782 487 38750 0 0 1 standing 
9 717 351 777 487 38751 0 0 1 standing 
9 715 350 772 487 38752 0 0 1 standing 
9 714 349 766 487 38753 0 0 1 standing 
9 712 348 761 487 38754 0 0 1 standing 
10 346 392 404 523 38735 0 0 0 standing 
10 351 391 404 522 38736 0 0 1 standing 
10 356 390 405 521 38737 0 0 1 standing 
10 361 389 406 520 38738 0 0 1 standing 
10 366 388 407 519 38739 0 0 0 standing 
10 367 388 412 518 38740 0 0 1 standing 
10 368 388 418 518 38741 0 0 1 standing 
10 369 389 424 517 38742 0 0 1 standing 
10 370 389 429 517 38743 0 0 1 standing 
10 371 389 435 516 38744 0 0 1 standing 
10 372 390 441 516 38745 0 0 0 standing 
10 372 389 443 515 38746 0 0 1 standing 
10 373 388 445 515 38747 0 0 1 standing 
10 374 388 447 515 38748 0 0 0 standing 
10 377 387 451 514 38749 0 0 1 standing 
10 380 386 456 513 38750 0 0 1 standing 
10 383 385 460 512 38751 0 0 1 standing 
10 386 384 465 512 38752 0 0 1 standing 
10 389 383 469 511 38753 0 0 1 standing 
10 392 382 474 510 38754 0 0 1 standing 
11 508 365 569 484 38735 0 0 0 standing 
11 506 365 565 485 38736 0 0 1 standing 
11 505 365 561 486 38737 0 0 1 standing 
11 504 365 557 488 38738 0 0 1 standing 
11 503 365 553 489 38739 0 0 1 standing 
11 502 366 550 491 38740 0 0 0 standing 
11 500 367 548 491 38741 0 0 1 standing 
11 499 368 547 492 38742 0 0 1 standing 
11 498 369 546 493 38743 0 0 1 standing 
11 496 371 545 493 38744 0 0 1 standing 
11 495 372 544 494 38745 0 0 1 standing 
11 494 373 543 495 38746 0 0 1 standing 
11 493 375 542 496 38747 0 0 0 standing 
11 490 375 539 496 38748 0 0 1 standing 
11 488 375 537 496 38749 0 0 1 standing 
11 485 375 534 496 38750 0 0 1 standing 
11 483 376 532 496 38751 0 0 1 standing 
11 481 376 530 496 38752 0 0 1 standing 
11 478 376 527 496 38753 0 0 1 standing 
11 476 376 525 496 38754 0 0 1 standing 
