0 165 447 225 571 48460 0 0 0 standing 
0 161 445 221 571 48461 0 0 1 standing 
0 157 443 217 571 48462 0 0 1 standing 
0 153 441 213 571 48463 0 0 1 standing 
0 149 440 209 572 48464 0 0 0 standing 
0 146 439 205 572 48465 0 0 1 standing 
0 143 438 202 573 48466 0 0 1 standing 
0 140 437 199 574 48467 0 0 1 standing 
0 137 436 196 575 48468 0 0 1 standing 
0 134 436 193 576 48469 0 0 0 standing 
0 132 435 191 575 48470 0 0 1 standing 
0 131 434 190 575 48471 0 0 1 standing 
0 130 433 188 574 48472 0 0 1 standing 
0 129 433 187 574 48473 0 0 0 standing 
0 127 433 185 574 48474 0 0 1 standing 
0 126 433 184 575 48475 0 0 1 standing 
0 125 433 183 575 48476 0 0 1 standing 
0 124 433 182 576 48477 0 0 1 standing 
0 123 433 181 577 48478 0 0 0 standing 
0 120 429 178 573 48479 0 0 1 standing 
1 227 407 278 511 48460 0 1 0 standing 
1 226 406 277 510 48461 0 1 1 standing 
1 226 406 277 510 48462 0 1 1 standing 
1 225 405 276 510 48463 0 1 1 standing 
1 225 405 276 509 48464 0 1 1 standing 
1 224 404 276 509 48465 0 1 1 standing 
1 224 404 275 509 48466 0 1 1 standing 
1 223 403 275 508 48467 0 1 1 standing 
1 223 403 274 508 48468 0 1 1 standing 
1 222 402 274 508 48469 0 1 1 standing 
1 222 402 274 508 48470 0 1 0 standing 
1 220 399 273 507 48471 0 1 1 standing 
1 219 397 272 507 48472 0 1 1 standing 
1 218 395 271 507 48473 0 1 1 standing 
1 217 393 270 506 48474 0 1 1 standing 
1 216 391 269 506 48475 0 1 1 standing 
1 215 388 268 506 48476 0 1 1 standing 
1 214 386 267 505 48477 0 1 1 standing 
1 213 384 266 505 48478 0 1 1 standing 
1 212 382 265 505 48479 0 1 1 standing 
2 286 387 336 491 48460 0 1 0 standing 
2 285 387 336 491 48461 0 1 1 digging 
2 285 388 337 491 48462 0 1 1 digging 
2 284 388 337 492 48463 0 1 1 digging 
2 284 389 338 492 48464 0 1 1 digging 
2 284 390 339 493 48465 0 1 0 digging 
2 283 384 338 493 48466 0 1 1 digging 
2 282 378 337 493 48467 0 1 1 digging 
2 281 373 336 494 48468 0 1 1 digging 
2 280 367 335 494 48469 0 1 1 digging 
2 280 362 335 495 48470 0 1 0 digging 
2 278 358 333 492 48471 0 1 1 digging 
2 276 355 331 490 48472 0 1 1 digging 
2 274 352 329 487 48473 0 1 1 digging 
2 273 349 327 485 48474 0 1 0 digging 
2 271 351 325 486 48475 0 1 1 digging 
2 270 353 324 488 48476 0 1 1 digging 
2 269 355 323 489 48477 0 1 1 digging 
2 268 357 322 491 48478 0 1 1 digging 
2 267 359 321 492 48479 0 1 1 digging 
3 411 421 461 552 48460 0 0 0 digging 
3 410 419 460 551 48461 0 0 1 moving 
3 410 418 459 550 48462 0 0 1 moving 
3 409 416 459 549 48463 0 0 1 moving 
3 409 415 458 548 48464 0 0 1 moving 
3 408 413 457 547 48465 0 0 1 moving 
3 408 412 457 547 48466 0 0 0 moving 
3 406 412 456 546 48467 0 0 1 moving 
3 405 412 455 545 48468 0 0 1 moving 
3 404 412 454 544 48469 0 0 1 moving 
3 403 413 453 544 48470 0 0 0 moving 
3 402 413 454 546 48471 0 0 1 moving 
3 402 414 456 548 48472 0 0 1 moving 
3 401 414 457 550 48473 0 0 1 moving 
3 401 415 459 553 48474 0 0 0 moving 
3 402 412 459 552 48475 0 0 1 moving 
3 403 410 460 552 48476 0 0 1 moving 
3 404 408 460 552 48477 0 0 1 moving 
3 405 405 461 551 48478 0 0 1 moving 
3 406 403 461 551 48479 0 0 1 moving 
4 496 436 564 575 48460 0 0 0 moving 
4 498 436 567 576 48461 0 0 1 standing 
4 501 437 571 577 48462 0 0 1 standing 
4 504 438 575 578 48463 0 0 1 standing 
4 507 438 578 579 48464 0 0 1 standing 
4 510 439 582 580 48465 0 0 1 standing 
4 513 440 586 582 48466 0 0 0 standing 
4 516 440 587 584 48467 0 0 1 standing 
4 519 441 589 587 48468 0 0 1 standing 
4 522 441 590 589 48469 0 0 1 standing 
4 525 442 592 592 48470 0 0 0 standing 
4 527 443 596 591 48471 0 0 1 standing 
4 529 444 600 591 48472 0 0 1 standing 
4 531 445 604 591 48473 0 0 1 standing 
4 533 446 608 591 48474 0 0 1 standing 
4 536 447 612 591 48475 0 0 0 standing 
4 536 447 612 590 48476 0 0 1 standing 
4 537 448 613 589 48477 0 0 1 standing 
4 537 448 613 588 48478 0 0 1 standing 
4 538 449 614 588 48479 0 0 0 standing 
5 636 397 676 522 48460 0 0 0 standing 
5 640 397 680 523 48461 0 0 1 standing 
5 645 398 685 525 48462 0 0 1 standing 
5 650 398 689 526 48463 0 0 1 standing 
5 654 399 694 528 48464 0 0 1 standing 
5 659 400 698 530 48465 0 0 1 standing 
5 664 400 703 531 48466 0 0 1 standing 
5 668 401 707 533 48467 0 0 1 standing 
5 673 401 712 534 48468 0 0 1 standing 
5 678 402 716 536 48469 0 0 1 standing 
5 683 403 721 538 48470 0 0 0 standing 
5 689 403 727 539 48471 0 0 1 standing 
5 695 403 733 540 48472 0 0 1 standing 
5 701 403 739 542 48473 0 0 1 standing 
5 708 404 745 543 48474 0 0 1 standing 
5 714 404 751 544 48475 0 0 1 standing 
5 720 404 757 546 48476 0 0 1 standing 
5 726 404 763 547 48477 0 0 1 standing 
5 733 405 770 549 48478 0 0 0 standing 
5 734 405 771 549 48479 0 0 1 standing 
6 851 457 892 580 48460 0 0 0 standing 
6 858 458 900 582 48461 0 0 1 standing 
6 866 459 908 584 48462 0 0 1 standing 
6 874 460 917 586 48463 0 0 1 standing 
6 882 462 925 588 48464 0 0 1 standing 
6 890 463 933 590 48465 0 0 1 standing 
6 898 464 942 593 48466 0 0 1 standing 
6 905 465 950 595 48467 0 0 1 standing 
6 913 467 958 597 48468 0 0 1 standing 
6 921 468 967 599 48469 0 0 1 standing 
6 929 469 975 601 48470 0 0 1 standing 
6 937 470 983 603 48471 0 0 1 standing 
6 945 472 992 606 48472 0 0 0 standing 
6 953 473 1001 607 48473 0 0 1 standing 
6 962 475 1010 609 48474 0 0 1 standing 
6 970 476 1019 611 48475 0 0 1 standing 
6 979 478 1028 613 48476 0 0 0 standing 
6 985 477 1034 612 48477 0 0 1 standing 
6 991 477 1041 612 48478 0 0 1 standing 
6 997 476 1047 612 48479 0 0 1 standing 
7 1160 419 1204 536 48460 0 0 0 standing 
7 1168 419 1212 537 48461 0 0 1 standing 
7 1176 419 1220 539 48462 0 0 1 standing 
7 1185 420 1228 541 48463 0 0 1 standing 
7 1193 420 1236 543 48464 0 0 1 standing 
7 1201 421 1245 545 48465 0 0 1 standing 
7 1210 421 1253 547 48466 0 0 1 standing 
7 1218 422 1261 549 48467 0 0 1 standing 
7 1226 422 1269 551 48468 0 0 1 standing 
7 1235 423 1278 553 48469 0 0 0 standing 
7 1242 425 1278 555 48470 0 0 1 standing 
7 1250 427 1278 557 48471 0 0 1 standing 
7 1258 429 1279 559 48472 1 0 0 standing 
7 1250 427 1278 557 48473 1 0 1 standing 
7 1242 425 1278 555 48474 1 0 1 standing 
7 1235 423 1278 553 48475 1 0 0 standing 
7 1235 423 1278 553 48476 1 0 1 standing 
7 1235 423 1278 553 48477 1 0 1 standing 
7 1235 423 1278 553 48478 1 0 1 standing 
7 1235 423 1278 553 48479 1 0 1 standing 
8 446 463 504 601 48460 0 0 0 standing 
8 440 464 499 604 48461 0 0 1 moving 
8 435 465 495 607 48462 0 0 1 moving 
8 429 466 490 611 48463 0 0 1 moving 
8 424 467 486 614 48464 0 0 1 moving 
8 418 468 482 618 48465 0 0 1 moving 
8 413 469 477 621 48466 0 0 1 moving 
8 407 470 473 624 48467 0 0 1 moving 
8 402 471 468 628 48468 0 0 1 moving 
8 396 472 464 631 48469 0 0 1 moving 
8 391 474 460 635 48470 0 0 0 moving 
8 385 474 454 637 48471 0 0 1 moving 
8 380 475 448 639 48472 0 0 1 moving 
8 374 475 443 641 48473 0 0 1 moving 
8 369 476 437 643 48474 0 0 1 moving 
8 363 476 431 645 48475 0 0 1 moving 
8 358 477 426 647 48476 0 0 0 moving 
8 354 478 421 649 48477 0 0 1 moving 
8 350 479 416 651 48478 0 0 1 moving 
8 346 480 411 653 48479 0 0 1 moving 
9 667 397 717 519 48460 0 0 0 moving 
9 670 396 719 518 48461 0 0 1 standing 
9 673 396 721 518 48462 0 0 1 standing 
9 676 396 723 518 48463 0 0 1 standing 
9 679 396 725 517 48464 0 0 1 standing 
9 682 396 727 517 48465 0 0 1 standing 
9 685 395 729 517 48466 0 0 1 standing 
9 688 395 731 516 48467 0 0 1 standing 
9 691 395 733 516 48468 0 0 1 standing 
9 694 395 735 516 48469 0 0 1 standing 
9 697 395 738 516 48470 0 0 0 standing 
9 701 393 742 515 48471 0 0 1 standing 
9 705 392 746 514 48472 0 0 1 standing 
9 709 390 750 514 48473 0 0 1 standing 
9 714 389 754 513 48474 0 0 1 standing 
9 718 388 758 513 48475 0 0 1 standing 
9 722 386 762 512 48476 0 0 1 standing 
9 727 385 766 511 48477 0 0 1 standing 
9 731 383 770 511 48478 0 0 1 standing 
9 735 382 774 510 48479 0 0 1 standing 
10 881 377 925 487 48460 0 0 0 standing 
10 888 377 932 488 48461 0 0 1 standing 
10 895 377 939 489 48462 0 0 1 standing 
10 902 377 946 490 48463 0 0 1 standing 
10 910 377 953 491 48464 0 0 1 standing 
10 917 377 961 492 48465 0 0 1 standing 
10 924 377 968 493 48466 0 0 1 standing 
10 932 377 975 494 48467 0 0 1 standing 
10 939 377 982 495 48468 0 0 1 standing 
10 946 377 989 496 48469 0 0 1 standing 
10 954 377 997 497 48470 0 0 0 standing 
10 961 377 1004 498 48471 0 0 1 standing 
10 969 377 1012 499 48472 0 0 1 standing 
10 977 377 1020 500 48473 0 0 1 standing 
10 985 378 1028 502 48474 0 0 0 standing 
10 991 377 1033 502 48475 0 0 1 standing 
10 997 376 1039 502 48476 0 0 1 standing 
10 1003 376 1045 503 48477 0 0 1 standing 
10 1009 375 1051 503 48478 0 0 1 standing 
10 1015 374 1057 503 48479 0 0 1 standing 
11 651 433 696 570 48460 0 0 0 standing 
11 655 433 700 571 48461 0 0 1 blocking 
11 659 434 705 572 48462 0 0 1 blocking 
11 663 434 710 573 48463 0 0 1 blocking 
11 667 435 714 574 48464 0 0 1 blocking 
11 671 435 719 575 48465 0 0 1 blocking 
11 675 436 724 576 48466 0 0 1 blocking 
11 680 437 729 577 48467 0 0 0 blocking 
11 685 438 735 578 48468 0 0 1 blocking 
11 691 440 741 580 48469 0 0 1 blocking 
11 697 442 747 582 48470 0 0 0 blocking 
11 702 441 752 583 48471 0 0 1 blocking 
11 708 441 758 584 48472 0 0 1 blocking 
11 714 441 763 585 48473 0 0 1 blocking 
11 719 441 769 586 48474 0 0 1 blocking 
11 725 441 774 587 48475 0 0 1 blocking 
11 731 441 780 588 48476 0 0 0 blocking 
11 736 440 785 588 48477 0 0 1 blocking 
11 741 439 790 589 48478 0 0 1 blocking 
11 746 438 795 589 48479 0 0 1 blocking 
