0 666 348 720 474 52255 0 1 0 setting 
0 668 344 721 473 52256 0 1 1 setting 
0 671 341 723 472 52257 0 1 1 setting 
0 674 338 724 471 52258 0 1 1 setting 
0 677 335 726 471 52259 0 1 0 setting 
0 679 332 727 471 52260 0 1 1 setting 
0 682 330 728 471 52261 0 1 1 setting 
0 684 328 730 472 52262 0 1 1 setting 
0 687 325 731 472 52263 0 1 1 setting 
0 689 323 732 472 52264 0 1 1 setting 
0 692 321 734 473 52265 0 1 0 setting 
0 694 321 736 473 52266 0 1 1 setting 
0 697 322 739 474 52267 0 1 1 setting 
0 699 323 741 475 52268 0 1 1 setting 
0 702 324 744 476 52269 0 1 1 setting 
0 704 325 746 477 52270 0 1 1 setting 
0 707 325 749 477 52271 0 1 1 setting 
0 709 326 751 478 52272 0 1 1 setting 
0 712 327 754 479 52273 0 1 1 setting 
0 714 328 756 480 52274 0 1 1 setting 
1 641 407 761 558 52255 0 1 0 setting 
1 649 406 759 555 52256 0 1 1 standing 
1 657 406 758 553 52257 0 1 1 standing 
1 665 405 757 550 52258 0 1 1 standing 
1 673 405 756 548 52259 0 1 0 standing 
1 671 399 754 546 52260 0 1 1 standing 
1 669 393 752 544 52261 0 1 1 standing 
1 667 387 750 542 52262 0 1 1 standing 
1 666 381 748 540 52263 0 1 1 standing 
1 664 375 746 538 52264 0 1 1 standing 
1 662 369 744 536 52265 0 1 1 standing 
1 660 363 742 534 52266 0 1 1 standing 
1 659 357 741 532 52267 0 1 0 standing 
1 655 353 738 527 52268 0 1 1 standing 
1 651 350 736 522 52269 0 1 1 standing 
1 647 347 734 517 52270 0 1 1 standing 
1 644 344 732 512 52271 0 1 0 standing 
1 645 341 729 510 52272 0 1 1 standing 
1 647 338 726 508 52273 0 1 1 standing 
1 649 335 723 506 52274 0 1 1 standing 
2 1020 384 1098 502 52255 0 1 0 standing 
2 1009 383 1097 502 52256 0 1 1 moving 
2 998 382 1096 502 52257 0 1 1 moving 
2 987 381 1095 502 52258 0 1 1 moving 
2 976 380 1094 502 52259 0 1 0 moving 
2 968 379 1083 502 52260 0 1 1 moving 
2 960 379 1073 502 52261 0 1 1 moving 
2 952 378 1063 502 52262 0 1 1 moving 
2 944 378 1053 502 52263 0 1 1 moving 
2 936 378 1043 502 52264 0 1 1 moving 
2 928 377 1033 502 52265 0 1 1 moving 
2 920 377 1023 502 52266 0 1 1 moving 
2 913 377 1013 503 52267 0 1 0 moving 
2 910 378 1004 505 52268 0 1 1 moving 
2 907 380 996 507 52269 0 1 1 moving 
2 904 381 987 509 52270 0 1 1 moving 
2 902 383 979 511 52271 0 1 0 moving 
2 891 381 967 510 52272 0 1 1 moving 
2 880 380 956 510 52273 0 1 1 moving 
2 869 379 944 510 52274 0 1 1 moving 
3 812 368 870 487 52255 0 1 0 moving 
3 810 365 871 483 52256 0 1 1 moving 
3 809 362 872 480 52257 0 1 1 moving 
3 808 359 874 477 52258 0 1 1 moving 
3 806 356 875 473 52259 0 1 1 moving 
3 805 353 876 470 52260 0 1 1 moving 
3 804 350 878 467 52261 0 1 0 moving 
3 802 348 874 465 52262 0 1 1 moving 
3 800 347 870 464 52263 0 1 1 moving 
3 798 346 867 462 52264 0 1 1 moving 
3 796 345 863 461 52265 0 1 1 moving 
3 794 344 859 459 52266 0 1 1 moving 
3 793 343 856 458 52267 0 1 0 moving 
3 787 341 852 456 52268 0 1 1 moving 
3 782 339 849 455 52269 0 1 1 moving 
3 776 337 846 453 52270 0 1 1 moving 
3 771 335 843 452 52271 0 1 0 moving 
3 768 336 833 449 52272 0 1 1 moving 
3 765 338 824 447 52273 0 1 1 moving 
3 762 339 815 445 52274 0 1 1 moving 
4 818 491 908 650 52255 0 1 0 moving 
4 826 497 918 654 52256 0 1 1 moving 
4 835 503 928 658 52257 0 1 1 moving 
4 844 510 938 663 52258 0 1 1 moving 
4 852 516 948 667 52259 0 1 1 moving 
4 861 522 958 671 52260 0 1 1 moving 
4 870 529 969 676 52261 0 1 0 moving 
4 868 526 969 675 52262 0 1 1 moving 
4 867 523 970 674 52263 0 1 1 moving 
4 866 520 971 673 52264 0 1 1 moving 
4 864 517 972 672 52265 0 1 1 moving 
4 863 514 973 671 52266 0 1 1 moving 
4 862 511 974 670 52267 0 1 0 moving 
4 860 510 968 670 52268 0 1 1 moving 
4 858 510 963 671 52269 0 1 1 moving 
4 856 509 957 672 52270 0 1 1 moving 
4 854 509 952 673 52271 0 1 0 moving 
4 849 505 948 671 52272 0 1 1 moving 
4 845 502 945 669 52273 0 1 1 moving 
4 840 498 941 667 52274 0 1 1 moving 
5 853 442 917 574 52255 0 0 0 moving 
5 847 443 919 573 52256 0 0 1 standing 
5 841 444 921 572 52257 0 0 1 standing 
5 835 445 924 571 52258 0 0 0 standing 
5 831 445 917 570 52259 0 0 1 standing 
5 827 445 910 570 52260 0 0 1 standing 
5 824 445 903 570 52261 0 0 0 standing 
5 822 441 896 569 52262 0 0 1 standing 
5 820 437 889 569 52263 0 0 1 standing 
5 819 434 882 569 52264 0 0 0 standing 
5 815 434 876 568 52265 0 0 1 standing 
5 811 434 870 567 52266 0 0 1 standing 
5 807 434 864 567 52267 0 0 0 standing 
5 804 436 863 568 52268 0 0 1 standing 
5 801 439 862 570 52269 0 0 1 standing 
5 798 442 862 572 52270 0 0 0 standing 
5 794 443 860 572 52271 0 0 1 standing 
5 790 444 859 572 52272 0 0 1 standing 
5 787 445 858 572 52273 0 0 1 standing 
5 783 446 857 572 52274 0 0 1 standing 
6 482 411 535 579 52255 0 0 0 standing 
6 483 412 536 578 52256 0 0 1 standing 
6 485 414 537 577 52257 0 0 1 standing 
6 487 416 539 577 52258 0 0 0 standing 
6 490 414 542 579 52259 0 0 1 standing 
6 494 413 546 581 52260 0 0 1 standing 
6 498 412 550 583 52261 0 0 0 standing 
6 499 413 551 583 52262 0 0 1 standing 
6 500 414 552 583 52263 0 0 1 standing 
6 502 416 554 583 52264 0 0 0 standing 
6 503 418 553 584 52265 0 0 1 standing 
6 505 420 552 585 52266 0 0 1 standing 
6 507 422 552 587 52267 0 0 0 standing 
6 510 425 555 590 52268 0 0 1 standing 
6 513 428 558 594 52269 0 0 1 standing 
6 517 431 562 598 52270 0 0 0 standing 
6 518 432 565 597 52271 0 0 1 standing 
6 520 434 568 597 52272 0 0 1 standing 
6 522 435 572 596 52273 0 0 1 standing 
6 524 437 575 596 52274 0 0 1 standing 
7 501 376 561 530 52255 0 0 0 standing 
7 504 376 564 530 52256 0 0 1 standing 
7 508 376 568 530 52257 0 0 1 standing 
7 512 376 572 530 52258 0 0 0 standing 
7 515 375 575 529 52259 0 0 1 standing 
7 518 374 578 529 52260 0 0 1 standing 
7 522 374 582 529 52261 0 0 0 standing 
7 521 374 579 529 52262 0 0 1 standing 
7 520 375 576 529 52263 0 0 1 standing 
7 520 376 573 529 52264 0 0 0 standing 
7 522 379 575 527 52265 0 0 1 standing 
7 524 382 577 525 52266 0 0 1 standing 
7 527 386 580 523 52267 0 0 0 standing 
7 528 389 581 524 52268 0 0 1 standing 
7 529 392 582 525 52269 0 0 1 standing 
7 531 395 583 526 52270 0 0 0 standing 
7 533 395 585 526 52271 0 0 1 standing 
7 536 396 588 527 52272 0 0 1 standing 
7 538 396 590 527 52273 0 0 1 standing 
7 541 397 593 528 52274 0 0 1 standing 
8 516 344 563 492 52255 0 0 0 standing 
8 519 343 566 491 52256 0 0 1 standing 
8 522 342 569 490 52257 0 0 1 standing 
8 525 342 572 490 52258 0 0 0 standing 
8 527 342 574 490 52259 0 0 1 standing 
8 529 342 576 490 52260 0 0 1 standing 
8 531 343 578 491 52261 0 0 0 standing 
8 534 342 581 490 52262 0 0 1 standing 
8 537 341 584 490 52263 0 0 1 standing 
8 540 340 587 490 52264 0 0 0 standing 
8 543 344 590 494 52265 0 0 1 standing 
8 546 348 593 498 52266 0 0 1 standing 
8 549 353 596 503 52267 0 0 0 standing 
8 550 353 597 503 52268 0 0 1 standing 
8 551 353 598 503 52269 0 0 1 standing 
8 552 353 599 503 52270 0 0 0 standing 
8 553 356 600 504 52271 0 0 1 standing 
8 555 360 602 505 52272 0 0 1 standing 
8 557 364 604 507 52273 0 0 0 standing 
8 557 364 604 507 52274 0 0 1 standing 
9 285 431 383 582 52255 0 0 0 standing 
9 285 430 384 582 52256 0 0 1 standing 
9 286 429 386 582 52257 0 0 1 standing 
9 287 428 388 582 52258 0 0 0 standing 
9 287 427 378 582 52259 0 0 1 standing 
9 288 427 369 583 52260 0 0 1 standing 
9 289 427 360 584 52261 0 0 0 standing 
9 286 425 350 583 52262 0 0 1 standing 
9 283 423 340 582 52263 0 0 1 standing 
9 280 421 331 582 52264 0 0 0 standing 
9 271 423 329 583 52265 0 0 1 standing 
9 263 425 328 585 52266 0 0 1 standing 
9 255 427 327 587 52267 0 0 0 standing 
9 245 432 323 589 52268 0 0 1 standing 
9 236 437 319 592 52269 0 0 1 standing 
9 227 442 316 595 52270 0 0 0 standing 
9 225 443 314 596 52271 0 0 1 standing 
9 223 444 313 597 52272 0 0 1 standing 
9 221 445 311 598 52273 0 0 1 standing 
9 219 446 310 599 52274 0 0 1 standing 
10 176 400 233 531 52255 0 0 0 standing 
10 168 401 230 531 52256 0 0 1 standing 
10 161 402 227 531 52257 0 0 1 standing 
10 154 403 225 532 52258 0 0 0 standing 
10 155 402 224 531 52259 0 0 1 standing 
10 156 401 224 530 52260 0 0 1 standing 
10 158 400 224 529 52261 0 0 0 standing 
10 157 400 221 529 52262 0 0 1 standing 
10 157 400 218 530 52263 0 0 1 standing 
10 157 400 215 531 52264 0 0 0 standing 
10 153 401 215 532 52265 0 0 1 standing 
10 149 402 215 533 52266 0 0 1 standing 
10 146 404 216 534 52267 0 0 0 standing 
10 140 404 212 533 52268 0 0 1 standing 
10 135 404 209 533 52269 0 0 1 standing 
10 130 404 206 533 52270 0 0 0 standing 
10 130 404 203 533 52271 0 0 1 standing 
10 131 404 201 533 52272 0 0 1 standing 
10 131 404 198 533 52273 0 0 1 standing 
10 132 404 196 533 52274 0 0 1 standing 
11 209 349 259 473 52255 0 0 0 standing 
11 210 347 259 471 52256 0 0 1 standing 
11 211 345 259 469 52257 0 0 1 standing 
11 212 344 260 467 52258 0 0 0 standing 
11 213 343 262 466 52259 0 0 1 standing 
11 214 343 265 465 52260 0 0 1 standing 
11 215 343 268 464 52261 0 0 0 standing 
11 216 342 267 464 52262 0 0 1 standing 
11 218 341 266 464 52263 0 0 1 standing 
11 220 340 266 464 52264 0 0 0 standing 
11 222 341 268 465 52265 0 0 1 standing 
11 224 342 270 467 52266 0 0 1 standing 
11 226 344 272 469 52267 0 0 0 standing 
11 225 344 273 468 52268 0 0 1 standing 
11 225 344 275 467 52269 0 0 1 standing 
11 225 344 277 467 52270 0 0 0 standing 
11 227 343 280 466 52271 0 0 1 standing 
11 229 343 284 466 52272 0 0 1 standing 
11 231 343 288 466 52273 0 0 1 standing 
11 233 343 292 466 52274 0 0 1 standing 
