0 704 336 780 517 74770 0 1 0 standing 
0 697 332 771 512 74771 0 1 1 standing 
0 691 328 763 508 74772 0 1 1 standing 
0 684 324 755 504 74773 0 1 1 standing 
0 678 320 747 500 74774 0 1 1 standing 
0 671 316 739 496 74775 0 1 1 standing 
0 665 312 731 491 74776 0 1 1 standing 
0 658 308 723 487 74777 0 1 1 standing 
0 652 304 715 483 74778 0 1 1 standing 
0 645 300 707 479 74779 0 1 1 standing 
0 639 296 699 475 74780 0 1 0 standing 
0 631 304 691 479 74781 0 1 1 standing 
0 624 313 684 483 74782 0 1 1 standing 
0 617 322 677 487 74783 0 1 1 standing 
0 610 331 670 491 74784 0 1 1 standing 
0 603 340 663 495 74785 0 1 1 standing 
0 596 349 655 499 74786 0 1 1 standing 
0 589 358 648 503 74787 0 1 1 standing 
0 582 367 641 507 74788 0 1 1 standing 
0 575 376 634 511 74789 0 1 1 standing 
1 598 317 709 469 74770 0 1 0 standing 
1 598 318 704 468 74771 0 1 1 standing 
1 598 320 700 468 74772 0 1 1 standing 
1 598 321 696 468 74773 0 1 1 standing 
1 598 323 691 468 74774 0 1 1 standing 
1 598 324 687 468 74775 0 1 1 standing 
1 598 326 683 468 74776 0 1 0 standing 
1 598 315 679 468 74777 0 1 1 standing 
1 598 305 675 468 74778 0 1 1 standing 
1 598 295 671 468 74779 0 1 1 standing 
1 598 285 667 468 74780 0 1 0 standing 
1 594 279 664 460 74781 0 1 1 standing 
1 590 273 662 453 74782 0 1 1 standing 
1 586 268 660 445 74783 0 1 1 standing 
1 582 262 657 438 74784 0 1 1 standing 
1 578 256 655 430 74785 0 1 1 standing 
1 575 251 653 423 74786 0 1 0 standing 
1 571 247 647 421 74787 0 1 1 standing 
1 568 243 641 420 74788 0 1 1 standing 
1 565 239 635 419 74789 0 1 1 standing 
2 436 288 535 416 74770 0 1 0 standing 
2 441 288 540 416 74771 0 1 1 moving 
2 446 289 545 417 74772 0 1 1 moving 
2 452 290 551 418 74773 0 1 1 moving 
2 457 291 556 419 74774 0 1 1 moving 
2 463 292 562 420 74775 0 1 1 moving 
2 468 293 567 421 74776 0 1 1 moving 
2 473 294 572 422 74777 0 1 1 moving 
2 479 295 578 423 74778 0 1 1 moving 
2 484 296 583 424 74779 0 1 1 moving 
2 490 297 589 425 74780 0 1 0 moving 
2 491 292 588 425 74781 0 1 1 moving 
2 493 287 587 425 74782 0 1 1 moving 
2 495 282 587 425 74783 0 1 1 moving 
2 497 278 586 425 74784 0 1 1 moving 
2 499 273 586 425 74785 0 1 1 moving 
2 501 268 585 425 74786 0 1 1 moving 
2 503 264 584 425 74787 0 1 1 moving 
2 505 259 584 425 74788 0 1 1 moving 
2 507 254 583 425 74789 0 1 1 moving 
3 273 386 372 505 74770 0 1 0 moving 
3 276 385 374 505 74771 0 1 1 moving 
3 280 384 377 505 74772 0 1 1 moving 
3 283 383 380 505 74773 0 1 1 moving 
3 287 382 383 505 74774 0 1 1 moving 
3 291 381 386 505 74775 0 1 1 moving 
3 294 380 388 505 74776 0 1 1 moving 
3 298 379 391 505 74777 0 1 1 moving 
3 302 378 394 505 74778 0 1 1 moving 
3 305 377 397 505 74779 0 1 1 moving 
3 309 376 400 505 74780 0 1 1 moving 
3 313 375 402 505 74781 0 1 1 moving 
3 316 374 405 505 74782 0 1 1 moving 
3 320 373 408 505 74783 0 1 1 moving 
3 324 372 411 505 74784 0 1 1 moving 
3 327 371 414 505 74785 0 1 1 moving 
3 331 370 416 505 74786 0 1 1 moving 
3 335 369 419 505 74787 0 1 1 moving 
3 338 368 422 505 74788 0 1 1 moving 
3 342 367 425 505 74789 0 1 1 moving 
4 376 410 444 543 74770 0 0 0 moving 
4 371 408 438 542 74771 0 0 1 standing 
4 367 407 432 542 74772 0 0 1 standing 
4 362 405 427 542 74773 0 0 1 standing 
4 358 404 421 541 74774 0 0 1 standing 
4 353 402 416 541 74775 0 0 1 standing 
4 349 401 410 541 74776 0 0 1 standing 
4 345 399 404 540 74777 0 0 1 standing 
4 340 398 399 540 74778 0 0 1 standing 
4 336 396 393 540 74779 0 0 1 standing 
4 331 395 388 539 74780 0 0 1 standing 
4 327 393 382 539 74781 0 0 1 standing 
4 323 392 377 539 74782 0 0 0 standing 
4 318 392 372 539 74783 0 0 1 standing 
4 313 393 367 540 74784 0 0 1 standing 
4 308 394 362 541 74785 0 0 1 standing 
4 303 395 357 542 74786 0 0 1 standing 
4 298 396 352 543 74787 0 0 1 standing 
4 293 397 347 544 74788 0 0 1 standing 
4 288 398 342 545 74789 0 0 1 standing 
5 145 442 227 582 74770 0 1 0 standing 
5 145 443 229 584 74771 0 1 1 moving 
5 145 445 232 586 74772 0 1 1 moving 
5 145 446 234 588 74773 0 1 1 moving 
5 145 448 237 591 74774 0 1 1 moving 
5 145 450 239 593 74775 0 1 1 moving 
5 145 451 242 595 74776 0 1 1 moving 
5 145 453 244 598 74777 0 1 1 moving 
5 145 454 247 600 74778 0 1 1 moving 
5 145 456 249 602 74779 0 1 1 moving 
5 146 458 252 605 74780 0 1 0 moving 
5 152 458 257 606 74781 0 1 1 moving 
5 158 458 262 607 74782 0 1 1 moving 
5 164 458 267 608 74783 0 1 1 moving 
5 170 458 272 609 74784 0 1 1 moving 
5 176 459 277 611 74785 0 1 1 moving 
5 182 459 282 612 74786 0 1 1 moving 
5 188 459 287 613 74787 0 1 1 moving 
5 194 459 292 614 74788 0 1 1 moving 
5 200 459 297 615 74789 0 1 1 moving 
6 1015 439 1094 585 74770 0 0 0 moving 
6 1007 439 1086 585 74771 0 0 1 waiting 
6 999 440 1078 586 74772 0 0 1 waiting 
6 991 440 1070 586 74773 0 0 1 waiting 
6 983 441 1062 587 74774 0 0 1 waiting 
6 976 441 1055 588 74775 0 0 1 waiting 
6 968 442 1047 588 74776 0 0 1 waiting 
6 960 442 1039 589 74777 0 0 1 waiting 
6 952 443 1031 589 74778 0 0 1 waiting 
6 944 443 1023 590 74779 0 0 1 waiting 
6 937 444 1016 591 74780 0 0 0 waiting 
6 930 443 1010 590 74781 0 0 1 waiting 
6 924 442 1004 589 74782 0 0 1 waiting 
6 917 441 998 588 74783 0 0 1 waiting 
6 911 440 992 587 74784 0 0 1 waiting 
6 904 439 986 586 74785 0 0 1 waiting 
6 898 438 980 585 74786 0 0 1 waiting 
6 891 437 974 584 74787 0 0 1 waiting 
6 885 436 968 583 74788 0 0 1 waiting 
6 878 435 962 582 74789 0 0 1 waiting 
7 1175 388 1252 528 74770 0 0 0 waiting 
7 1166 388 1243 528 74771 0 0 1 waiting 
7 1158 388 1235 528 74772 0 0 1 waiting 
7 1149 388 1226 528 74773 0 0 1 waiting 
7 1141 389 1218 528 74774 0 0 1 waiting 
7 1133 389 1210 529 74775 0 0 1 waiting 
7 1124 389 1201 529 74776 0 0 1 waiting 
7 1116 390 1193 529 74777 0 0 1 waiting 
7 1107 390 1184 529 74778 0 0 1 waiting 
7 1099 390 1176 529 74779 0 0 1 waiting 
7 1091 391 1168 530 74780 0 0 0 waiting 
7 1084 390 1161 529 74781 0 0 1 waiting 
7 1077 389 1154 528 74782 0 0 1 waiting 
7 1070 389 1147 528 74783 0 0 1 waiting 
7 1064 388 1141 527 74784 0 0 1 waiting 
7 1057 388 1134 527 74785 0 0 1 waiting 
7 1050 387 1127 526 74786 0 0 1 waiting 
7 1044 386 1121 525 74787 0 0 1 waiting 
7 1037 386 1114 525 74788 0 0 1 waiting 
7 1030 385 1107 524 74789 0 0 1 waiting 
8 1075 341 1152 473 74770 0 0 0 waiting 
8 1068 341 1145 473 74771 0 0 1 standing 
8 1061 341 1138 473 74772 0 0 1 standing 
8 1054 341 1131 473 74773 0 0 1 standing 
8 1047 341 1124 473 74774 0 0 1 standing 
8 1040 342 1117 473 74775 0 0 1 standing 
8 1033 342 1110 473 74776 0 0 1 standing 
8 1026 342 1103 473 74777 0 0 1 standing 
8 1019 342 1096 473 74778 0 0 1 standing 
8 1012 342 1089 473 74779 0 0 1 standing 
8 1006 343 1083 474 74780 0 0 0 standing 
8 999 342 1076 473 74781 0 0 1 standing 
8 993 342 1070 473 74782 0 0 1 standing 
8 986 341 1063 472 74783 0 0 1 standing 
8 980 341 1057 472 74784 0 0 1 standing 
8 974 341 1051 472 74785 0 0 1 standing 
8 967 340 1044 471 74786 0 0 1 standing 
8 961 340 1038 471 74787 0 0 1 standing 
8 954 339 1031 470 74788 0 0 1 standing 
8 948 339 1025 470 74789 0 0 1 standing 
9 798 401 861 559 74770 0 0 0 standing 
9 790 401 853 558 74771 0 0 1 standing 
9 782 401 845 558 74772 0 0 1 standing 
9 774 401 837 558 74773 0 0 1 standing 
9 766 402 829 558 74774 0 0 1 standing 
9 758 402 821 558 74775 0 0 1 standing 
9 750 402 813 558 74776 0 0 1 standing 
9 742 403 805 558 74777 0 0 1 standing 
9 734 403 797 558 74778 0 0 1 standing 
9 726 403 789 558 74779 0 0 1 standing 
9 719 404 781 558 74780 0 0 0 standing 
9 712 405 776 558 74781 0 0 1 standing 
9 706 406 771 558 74782 0 0 1 standing 
9 700 408 766 558 74783 0 0 1 standing 
9 693 409 761 558 74784 0 0 1 standing 
9 687 411 757 558 74785 0 0 1 standing 
9 681 412 752 558 74786 0 0 1 standing 
9 674 413 747 558 74787 0 0 1 standing 
9 668 415 742 558 74788 0 0 1 standing 
9 662 416 737 558 74789 0 0 1 standing 
10 824 340 884 476 74770 0 0 0 standing 
10 815 340 875 476 74771 0 0 1 standing 
10 807 340 867 476 74772 0 0 1 standing 
10 799 340 859 476 74773 0 0 1 standing 
10 791 340 850 477 74774 0 0 1 standing 
10 783 341 842 477 74775 0 0 1 standing 
10 774 341 834 477 74776 0 0 1 standing 
10 766 341 825 478 74777 0 0 1 standing 
10 758 341 817 478 74778 0 0 1 standing 
10 750 341 809 478 74779 0 0 1 standing 
10 742 342 801 479 74780 0 0 0 standing 
10 733 340 790 476 74781 0 0 1 standing 
10 724 338 780 474 74782 0 0 1 standing 
10 716 336 770 472 74783 0 0 1 standing 
10 707 335 760 469 74784 0 0 1 standing 
10 699 333 750 467 74785 0 0 1 standing 
10 690 331 740 465 74786 0 0 1 standing 
10 681 330 730 462 74787 0 0 1 standing 
10 673 328 720 460 74788 0 0 1 standing 
10 664 326 710 458 74789 0 0 1 standing 
11 794 353 867 512 74770 0 0 0 standing 
11 786 352 856 511 74771 0 0 1 standing 
11 778 352 845 510 74772 0 0 1 standing 
11 770 352 834 509 74773 0 0 1 standing 
11 762 352 823 508 74774 0 0 1 standing 
11 754 352 813 508 74775 0 0 0 standing 
11 746 351 805 508 74776 0 0 1 standing 
11 738 351 798 508 74777 0 0 1 standing 
11 730 351 790 508 74778 0 0 1 standing 
11 722 351 783 508 74779 0 0 1 standing 
11 715 351 776 508 74780 0 0 0 standing 
11 708 348 768 503 74781 0 0 1 standing 
11 701 346 760 499 74782 0 0 1 standing 
11 694 343 752 494 74783 0 0 1 standing 
11 687 341 744 490 74784 0 0 1 standing 
11 680 339 736 485 74785 0 0 1 standing 
11 673 336 728 481 74786 0 0 1 standing 
11 666 334 720 476 74787 0 0 1 standing 
11 659 331 712 472 74788 0 0 1 standing 
11 652 329 704 467 74789 0 0 1 standing 
