0 932 393 979 520 96070 0 0 0 standing 
0 939 393 986 520 96071 0 0 1 standing 
0 946 394 993 521 96072 0 0 1 standing 
0 953 394 1000 521 96073 0 0 1 standing 
0 960 395 1007 522 96074 0 0 1 standing 
0 968 396 1015 523 96075 0 0 0 standing 
0 969 395 1016 522 96076 0 0 1 standing 
0 970 395 1017 522 96077 0 0 1 standing 
0 971 395 1018 522 96078 0 0 1 standing 
0 972 395 1019 522 96079 0 0 1 standing 
0 973 395 1020 522 96080 0 0 0 standing 
0 964 394 1011 521 96081 0 0 1 standing 
0 956 394 1003 521 96082 0 0 1 standing 
0 948 393 995 520 96083 0 0 1 standing 
0 940 393 987 520 96084 0 0 1 standing 
0 932 393 979 520 96085 0 0 1 standing 
0 923 392 970 519 96086 0 0 1 standing 
0 915 392 962 519 96087 0 0 1 standing 
0 907 391 954 518 96088 0 0 1 standing 
0 899 391 946 518 96089 0 0 1 standing 
1 866 323 922 468 96070 0 0 0 standing 
1 873 327 929 471 96071 0 0 1 standing 
1 880 332 936 474 96072 0 0 1 standing 
1 887 336 943 477 96073 0 0 1 standing 
1 894 341 950 480 96074 0 0 1 standing 
1 902 346 958 484 96075 0 0 0 standing 
1 900 346 956 482 96076 0 0 1 standing 
1 898 346 954 481 96077 0 0 1 standing 
1 897 346 952 479 96078 0 0 1 standing 
1 895 346 950 478 96079 0 0 1 standing 
1 894 346 949 477 96080 0 0 0 standing 
1 886 347 943 478 96081 0 0 1 standing 
1 879 349 938 480 96082 0 0 1 standing 
1 871 351 933 481 96083 0 0 1 standing 
1 864 352 927 483 96084 0 0 1 standing 
1 856 354 922 484 96085 0 0 1 standing 
1 849 356 917 486 96086 0 0 1 standing 
1 841 357 911 487 96087 0 0 1 standing 
1 834 359 906 489 96088 0 0 1 standing 
1 826 361 901 490 96089 0 0 1 standing 
2 841 433 905 571 96070 0 0 0 standing 
2 845 437 914 575 96071 0 0 1 standing 
2 850 441 923 579 96072 0 0 1 standing 
2 855 446 932 583 96073 0 0 1 standing 
2 860 450 941 587 96074 0 0 1 standing 
2 865 455 951 591 96075 0 0 0 standing 
2 867 454 953 590 96076 0 0 1 standing 
2 869 454 955 590 96077 0 0 1 standing 
2 872 453 958 589 96078 0 0 1 standing 
2 874 453 960 589 96079 0 0 1 standing 
2 877 453 963 589 96080 0 0 0 standing 
2 876 453 958 590 96081 0 0 1 standing 
2 876 453 953 591 96082 0 0 1 standing 
2 875 453 948 592 96083 0 0 1 standing 
2 875 453 943 593 96084 0 0 1 standing 
2 874 453 938 594 96085 0 0 1 standing 
2 874 454 933 596 96086 0 0 0 standing 
2 867 454 933 597 96087 0 0 1 standing 
2 860 454 934 599 96088 0 0 1 standing 
2 853 454 935 601 96089 0 0 1 standing 
3 795 488 855 653 96070 0 0 0 standing 
3 801 488 861 651 96071 0 0 1 standing 
3 808 489 868 649 96072 0 0 1 standing 
3 815 489 875 647 96073 0 0 1 standing 
3 822 490 882 645 96074 0 0 1 standing 
3 829 491 889 643 96075 0 0 0 standing 
3 825 489 884 639 96076 0 0 1 standing 
3 821 488 880 635 96077 0 0 1 standing 
3 817 487 876 631 96078 0 0 1 standing 
3 813 486 872 627 96079 0 0 1 standing 
3 809 485 868 623 96080 0 0 0 standing 
3 795 483 858 620 96081 0 0 1 standing 
3 781 481 848 618 96082 0 0 1 standing 
3 768 480 838 616 96083 0 0 1 standing 
3 754 478 828 614 96084 0 0 1 standing 
3 740 476 818 612 96085 0 0 1 standing 
3 727 475 809 610 96086 0 0 0 standing 
3 718 472 793 607 96087 0 0 1 standing 
3 709 470 777 605 96088 0 0 1 standing 
3 700 468 761 602 96089 0 0 1 standing 
4 715 315 793 465 96070 0 0 0 standing 
4 718 322 794 466 96071 0 0 1 standing 
4 722 329 796 467 96072 0 0 1 standing 
4 726 336 797 468 96073 0 0 1 standing 
4 730 344 799 469 96074 0 0 0 standing 
4 732 342 800 468 96075 0 0 1 standing 
4 735 341 801 468 96076 0 0 1 standing 
4 738 339 802 468 96077 0 0 1 standing 
4 741 338 803 467 96078 0 0 1 standing 
4 744 336 804 467 96079 0 0 1 standing 
4 747 335 806 467 96080 0 0 0 standing 
4 741 334 809 466 96081 0 0 1 standing 
4 735 334 812 465 96082 0 0 1 standing 
4 730 334 816 465 96083 0 0 0 standing 
4 724 333 805 464 96084 0 0 1 standing 
4 718 333 795 464 96085 0 0 1 standing 
4 713 333 785 464 96086 0 0 1 standing 
4 707 333 774 464 96087 0 0 1 standing 
4 702 332 764 463 96088 0 0 1 standing 
4 696 332 754 463 96089 0 0 1 standing 
5 743 403 787 533 96070 0 0 0 standing 
5 751 403 799 533 96071 0 0 1 standing 
5 759 404 811 533 96072 0 0 1 standing 
5 768 404 823 534 96073 0 0 1 standing 
5 776 405 835 534 96074 0 0 1 standing 
5 784 405 847 534 96075 0 0 1 standing 
5 793 406 859 535 96076 0 0 0 standing 
5 796 405 858 534 96077 0 0 1 standing 
5 799 405 857 534 96078 0 0 1 standing 
5 802 405 857 534 96079 0 0 0 standing 
5 800 403 855 532 96080 0 0 1 standing 
5 798 402 854 531 96081 0 0 1 standing 
5 797 401 853 530 96082 0 0 0 standing 
5 787 400 843 529 96083 0 0 1 standing 
5 777 400 833 529 96084 0 0 1 standing 
5 767 400 824 529 96085 0 0 1 standing 
5 757 400 814 529 96086 0 0 1 standing 
5 747 400 804 528 96087 0 0 1 standing 
5 737 400 795 528 96088 0 0 1 standing 
5 727 400 785 528 96089 0 0 1 standing 
6 551 447 648 587 96070 0 0 0 standing 
6 559 450 655 586 96071 0 0 1 digging 
6 567 454 663 586 96072 0 0 1 digging 
6 576 457 671 586 96073 0 0 1 digging 
6 584 461 679 586 96074 0 0 1 digging 
6 593 465 687 586 96075 0 0 0 digging 
6 591 464 682 584 96076 0 0 1 digging 
6 590 464 677 582 96077 0 0 1 digging 
6 588 464 672 580 96078 0 0 1 digging 
6 587 463 667 578 96079 0 0 1 digging 
6 585 463 662 576 96080 0 0 1 digging 
6 584 463 658 575 96081 0 0 0 digging 
6 573 461 652 575 96082 0 0 1 digging 
6 562 460 647 576 96083 0 0 1 digging 
6 551 459 641 576 96084 0 0 1 digging 
6 540 458 636 577 96085 0 0 0 digging 
6 529 458 622 578 96086 0 0 1 digging 
6 519 458 608 580 96087 0 0 1 digging 
6 508 458 595 582 96088 0 0 1 digging 
6 498 458 581 584 96089 0 0 1 digging 
7 385 390 465 488 96070 0 1 0 digging 
7 395 391 478 487 96071 0 1 1 falling 
7 405 393 491 486 96072 0 1 1 falling 
7 416 395 504 485 96073 0 1 0 falling 
7 434 399 514 486 96074 0 1 1 falling 
7 452 404 525 488 96075 0 1 1 falling 
7 470 409 536 490 96076 0 1 0 falling 
7 471 411 545 492 96077 0 1 1 falling 
7 472 414 554 495 96078 0 1 1 falling 
7 473 417 563 498 96079 0 1 1 falling 
7 474 420 573 501 96080 0 1 0 falling 
7 470 432 577 505 96081 0 1 1 falling 
7 466 444 582 509 96082 0 1 1 falling 
7 462 456 587 514 96083 0 1 0 falling 
7 460 453 582 516 96084 0 1 1 falling 
7 458 450 578 518 96085 0 1 1 falling 
7 456 447 574 520 96086 0 1 1 falling 
7 454 444 570 522 96087 0 1 1 falling 
7 453 441 566 524 96088 0 1 0 falling 
7 451 447 562 526 96089 0 1 1 falling 
8 346 458 412 597 96070 0 0 0 falling 
8 356 458 426 596 96071 0 0 1 standing 
8 367 458 440 596 96072 0 0 1 standing 
8 378 458 454 596 96073 0 0 0 standing 
8 379 457 459 594 96074 0 0 1 standing 
8 380 456 465 592 96075 0 0 1 standing 
8 381 456 470 591 96076 0 0 1 standing 
8 382 455 476 589 96077 0 0 1 standing 
8 383 454 481 587 96078 0 0 1 standing 
8 384 454 487 586 96079 0 0 0 standing 
8 387 453 489 585 96080 0 0 1 standing 
8 390 452 491 585 96081 0 0 1 standing 
8 393 451 493 585 96082 0 0 0 standing 
8 394 449 483 583 96083 0 0 1 standing 
8 396 448 473 582 96084 0 0 1 standing 
8 398 447 463 581 96085 0 0 0 standing 
8 389 446 462 580 96086 0 0 1 standing 
8 380 445 461 580 96087 0 0 1 standing 
8 371 444 460 579 96088 0 0 1 standing 
8 362 443 459 579 96089 0 0 0 standing 
9 216 439 280 561 96070 0 0 0 standing 
9 227 438 290 561 96071 0 0 1 standing 
9 239 437 300 562 96072 0 0 1 standing 
9 251 437 311 563 96073 0 0 0 standing 
9 254 436 313 564 96074 0 0 1 standing 
9 257 435 315 565 96075 0 0 1 standing 
9 261 435 318 566 96076 0 0 0 standing 
9 261 432 317 564 96077 0 0 1 standing 
9 261 429 316 563 96078 0 0 1 standing 
9 261 426 315 561 96079 0 0 1 standing 
9 261 423 314 560 96080 0 0 1 standing 
9 262 421 313 559 96081 0 0 0 standing 
9 256 420 307 558 96082 0 0 1 standing 
9 251 419 302 557 96083 0 0 1 standing 
9 246 419 297 557 96084 0 0 0 standing 
9 232 421 283 559 96085 0 0 1 standing 
9 218 423 269 561 96086 0 0 1 standing 
9 204 426 255 564 96087 0 0 0 standing 
9 196 425 247 563 96088 0 0 1 standing 
9 189 425 240 563 96089 0 0 1 standing 
10 615 282 695 421 96070 0 0 0 standing 
10 627 291 701 423 96071 0 0 1 standing 
10 640 300 707 425 96072 0 0 1 standing 
10 652 309 713 427 96073 0 0 1 standing 
10 665 319 720 429 96074 0 0 0 standing 
10 665 324 720 435 96075 0 0 1 standing 
10 665 330 720 442 96076 0 0 1 standing 
10 665 336 720 448 96077 0 0 1 standing 
10 666 342 721 455 96078 0 0 0 standing 
10 664 345 719 458 96079 0 0 1 standing 
10 662 348 717 461 96080 0 0 1 standing 
10 660 351 715 464 96081 0 0 0 standing 
10 646 350 701 463 96082 0 0 1 standing 
10 632 349 687 462 96083 0 0 1 standing 
10 619 348 674 462 96084 0 0 1 standing 
10 605 347 660 461 96085 0 0 1 standing 
10 592 347 647 461 96086 0 0 0 standing 
10 579 346 634 460 96087 0 0 1 standing 
10 566 346 621 460 96088 0 0 1 standing 
10 553 346 608 460 96089 0 0 1 standing 
11 655 302 699 481 96070 0 0 0 standing 
11 658 308 703 481 96071 0 0 1 standing 
11 661 314 707 482 96072 0 0 1 standing 
11 664 320 711 483 96073 0 0 1 standing 
11 668 326 715 483 96074 0 0 1 standing 
11 671 332 719 484 96075 0 0 1 standing 
11 674 338 723 485 96076 0 0 1 standing 
11 678 344 727 486 96077 0 0 0 standing 
11 678 346 725 483 96078 0 0 1 standing 
11 679 349 724 481 96079 0 0 1 standing 
11 680 352 723 479 96080 0 0 0 standing 
11 668 353 717 478 96081 0 0 1 standing 
11 657 355 711 477 96082 0 0 1 standing 
11 645 356 705 476 96083 0 0 1 standing 
11 634 358 700 476 96084 0 0 0 standing 
11 621 359 687 476 96085 0 0 1 standing 
11 608 361 675 476 96086 0 0 1 standing 
11 595 363 663 476 96087 0 0 1 standing 
11 583 365 651 476 96088 0 0 0 standing 
11 572 365 640 476 96089 0 0 1 standing 
