0 730 402 803 513 64410 0 0 0 standing 
0 731 402 812 512 64411 0 0 1 standing 
0 732 402 821 511 64412 0 0 1 standing 
0 733 403 831 511 64413 0 0 0 standing 
0 733 402 828 509 64414 0 0 1 standing 
0 733 402 826 508 64415 0 0 1 standing 
0 733 401 823 507 64416 0 0 1 standing 
0 733 401 821 506 64417 0 0 1 standing 
0 733 400 818 505 64418 0 0 1 standing 
0 734 400 816 504 64419 0 0 0 standing 
0 736 402 818 504 64420 0 0 1 standing 
0 738 404 820 505 64421 0 0 1 standing 
0 741 407 823 506 64422 0 0 0 standing 
0 741 408 822 506 64423 0 0 1 standing 
0 741 409 821 507 64424 0 0 1 standing 
0 742 410 821 508 64425 0 0 0 standing 
0 740 411 819 508 64426 0 0 1 standing 
0 738 413 817 508 64427 0 0 1 standing 
0 736 415 815 509 64428 0 0 0 standing 
0 731 415 810 508 64429 0 0 1 standing 
1 901 403 965 507 64410 0 0 0 standing 
1 893 405 957 507 64411 0 0 1 standing 
1 885 407 949 508 64412 0 0 1 standing 
1 877 410 941 509 64413 0 0 0 standing 
1 870 410 934 509 64414 0 0 1 standing 
1 863 411 928 509 64415 0 0 1 standing 
1 856 412 922 509 64416 0 0 1 standing 
1 849 413 915 509 64417 0 0 1 standing 
1 842 414 909 509 64418 0 0 1 standing 
1 835 415 903 509 64419 0 0 0 standing 
1 829 412 898 509 64420 0 0 1 standing 
1 824 410 893 510 64421 0 0 1 standing 
1 819 408 888 511 64422 0 0 0 standing 
1 819 408 884 511 64423 0 0 1 standing 
1 819 408 880 512 64424 0 0 1 standing 
1 819 409 877 513 64425 0 0 0 standing 
1 816 408 875 512 64426 0 0 1 standing 
1 813 408 873 512 64427 0 0 1 standing 
1 810 407 871 511 64428 0 0 1 standing 
1 807 407 869 511 64429 0 0 1 standing 
2 1181 460 1255 559 64410 0 0 0 standing 
2 1175 460 1249 558 64411 0 0 1 digging 
2 1170 460 1243 558 64412 0 0 1 digging 
2 1165 460 1237 558 64413 0 0 0 digging 
2 1158 459 1230 558 64414 0 0 1 digging 
2 1151 459 1223 558 64415 0 0 1 digging 
2 1144 459 1217 558 64416 0 0 0 digging 
2 1138 457 1211 557 64417 0 0 1 digging 
2 1132 456 1206 556 64418 0 0 1 digging 
2 1127 455 1201 556 64419 0 0 0 digging 
2 1118 455 1192 555 64420 0 0 1 digging 
2 1110 455 1184 554 64421 0 0 1 digging 
2 1102 455 1176 553 64422 0 0 0 digging 
2 1098 453 1170 553 64423 0 0 1 digging 
2 1094 452 1164 553 64424 0 0 1 digging 
2 1091 451 1158 553 64425 0 0 0 digging 
2 1086 451 1154 554 64426 0 0 1 digging 
2 1082 452 1151 555 64427 0 0 1 digging 
2 1077 452 1147 556 64428 0 0 1 digging 
2 1073 453 1144 557 64429 0 0 1 digging 
3 1058 513 1131 661 64410 0 0 0 digging 
3 1051 518 1126 659 64411 0 0 1 standing 
3 1044 523 1121 657 64412 0 0 1 standing 
3 1038 528 1116 656 64413 0 0 0 standing 
3 1033 526 1110 658 64414 0 0 1 standing 
3 1029 525 1104 660 64415 0 0 1 standing 
3 1025 524 1099 663 64416 0 0 0 standing 
3 1019 523 1093 661 64417 0 0 1 standing 
3 1013 522 1087 660 64418 0 0 1 standing 
3 1008 522 1081 659 64419 0 0 0 standing 
3 1003 521 1075 659 64420 0 0 1 standing 
3 999 520 1069 659 64421 0 0 1 standing 
3 995 520 1063 659 64422 0 0 0 standing 
3 992 519 1059 657 64423 0 0 1 standing 
3 989 519 1055 655 64424 0 0 1 standing 
3 987 519 1051 654 64425 0 0 0 standing 
3 983 518 1050 654 64426 0 0 1 standing 
3 979 518 1049 654 64427 0 0 1 standing 
3 975 518 1048 654 64428 0 0 1 standing 
3 971 518 1047 654 64429 0 0 1 standing 
4 657 480 705 622 64410 0 1 0 standing 
4 650 472 699 618 64411 0 1 1 blocking 
4 644 465 694 615 64412 0 1 1 blocking 
4 637 458 688 612 64413 0 1 1 blocking 
4 631 451 683 609 64414 0 1 1 blocking 
4 624 444 677 605 64415 0 1 1 blocking 
4 618 437 672 602 64416 0 1 1 blocking 
4 612 430 666 599 64417 0 1 1 blocking 
4 605 423 661 596 64418 0 1 1 blocking 
4 599 416 655 592 64419 0 1 1 blocking 
4 592 409 650 589 64420 0 1 1 blocking 
4 586 402 644 586 64421 0 1 1 blocking 
4 580 395 639 583 64422 0 1 0 blocking 
4 578 401 637 584 64423 0 1 1 blocking 
4 577 407 636 585 64424 0 1 1 blocking 
4 576 413 634 586 64425 0 1 1 blocking 
4 575 419 633 587 64426 0 1 1 blocking 
4 574 426 632 589 64427 0 1 0 blocking 
4 571 433 627 593 64428 0 1 1 blocking 
4 569 440 622 598 64429 0 1 1 blocking 
5 655 517 714 635 64410 0 1 0 blocking 
5 649 504 707 631 64411 0 1 1 blocking 
5 644 491 700 627 64412 0 1 1 blocking 
5 638 479 693 623 64413 0 1 1 blocking 
5 633 466 686 619 64414 0 1 1 blocking 
5 627 454 679 615 64415 0 1 1 blocking 
5 622 441 672 611 64416 0 1 1 blocking 
5 617 429 665 608 64417 0 1 0 blocking 
5 604 422 655 605 64418 0 1 1 blocking 
5 591 416 645 602 64419 0 1 1 blocking 
5 578 410 636 599 64420 0 1 0 blocking 
5 573 410 630 591 64421 0 1 1 blocking 
5 568 410 625 584 64422 0 1 1 blocking 
5 563 411 620 577 64423 0 1 0 blocking 
5 560 412 618 577 64424 0 1 1 blocking 
5 558 414 616 577 64425 0 1 1 blocking 
5 556 416 615 578 64426 0 1 0 blocking 
5 555 422 609 583 64427 0 1 1 blocking 
5 554 428 604 589 64428 0 1 1 blocking 
5 553 434 599 594 64429 0 1 1 blocking 
6 495 363 550 484 64410 0 0 0 blocking 
6 490 365 545 483 64411 0 0 1 standing 
6 485 367 540 483 64412 0 0 1 standing 
6 481 370 535 483 64413 0 0 0 standing 
6 474 370 530 486 64414 0 0 1 standing 
6 468 370 525 489 64415 0 0 1 standing 
6 462 371 521 493 64416 0 0 0 standing 
6 456 373 515 496 64417 0 0 1 standing 
6 450 375 509 500 64418 0 0 1 standing 
6 444 377 503 504 64419 0 0 0 standing 
6 439 377 497 504 64420 0 0 1 standing 
6 434 377 492 504 64421 0 0 1 standing 
6 429 378 487 505 64422 0 0 0 standing 
6 424 377 484 505 64423 0 0 1 standing 
6 419 377 481 505 64424 0 0 1 standing 
6 414 377 478 505 64425 0 0 0 standing 
6 412 379 475 506 64426 0 0 1 standing 
6 410 382 472 507 64427 0 0 1 standing 
6 408 385 469 508 64428 0 0 1 standing 
6 406 388 466 509 64429 0 0 1 standing 
7 544 443 602 582 64410 0 0 0 standing 
7 535 445 596 581 64411 0 0 1 spiking 
7 526 447 591 580 64412 0 0 1 spiking 
7 518 450 586 580 64413 0 0 0 spiking 
7 514 453 583 584 64414 0 0 1 spiking 
7 510 457 581 588 64415 0 0 1 spiking 
7 506 461 579 593 64416 0 0 0 spiking 
7 498 463 574 591 64417 0 0 1 spiking 
7 491 465 570 590 64418 0 0 1 spiking 
7 484 467 566 589 64419 0 0 0 spiking 
7 480 468 563 589 64420 0 0 1 spiking 
7 477 469 560 589 64421 0 0 1 spiking 
7 474 471 557 589 64422 0 0 0 spiking 
7 470 471 553 591 64423 0 0 1 spiking 
7 466 471 550 593 64424 0 0 1 spiking 
7 463 472 547 595 64425 0 0 0 spiking 
7 461 469 546 593 64426 0 0 1 spiking 
7 459 467 545 592 64427 0 0 1 spiking 
7 457 465 544 591 64428 0 0 1 spiking 
7 455 463 543 590 64429 0 0 1 spiking 
8 494 493 558 673 64410 0 1 0 spiking 
8 492 478 556 664 64411 0 1 1 spiking 
8 490 464 555 656 64412 0 1 1 spiking 
8 488 450 554 648 64413 0 1 1 spiking 
8 486 436 553 640 64414 0 1 1 spiking 
8 484 422 552 632 64415 0 1 0 spiking 
8 476 431 550 623 64416 0 1 1 spiking 
8 468 440 548 614 64417 0 1 1 spiking 
8 461 450 546 605 64418 0 1 0 spiking 
8 460 434 545 604 64419 0 1 1 spiking 
8 460 418 545 603 64420 0 1 1 spiking 
8 460 402 545 603 64421 0 1 0 spiking 
8 466 410 547 605 64422 0 1 1 spiking 
8 472 418 550 607 64423 0 1 1 spiking 
8 478 426 553 609 64424 0 1 1 spiking 
8 484 435 555 612 64425 0 1 1 spiking 
8 490 443 558 614 64426 0 1 1 spiking 
8 496 451 561 616 64427 0 1 1 spiking 
8 503 460 564 619 64428 0 1 0 spiking 
8 502 464 563 623 64429 0 1 1 spiking 
9 407 491 447 625 64410 0 0 0 spiking 
9 405 490 449 625 64411 0 0 1 standing 
9 403 490 452 625 64412 0 0 1 standing 
9 402 490 455 625 64413 0 0 0 standing 
9 397 491 452 623 64414 0 0 1 standing 
9 392 493 449 621 64415 0 0 1 standing 
9 387 495 446 620 64416 0 0 0 standing 
9 386 495 440 621 64417 0 0 1 standing 
9 385 495 434 622 64418 0 0 1 standing 
9 384 495 428 623 64419 0 0 0 standing 
9 380 495 425 623 64420 0 0 1 standing 
9 376 495 423 623 64421 0 0 1 standing 
9 373 495 421 623 64422 0 0 0 standing 
9 370 496 419 625 64423 0 0 1 standing 
9 367 497 417 628 64424 0 0 1 standing 
9 365 498 415 631 64425 0 0 0 standing 
9 363 499 413 631 64426 0 0 1 standing 
9 361 501 411 632 64427 0 0 1 standing 
9 359 503 409 633 64428 0 0 1 standing 
9 357 505 407 634 64429 0 0 1 standing 
10 355 449 407 558 64410 0 0 0 standing 
10 341 449 397 558 64411 0 0 1 standing 
10 328 449 388 558 64412 0 0 1 standing 
10 315 450 379 558 64413 0 0 0 standing 
10 304 449 373 557 64414 0 0 1 standing 
10 293 448 367 556 64415 0 0 1 standing 
10 282 447 361 556 64416 0 0 0 standing 
10 275 445 351 556 64417 0 0 1 standing 
10 268 443 342 557 64418 0 0 1 standing 
10 261 441 333 558 64419 0 0 0 standing 
10 253 438 318 558 64420 0 0 1 standing 
10 245 436 303 558 64421 0 0 1 standing 
10 238 434 288 558 64422 0 0 0 standing 
10 229 430 281 555 64423 0 0 1 standing 
10 220 426 274 553 64424 0 0 1 standing 
10 211 423 268 551 64425 0 0 0 standing 
10 203 426 262 553 64426 0 0 1 standing 
10 195 430 257 555 64427 0 0 1 standing 
10 187 433 251 558 64428 0 0 1 standing 
10 179 437 246 560 64429 0 0 1 standing 
11 241 464 289 588 64410 0 0 0 standing 
11 232 464 280 590 64411 0 0 1 standing 
11 224 464 271 592 64412 0 0 1 standing 
11 216 465 263 594 64413 0 0 0 standing 
11 206 466 254 596 64414 0 0 1 standing 
11 196 467 246 599 64415 0 0 1 standing 
11 186 468 238 602 64416 0 0 0 standing 
11 175 468 229 599 64417 0 0 1 standing 
11 165 468 221 596 64418 0 0 1 standing 
11 155 469 213 593 64419 0 0 0 standing 
11 146 465 206 593 64420 0 0 1 standing 
11 138 462 199 593 64421 0 0 1 standing 
11 130 459 192 593 64422 0 0 0 standing 
11 124 460 189 594 64423 0 0 1 standing 
11 119 461 186 596 64424 0 0 1 standing 
11 114 463 183 598 64425 0 0 0 standing 
11 106 465 177 597 64426 0 0 1 standing 
11 99 467 172 597 64427 0 0 1 standing 
11 92 469 166 597 64428 0 0 1 standing 
11 85 471 161 597 64429 0 0 1 standing 
