0 982 335 1041 464 31980 0 1 0 standing 
0 972 337 1031 463 31981 0 1 1 standing 
0 962 339 1021 462 31982 0 1 1 standing 
0 952 341 1011 461 31983 0 1 0 standing 
0 934 344 994 461 31984 0 1 1 standing 
0 917 347 977 461 31985 0 1 1 standing 
0 900 350 960 461 31986 0 1 0 standing 
0 878 353 936 461 31987 0 1 1 standing 
0 857 357 912 461 31988 0 1 1 standing 
0 836 361 888 462 31989 0 1 0 standing 
0 810 365 865 465 31990 0 1 1 standing 
0 784 370 843 468 31991 0 1 1 standing 
0 759 375 821 471 31992 0 1 0 standing 
0 738 382 805 475 31993 0 1 1 standing 
0 718 389 789 480 31994 0 1 1 standing 
0 698 396 773 485 31995 0 1 0 standing 
0 688 398 766 485 31996 0 1 1 standing 
0 678 400 759 485 31997 0 1 1 standing 
0 668 403 753 486 31998 0 1 1 standing 
0 658 405 746 486 31999 0 1 1 standing 
1 559 251 637 431 31980 0 0 0 standing 
1 550 251 628 427 31981 0 0 1 standing 
1 541 251 620 423 31982 0 0 1 standing 
1 532 252 612 419 31983 0 0 0 standing 
1 518 256 598 421 31984 0 0 1 standing 
1 505 261 585 423 31985 0 0 1 standing 
1 492 266 572 426 31986 0 0 0 standing 
1 471 272 551 433 31987 0 0 1 standing 
1 451 278 531 441 31988 0 0 1 standing 
1 430 284 510 449 31989 0 0 1 standing 
1 410 290 490 457 31990 0 0 1 standing 
1 390 296 470 465 31991 0 0 0 standing 
1 380 298 460 464 31992 0 0 1 standing 
1 371 300 451 464 31993 0 0 1 standing 
1 362 303 442 464 31994 0 0 1 standing 
1 353 305 433 464 31995 0 0 1 standing 
1 344 308 424 464 31996 0 0 1 standing 
1 335 310 414 463 31997 0 0 1 standing 
1 326 312 405 463 31998 0 0 1 standing 
1 317 315 396 463 31999 0 0 1 standing 
2 1210 400 1277 549 31980 0 0 0 standing 
2 1198 401 1264 549 31981 0 0 1 standing 
2 1186 402 1251 549 31982 0 0 1 standing 
2 1174 403 1238 549 31983 0 0 1 standing 
2 1162 404 1225 549 31984 0 0 1 standing 
2 1151 405 1212 549 31985 0 0 0 standing 
2 1127 405 1186 548 31986 0 0 1 standing 
2 1103 405 1161 547 31987 0 0 1 standing 
2 1080 405 1136 546 31988 0 0 0 standing 
2 1049 402 1110 543 31989 0 0 1 standing 
2 1018 400 1085 541 31990 0 0 1 standing 
2 987 397 1060 538 31991 0 0 1 standing 
2 956 395 1035 536 31992 0 0 0 standing 
2 931 395 1013 536 31993 0 0 1 standing 
2 906 395 992 536 31994 0 0 1 standing 
2 882 395 971 537 31995 0 0 0 standing 
2 878 391 965 535 31996 0 0 1 standing 
2 874 388 959 534 31997 0 0 1 standing 
2 870 384 954 532 31998 0 0 1 standing 
2 866 381 948 531 31999 0 0 1 standing 
3 561 240 647 431 31980 0 0 0 standing 
3 551 242 645 429 31981 0 0 1 standing 
3 542 244 643 428 31982 0 0 1 standing 
3 533 246 641 427 31983 0 0 0 standing 
3 521 251 628 428 31984 0 0 1 standing 
3 509 256 615 429 31985 0 0 1 standing 
3 497 261 602 431 31986 0 0 0 standing 
3 474 267 577 440 31987 0 0 1 standing 
3 451 273 553 450 31988 0 0 1 standing 
3 429 280 529 460 31989 0 0 0 standing 
3 404 293 490 465 31990 0 0 1 standing 
3 379 306 451 471 31991 0 0 1 standing 
3 355 320 413 477 31992 0 0 0 standing 
3 336 326 401 483 31993 0 0 1 standing 
3 317 333 389 489 31994 0 0 1 standing 
3 299 340 377 495 31995 0 0 0 standing 
3 292 341 367 494 31996 0 0 1 standing 
3 285 343 357 494 31997 0 0 1 standing 
3 278 344 347 494 31998 0 0 1 standing 
3 271 346 338 494 31999 0 0 0 standing 
4 562 251 641 431 31980 0 0 0 standing 
4 552 250 637 432 31981 0 0 1 standing 
4 543 250 634 433 31982 0 0 1 standing 
4 534 250 631 435 31983 0 0 0 standing 
4 524 253 616 435 31984 0 0 1 standing 
4 514 256 601 436 31985 0 0 1 standing 
4 504 260 587 437 31986 0 0 0 standing 
4 480 268 556 443 31987 0 0 1 standing 
4 457 277 525 450 31988 0 0 1 standing 
4 434 286 495 457 31989 0 0 0 standing 
4 408 298 477 462 31990 0 0 1 standing 
4 382 310 459 467 31991 0 0 1 standing 
4 357 322 442 472 31992 0 0 0 standing 
4 346 324 418 468 31993 0 0 1 standing 
4 335 327 394 464 31994 0 0 1 standing 
4 324 330 371 460 31995 0 0 0 standing 
4 313 329 365 462 31996 0 0 1 standing 
4 303 328 359 464 31997 0 0 1 standing 
4 292 327 353 467 31998 0 0 1 standing 
4 282 326 347 469 31999 0 0 1 standing 
5 851 464 931 600 31980 0 0 0 standing 
5 836 465 916 601 31981 0 0 1 standing 
5 822 466 901 602 31982 0 0 1 standing 
5 808 467 887 603 31983 0 0 0 standing 
5 793 466 870 601 31984 0 0 1 standing 
5 779 466 853 600 31985 0 0 1 standing 
5 765 466 836 599 31986 0 0 0 standing 
5 742 463 813 597 31987 0 0 1 standing 
5 719 461 791 595 31988 0 0 1 standing 
5 696 458 768 593 31989 0 0 1 standing 
5 673 456 746 591 31990 0 0 1 standing 
5 650 453 723 589 31991 0 0 1 standing 
5 627 451 701 587 31992 0 0 0 standing 
5 609 450 684 587 31993 0 0 1 standing 
5 591 450 668 587 31994 0 0 1 standing 
5 573 450 651 587 31995 0 0 1 standing 
5 556 450 635 587 31996 0 0 0 standing 
5 552 449 630 588 31997 0 0 1 standing 
5 548 449 625 589 31998 0 0 1 standing 
5 545 449 620 591 31999 0 0 1 standing 
6 463 250 550 395 31980 0 0 0 standing 
6 457 257 535 401 31981 0 0 1 standing 
6 451 264 520 407 31982 0 0 1 standing 
6 445 271 505 413 31983 0 0 1 standing 
6 439 278 490 419 31984 0 0 1 standing 
6 433 285 475 426 31985 0 0 0 standing 
6 412 295 456 436 31986 0 0 1 standing 
6 392 306 438 446 31987 0 0 1 standing 
6 372 317 419 456 31988 0 0 1 standing 
6 352 328 401 467 31989 0 0 0 standing 
6 329 330 380 469 31990 0 0 1 standing 
6 306 332 359 471 31991 0 0 1 standing 
6 283 335 338 473 31992 0 0 0 standing 
6 264 334 321 472 31993 0 0 1 standing 
6 246 333 304 471 31994 0 0 1 standing 
6 228 332 287 471 31995 0 0 0 standing 
6 223 331 280 471 31996 0 0 1 standing 
6 218 331 273 471 31997 0 0 1 standing 
6 213 330 266 471 31998 0 0 1 standing 
6 208 330 259 471 31999 0 0 1 standing 
7 454 373 546 503 31980 0 0 0 standing 
7 440 374 530 503 31981 0 0 1 standing 
7 426 375 515 504 31982 0 0 1 standing 
7 413 376 500 504 31983 0 0 1 standing 
7 399 377 484 505 31984 0 0 1 standing 
7 385 378 469 505 31985 0 0 1 standing 
7 372 380 454 506 31986 0 0 0 standing 
7 349 380 430 504 31987 0 0 1 standing 
7 327 380 406 502 31988 0 0 1 standing 
7 305 380 382 500 31989 0 0 0 standing 
7 278 378 353 500 31990 0 0 1 standing 
7 251 376 324 500 31991 0 0 1 standing 
7 224 375 296 501 31992 0 0 0 standing 
7 204 373 277 500 31993 0 0 1 standing 
7 185 372 258 499 31994 0 0 1 standing 
7 166 371 239 499 31995 0 0 0 standing 
7 160 371 232 499 31996 0 0 1 standing 
7 155 372 225 500 31997 0 0 1 standing 
7 150 373 219 500 31998 0 0 1 standing 
7 145 374 212 501 31999 0 0 1 standing 
8 389 361 464 466 31980 0 0 0 standing 
8 376 361 446 469 31981 0 0 1 standing 
8 363 362 429 472 31982 0 0 1 standing 
8 350 363 412 475 31983 0 0 1 standing 
8 337 364 394 478 31984 0 0 1 standing 
8 324 365 377 481 31985 0 0 1 standing 
8 311 366 360 484 31986 0 0 0 standing 
8 285 363 336 484 31987 0 0 1 standing 
8 260 360 312 485 31988 0 0 1 standing 
8 234 358 288 486 31989 0 0 1 standing 
8 209 355 264 486 31990 0 0 1 standing 
8 183 352 240 487 31991 0 0 1 standing 
8 158 350 217 488 31992 0 0 0 standing 
8 135 351 194 489 31993 0 0 1 standing 
8 112 352 171 490 31994 0 0 1 standing 
8 90 354 149 492 31995 0 0 0 standing 
8 81 354 140 492 31996 0 0 1 standing 
8 72 355 131 493 31997 0 0 1 standing 
8 63 356 122 494 31998 0 0 1 standing 
8 54 357 113 495 31999 0 0 1 standing 
9 391 420 461 548 31980 0 0 0 standing 
9 391 421 466 547 31981 0 0 1 standing 
9 391 422 472 547 31982 0 0 1 standing 
9 391 423 478 547 31983 0 0 1 standing 
9 391 424 484 547 31984 0 0 0 standing 
9 374 426 464 547 31985 0 0 1 standing 
9 357 428 444 548 31986 0 0 1 standing 
9 340 430 424 549 31987 0 0 1 standing 
9 323 433 404 550 31988 0 0 0 standing 
9 298 431 379 549 31989 0 0 1 standing 
9 273 430 354 549 31990 0 0 1 standing 
9 248 428 329 548 31991 0 0 1 standing 
9 223 427 304 548 31992 0 0 0 standing 
9 205 425 284 550 31993 0 0 1 standing 
9 187 424 265 552 31994 0 0 1 standing 
9 169 423 246 555 31995 0 0 0 standing 
9 162 423 239 556 31996 0 0 1 standing 
9 155 423 232 557 31997 0 0 1 standing 
9 149 423 226 559 31998 0 0 1 standing 
9 142 423 219 560 31999 0 0 1 standing 
10 255 424 339 572 31980 0 0 0 standing 
10 248 425 331 572 31981 0 0 1 standing 
10 241 426 323 572 31982 0 0 1 standing 
10 234 428 315 573 31983 0 0 0 standing 
10 218 429 299 573 31984 0 0 1 standing 
10 202 430 283 573 31985 0 0 1 standing 
10 187 431 267 573 31986 0 0 0 standing 
10 161 429 244 574 31987 0 0 1 standing 
10 135 427 222 575 31988 0 0 1 standing 
10 109 426 200 576 31989 0 0 0 standing 
10 83 424 170 577 31990 0 0 1 standing 
10 58 422 140 578 31991 0 0 1 standing 
10 33 420 110 579 31992 0 0 0 standing 
10 22 420 83 582 31993 0 0 1 standing 
10 11 420 57 585 31994 0 0 1 standing 
10 0 420 31 589 31995 1 0 0 standing 
10 0 420 32 589 31996 1 0 1 standing 
10 0 420 33 589 31997 1 0 1 standing 
10 0 420 35 589 31998 1 0 1 standing 
10 0 420 36 589 31999 1 0 1 standing 
11 29 386 97 536 31980 0 0 0 standing 
11 20 387 88 537 31981 0 0 1 standing 
11 11 389 79 539 31982 0 0 1 standing 
11 3 391 71 541 31983 0 0 0 standing 
11 2 394 56 541 31984 0 0 1 standing 
11 1 398 42 541 31985 0 0 1 standing 
11 0 402 28 541 31986 1 0 0 standing 
11 0 400 31 541 31987 1 0 1 standing 
11 0 398 35 541 31988 1 0 1 standing 
11 0 397 38 541 31989 1 0 1 standing 
11 0 395 42 541 31990 1 0 1 standing 
11 0 393 45 541 31991 1 0 1 standing 
11 0 392 49 542 31992 1 0 0 standing 
11 0 392 49 542 31993 1 0 1 standing 
11 0 392 49 542 31994 1 0 1 standing 
11 0 392 49 542 31995 1 0 1 standing 
11 0 392 49 542 31996 1 0 1 standing 
11 0 392 49 542 31997 1 0 1 standing 
11 0 392 49 542 31998 1 0 1 standing 
11 0 392 49 542 31999 1 0 1 standing 
