0 905 502 963 628 81735 0 1 0 setting 
0 902 500 960 628 81736 0 1 1 setting 
0 900 499 958 628 81737 0 1 1 setting 
0 898 498 955 628 81738 0 1 1 setting 
0 896 497 953 628 81739 0 1 1 setting 
0 894 496 951 628 81740 0 1 1 setting 
0 891 494 948 628 81741 0 1 1 setting 
0 889 493 946 628 81742 0 1 1 setting 
0 887 492 943 628 81743 0 1 1 setting 
0 885 491 941 628 81744 0 1 1 setting 
0 883 490 939 629 81745 0 1 0 setting 
0 879 488 945 630 81746 0 1 1 setting 
0 876 487 951 631 81747 0 1 1 setting 
0 872 486 957 632 81748 0 1 1 setting 
0 869 485 964 634 81749 0 1 0 setting 
0 877 489 971 635 81750 0 1 1 setting 
0 886 494 978 636 81751 0 1 1 setting 
0 894 499 985 637 81752 0 1 1 setting 
0 903 504 992 638 81753 0 1 1 setting 
0 911 509 999 639 81754 0 1 1 setting 
1 381 469 447 626 81735 0 0 0 setting 
1 381 469 447 626 81736 0 0 1 standing 
1 382 469 448 626 81737 0 0 1 standing 
1 382 469 448 626 81738 0 0 1 standing 
1 383 469 449 626 81739 0 0 1 standing 
1 383 469 449 626 81740 0 0 1 standing 
1 384 469 450 626 81741 0 0 1 standing 
1 384 469 450 626 81742 0 0 1 standing 
1 385 469 451 626 81743 0 0 1 standing 
1 386 470 452 627 81744 0 0 0 standing 
1 387 471 451 628 81745 0 0 1 standing 
1 389 473 450 629 81746 0 0 1 standing 
1 391 475 449 630 81747 0 0 0 standing 
1 395 476 453 628 81748 0 0 1 standing 
1 399 477 457 626 81749 0 0 1 standing 
1 403 478 461 625 81750 0 0 0 standing 
1 408 477 467 624 81751 0 0 1 standing 
1 414 476 473 623 81752 0 0 1 standing 
1 420 475 479 622 81753 0 0 1 standing 
1 426 474 485 621 81754 0 0 1 standing 
2 780 406 831 531 81735 0 0 0 standing 
2 780 406 831 531 81736 0 0 1 standing 
2 780 406 832 531 81737 0 0 1 standing 
2 780 406 833 531 81738 0 0 1 standing 
2 780 407 834 532 81739 0 0 1 standing 
2 780 407 834 532 81740 0 0 1 standing 
2 780 407 835 532 81741 0 0 1 standing 
2 780 407 836 532 81742 0 0 1 standing 
2 780 408 837 533 81743 0 0 1 standing 
2 780 408 837 533 81744 0 0 1 standing 
2 780 408 838 533 81745 0 0 1 standing 
2 780 408 839 533 81746 0 0 1 standing 
2 780 409 840 534 81747 0 0 0 standing 
2 781 409 841 534 81748 0 0 1 standing 
2 782 409 842 534 81749 0 0 1 standing 
2 784 409 844 534 81750 0 0 0 standing 
2 789 408 849 534 81751 0 0 1 standing 
2 794 408 854 534 81752 0 0 1 standing 
2 799 408 859 534 81753 0 0 1 standing 
2 804 408 864 534 81754 0 0 1 standing 
3 385 449 433 598 81735 0 0 0 standing 
3 385 449 433 597 81736 0 0 1 standing 
3 385 449 434 597 81737 0 0 1 standing 
3 385 449 435 597 81738 0 0 1 standing 
3 385 449 436 597 81739 0 0 1 standing 
3 385 449 436 596 81740 0 0 1 standing 
3 385 449 437 596 81741 0 0 1 standing 
3 385 449 438 596 81742 0 0 1 standing 
3 385 449 439 596 81743 0 0 1 standing 
3 386 450 440 596 81744 0 0 0 standing 
3 390 450 444 596 81745 0 0 1 standing 
3 394 450 448 596 81746 0 0 1 standing 
3 399 450 453 596 81747 0 0 0 standing 
3 402 450 456 596 81748 0 0 1 standing 
3 406 451 459 596 81749 0 0 1 standing 
3 410 452 462 597 81750 0 0 0 standing 
3 416 452 467 597 81751 0 0 1 standing 
3 422 453 473 597 81752 0 0 1 standing 
3 428 453 478 598 81753 0 0 1 standing 
3 434 454 484 598 81754 0 0 1 standing 
4 583 462 666 584 81735 0 0 0 standing 
4 588 462 668 584 81736 0 0 1 standing 
4 593 463 671 584 81737 0 0 1 standing 
4 598 464 674 584 81738 0 0 0 standing 
4 601 464 674 584 81739 0 0 1 standing 
4 604 464 674 584 81740 0 0 1 standing 
4 607 464 674 584 81741 0 0 0 standing 
4 609 461 676 584 81742 0 0 1 standing 
4 611 459 678 584 81743 0 0 1 standing 
4 614 457 680 585 81744 0 0 0 standing 
4 614 457 680 585 81745 0 0 1 standing 
4 615 457 681 585 81746 0 0 1 standing 
4 616 457 682 585 81747 0 0 0 standing 
4 622 456 687 584 81748 0 0 1 standing 
4 628 456 693 584 81749 0 0 1 standing 
4 635 456 699 584 81750 0 0 0 standing 
4 640 455 704 582 81751 0 0 1 standing 
4 645 455 709 581 81752 0 0 1 standing 
4 650 454 714 580 81753 0 0 1 standing 
4 655 454 719 579 81754 0 0 1 standing 
5 680 483 736 639 81735 0 0 0 standing 
5 680 482 735 639 81736 0 0 1 standing 
5 680 482 734 639 81737 0 0 1 standing 
5 680 482 734 639 81738 0 0 1 standing 
5 680 481 733 639 81739 0 0 1 standing 
5 680 481 732 639 81740 0 0 1 standing 
5 680 481 732 639 81741 0 0 0 standing 
5 679 479 730 639 81742 0 0 1 standing 
5 678 477 728 639 81743 0 0 1 standing 
5 677 475 727 640 81744 0 0 0 standing 
5 676 473 726 636 81745 0 0 1 standing 
5 676 471 726 632 81746 0 0 1 standing 
5 676 470 726 628 81747 0 0 0 standing 
5 674 470 729 627 81748 0 0 1 standing 
5 672 470 732 626 81749 0 0 1 standing 
5 671 470 735 626 81750 0 0 0 standing 
5 676 470 738 626 81751 0 0 1 standing 
5 681 471 742 627 81752 0 0 1 standing 
5 686 472 746 628 81753 0 0 1 standing 
5 691 473 750 629 81754 0 0 1 standing 
6 390 416 432 561 81735 0 0 0 standing 
6 391 417 433 562 81736 0 0 1 standing 
6 392 418 434 563 81737 0 0 1 standing 
6 394 419 436 564 81738 0 0 0 standing 
6 393 419 437 564 81739 0 0 1 standing 
6 393 420 438 565 81740 0 0 1 standing 
6 393 421 439 565 81741 0 0 1 standing 
6 393 421 440 566 81742 0 0 1 standing 
6 393 422 441 566 81743 0 0 1 standing 
6 393 423 442 567 81744 0 0 0 standing 
6 397 425 446 569 81745 0 0 1 standing 
6 401 427 450 571 81746 0 0 1 standing 
6 405 430 454 574 81747 0 0 0 standing 
6 409 430 458 574 81748 0 0 1 standing 
6 413 430 462 574 81749 0 0 1 standing 
6 418 430 467 574 81750 0 0 0 standing 
6 424 430 473 571 81751 0 0 1 standing 
6 431 430 479 569 81752 0 0 1 standing 
6 437 430 486 567 81753 0 0 1 standing 
6 444 430 492 565 81754 0 0 1 standing 
7 909 335 979 456 81735 0 0 0 standing 
7 908 335 974 456 81736 0 0 1 standing 
7 907 335 970 456 81737 0 0 1 standing 
7 907 335 966 456 81738 0 0 1 standing 
7 906 335 962 456 81739 0 0 1 standing 
7 905 335 958 456 81740 0 0 1 standing 
7 905 335 954 456 81741 0 0 0 standing 
7 902 335 954 456 81742 0 0 1 standing 
7 900 336 955 457 81743 0 0 1 standing 
7 898 337 956 458 81744 0 0 1 standing 
7 896 338 957 458 81745 0 0 1 standing 
7 894 339 958 459 81746 0 0 1 standing 
7 892 340 959 460 81747 0 0 0 standing 
7 892 342 962 458 81748 0 0 1 standing 
7 892 344 966 457 81749 0 0 1 standing 
7 892 346 970 456 81750 0 0 0 standing 
7 890 345 966 455 81751 0 0 1 standing 
7 889 344 963 455 81752 0 0 1 standing 
7 887 343 960 454 81753 0 0 1 standing 
7 886 342 957 454 81754 0 0 1 standing 
8 99 392 156 508 81735 0 0 0 standing 
8 92 391 152 506 81736 0 0 1 standing 
8 86 390 149 504 81737 0 0 1 standing 
8 80 389 146 502 81738 0 0 0 standing 
8 77 390 145 503 81739 0 0 1 standing 
8 74 392 144 504 81740 0 0 1 standing 
8 72 394 144 505 81741 0 0 0 standing 
8 73 394 140 504 81742 0 0 1 standing 
8 74 394 137 504 81743 0 0 1 standing 
8 75 394 134 504 81744 0 0 0 standing 
8 76 393 131 503 81745 0 0 1 standing 
8 78 392 128 503 81746 0 0 1 standing 
8 80 391 126 503 81747 0 0 0 standing 
8 81 390 127 502 81748 0 0 1 standing 
8 83 389 128 501 81749 0 0 1 standing 
8 85 388 130 501 81750 0 0 0 standing 
8 87 388 135 500 81751 0 0 1 standing 
8 90 388 140 500 81752 0 0 1 standing 
8 93 388 146 500 81753 0 0 1 standing 
8 96 388 151 500 81754 0 0 1 standing 
9 959 529 1036 672 81735 0 0 0 standing 
9 956 531 1037 674 81736 0 0 1 moving 
9 953 533 1038 676 81737 0 0 1 moving 
9 951 535 1039 678 81738 0 0 0 moving 
9 946 535 1036 683 81739 0 0 1 moving 
9 942 535 1033 688 81740 0 0 1 moving 
9 938 536 1031 693 81741 0 0 0 moving 
9 931 539 1024 692 81742 0 0 1 moving 
9 924 542 1017 691 81743 0 0 1 moving 
9 918 545 1010 691 81744 0 0 0 moving 
9 915 545 1008 690 81745 0 0 1 moving 
9 912 545 1006 689 81746 0 0 1 moving 
9 910 545 1005 689 81747 0 0 0 moving 
9 905 547 1004 690 81748 0 0 1 moving 
9 900 549 1003 692 81749 0 0 1 moving 
9 896 551 1003 694 81750 0 0 0 moving 
9 893 551 991 694 81751 0 0 1 moving 
9 890 551 980 694 81752 0 0 1 moving 
9 888 552 968 694 81753 0 0 1 moving 
9 885 552 957 694 81754 0 0 1 moving 
10 23 499 103 646 81735 0 0 0 moving 
10 20 500 104 645 81736 0 0 1 standing 
10 17 501 105 645 81737 0 0 1 standing 
10 14 502 107 645 81738 0 0 0 standing 
10 14 502 104 644 81739 0 0 1 standing 
10 14 502 101 644 81740 0 0 1 standing 
10 14 502 99 644 81741 0 0 0 standing 
10 15 501 93 644 81742 0 0 1 standing 
10 16 501 87 644 81743 0 0 1 standing 
10 18 501 82 644 81744 0 0 0 standing 
10 20 500 84 643 81745 0 0 1 standing 
10 22 500 86 643 81746 0 0 1 standing 
10 24 500 88 643 81747 0 0 0 standing 
10 24 499 88 643 81748 0 0 1 standing 
10 24 499 88 644 81749 0 0 1 standing 
10 24 499 89 645 81750 0 0 0 standing 
10 29 499 95 644 81751 0 0 1 standing 
10 34 500 102 644 81752 0 0 1 standing 
10 39 501 109 643 81753 0 0 1 standing 
10 44 502 116 643 81754 0 0 1 standing 
