0 713 460 771 608 64590 0 1 0 standing 
0 718 454 775 604 64591 0 1 1 standing 
0 723 449 780 601 64592 0 1 1 standing 
0 728 444 785 597 64593 0 1 1 standing 
0 733 439 790 594 64594 0 1 1 standing 
0 738 434 795 590 64595 0 1 1 standing 
0 743 429 800 587 64596 0 1 1 standing 
0 748 424 805 583 64597 0 1 1 standing 
0 753 419 810 580 64598 0 1 1 standing 
0 758 414 815 576 64599 0 1 1 standing 
0 764 409 820 573 64600 0 1 0 standing 
0 767 415 825 576 64601 0 1 1 standing 
0 771 421 831 580 64602 0 1 1 standing 
0 775 427 837 583 64603 0 1 1 standing 
0 779 433 842 587 64604 0 1 1 standing 
0 783 440 848 590 64605 0 1 1 standing 
0 786 446 854 594 64606 0 1 1 standing 
0 790 452 859 597 64607 0 1 1 standing 
0 794 458 865 601 64608 0 1 1 standing 
0 798 464 871 604 64609 0 1 1 standing 
1 728 442 785 566 64590 0 1 0 standing 
1 732 439 789 567 64591 0 1 1 standing 
1 736 437 793 569 64592 0 1 1 standing 
1 740 435 797 571 64593 0 1 1 standing 
1 744 433 801 573 64594 0 1 1 standing 
1 748 431 805 575 64595 0 1 1 standing 
1 752 429 809 576 64596 0 1 1 standing 
1 756 427 813 578 64597 0 1 1 standing 
1 760 425 817 580 64598 0 1 1 standing 
1 764 423 821 582 64599 0 1 1 standing 
1 769 421 825 584 64600 0 1 0 standing 
1 773 418 830 581 64601 0 1 1 standing 
1 777 415 835 579 64602 0 1 1 standing 
1 781 413 840 576 64603 0 1 1 standing 
1 785 410 846 574 64604 0 1 1 standing 
1 789 408 851 571 64605 0 1 1 standing 
1 793 405 856 569 64606 0 1 1 standing 
1 797 403 862 567 64607 0 1 0 standing 
1 800 403 866 567 64608 0 1 1 standing 
1 804 404 870 567 64609 0 1 1 standing 
2 901 541 1003 684 64590 0 1 0 standing 
2 901 543 1002 684 64591 0 1 1 standing 
2 901 545 1001 684 64592 0 1 1 standing 
2 901 547 1000 685 64593 0 1 1 standing 
2 901 549 999 685 64594 0 1 1 standing 
2 901 551 998 686 64595 0 1 1 standing 
2 901 553 997 686 64596 0 1 1 standing 
2 901 555 996 686 64597 0 1 1 standing 
2 901 557 995 687 64598 0 1 1 standing 
2 901 559 994 687 64599 0 1 1 standing 
2 901 561 993 688 64600 0 1 0 standing 
2 895 559 985 686 64601 0 1 1 standing 
2 890 557 978 684 64602 0 1 1 standing 
2 885 555 970 682 64603 0 1 1 standing 
2 879 554 963 681 64604 0 1 1 standing 
2 874 552 956 679 64605 0 1 1 standing 
2 869 550 948 677 64606 0 1 1 standing 
2 863 549 941 676 64607 0 1 1 standing 
2 858 547 933 674 64608 0 1 1 standing 
2 853 545 926 672 64609 0 1 1 standing 
3 919 378 982 503 64590 0 0 0 standing 
3 923 379 989 503 64591 0 0 1 moving 
3 927 380 996 504 64592 0 0 1 moving 
3 931 381 1003 505 64593 0 0 0 moving 
3 935 381 1008 502 64594 0 0 1 moving 
3 940 381 1013 500 64595 0 0 1 moving 
3 945 382 1019 498 64596 0 0 0 moving 
3 946 381 1021 496 64597 0 0 1 moving 
3 947 380 1024 495 64598 0 0 1 moving 
3 948 379 1027 494 64599 0 0 0 moving 
3 948 379 1022 493 64600 0 0 1 moving 
3 948 379 1018 493 64601 0 0 1 moving 
3 948 379 1014 493 64602 0 0 0 moving 
3 950 380 1021 491 64603 0 0 1 moving 
3 953 382 1028 489 64604 0 0 1 moving 
3 956 384 1035 488 64605 0 0 0 moving 
3 950 382 1032 487 64606 0 0 1 moving 
3 945 380 1029 487 64607 0 0 1 moving 
3 940 378 1026 486 64608 0 0 1 moving 
3 935 376 1023 486 64609 0 0 1 moving 
4 1023 449 1061 583 64590 0 0 0 moving 
4 1025 448 1063 582 64591 0 0 1 standing 
4 1028 448 1065 581 64592 0 0 1 standing 
4 1031 448 1067 581 64593 0 0 0 standing 
4 1036 449 1072 581 64594 0 0 1 standing 
4 1041 450 1077 581 64595 0 0 1 standing 
4 1046 452 1082 581 64596 0 0 0 standing 
4 1051 452 1088 581 64597 0 0 1 standing 
4 1056 452 1095 581 64598 0 0 1 standing 
4 1062 452 1102 582 64599 0 0 0 standing 
4 1065 452 1106 584 64600 0 0 1 standing 
4 1068 452 1110 586 64601 0 0 1 standing 
4 1071 452 1115 589 64602 0 0 0 standing 
4 1075 454 1120 588 64603 0 0 1 standing 
4 1080 456 1125 588 64604 0 0 1 standing 
4 1085 458 1131 588 64605 0 0 0 standing 
4 1084 462 1134 589 64606 0 0 1 standing 
4 1083 466 1137 591 64607 0 0 1 standing 
4 1083 471 1140 593 64608 0 0 1 standing 
4 1082 475 1143 595 64609 0 0 1 standing 
5 1111 451 1211 578 64590 0 0 0 standing 
5 1107 450 1204 573 64591 0 0 1 moving 
5 1103 449 1197 569 64592 0 0 1 moving 
5 1099 448 1190 565 64593 0 0 0 moving 
5 1095 447 1192 564 64594 0 0 1 moving 
5 1091 446 1194 563 64595 0 0 1 moving 
5 1088 446 1196 562 64596 0 0 0 moving 
5 1089 445 1187 560 64597 0 0 1 moving 
5 1090 444 1179 559 64598 0 0 1 moving 
5 1091 443 1171 558 64599 0 0 0 moving 
5 1085 443 1166 558 64600 0 0 1 moving 
5 1079 443 1161 558 64601 0 0 1 moving 
5 1073 444 1157 558 64602 0 0 0 moving 
5 1058 441 1156 555 64603 0 0 1 moving 
5 1043 438 1155 552 64604 0 0 1 moving 
5 1028 436 1155 549 64605 0 0 0 moving 
5 1028 437 1145 549 64606 0 0 1 moving 
5 1029 438 1135 550 64607 0 0 1 moving 
5 1029 440 1125 551 64608 0 0 1 moving 
5 1030 441 1115 552 64609 0 0 1 moving 
6 595 496 666 641 64590 0 0 0 moving 
6 604 498 671 641 64591 0 0 1 standing 
6 613 500 677 642 64592 0 0 1 standing 
6 623 502 683 643 64593 0 0 0 standing 
6 629 502 689 644 64594 0 0 1 standing 
6 636 502 696 645 64595 0 0 1 standing 
6 643 503 703 646 64596 0 0 0 standing 
6 648 503 708 642 64597 0 0 1 standing 
6 654 503 713 638 64598 0 0 1 standing 
6 660 503 719 634 64599 0 0 0 standing 
6 666 505 722 636 64600 0 0 1 standing 
6 672 507 726 638 64601 0 0 1 standing 
6 678 510 730 640 64602 0 0 0 standing 
6 683 512 738 641 64603 0 0 1 standing 
6 688 514 747 642 64604 0 0 1 standing 
6 693 517 756 644 64605 0 0 0 standing 
6 698 518 761 645 64606 0 0 1 standing 
6 703 519 766 646 64607 0 0 1 standing 
6 709 520 772 647 64608 0 0 1 standing 
6 714 521 777 648 64609 0 0 1 standing 
7 641 464 700 611 64590 0 0 0 standing 
7 643 459 702 610 64591 0 0 1 blocking 
7 645 454 704 610 64592 0 0 1 blocking 
7 648 449 706 610 64593 0 0 0 blocking 
7 654 434 711 609 64594 0 0 1 blocking 
7 660 419 717 608 64595 0 0 1 blocking 
7 666 405 723 607 64596 0 0 0 blocking 
7 670 408 727 610 64597 0 0 1 blocking 
7 675 412 732 614 64598 0 0 1 blocking 
7 680 416 737 618 64599 0 0 0 blocking 
7 683 430 740 622 64600 0 0 1 blocking 
7 686 444 743 626 64601 0 0 1 blocking 
7 689 459 747 631 64602 0 0 0 blocking 
7 697 461 749 625 64603 0 0 1 blocking 
7 705 463 752 619 64604 0 0 1 blocking 
7 714 465 755 613 64605 0 0 0 blocking 
7 716 465 760 612 64606 0 0 1 blocking 
7 718 465 765 612 64607 0 0 1 blocking 
7 720 465 771 612 64608 0 0 1 blocking 
7 722 465 776 612 64609 0 0 1 blocking 
8 536 447 589 562 64590 0 0 0 blocking 
8 532 445 585 561 64591 0 0 1 standing 
8 529 444 581 561 64592 0 0 1 standing 
8 526 443 577 561 64593 0 0 0 standing 
8 526 441 580 561 64594 0 0 1 standing 
8 526 440 583 561 64595 0 0 1 standing 
8 526 439 587 562 64596 0 0 0 standing 
8 528 438 586 560 64597 0 0 1 standing 
8 530 437 586 558 64598 0 0 1 standing 
8 533 437 586 557 64599 0 0 0 standing 
8 530 437 587 554 64600 0 0 1 standing 
8 528 437 589 551 64601 0 0 1 standing 
8 526 437 591 549 64602 0 0 0 standing 
8 530 439 595 551 64603 0 0 1 standing 
8 535 441 600 553 64604 0 0 1 standing 
8 540 443 605 555 64605 0 0 0 standing 
8 540 442 607 550 64606 0 0 1 standing 
8 540 442 610 546 64607 0 0 1 standing 
8 540 442 613 542 64608 0 0 1 standing 
8 540 442 616 538 64609 0 0 1 standing 
9 316 500 392 632 64590 0 0 0 standing 
9 314 502 390 633 64591 0 0 1 standing 
9 312 505 388 635 64592 0 0 1 standing 
9 311 508 386 637 64593 0 0 0 standing 
9 316 508 388 636 64594 0 0 1 standing 
9 321 508 390 636 64595 0 0 1 standing 
9 326 508 392 636 64596 0 0 0 standing 
9 330 508 394 635 64597 0 0 1 standing 
9 334 508 397 635 64598 0 0 1 standing 
9 338 508 400 635 64599 0 0 0 standing 
9 343 506 404 634 64600 0 0 1 standing 
9 348 504 409 633 64601 0 0 1 standing 
9 353 502 414 633 64602 0 0 0 standing 
9 357 503 418 634 64603 0 0 1 standing 
9 361 504 422 635 64604 0 0 1 standing 
9 366 506 427 637 64605 0 0 0 standing 
9 368 507 430 637 64606 0 0 1 standing 
9 370 509 433 637 64607 0 0 1 standing 
9 373 510 436 637 64608 0 0 1 standing 
9 375 512 439 637 64609 0 0 1 standing 
10 649 446 694 596 64590 0 0 0 standing 
10 651 445 696 595 64591 0 0 1 blocking 
10 654 444 699 594 64592 0 0 1 blocking 
10 657 443 702 593 64593 0 0 0 blocking 
10 661 440 706 590 64594 0 0 1 blocking 
10 666 438 711 587 64595 0 0 1 blocking 
10 671 436 716 584 64596 0 0 0 blocking 
10 675 436 720 583 64597 0 0 1 blocking 
10 679 436 724 582 64598 0 0 1 blocking 
10 683 436 728 582 64599 0 0 0 blocking 
10 685 438 735 584 64600 0 0 1 blocking 
10 687 441 742 586 64601 0 0 1 blocking 
10 689 444 749 589 64602 0 0 0 blocking 
10 696 441 753 585 64603 0 0 1 blocking 
10 703 438 757 582 64604 0 0 1 blocking 
10 710 435 762 579 64605 0 0 0 blocking 
10 714 433 765 573 64606 0 0 1 blocking 
10 718 432 768 568 64607 0 0 1 blocking 
10 722 431 772 563 64608 0 0 1 blocking 
10 726 430 775 558 64609 0 0 1 blocking 
11 153 447 199 580 64590 0 0 0 blocking 
11 158 446 207 579 64591 0 0 1 standing 
11 163 446 216 578 64592 0 0 1 standing 
11 169 446 225 578 64593 0 0 0 standing 
11 176 446 234 577 64594 0 0 1 standing 
11 183 446 243 576 64595 0 0 1 standing 
11 190 446 252 576 64596 0 0 0 standing 
11 196 447 258 577 64597 0 0 1 standing 
11 202 448 264 578 64598 0 0 1 standing 
11 208 449 270 579 64599 0 0 0 standing 
11 216 447 274 580 64600 0 0 1 standing 
11 225 445 278 581 64601 0 0 1 standing 
11 234 444 282 582 64602 0 0 0 standing 
11 241 446 289 584 64603 0 0 1 standing 
11 248 448 296 586 64604 0 0 1 standing 
11 255 450 303 588 64605 0 0 0 standing 
11 260 452 308 588 64606 0 0 1 standing 
11 265 454 313 588 64607 0 0 1 standing 
11 271 457 318 588 64608 0 0 1 standing 
11 276 459 323 588 64609 0 0 1 standing 
