0 826 467 913 644 34305 0 1 0 spiking 
0 820 459 907 637 34306 0 1 1 spiking 
0 814 452 901 630 34307 0 1 1 spiking 
0 808 445 895 623 34308 0 1 1 spiking 
0 802 438 889 616 34309 0 1 1 spiking 
0 796 431 883 609 34310 0 1 1 spiking 
0 790 424 877 602 34311 0 1 1 spiking 
0 784 417 871 595 34312 0 1 1 spiking 
0 778 410 865 588 34313 0 1 1 spiking 
0 772 403 859 581 34314 0 1 1 spiking 
0 766 396 854 574 34315 0 1 0 spiking 
0 755 402 845 569 34316 0 1 1 spiking 
0 744 408 837 564 34317 0 1 1 spiking 
0 733 414 828 559 34318 0 1 1 spiking 
0 722 420 820 554 34319 0 1 1 spiking 
0 711 426 811 549 34320 0 1 1 spiking 
0 701 432 803 545 34321 0 1 0 spiking 
0 701 438 796 563 34322 0 1 1 spiking 
0 701 445 790 582 34323 0 1 1 spiking 
0 701 452 783 601 34324 0 1 1 spiking 
1 546 479 599 619 34305 0 1 0 spiking 
1 551 467 604 614 34306 0 1 1 blocking 
1 556 455 609 609 34307 0 1 1 blocking 
1 561 443 614 604 34308 0 1 1 blocking 
1 566 432 619 600 34309 0 1 1 blocking 
1 571 420 624 595 34310 0 1 1 blocking 
1 576 408 629 590 34311 0 1 1 blocking 
1 581 397 634 586 34312 0 1 1 blocking 
1 586 385 639 581 34313 0 1 1 blocking 
1 591 373 644 576 34314 0 1 1 blocking 
1 597 362 650 572 34315 0 1 0 blocking 
1 599 365 651 572 34316 0 1 1 blocking 
1 601 369 653 573 34317 0 1 1 blocking 
1 603 372 655 573 34318 0 1 1 blocking 
1 605 376 657 574 34319 0 1 1 blocking 
1 607 380 659 574 34320 0 1 1 blocking 
1 609 383 661 575 34321 0 1 1 blocking 
1 611 387 663 575 34322 0 1 1 blocking 
1 613 390 665 576 34323 0 1 1 blocking 
1 615 394 667 576 34324 0 1 1 blocking 
2 549 439 604 583 34305 0 1 0 blocking 
2 553 432 608 580 34306 0 1 1 blocking 
2 557 426 612 578 34307 0 1 1 blocking 
2 561 420 616 576 34308 0 1 1 blocking 
2 566 414 620 574 34309 0 1 1 blocking 
2 570 408 625 572 34310 0 1 1 blocking 
2 574 401 629 570 34311 0 1 1 blocking 
2 579 395 633 568 34312 0 1 1 blocking 
2 583 389 637 566 34313 0 1 1 blocking 
2 587 383 641 564 34314 0 1 1 blocking 
2 592 377 646 562 34315 0 1 0 blocking 
2 594 378 648 563 34316 0 1 1 blocking 
2 597 379 651 564 34317 0 1 1 blocking 
2 599 380 653 565 34318 0 1 1 blocking 
2 602 381 656 566 34319 0 1 1 blocking 
2 604 382 658 567 34320 0 1 1 blocking 
2 607 383 661 568 34321 0 1 1 blocking 
2 609 384 663 569 34322 0 1 1 blocking 
2 612 385 666 570 34323 0 1 1 blocking 
2 614 386 668 571 34324 0 1 1 blocking 
3 87 426 173 558 34305 0 0 0 blocking 
3 87 425 172 557 34306 0 0 1 standing 
3 87 424 172 556 34307 0 0 1 standing 
3 87 424 172 556 34308 0 0 1 standing 
3 87 423 172 555 34309 0 0 1 standing 
3 87 422 171 554 34310 0 0 1 standing 
3 87 422 171 554 34311 0 0 1 standing 
3 88 421 171 553 34312 0 0 1 standing 
3 88 420 171 552 34313 0 0 1 standing 
3 88 420 170 552 34314 0 0 1 standing 
3 88 419 170 551 34315 0 0 1 standing 
3 88 418 170 550 34316 0 0 1 standing 
3 88 418 170 550 34317 0 0 1 standing 
3 88 417 169 549 34318 0 0 1 standing 
3 89 416 169 548 34319 0 0 1 standing 
3 89 416 169 548 34320 0 0 1 standing 
3 89 415 169 547 34321 0 0 1 standing 
3 89 414 168 546 34322 0 0 1 standing 
3 89 414 168 546 34323 0 0 1 standing 
3 89 413 168 545 34324 0 0 1 standing 
4 165 477 261 617 34305 0 0 0 standing 
4 175 475 271 615 34306 0 0 1 standing 
4 185 473 281 613 34307 0 0 1 standing 
4 195 471 291 611 34308 0 0 1 standing 
4 205 469 301 609 34309 0 0 1 standing 
4 216 467 312 607 34310 0 0 1 standing 
4 226 465 322 605 34311 0 0 1 standing 
4 236 463 332 603 34312 0 0 1 standing 
4 246 461 342 601 34313 0 0 1 standing 
4 256 459 352 599 34314 0 0 1 standing 
4 267 458 363 597 34315 0 0 0 standing 
4 276 456 368 595 34316 0 0 1 standing 
4 286 455 374 594 34317 0 0 1 standing 
4 295 453 380 592 34318 0 0 1 standing 
4 305 452 385 591 34319 0 0 1 standing 
4 314 451 391 589 34320 0 0 1 standing 
4 324 449 397 588 34321 0 0 1 standing 
4 333 448 402 586 34322 0 0 1 standing 
4 343 446 408 585 34323 0 0 1 standing 
4 352 445 414 583 34324 0 0 1 standing 
5 291 373 354 488 34305 0 0 0 standing 
5 294 372 357 487 34306 0 0 1 standing 
5 297 372 360 487 34307 0 0 1 standing 
5 300 371 363 486 34308 0 0 1 standing 
5 304 371 367 486 34309 0 0 1 standing 
5 307 370 370 485 34310 0 0 1 standing 
5 310 370 373 485 34311 0 0 1 standing 
5 314 369 377 484 34312 0 0 1 standing 
5 317 369 380 484 34313 0 0 1 standing 
5 320 368 383 483 34314 0 0 1 standing 
5 324 368 387 483 34315 0 0 0 standing 
5 325 369 390 482 34316 0 0 1 standing 
5 327 371 394 482 34317 0 0 1 standing 
5 329 373 397 482 34318 0 0 1 standing 
5 330 375 401 481 34319 0 0 1 standing 
5 332 377 405 481 34320 0 0 1 standing 
5 334 378 408 481 34321 0 0 1 standing 
5 335 380 412 480 34322 0 0 1 standing 
5 337 382 415 480 34323 0 0 1 standing 
5 339 384 419 480 34324 0 0 1 standing 
6 521 398 569 504 34305 0 0 0 standing 
6 518 397 566 503 34306 0 0 1 moving 
6 516 397 564 503 34307 0 0 1 moving 
6 514 396 562 502 34308 0 0 1 moving 
6 512 396 560 502 34309 0 0 1 moving 
6 510 395 558 502 34310 0 0 1 moving 
6 508 395 555 501 34311 0 0 1 moving 
6 506 394 553 501 34312 0 0 1 moving 
6 504 394 551 500 34313 0 0 1 moving 
6 502 393 549 500 34314 0 0 1 moving 
6 500 393 547 500 34315 0 0 0 moving 
6 497 395 546 502 34316 0 0 1 moving 
6 494 397 546 504 34317 0 0 1 moving 
6 491 399 546 506 34318 0 0 1 moving 
6 489 401 546 508 34319 0 0 1 moving 
6 486 403 546 510 34320 0 0 1 moving 
6 483 405 545 512 34321 0 0 1 moving 
6 481 407 545 514 34322 0 0 1 moving 
6 478 409 545 516 34323 0 0 1 moving 
6 475 411 545 518 34324 0 0 1 moving 
7 639 357 688 498 34305 0 0 0 moving 
7 641 358 690 499 34306 0 0 1 standing 
7 644 359 693 500 34307 0 0 1 standing 
7 647 360 696 501 34308 0 0 1 standing 
7 649 361 698 502 34309 0 0 1 standing 
7 652 362 701 504 34310 0 0 1 standing 
7 655 363 704 505 34311 0 0 1 standing 
7 657 364 706 506 34312 0 0 1 standing 
7 660 365 709 507 34313 0 0 1 standing 
7 663 366 712 508 34314 0 0 1 standing 
7 666 368 715 510 34315 0 0 0 standing 
7 670 368 720 508 34316 0 0 1 standing 
7 675 368 726 507 34317 0 0 1 standing 
7 680 368 731 505 34318 0 0 1 standing 
7 684 369 737 504 34319 0 0 1 standing 
7 689 369 743 503 34320 0 0 1 standing 
7 694 369 748 501 34321 0 0 1 standing 
7 698 370 754 500 34322 0 0 1 standing 
7 703 370 759 498 34323 0 0 1 standing 
7 708 370 765 497 34324 0 0 1 standing 
8 709 397 771 518 34305 0 0 0 standing 
8 710 397 772 518 34306 0 0 1 standing 
8 712 397 774 518 34307 0 0 1 standing 
8 713 397 776 518 34308 0 0 1 standing 
8 715 398 777 518 34309 0 0 1 standing 
8 717 398 779 518 34310 0 0 1 standing 
8 718 398 781 518 34311 0 0 1 standing 
8 720 399 782 518 34312 0 0 1 standing 
8 721 399 784 518 34313 0 0 1 standing 
8 723 399 786 518 34314 0 0 1 standing 
8 725 400 788 519 34315 0 0 0 standing 
8 725 402 790 519 34316 0 0 1 standing 
8 725 404 793 519 34317 0 0 1 standing 
8 725 406 796 520 34318 0 0 1 standing 
8 726 408 799 520 34319 0 0 1 standing 
8 726 410 802 521 34320 0 0 1 standing 
8 726 412 804 521 34321 0 0 1 standing 
8 727 414 807 521 34322 0 0 1 standing 
8 727 416 810 522 34323 0 0 1 standing 
8 727 418 813 522 34324 0 0 1 standing 
9 719 481 797 590 34305 0 0 0 standing 
9 721 480 799 589 34306 0 0 1 waiting 
9 723 480 801 589 34307 0 0 1 waiting 
9 726 479 804 588 34308 0 0 1 waiting 
9 728 479 806 588 34309 0 0 1 waiting 
9 731 478 809 587 34310 0 0 1 waiting 
9 733 478 811 587 34311 0 0 1 waiting 
9 735 477 813 586 34312 0 0 1 waiting 
9 738 477 816 586 34313 0 0 1 waiting 
9 740 476 818 585 34314 0 0 1 waiting 
9 743 476 821 585 34315 0 0 0 waiting 
9 748 474 826 583 34316 0 0 1 waiting 
9 753 473 831 582 34317 0 0 1 waiting 
9 758 472 836 581 34318 0 0 1 waiting 
9 763 471 841 580 34319 0 0 1 waiting 
9 768 470 846 579 34320 0 0 1 waiting 
9 773 468 851 577 34321 0 0 1 waiting 
9 778 467 856 576 34322 0 0 1 waiting 
9 783 466 861 575 34323 0 0 1 waiting 
9 788 465 866 574 34324 0 0 1 waiting 
10 827 404 882 523 34305 0 0 0 waiting 
10 831 404 886 523 34306 0 0 1 standing 
10 835 405 890 524 34307 0 0 1 standing 
10 839 405 894 524 34308 0 0 1 standing 
10 843 406 898 525 34309 0 0 1 standing 
10 847 407 902 526 34310 0 0 1 standing 
10 851 407 906 526 34311 0 0 1 standing 
10 855 408 910 527 34312 0 0 1 standing 
10 859 408 914 527 34313 0 0 1 standing 
10 863 409 918 528 34314 0 0 1 standing 
10 868 410 923 529 34315 0 0 0 standing 
10 871 409 926 528 34316 0 0 1 standing 
10 875 409 930 528 34317 0 0 1 standing 
10 879 409 934 528 34318 0 0 1 standing 
10 883 408 938 528 34319 0 0 1 standing 
10 887 408 942 528 34320 0 0 1 standing 
10 890 408 945 527 34321 0 0 1 standing 
10 894 407 949 527 34322 0 0 1 standing 
10 898 407 953 527 34323 0 0 1 standing 
10 902 407 957 527 34324 0 0 1 standing 
11 865 409 911 524 34305 0 0 0 standing 
11 864 410 911 527 34306 0 0 1 standing 
11 863 412 911 531 34307 0 0 1 standing 
11 862 413 911 535 34308 0 0 1 standing 
11 861 415 912 539 34309 0 0 1 standing 
11 860 417 912 543 34310 0 0 1 standing 
11 859 418 912 546 34311 0 0 1 standing 
11 858 420 913 550 34312 0 0 1 standing 
11 857 421 913 554 34313 0 0 1 standing 
11 856 423 913 558 34314 0 0 1 standing 
11 855 425 914 562 34315 0 0 0 standing 
11 859 425 918 562 34316 0 0 1 standing 
11 863 425 922 562 34317 0 0 1 standing 
11 867 425 926 562 34318 0 0 1 standing 
11 871 425 930 562 34319 0 0 1 standing 
11 875 425 934 562 34320 0 0 1 standing 
11 879 425 938 562 34321 0 0 1 standing 
11 883 425 942 562 34322 0 0 1 standing 
11 887 425 946 562 34323 0 0 1 standing 
11 891 425 950 562 34324 0 0 1 standing 
