0 955 432 1067 566 67965 0 1 0 digging 
0 941 432 1055 565 67966 0 1 1 digging 
0 928 432 1044 565 67967 0 1 1 digging 
0 915 433 1033 565 67968 0 1 0 digging 
0 899 434 1016 566 67969 0 1 1 digging 
0 883 435 1000 567 67970 0 1 1 digging 
0 868 436 984 568 67971 0 1 0 digging 
0 847 436 961 567 67972 0 1 1 digging 
0 827 436 939 566 67973 0 1 1 digging 
0 807 436 917 565 67974 0 1 0 digging 
0 786 434 895 566 67975 0 1 1 digging 
0 765 433 874 568 67976 0 1 1 digging 
0 745 432 853 570 67977 0 1 0 digging 
0 729 429 836 568 67978 0 1 1 digging 
0 713 426 819 567 67979 0 1 1 digging 
0 697 423 802 566 67980 0 1 0 digging 
0 700 419 799 565 67981 0 1 1 digging 
0 704 416 797 564 67982 0 1 1 digging 
0 707 413 795 563 67983 0 1 1 digging 
0 711 410 793 562 67984 0 1 1 digging 
1 1091 395 1160 545 67965 0 0 0 digging 
1 1077 398 1146 547 67966 0 0 1 standing 
1 1064 402 1133 549 67967 0 0 1 standing 
1 1051 406 1120 552 67968 0 0 0 standing 
1 1034 408 1102 550 67969 0 0 1 standing 
1 1017 410 1085 548 67970 0 0 1 standing 
1 1001 413 1068 546 67971 0 0 0 standing 
1 980 413 1047 546 67972 0 0 1 standing 
1 959 413 1027 546 67973 0 0 1 standing 
1 939 414 1007 546 67974 0 0 0 standing 
1 916 411 984 545 67975 0 0 1 standing 
1 893 408 961 544 67976 0 0 1 standing 
1 871 406 939 544 67977 0 0 0 standing 
1 854 404 922 543 67978 0 0 1 standing 
1 837 402 905 542 67979 0 0 1 standing 
1 821 400 889 541 67980 0 0 0 standing 
1 814 400 879 541 67981 0 0 1 standing 
1 807 400 870 541 67982 0 0 1 standing 
1 800 400 861 541 67983 0 0 1 standing 
1 793 400 852 541 67984 0 0 1 standing 
2 1005 347 1072 461 67965 0 0 0 standing 
2 995 348 1064 461 67966 0 0 1 standing 
2 985 349 1057 462 67967 0 0 1 standing 
2 975 350 1050 463 67968 0 0 0 standing 
2 961 349 1036 460 67969 0 0 1 standing 
2 948 349 1022 457 67970 0 0 1 standing 
2 935 349 1009 455 67971 0 0 0 standing 
2 912 347 984 456 67972 0 0 1 standing 
2 889 346 960 457 67973 0 0 1 standing 
2 866 345 936 459 67974 0 0 0 standing 
2 840 345 912 458 67975 0 0 1 standing 
2 815 345 889 457 67976 0 0 1 standing 
2 790 345 866 456 67977 0 0 0 standing 
2 772 345 850 455 67978 0 0 1 standing 
2 755 345 835 454 67979 0 0 1 standing 
2 738 345 820 454 67980 0 0 0 standing 
2 724 345 806 453 67981 0 0 1 standing 
2 710 345 792 452 67982 0 0 1 standing 
2 696 345 778 451 67983 0 0 1 standing 
2 682 346 764 450 67984 0 0 0 standing 
3 819 444 889 591 67965 0 0 0 standing 
3 816 445 897 588 67966 0 0 1 digging 
3 813 447 905 586 67967 0 0 1 digging 
3 810 449 913 584 67968 0 0 0 digging 
3 802 452 905 583 67969 0 0 1 digging 
3 795 456 898 582 67970 0 0 1 digging 
3 788 460 891 582 67971 0 0 0 digging 
3 768 461 869 582 67972 0 0 1 digging 
3 749 463 847 583 67973 0 0 1 digging 
3 730 465 825 584 67974 0 0 0 digging 
3 709 463 804 582 67975 0 0 1 digging 
3 688 461 783 580 67976 0 0 1 digging 
3 668 460 763 579 67977 0 0 0 digging 
3 655 458 747 580 67978 0 0 1 digging 
3 642 456 731 581 67979 0 0 1 digging 
3 629 455 715 583 67980 0 0 0 digging 
3 620 452 707 583 67981 0 0 1 digging 
3 612 449 700 583 67982 0 0 1 digging 
3 604 446 692 583 67983 0 0 1 digging 
3 596 443 685 584 67984 0 0 0 digging 
4 632 242 710 461 67965 0 0 0 digging 
4 624 261 701 456 67966 0 0 1 jumping 
4 616 280 693 452 67967 0 0 1 jumping 
4 609 299 685 448 67968 0 0 0 jumping 
4 595 289 675 448 67969 0 0 1 jumping 
4 581 279 666 448 67970 0 0 1 jumping 
4 567 270 657 449 67971 0 0 0 jumping 
4 546 283 635 453 67972 0 0 1 jumping 
4 525 297 614 457 67973 0 0 1 jumping 
4 504 311 593 461 67974 0 0 0 jumping 
4 486 312 570 460 67975 0 0 1 jumping 
4 468 313 548 460 67976 0 0 1 jumping 
4 450 314 526 459 67977 0 0 1 jumping 
4 433 316 504 459 67978 0 0 0 jumping 
4 421 315 493 459 67979 0 0 1 jumping 
4 410 314 483 459 67980 0 0 1 jumping 
4 399 314 473 459 67981 0 0 0 jumping 
4 398 312 471 457 67982 0 0 1 jumping 
4 397 310 469 455 67983 0 0 1 jumping 
4 396 308 468 453 67984 0 0 0 jumping 
5 624 241 695 401 67965 0 0 0 jumping 
5 607 243 682 400 67966 0 0 1 jumping 
5 590 245 669 400 67967 0 0 1 jumping 
5 574 247 656 400 67968 0 0 0 jumping 
5 563 246 635 404 67969 0 0 1 jumping 
5 553 245 614 409 67970 0 0 1 jumping 
5 543 245 594 414 67971 0 0 0 jumping 
5 525 247 584 422 67972 0 0 1 jumping 
5 507 249 574 431 67973 0 0 1 jumping 
5 490 251 565 440 67974 0 0 0 jumping 
5 466 261 540 440 67975 0 0 1 jumping 
5 442 271 515 440 67976 0 0 1 jumping 
5 419 281 490 441 67977 0 0 0 jumping 
5 404 289 468 441 67978 0 0 1 jumping 
5 390 297 446 442 67979 0 0 1 jumping 
5 376 305 425 443 67980 0 0 0 jumping 
5 369 304 418 443 67981 0 0 1 jumping 
5 363 304 411 443 67982 0 0 1 jumping 
5 356 303 405 443 67983 0 0 1 jumping 
5 350 303 398 443 67984 0 0 1 jumping 
6 549 243 610 384 67965 0 0 0 jumping 
6 538 246 600 385 67966 0 0 1 standing 
6 527 249 590 386 67967 0 0 1 standing 
6 517 253 581 387 67968 0 0 0 standing 
6 503 259 571 397 67969 0 0 1 standing 
6 489 265 561 408 67970 0 0 1 standing 
6 476 271 552 419 67971 0 0 0 standing 
6 457 279 530 424 67972 0 0 1 standing 
6 438 288 509 430 67973 0 0 1 standing 
6 420 297 488 436 67974 0 0 0 standing 
6 402 300 468 439 67975 0 0 1 standing 
6 385 303 449 442 67976 0 0 1 standing 
6 368 306 430 445 67977 0 0 0 standing 
6 353 305 412 444 67978 0 0 1 standing 
6 339 304 394 443 67979 0 0 1 standing 
6 325 303 377 442 67980 0 0 0 standing 
6 315 301 370 441 67981 0 0 1 standing 
6 305 299 363 440 67982 0 0 1 standing 
6 296 298 356 439 67983 0 0 1 standing 
6 286 296 349 438 67984 0 0 1 standing 
7 543 371 630 520 67965 0 0 0 standing 
7 533 372 620 517 67966 0 0 1 standing 
7 524 373 610 515 67967 0 0 1 standing 
7 515 375 601 513 67968 0 0 0 standing 
7 503 375 585 513 67969 0 0 1 standing 
7 491 375 570 514 67970 0 0 1 standing 
7 479 375 555 515 67971 0 0 0 standing 
7 457 374 533 514 67972 0 0 1 standing 
7 435 374 512 513 67973 0 0 1 standing 
7 413 374 491 513 67974 0 0 0 standing 
7 384 372 468 512 67975 0 0 1 standing 
7 355 371 445 511 67976 0 0 1 standing 
7 327 370 422 511 67977 0 0 0 standing 
7 309 368 406 510 67978 0 0 1 standing 
7 291 367 390 509 67979 0 0 1 standing 
7 274 366 375 508 67980 0 0 0 standing 
7 266 364 363 509 67981 0 0 1 standing 
7 259 363 351 510 67982 0 0 1 standing 
7 251 362 340 512 67983 0 0 1 standing 
7 244 361 328 513 67984 0 0 1 standing 
8 509 464 596 622 67965 0 0 0 standing 
8 495 463 583 621 67966 0 0 1 standing 
8 482 462 570 621 67967 0 0 1 standing 
8 469 461 558 621 67968 0 0 0 standing 
8 453 460 543 621 67969 0 0 1 standing 
8 437 460 528 621 67970 0 0 1 standing 
8 421 459 513 621 67971 0 0 1 standing 
8 405 459 499 622 67972 0 0 0 standing 
8 381 458 476 623 67973 0 0 1 standing 
8 358 457 454 624 67974 0 0 1 standing 
8 334 456 431 626 67975 0 0 1 standing 
8 311 455 409 627 67976 0 0 1 standing 
8 288 454 387 629 67977 0 0 0 standing 
8 270 454 369 630 67978 0 0 1 standing 
8 252 454 351 631 67979 0 0 1 standing 
8 234 455 333 632 67980 0 0 0 standing 
8 226 455 319 632 67981 0 0 1 standing 
8 218 455 305 632 67982 0 0 1 standing 
8 210 455 291 632 67983 0 0 1 standing 
8 203 456 278 633 67984 0 0 0 standing 
9 440 374 518 492 67965 0 0 0 standing 
9 429 374 506 493 67966 0 0 1 standing 
9 418 374 495 494 67967 0 0 1 standing 
9 407 375 484 495 67968 0 0 0 standing 
9 395 374 469 494 67969 0 0 1 standing 
9 384 374 454 493 67970 0 0 1 standing 
9 373 374 440 492 67971 0 0 0 standing 
9 352 372 418 494 67972 0 0 1 standing 
9 331 370 396 497 67973 0 0 1 standing 
9 310 369 375 500 67974 0 0 0 standing 
9 287 366 352 500 67975 0 0 1 standing 
9 264 363 330 500 67976 0 0 1 standing 
9 241 360 308 500 67977 0 0 0 standing 
9 222 357 287 499 67978 0 0 1 standing 
9 203 354 267 499 67979 0 0 1 standing 
9 185 351 247 499 67980 0 0 0 standing 
9 177 352 237 500 67981 0 0 1 standing 
9 169 353 227 501 67982 0 0 1 standing 
9 161 354 218 502 67983 0 0 1 standing 
9 153 355 208 503 67984 0 0 1 standing 
10 296 438 351 614 67965 0 0 0 standing 
10 277 439 334 613 67966 0 0 1 standing 
10 258 440 317 612 67967 0 0 1 standing 
10 239 441 300 611 67968 0 0 0 standing 
10 219 443 281 613 67969 0 0 1 standing 
10 199 446 262 615 67970 0 0 1 standing 
10 179 449 244 618 67971 0 0 0 standing 
10 153 451 219 620 67972 0 0 1 standing 
10 127 453 194 622 67973 0 0 1 standing 
10 102 455 170 625 67974 0 0 0 standing 
10 78 454 147 623 67975 0 0 1 standing 
10 55 453 124 622 67976 0 0 1 standing 
10 32 452 102 621 67977 0 0 0 standing 
10 21 449 85 618 67978 0 0 1 standing 
10 10 447 68 615 67979 0 0 1 standing 
10 0 445 51 613 67980 0 0 0 standing 
10 0 443 44 607 67981 0 0 1 standing 
10 0 441 37 602 67982 0 0 1 standing 
10 0 439 30 597 67983 0 0 1 standing 
10 0 437 23 592 67984 0 0 1 standing 
11 243 355 289 501 67965 0 0 0 standing 
11 231 355 278 498 67966 0 0 1 standing 
11 220 355 267 495 67967 0 0 1 standing 
11 209 355 257 492 67968 0 0 0 standing 
11 195 355 241 492 67969 0 0 1 standing 
11 181 356 226 492 67970 0 0 1 standing 
11 167 356 211 492 67971 0 0 1 standing 
11 154 357 196 493 67972 0 0 0 standing 
11 131 358 174 491 67973 0 0 1 standing 
11 108 360 152 489 67974 0 0 1 standing 
11 85 361 130 487 67975 0 0 1 standing 
11 62 363 108 485 67976 0 0 1 standing 
11 40 365 87 484 67977 0 0 0 standing 
11 26 365 70 484 67978 0 0 1 standing 
11 13 366 53 484 67979 0 0 1 standing 
11 0 367 37 485 67980 0 0 0 standing 
11 0 366 30 484 67981 0 0 1 standing 
11 0 366 23 484 67982 0 0 1 standing 
11 0 366 17 484 67983 0 0 0 standing 
11 0 366 17 484 67984 0 0 1 standing 
