0 1006 414 1087 534 62715 0 1 0 digging 
0 987 412 1065 532 62716 0 1 1 digging 
0 969 410 1044 531 62717 0 1 1 digging 
0 951 408 1023 529 62718 0 1 1 digging 
0 932 406 1001 528 62719 0 1 1 digging 
0 914 404 980 526 62720 0 1 1 digging 
0 896 402 959 525 62721 0 1 1 digging 
0 878 401 938 524 62722 0 1 0 digging 
0 860 399 920 522 62723 0 1 1 digging 
0 842 397 902 520 62724 0 1 1 digging 
0 825 396 885 518 62725 0 1 0 digging 
0 815 391 876 517 62726 0 1 1 digging 
0 805 387 868 516 62727 0 1 1 digging 
0 796 383 860 515 62728 0 1 0 digging 
0 792 379 852 514 62729 0 1 1 digging 
0 789 375 845 514 62730 0 1 1 digging 
0 786 372 838 514 62731 0 1 0 digging 
0 786 369 844 514 62732 0 1 1 digging 
0 786 366 850 515 62733 0 1 1 digging 
0 786 363 856 516 62734 0 1 1 digging 
1 1049 509 1102 633 62715 0 0 0 digging 
1 1028 509 1082 633 62716 0 0 1 standing 
1 1008 509 1062 633 62717 0 0 1 standing 
1 988 509 1042 633 62718 0 0 1 standing 
1 968 509 1022 633 62719 0 0 1 standing 
1 948 509 1002 633 62720 0 0 1 standing 
1 927 509 982 633 62721 0 0 1 standing 
1 907 509 962 633 62722 0 0 1 standing 
1 887 509 942 633 62723 0 0 1 standing 
1 867 509 922 633 62724 0 0 1 standing 
1 847 509 903 634 62725 0 0 0 standing 
1 838 509 894 636 62726 0 0 1 standing 
1 829 510 885 639 62727 0 0 1 standing 
1 820 511 876 641 62728 0 0 1 standing 
1 811 512 867 644 62729 0 0 1 standing 
1 802 513 858 647 62730 0 0 1 standing 
1 793 514 849 649 62731 0 0 1 standing 
1 784 515 840 652 62732 0 0 1 standing 
1 775 516 831 654 62733 0 0 1 standing 
1 766 517 822 657 62734 0 0 1 standing 
2 1065 463 1115 581 62715 0 0 0 standing 
2 1044 462 1094 578 62716 0 0 1 digging 
2 1023 461 1073 576 62717 0 0 1 digging 
2 1003 460 1052 574 62718 0 0 1 digging 
2 982 460 1032 572 62719 0 0 1 digging 
2 962 459 1011 570 62720 0 0 1 digging 
2 941 458 990 567 62721 0 0 1 digging 
2 920 458 970 565 62722 0 0 1 digging 
2 900 457 949 563 62723 0 0 1 digging 
2 879 456 928 561 62724 0 0 1 digging 
2 859 456 908 559 62725 0 0 0 digging 
2 849 455 898 558 62726 0 0 1 digging 
2 839 454 889 557 62727 0 0 1 digging 
2 829 453 879 556 62728 0 0 1 digging 
2 819 453 870 555 62729 0 0 1 digging 
2 809 452 861 555 62730 0 0 1 digging 
2 799 451 851 554 62731 0 0 1 digging 
2 789 451 842 553 62732 0 0 1 digging 
2 779 450 832 552 62733 0 0 1 digging 
2 769 449 823 551 62734 0 0 1 digging 
3 911 376 984 499 62715 0 0 0 digging 
3 892 376 963 499 62716 0 0 1 standing 
3 874 376 943 499 62717 0 0 1 standing 
3 856 376 923 499 62718 0 0 1 standing 
3 837 377 902 499 62719 0 0 1 standing 
3 819 377 882 500 62720 0 0 1 standing 
3 801 377 862 500 62721 0 0 1 standing 
3 782 378 841 500 62722 0 0 1 standing 
3 764 378 821 500 62723 0 0 1 standing 
3 746 378 801 500 62724 0 0 1 standing 
3 728 379 781 501 62725 0 0 0 standing 
3 717 379 771 501 62726 0 0 1 standing 
3 706 379 761 501 62727 0 0 1 standing 
3 695 379 751 501 62728 0 0 1 standing 
3 684 379 741 501 62729 0 0 1 standing 
3 673 379 732 501 62730 0 0 1 standing 
3 662 379 722 501 62731 0 0 1 standing 
3 651 379 712 501 62732 0 0 1 standing 
3 640 379 702 501 62733 0 0 1 standing 
3 629 379 692 501 62734 0 0 1 standing 
4 814 365 881 486 62715 0 0 0 standing 
4 798 363 864 484 62716 0 0 1 standing 
4 782 361 847 482 62717 0 0 1 standing 
4 766 359 830 480 62718 0 0 1 standing 
4 751 357 813 478 62719 0 0 1 standing 
4 735 355 796 476 62720 0 0 1 standing 
4 719 353 779 474 62721 0 0 1 standing 
4 704 351 762 472 62722 0 0 1 standing 
4 688 349 745 470 62723 0 0 1 standing 
4 672 347 728 468 62724 0 0 1 standing 
4 657 346 711 466 62725 0 0 0 standing 
4 650 347 708 466 62726 0 0 1 standing 
4 644 348 705 466 62727 0 0 1 standing 
4 638 349 702 466 62728 0 0 1 standing 
4 631 350 700 466 62729 0 0 1 standing 
4 625 352 697 467 62730 0 0 1 standing 
4 619 353 694 467 62731 0 0 1 standing 
4 612 354 692 467 62732 0 0 1 standing 
4 606 355 689 467 62733 0 0 1 standing 
4 600 356 686 467 62734 0 0 1 standing 
5 692 402 773 524 62715 0 0 0 standing 
5 670 402 750 524 62716 0 0 1 blocking 
5 649 402 727 525 62717 0 0 1 blocking 
5 628 402 704 525 62718 0 0 1 blocking 
5 607 402 681 526 62719 0 0 1 blocking 
5 586 402 658 526 62720 0 0 1 blocking 
5 564 402 635 527 62721 0 0 1 blocking 
5 543 402 612 527 62722 0 0 1 blocking 
5 522 402 589 528 62723 0 0 1 blocking 
5 501 402 566 528 62724 0 0 1 blocking 
5 480 403 543 529 62725 0 0 0 blocking 
5 470 403 532 528 62726 0 0 1 blocking 
5 461 403 522 528 62727 0 0 1 blocking 
5 452 403 511 528 62728 0 0 1 blocking 
5 442 403 501 528 62729 0 0 1 blocking 
5 433 403 491 528 62730 0 0 1 blocking 
5 424 403 480 528 62731 0 0 1 blocking 
5 414 403 470 528 62732 0 0 1 blocking 
5 405 403 459 528 62733 0 0 1 blocking 
5 396 403 449 528 62734 0 0 1 blocking 
6 178 452 264 574 62715 0 0 0 blocking 
6 165 453 248 576 62716 0 0 1 standing 
6 152 455 232 578 62717 0 0 1 standing 
6 139 456 216 580 62718 0 0 1 standing 
6 126 458 200 582 62719 0 0 1 standing 
6 114 460 184 585 62720 0 0 1 standing 
6 101 461 168 587 62721 0 0 1 standing 
6 88 463 152 589 62722 0 0 1 standing 
6 75 464 136 591 62723 0 0 1 standing 
6 62 466 120 593 62724 0 0 1 standing 
6 50 468 105 596 62725 0 0 0 standing 
6 45 469 100 597 62726 0 0 1 standing 
6 40 470 95 598 62727 0 0 1 standing 
6 35 471 90 599 62728 0 0 1 standing 
6 30 473 85 601 62729 0 0 1 standing 
6 25 474 80 602 62730 0 0 1 standing 
6 20 475 75 603 62731 0 0 1 standing 
6 15 477 70 605 62732 0 0 1 standing 
6 10 478 65 606 62733 0 0 1 standing 
6 5 479 60 607 62734 0 0 1 standing 
7 326 428 373 560 62715 0 0 0 standing 
7 301 429 347 560 62716 0 0 1 standing 
7 276 430 322 561 62717 0 0 1 standing 
7 251 431 297 561 62718 0 0 1 standing 
7 226 432 272 562 62719 0 0 1 standing 
7 201 434 247 563 62720 0 0 1 standing 
7 176 435 222 563 62721 0 0 1 standing 
7 151 436 197 564 62722 0 0 1 standing 
7 126 437 172 564 62723 0 0 1 standing 
7 101 438 147 565 62724 0 0 1 standing 
7 76 440 122 566 62725 1 0 0 standing 
7 74 438 120 564 62726 1 0 1 standing 
7 73 437 119 563 62727 1 0 1 standing 
7 71 435 117 561 62728 1 0 1 standing 
7 70 434 116 560 62729 1 0 1 standing 
7 68 432 114 558 62730 1 0 1 standing 
7 67 431 113 557 62731 1 0 1 standing 
7 65 429 111 555 62732 1 0 1 standing 
7 64 428 110 554 62733 1 0 1 standing 
7 62 426 108 552 62734 1 0 1 standing 
8 409 434 442 565 62715 0 0 0 standing 
8 386 432 419 563 62716 0 0 1 standing 
8 364 430 397 561 62717 0 0 1 standing 
8 342 429 375 560 62718 0 0 1 standing 
8 320 427 353 558 62719 0 0 1 standing 
8 298 426 331 557 62720 0 0 1 standing 
8 276 424 309 555 62721 0 0 1 standing 
8 254 422 287 553 62722 0 0 1 standing 
8 232 421 265 552 62723 0 0 1 standing 
8 210 419 243 550 62724 0 0 1 standing 
8 188 418 221 549 62725 0 0 0 standing 
8 174 418 209 549 62726 0 0 1 standing 
8 161 418 198 549 62727 0 0 1 standing 
8 148 419 187 549 62728 0 0 1 standing 
8 134 419 175 550 62729 0 0 1 standing 
8 121 420 164 550 62730 0 0 1 standing 
8 108 420 153 550 62731 0 0 1 standing 
8 94 420 141 551 62732 0 0 1 standing 
8 81 421 130 551 62733 0 0 1 standing 
8 68 421 119 551 62734 0 0 1 standing 
9 585 444 653 592 62715 0 0 0 standing 
9 565 445 632 593 62716 0 0 1 standing 
9 546 447 612 595 62717 0 0 1 standing 
9 526 448 592 597 62718 0 0 1 standing 
9 507 450 571 599 62719 0 0 1 standing 
9 487 452 551 601 62720 0 0 1 standing 
9 468 453 531 603 62721 0 0 1 standing 
9 448 455 510 605 62722 0 0 1 standing 
9 429 456 490 607 62723 0 0 1 standing 
9 409 458 470 609 62724 0 0 1 standing 
9 390 460 450 611 62725 0 0 0 standing 
9 380 460 440 611 62726 0 0 1 standing 
9 370 461 431 612 62727 0 0 1 standing 
9 361 462 422 613 62728 0 0 1 standing 
9 351 463 413 613 62729 0 0 1 standing 
9 342 464 404 614 62730 0 0 1 standing 
9 332 464 395 615 62731 0 0 1 standing 
9 322 465 386 615 62732 0 0 1 standing 
9 313 466 377 616 62733 0 0 1 standing 
9 303 467 368 617 62734 0 0 1 standing 
10 617 408 670 562 62715 0 0 0 standing 
10 596 407 649 561 62716 0 0 1 standing 
10 575 407 628 561 62717 0 0 1 standing 
10 554 407 607 561 62718 0 0 1 standing 
10 533 407 586 561 62719 0 0 1 standing 
10 512 407 565 561 62720 0 0 1 standing 
10 491 406 544 560 62721 0 0 1 standing 
10 470 406 523 560 62722 0 0 1 standing 
10 449 406 502 560 62723 0 0 1 standing 
10 428 406 481 560 62724 0 0 1 standing 
10 407 406 460 560 62725 0 0 0 standing 
10 397 404 450 558 62726 0 0 1 standing 
10 387 403 440 557 62727 0 0 1 standing 
10 378 402 430 556 62728 0 0 1 standing 
10 368 400 421 555 62729 0 0 1 standing 
10 359 399 411 554 62730 0 0 1 standing 
10 349 398 401 553 62731 0 0 1 standing 
10 339 396 392 552 62732 0 0 1 standing 
10 330 395 382 551 62733 0 0 1 standing 
10 320 394 372 550 62734 0 0 1 standing 
11 558 422 607 554 62715 0 0 0 standing 
11 538 421 587 552 62716 0 0 1 standing 
11 519 420 568 551 62717 0 0 1 standing 
11 500 419 548 549 62718 0 0 1 standing 
11 480 419 529 548 62719 0 0 1 standing 
11 461 418 510 547 62720 0 0 1 standing 
11 442 417 490 545 62721 0 0 1 standing 
11 422 417 471 544 62722 0 0 1 standing 
11 403 416 451 542 62723 0 0 1 standing 
11 384 415 432 541 62724 0 0 1 standing 
11 365 415 413 540 62725 0 0 0 standing 
11 357 415 405 539 62726 0 0 1 standing 
11 350 415 398 538 62727 0 0 1 standing 
11 343 415 391 537 62728 0 0 1 standing 
11 336 415 383 536 62729 0 0 1 standing 
11 329 415 376 535 62730 0 0 1 standing 
11 321 415 369 534 62731 0 0 1 standing 
11 314 415 361 533 62732 0 0 1 standing 
11 307 415 354 532 62733 0 0 1 standing 
11 300 415 347 531 62734 0 0 1 standing 
