0 323 430 402 548 73345 0 0 0 standing 
0 320 430 400 549 73346 0 0 1 standing 
0 318 430 398 550 73347 0 0 1 standing 
0 316 431 396 551 73348 0 0 1 standing 
0 314 431 394 552 73349 0 0 1 standing 
0 312 432 392 553 73350 0 0 1 standing 
0 310 432 390 554 73351 0 0 1 standing 
0 308 432 388 555 73352 0 0 1 standing 
0 306 433 386 556 73353 0 0 1 standing 
0 304 433 384 557 73354 0 0 1 standing 
0 302 434 382 558 73355 0 0 1 standing 
0 300 434 380 559 73356 0 0 1 standing 
0 298 435 378 561 73357 0 0 0 standing 
0 294 436 372 563 73358 0 0 1 standing 
0 290 437 367 565 73359 0 0 1 standing 
0 287 438 362 568 73360 0 0 0 standing 
0 288 438 361 569 73361 0 0 1 standing 
0 289 438 360 570 73362 0 0 1 standing 
0 290 438 360 572 73363 0 0 1 standing 
0 291 438 359 573 73364 0 0 1 standing 
1 434 370 496 479 73345 0 0 0 standing 
1 431 372 494 479 73346 0 0 1 standing 
1 428 375 492 480 73347 0 0 1 standing 
1 425 377 490 480 73348 0 0 1 standing 
1 422 380 489 481 73349 0 0 0 standing 
1 420 378 488 482 73350 0 0 1 standing 
1 418 377 488 484 73351 0 0 1 standing 
1 417 376 487 486 73352 0 0 1 standing 
1 415 375 487 488 73353 0 0 1 standing 
1 413 373 487 489 73354 0 0 1 standing 
1 412 372 486 491 73355 0 0 1 standing 
1 410 371 486 493 73356 0 0 1 standing 
1 409 370 486 495 73357 0 0 0 standing 
1 408 369 482 495 73358 0 0 1 standing 
1 408 369 478 496 73359 0 0 1 standing 
1 408 369 475 496 73360 0 0 1 standing 
1 408 369 471 497 73361 0 0 1 standing 
1 408 369 468 498 73362 0 0 0 standing 
1 408 370 471 498 73363 0 0 1 standing 
1 408 371 474 499 73364 0 0 1 standing 
2 167 411 221 539 73345 0 0 0 standing 
2 165 410 219 538 73346 0 0 1 standing 
2 164 410 218 538 73347 0 0 1 standing 
2 163 410 217 538 73348 0 0 1 standing 
2 162 410 215 538 73349 0 0 1 standing 
2 161 410 214 538 73350 0 0 1 standing 
2 160 410 213 538 73351 0 0 0 standing 
2 160 409 218 537 73352 0 0 1 standing 
2 160 409 223 536 73353 0 0 1 standing 
2 160 408 228 535 73354 0 0 1 standing 
2 161 408 233 535 73355 0 0 0 standing 
2 165 408 238 535 73356 0 0 1 standing 
2 169 408 243 536 73357 0 0 1 standing 
2 173 409 248 536 73358 0 0 1 standing 
2 177 409 254 537 73359 0 0 1 standing 
2 181 410 259 537 73360 0 0 1 standing 
2 185 410 264 538 73361 0 0 1 standing 
2 189 410 269 539 73362 0 0 1 standing 
2 193 411 275 539 73363 0 0 1 standing 
2 197 411 280 540 73364 0 0 1 standing 
3 242 361 282 473 73345 0 0 0 standing 
3 239 360 279 474 73346 0 0 1 standing 
3 236 360 276 475 73347 0 0 1 standing 
3 234 360 273 476 73348 0 0 0 standing 
3 229 361 270 478 73349 0 0 1 standing 
3 225 362 267 480 73350 0 0 1 standing 
3 221 364 265 483 73351 0 0 0 standing 
3 220 367 265 482 73352 0 0 1 standing 
3 219 370 265 482 73353 0 0 1 standing 
3 219 373 265 482 73354 0 0 1 standing 
3 218 376 265 481 73355 0 0 1 standing 
3 217 379 265 481 73356 0 0 1 standing 
3 217 383 265 481 73357 0 0 0 standing 
3 221 382 268 481 73358 0 0 1 standing 
3 225 381 271 481 73359 0 0 1 standing 
3 230 380 275 482 73360 0 0 1 standing 
3 234 379 278 482 73361 0 0 1 standing 
3 238 378 281 482 73362 0 0 1 standing 
3 243 377 285 483 73363 0 0 1 standing 
3 247 376 288 483 73364 0 0 1 standing 
4 366 355 423 466 73345 0 1 0 standing 
4 364 354 421 466 73346 0 1 1 setting 
4 363 353 420 467 73347 0 1 1 setting 
4 362 352 418 467 73348 0 1 1 setting 
4 361 351 417 468 73349 0 1 1 setting 
4 360 350 415 468 73350 0 1 1 setting 
4 359 349 414 469 73351 0 1 1 setting 
4 358 348 412 469 73352 0 1 1 setting 
4 357 348 411 470 73353 0 1 0 setting 
4 356 337 410 471 73354 0 1 1 setting 
4 356 327 410 472 73355 0 1 1 setting 
4 355 317 410 473 73356 0 1 1 setting 
4 355 307 410 474 73357 0 1 0 setting 
4 356 307 409 472 73358 0 1 1 setting 
4 358 307 408 471 73359 0 1 1 setting 
4 359 307 407 469 73360 0 1 1 setting 
4 361 307 407 468 73361 0 1 0 setting 
4 364 312 409 471 73362 0 1 1 setting 
4 368 317 411 475 73363 0 1 1 setting 
4 372 322 414 478 73364 0 1 1 setting 
5 446 309 501 442 73345 0 0 0 setting 
5 447 315 499 442 73346 0 0 1 standing 
5 448 322 498 443 73347 0 0 1 standing 
5 449 328 497 444 73348 0 0 1 standing 
5 451 335 496 445 73349 0 0 0 standing 
5 452 336 495 446 73350 0 0 1 standing 
5 454 337 494 447 73351 0 0 1 standing 
5 456 338 494 448 73352 0 0 1 standing 
5 457 339 493 449 73353 0 0 1 standing 
5 459 340 492 450 73354 0 0 1 standing 
5 461 341 492 451 73355 0 0 0 standing 
5 461 341 494 452 73356 0 0 1 standing 
5 461 342 496 453 73357 0 0 1 standing 
5 462 343 498 454 73358 0 0 1 standing 
5 462 344 500 455 73359 0 0 1 standing 
5 463 345 503 457 73360 0 0 0 standing 
5 463 345 506 460 73361 0 0 1 standing 
5 463 346 509 463 73362 0 0 1 standing 
5 464 347 512 466 73363 0 0 1 standing 
5 464 347 515 470 73364 0 0 1 standing 
6 519 324 569 452 73345 0 0 0 standing 
6 515 327 564 455 73346 0 0 1 blocking 
6 512 330 559 458 73347 0 0 1 blocking 
6 508 333 554 461 73348 0 0 1 blocking 
6 505 336 550 465 73349 0 0 0 blocking 
6 506 337 550 466 73350 0 0 1 blocking 
6 508 338 550 467 73351 0 0 1 blocking 
6 509 340 550 468 73352 0 0 1 blocking 
6 511 341 550 469 73353 0 0 1 blocking 
6 512 342 550 470 73354 0 0 1 blocking 
6 514 344 550 471 73355 0 0 0 blocking 
6 518 346 556 473 73356 0 0 1 blocking 
6 523 349 562 475 73357 0 0 1 blocking 
6 528 351 568 478 73358 0 0 1 blocking 
6 533 354 575 480 73359 0 0 1 blocking 
6 538 356 581 483 73360 0 0 1 blocking 
6 542 359 587 485 73361 0 0 1 blocking 
6 547 361 594 487 73362 0 0 1 blocking 
6 552 364 600 490 73363 0 0 1 blocking 
6 557 366 606 492 73364 0 0 1 blocking 
7 503 266 551 416 73345 0 0 0 blocking 
7 503 270 549 420 73346 0 0 1 blocking 
7 503 275 548 425 73347 0 0 1 blocking 
7 503 280 547 430 73348 0 0 1 blocking 
7 504 285 545 434 73349 0 0 1 blocking 
7 504 290 544 439 73350 0 0 1 blocking 
7 504 294 543 444 73351 0 0 1 blocking 
7 505 299 541 448 73352 0 0 1 blocking 
7 505 304 540 453 73353 0 0 1 blocking 
7 505 309 539 458 73354 0 0 1 blocking 
7 506 314 538 463 73355 0 0 0 blocking 
7 510 316 542 463 73356 0 0 1 blocking 
7 514 319 546 463 73357 0 0 1 blocking 
7 518 321 550 464 73358 0 0 1 blocking 
7 522 324 554 464 73359 0 0 1 blocking 
7 527 326 558 465 73360 0 0 1 blocking 
7 531 329 562 465 73361 0 0 1 blocking 
7 535 331 566 465 73362 0 0 1 blocking 
7 539 334 570 466 73363 0 0 1 blocking 
7 543 336 574 466 73364 0 0 1 blocking 
8 615 395 669 519 73345 0 0 0 blocking 
8 611 395 667 519 73346 0 0 1 standing 
8 608 395 666 519 73347 0 0 1 standing 
8 604 395 664 520 73348 0 0 1 standing 
8 601 395 663 520 73349 0 0 1 standing 
8 597 395 661 520 73350 0 0 1 standing 
8 594 395 660 521 73351 0 0 1 standing 
8 591 395 658 521 73352 0 0 1 standing 
8 587 395 657 521 73353 0 0 1 standing 
8 584 395 655 522 73354 0 0 1 standing 
8 580 395 654 522 73355 0 0 1 standing 
8 577 395 652 522 73356 0 0 1 standing 
8 574 395 651 523 73357 0 0 0 standing 
8 575 396 649 524 73358 0 0 1 standing 
8 577 397 647 525 73359 0 0 1 standing 
8 579 398 646 526 73360 0 0 1 standing 
8 581 399 644 527 73361 0 0 1 standing 
8 583 400 642 528 73362 0 0 1 standing 
8 585 401 641 529 73363 0 0 1 standing 
8 587 402 639 530 73364 0 0 1 standing 
9 744 343 790 461 73345 0 0 0 standing 
9 734 343 783 463 73346 0 0 1 standing 
9 725 344 777 466 73347 0 0 1 standing 
9 715 344 771 469 73348 0 0 1 standing 
9 706 345 765 472 73349 0 0 0 standing 
9 703 347 761 473 73350 0 0 1 standing 
9 700 349 757 474 73351 0 0 1 standing 
9 697 352 753 475 73352 0 0 1 standing 
9 694 354 749 476 73353 0 0 1 standing 
9 691 356 745 477 73354 0 0 1 standing 
9 688 359 741 479 73355 0 0 0 standing 
9 692 358 744 479 73356 0 0 1 standing 
9 696 357 748 480 73357 0 0 1 standing 
9 700 356 752 481 73358 0 0 1 standing 
9 704 356 756 481 73359 0 0 1 standing 
9 708 355 760 482 73360 0 0 1 standing 
9 712 354 764 483 73361 0 0 1 standing 
9 716 354 768 483 73362 0 0 1 standing 
9 720 353 772 484 73363 0 0 1 standing 
9 724 352 776 485 73364 0 0 1 standing 
10 885 429 940 563 73345 0 0 0 standing 
10 875 429 933 562 73346 0 0 1 standing 
10 866 430 927 562 73347 0 0 1 standing 
10 857 430 921 561 73348 0 0 1 standing 
10 848 431 915 561 73349 0 0 0 standing 
10 846 431 911 562 73350 0 0 1 standing 
10 845 432 907 563 73351 0 0 1 standing 
10 844 432 904 565 73352 0 0 1 standing 
10 843 433 900 566 73353 0 0 1 standing 
10 842 433 896 567 73354 0 0 1 standing 
10 841 434 893 569 73355 0 0 1 standing 
10 840 434 889 570 73356 0 0 1 standing 
10 839 435 886 572 73357 0 0 0 standing 
10 840 434 888 572 73358 0 0 1 standing 
10 842 434 890 573 73359 0 0 1 standing 
10 844 434 892 574 73360 0 0 1 standing 
10 846 434 894 575 73361 0 0 1 standing 
10 847 434 896 575 73362 0 0 1 standing 
10 849 434 898 576 73363 0 0 1 standing 
10 851 434 900 577 73364 0 0 1 standing 
11 968 379 1032 513 73345 0 0 0 standing 
11 965 380 1030 514 73346 0 0 1 standing 
11 962 382 1028 515 73347 0 0 1 standing 
11 959 384 1026 516 73348 0 0 1 standing 
11 956 386 1025 517 73349 0 0 0 standing 
11 956 387 1024 518 73350 0 0 1 standing 
11 957 389 1024 519 73351 0 0 1 standing 
11 958 390 1023 521 73352 0 0 1 standing 
11 959 392 1023 522 73353 0 0 1 standing 
11 959 394 1022 523 73354 0 0 1 standing 
11 960 395 1022 525 73355 0 0 1 standing 
11 961 397 1021 526 73356 0 0 1 standing 
11 962 399 1021 528 73357 0 0 0 standing 
11 966 399 1026 529 73358 0 0 1 standing 
11 970 399 1031 531 73359 0 0 1 standing 
11 974 399 1036 533 73360 0 0 1 standing 
11 978 399 1041 535 73361 0 0 1 standing 
11 982 399 1046 537 73362 0 0 1 standing 
11 986 399 1051 539 73363 0 0 1 standing 
11 990 399 1056 541 73364 0 0 1 standing 
