0 750 513 812 645 114650 0 1 0 digging 
0 750 510 812 645 114651 0 1 1 digging 
0 750 508 812 645 114652 0 1 1 digging 
0 751 506 812 645 114653 0 1 1 digging 
0 751 504 813 645 114654 0 1 1 digging 
0 752 502 813 645 114655 0 1 1 digging 
0 752 500 813 645 114656 0 1 1 digging 
0 752 498 814 645 114657 0 1 1 digging 
0 753 496 814 645 114658 0 1 1 digging 
0 753 494 814 645 114659 0 1 1 digging 
0 754 492 815 646 114660 0 1 0 digging 
0 760 490 822 643 114661 0 1 1 digging 
0 766 489 829 640 114662 0 1 1 digging 
0 772 488 837 637 114663 0 1 0 digging 
0 777 489 843 636 114664 0 1 1 digging 
0 783 490 850 635 114665 0 1 1 digging 
0 789 491 857 635 114666 0 1 0 digging 
0 795 495 865 638 114667 0 1 1 digging 
0 801 499 874 641 114668 0 1 1 digging 
0 807 503 882 644 114669 0 1 1 digging 
1 708 397 759 522 114650 0 0 0 digging 
1 708 397 759 522 114651 0 0 1 standing 
1 708 397 759 522 114652 0 0 1 standing 
1 708 397 759 522 114653 0 0 1 standing 
1 709 397 760 522 114654 0 0 1 standing 
1 709 398 760 523 114655 0 0 1 standing 
1 709 398 760 523 114656 0 0 1 standing 
1 710 398 761 523 114657 0 0 1 standing 
1 710 398 761 523 114658 0 0 1 standing 
1 710 398 761 523 114659 0 0 1 standing 
1 711 399 762 524 114660 0 0 0 standing 
1 715 399 768 524 114661 0 0 1 standing 
1 720 400 774 525 114662 0 0 1 standing 
1 724 401 780 525 114663 0 0 1 standing 
1 729 401 786 526 114664 0 0 1 standing 
1 734 402 793 527 114665 0 0 1 standing 
1 738 403 799 527 114666 0 0 1 standing 
1 743 403 805 528 114667 0 0 1 standing 
1 747 404 811 528 114668 0 0 1 standing 
1 752 405 817 529 114669 0 0 1 standing 
2 696 366 757 481 114650 0 0 0 standing 
2 700 366 761 481 114651 0 0 1 standing 
2 705 366 765 481 114652 0 0 1 standing 
2 709 366 769 481 114653 0 0 1 standing 
2 714 366 773 481 114654 0 0 1 standing 
2 718 367 777 481 114655 0 0 1 standing 
2 723 367 781 481 114656 0 0 1 standing 
2 727 367 785 482 114657 0 0 1 standing 
2 732 367 789 482 114658 0 0 1 standing 
2 736 367 793 482 114659 0 0 1 standing 
2 741 368 797 482 114660 0 0 1 standing 
2 745 368 801 482 114661 0 0 1 standing 
2 750 368 805 482 114662 0 0 1 standing 
2 754 368 809 482 114663 0 0 1 standing 
2 759 368 813 483 114664 0 0 1 standing 
2 763 369 817 483 114665 0 0 1 standing 
2 768 369 821 483 114666 0 0 1 standing 
2 772 369 825 483 114667 0 0 1 standing 
2 777 369 829 483 114668 0 0 1 standing 
2 781 369 833 483 114669 0 0 1 standing 
3 604 363 682 486 114650 0 0 0 standing 
3 605 362 682 485 114651 0 0 1 standing 
3 606 361 683 485 114652 0 0 1 standing 
3 608 360 683 485 114653 0 0 1 standing 
3 609 359 684 485 114654 0 0 1 standing 
3 611 358 684 485 114655 0 0 1 standing 
3 612 357 685 484 114656 0 0 1 standing 
3 613 356 685 484 114657 0 0 1 standing 
3 615 355 686 484 114658 0 0 1 standing 
3 616 354 686 484 114659 0 0 1 standing 
3 618 354 687 484 114660 0 0 0 standing 
3 624 354 694 483 114661 0 0 1 standing 
3 630 355 701 482 114662 0 0 1 standing 
3 636 356 708 482 114663 0 0 1 standing 
3 643 357 716 481 114664 0 0 1 standing 
3 649 358 723 481 114665 0 0 1 standing 
3 655 359 730 480 114666 0 0 1 standing 
3 662 360 738 479 114667 0 0 1 standing 
3 668 361 745 479 114668 0 0 1 standing 
3 674 362 752 478 114669 0 0 1 standing 
4 577 549 635 705 114650 0 0 0 standing 
4 579 550 638 705 114651 0 0 1 standing 
4 581 551 641 706 114652 0 0 1 standing 
4 584 553 644 707 114653 0 0 1 standing 
4 586 554 647 708 114654 0 0 1 standing 
4 589 556 650 709 114655 0 0 1 standing 
4 591 557 653 709 114656 0 0 1 standing 
4 593 558 656 710 114657 0 0 1 standing 
4 596 560 659 711 114658 0 0 1 standing 
4 598 561 662 712 114659 0 0 1 standing 
4 601 563 665 713 114660 0 0 0 standing 
4 606 561 673 711 114661 0 0 1 standing 
4 611 560 681 710 114662 0 0 1 standing 
4 616 558 689 708 114663 0 0 1 standing 
4 621 557 697 707 114664 0 0 1 standing 
4 627 556 705 705 114665 0 0 1 standing 
4 632 554 713 704 114666 0 0 1 standing 
4 637 553 721 702 114667 0 0 1 standing 
4 642 551 729 701 114668 0 0 1 standing 
4 647 550 737 699 114669 0 0 1 standing 
5 330 443 380 596 114650 0 0 0 standing 
5 332 441 382 594 114651 0 0 1 standing 
5 335 440 385 593 114652 0 0 1 standing 
5 338 439 388 592 114653 0 0 1 standing 
5 340 438 390 591 114654 0 0 1 standing 
5 343 437 393 590 114655 0 0 1 standing 
5 346 435 396 588 114656 0 0 1 standing 
5 348 434 398 587 114657 0 0 1 standing 
5 351 433 401 586 114658 0 0 1 standing 
5 354 432 404 585 114659 0 0 1 standing 
5 357 431 407 584 114660 0 0 0 standing 
5 367 431 415 583 114661 0 0 1 standing 
5 377 431 424 583 114662 0 0 1 standing 
5 387 431 433 583 114663 0 0 1 standing 
5 397 431 441 583 114664 0 0 1 standing 
5 407 431 450 583 114665 0 0 1 standing 
5 417 431 459 583 114666 0 0 1 standing 
5 427 431 467 583 114667 0 0 1 standing 
5 437 431 476 583 114668 0 0 1 standing 
5 447 431 485 583 114669 0 0 1 standing 
6 225 464 279 613 114650 0 0 0 standing 
6 227 464 280 613 114651 0 0 1 standing 
6 229 465 282 613 114652 0 0 1 standing 
6 231 465 284 614 114653 0 0 1 standing 
6 233 466 286 614 114654 0 0 1 standing 
6 236 466 288 615 114655 0 0 1 standing 
6 238 467 290 615 114656 0 0 1 standing 
6 240 467 292 615 114657 0 0 1 standing 
6 242 468 294 616 114658 0 0 1 standing 
6 244 468 296 616 114659 0 0 1 standing 
6 247 469 298 617 114660 0 0 0 standing 
6 257 468 308 616 114661 0 0 1 standing 
6 267 468 318 616 114662 0 0 1 standing 
6 277 468 328 616 114663 0 0 1 standing 
6 287 468 338 616 114664 0 0 1 standing 
6 298 468 349 616 114665 0 0 1 standing 
6 308 468 359 616 114666 0 0 1 standing 
6 318 468 369 616 114667 0 0 1 standing 
6 328 468 379 616 114668 0 0 1 standing 
6 338 468 389 616 114669 0 0 1 standing 
7 9 393 77 530 114650 0 0 0 standing 
7 8 391 75 528 114651 0 0 1 moving 
7 7 390 74 526 114652 0 0 1 moving 
7 6 388 72 525 114653 0 0 1 moving 
7 5 387 71 523 114654 0 0 1 moving 
7 4 385 69 522 114655 0 0 1 moving 
7 3 384 68 520 114656 0 0 1 moving 
7 2 382 66 518 114657 0 0 1 moving 
7 1 381 65 517 114658 0 0 1 moving 
7 0 379 63 515 114659 0 0 1 moving 
7 0 378 62 514 114660 0 0 0 moving 
7 3 377 67 512 114661 0 0 1 moving 
7 7 376 73 510 114662 0 0 1 moving 
7 11 375 79 508 114663 0 0 1 moving 
7 15 375 85 506 114664 0 0 1 moving 
7 19 374 91 504 114665 0 0 1 moving 
7 22 373 97 502 114666 0 0 1 moving 
7 26 373 103 500 114667 0 0 1 moving 
7 30 372 109 498 114668 0 0 1 moving 
7 34 371 115 496 114669 0 0 1 moving 
8 252 424 286 566 114650 0 0 0 moving 
8 253 424 287 566 114651 0 0 1 standing 
8 254 425 288 567 114652 0 0 1 standing 
8 256 425 290 567 114653 0 0 1 standing 
8 257 426 291 568 114654 0 0 1 standing 
8 259 426 293 568 114655 0 0 1 standing 
8 260 427 294 569 114656 0 0 1 standing 
8 261 427 295 569 114657 0 0 1 standing 
8 263 428 297 570 114658 0 0 1 standing 
8 264 428 298 570 114659 0 0 1 standing 
8 266 429 300 571 114660 0 0 0 standing 
8 274 430 308 572 114661 0 0 1 standing 
8 283 431 317 573 114662 0 0 1 standing 
8 292 432 326 574 114663 0 0 1 standing 
8 301 433 335 575 114664 0 0 1 standing 
8 310 434 344 576 114665 0 0 1 standing 
8 318 435 352 577 114666 0 0 1 standing 
8 327 436 361 578 114667 0 0 1 standing 
8 336 437 370 579 114668 0 0 1 standing 
8 345 438 379 580 114669 0 0 1 standing 
9 230 412 272 549 114650 0 0 0 standing 
9 231 412 273 549 114651 0 0 1 standing 
9 233 412 275 549 114652 0 0 1 standing 
9 235 413 277 550 114653 0 0 1 standing 
9 237 413 279 550 114654 0 0 1 standing 
9 239 414 281 551 114655 0 0 1 standing 
9 241 414 283 551 114656 0 0 1 standing 
9 243 414 285 551 114657 0 0 1 standing 
9 245 415 287 552 114658 0 0 1 standing 
9 247 415 289 552 114659 0 0 1 standing 
9 249 416 291 553 114660 0 0 0 standing 
9 258 416 300 553 114661 0 0 1 standing 
9 268 416 310 553 114662 0 0 1 standing 
9 278 416 320 553 114663 0 0 1 standing 
9 288 416 330 553 114664 0 0 1 standing 
9 298 417 340 554 114665 0 0 1 standing 
9 307 417 349 554 114666 0 0 1 standing 
9 317 417 359 554 114667 0 0 1 standing 
9 327 417 369 554 114668 0 0 1 standing 
9 337 417 379 554 114669 0 0 1 standing 
10 5 489 51 617 114650 1 0 1 standing 
10 5 489 50 617 114651 1 0 1 moving 
10 4 489 50 617 114652 1 0 1 moving 
10 4 489 49 617 114653 1 0 1 moving 
10 4 489 49 617 114654 1 0 1 moving 
10 4 490 49 617 114655 1 0 1 moving 
10 3 490 48 617 114656 1 0 1 moving 
10 3 490 48 617 114657 1 0 1 moving 
10 3 490 47 617 114658 1 0 1 moving 
10 2 490 47 617 114659 1 0 1 moving 
10 2 490 46 617 114660 1 0 1 moving 
10 2 490 46 617 114661 1 0 1 moving 
10 2 490 45 617 114662 1 0 1 moving 
10 1 490 45 617 114663 1 0 1 moving 
10 1 490 44 617 114664 1 0 1 moving 
10 1 490 44 617 114665 1 0 1 moving 
10 1 490 43 617 114666 1 0 1 moving 
10 0 490 43 617 114667 1 0 1 moving 
10 0 490 42 617 114668 1 0 1 moving 
10 0 490 42 617 114669 1 0 1 moving 
