0 331 432 388 584 30560 0 0 0 standing 
0 327 431 384 582 30561 0 0 1 standing 
0 323 430 380 581 30562 0 0 1 standing 
0 319 429 376 580 30563 0 0 1 standing 
0 315 428 372 579 30564 0 0 1 standing 
0 311 427 368 578 30565 0 0 1 standing 
0 307 426 364 577 30566 0 0 1 standing 
0 303 425 360 576 30567 0 0 1 standing 
0 299 424 356 575 30568 0 0 1 standing 
0 295 423 352 574 30569 0 0 1 standing 
0 291 422 348 573 30570 0 0 0 standing 
0 286 422 343 573 30571 0 0 1 standing 
0 281 422 338 573 30572 0 0 1 standing 
0 277 422 334 573 30573 0 0 1 standing 
0 272 423 329 574 30574 0 0 1 standing 
0 268 423 325 574 30575 0 0 1 standing 
0 263 423 320 574 30576 0 0 1 standing 
0 258 424 315 575 30577 0 0 1 standing 
0 254 424 311 575 30578 0 0 1 standing 
0 249 424 306 575 30579 0 0 1 standing 
1 231 488 352 557 30560 0 0 0 standing 
1 231 488 352 557 30561 0 0 1 falling 
1 231 488 352 557 30562 0 0 1 falling 
1 231 488 352 557 30563 0 0 1 falling 
1 231 488 352 557 30564 0 0 1 falling 
1 231 488 352 557 30565 0 0 1 falling 
1 231 488 352 557 30566 0 0 1 falling 
1 231 488 352 557 30567 0 0 1 falling 
1 231 488 352 557 30568 0 0 1 falling 
1 231 488 352 557 30569 0 0 1 falling 
1 231 488 352 557 30570 0 0 1 falling 
1 231 488 352 557 30571 0 0 1 falling 
1 231 488 352 557 30572 0 0 1 falling 
1 231 488 352 557 30573 0 0 1 falling 
1 231 488 352 557 30574 0 0 1 falling 
1 231 488 352 557 30575 0 0 1 falling 
1 231 488 352 557 30576 0 0 1 falling 
1 231 488 352 557 30577 0 0 1 falling 
1 231 488 352 557 30578 0 0 1 falling 
1 231 488 352 557 30579 0 0 1 falling 
2 462 473 517 653 30560 0 0 0 falling 
2 460 473 515 653 30561 0 0 1 standing 
2 459 473 514 653 30562 0 0 1 standing 
2 457 473 512 653 30563 0 0 1 standing 
2 456 473 511 653 30564 0 0 1 standing 
2 454 473 509 653 30565 0 0 1 standing 
2 453 473 508 653 30566 0 0 1 standing 
2 451 473 506 653 30567 0 0 1 standing 
2 450 473 505 653 30568 0 0 1 standing 
2 448 473 503 653 30569 0 0 1 standing 
2 447 473 502 654 30570 0 0 0 standing 
2 442 472 498 653 30571 0 0 1 standing 
2 438 472 494 653 30572 0 0 1 standing 
2 434 472 491 652 30573 0 0 1 standing 
2 430 471 487 652 30574 0 0 1 standing 
2 426 471 484 651 30575 0 0 1 standing 
2 421 471 480 651 30576 0 0 1 standing 
2 417 470 476 650 30577 0 0 1 standing 
2 413 470 473 650 30578 0 0 1 standing 
2 409 470 469 649 30579 0 0 1 standing 
3 410 327 459 456 30560 0 0 0 standing 
3 410 326 459 456 30561 0 0 1 standing 
3 410 326 459 456 30562 0 0 1 standing 
3 410 326 459 456 30563 0 0 1 standing 
3 411 326 459 456 30564 0 0 1 standing 
3 411 326 459 456 30565 0 0 1 standing 
3 411 326 459 456 30566 0 0 1 standing 
3 412 326 459 456 30567 0 0 1 standing 
3 412 326 459 456 30568 0 0 1 standing 
3 412 326 459 456 30569 0 0 1 standing 
3 413 326 460 456 30570 0 0 0 standing 
3 411 325 458 455 30571 0 0 1 standing 
3 409 325 456 455 30572 0 0 1 standing 
3 407 325 454 455 30573 0 0 1 standing 
3 405 325 452 455 30574 0 0 1 standing 
3 403 325 450 455 30575 0 0 1 standing 
3 401 324 448 454 30576 0 0 1 standing 
3 399 324 446 454 30577 0 0 1 standing 
3 397 324 444 454 30578 0 0 1 standing 
3 395 324 442 454 30579 0 0 1 standing 
4 783 427 837 587 30560 0 1 0 standing 
4 787 426 842 586 30561 0 1 1 standing 
4 792 425 848 585 30562 0 1 1 standing 
4 797 424 854 584 30563 0 1 1 standing 
4 802 423 859 583 30564 0 1 1 standing 
4 807 422 865 582 30565 0 1 1 standing 
4 811 421 871 581 30566 0 1 1 standing 
4 816 420 876 580 30567 0 1 1 standing 
4 821 419 882 579 30568 0 1 1 standing 
4 826 418 888 578 30569 0 1 1 standing 
4 831 418 894 577 30570 0 1 0 standing 
4 834 417 897 576 30571 0 1 1 standing 
4 837 416 901 575 30572 0 1 1 standing 
4 840 416 904 575 30573 0 1 1 standing 
4 844 415 908 574 30574 0 1 1 standing 
4 847 415 911 574 30575 0 1 1 standing 
4 850 414 915 573 30576 0 1 1 standing 
4 854 413 918 572 30577 0 1 1 standing 
4 857 413 922 572 30578 0 1 1 standing 
4 860 412 925 571 30579 0 1 1 standing 
5 922 395 986 540 30560 0 1 0 standing 
5 929 394 993 539 30561 0 1 1 standing 
5 936 393 1000 539 30562 0 1 1 standing 
5 943 393 1007 538 30563 0 1 1 standing 
5 950 392 1014 538 30564 0 1 1 standing 
5 957 392 1021 537 30565 0 1 1 standing 
5 964 391 1028 537 30566 0 1 1 standing 
5 971 390 1035 536 30567 0 1 1 standing 
5 978 390 1042 536 30568 0 1 1 standing 
5 985 389 1049 535 30569 0 1 1 standing 
5 992 389 1056 535 30570 0 1 0 standing 
5 992 388 1056 534 30571 0 1 1 standing 
5 992 387 1057 533 30572 0 1 1 standing 
5 993 386 1057 532 30573 0 1 1 standing 
5 993 386 1058 531 30574 0 1 1 standing 
5 994 385 1058 531 30575 0 1 1 standing 
5 994 384 1059 530 30576 0 1 1 standing 
5 994 384 1059 529 30577 0 1 1 standing 
5 995 383 1060 528 30578 0 1 1 standing 
5 995 382 1060 527 30579 0 1 1 standing 
6 1006 342 1058 471 30560 0 1 0 standing 
6 1010 342 1062 471 30561 0 1 1 standing 
6 1014 343 1066 472 30562 0 1 1 standing 
6 1018 343 1070 473 30563 0 1 1 standing 
6 1022 344 1074 473 30564 0 1 1 standing 
6 1026 344 1078 474 30565 0 1 1 standing 
6 1030 345 1082 475 30566 0 1 1 standing 
6 1034 345 1086 475 30567 0 1 1 standing 
6 1038 346 1090 476 30568 0 1 1 standing 
6 1042 346 1094 477 30569 0 1 1 standing 
6 1047 347 1099 478 30570 0 1 0 standing 
6 1045 347 1097 478 30571 0 1 1 standing 
6 1044 347 1096 478 30572 0 1 1 standing 
6 1043 347 1095 478 30573 0 1 1 standing 
6 1041 347 1093 478 30574 0 1 1 standing 
6 1040 347 1092 478 30575 0 1 1 standing 
6 1039 347 1091 478 30576 0 1 1 standing 
6 1037 347 1089 478 30577 0 1 1 standing 
6 1036 347 1088 478 30578 0 1 1 standing 
6 1035 347 1087 478 30579 0 1 1 standing 
7 325 387 384 522 30560 0 0 0 standing 
7 325 387 384 522 30561 0 0 1 standing 
7 326 387 385 522 30562 0 0 1 standing 
7 326 387 385 523 30563 0 0 1 standing 
7 327 387 386 523 30564 0 0 1 standing 
7 328 387 387 524 30565 0 0 1 standing 
7 328 387 387 524 30566 0 0 1 standing 
7 329 387 388 524 30567 0 0 1 standing 
7 329 387 388 525 30568 0 0 1 standing 
7 330 387 389 525 30569 0 0 1 standing 
7 331 388 390 526 30570 0 0 0 standing 
7 330 388 389 526 30571 0 0 1 standing 
7 329 388 388 526 30572 0 0 1 standing 
7 328 388 387 526 30573 0 0 1 standing 
7 328 388 387 526 30574 0 0 1 standing 
7 327 389 386 526 30575 0 0 1 standing 
7 326 389 385 526 30576 0 0 1 standing 
7 326 389 385 526 30577 0 0 1 standing 
7 325 389 384 526 30578 0 0 1 standing 
7 324 389 383 526 30579 0 0 1 standing 
8 556 429 607 613 30560 0 0 0 standing 
8 557 429 608 613 30561 0 0 1 standing 
8 558 429 609 613 30562 0 0 1 standing 
8 559 429 610 613 30563 0 0 1 standing 
8 560 429 611 614 30564 0 0 1 standing 
8 561 430 612 614 30565 0 0 1 standing 
8 562 430 613 614 30566 0 0 1 standing 
8 563 430 614 615 30567 0 0 1 standing 
8 564 430 615 615 30568 0 0 1 standing 
8 565 430 616 615 30569 0 0 1 standing 
8 566 431 617 616 30570 0 0 0 standing 
8 564 430 615 615 30571 0 0 1 standing 
8 563 429 614 614 30572 0 0 1 standing 
8 561 428 612 613 30573 0 0 1 standing 
8 560 428 611 613 30574 0 0 1 standing 
8 558 427 609 612 30575 0 0 1 standing 
8 557 426 608 611 30576 0 0 1 standing 
8 555 426 606 611 30577 0 0 1 standing 
8 554 425 605 610 30578 0 0 1 standing 
8 552 424 603 609 30579 0 0 1 standing 
9 753 396 808 537 30560 0 1 0 standing 
9 756 396 813 537 30561 0 1 1 standing 
9 759 396 818 538 30562 0 1 1 standing 
9 763 397 823 538 30563 0 1 1 standing 
9 766 397 828 539 30564 0 1 1 standing 
9 770 398 834 539 30565 0 1 1 standing 
9 773 398 839 540 30566 0 1 1 standing 
9 776 398 844 540 30567 0 1 1 standing 
9 780 399 849 541 30568 0 1 1 standing 
9 783 399 854 541 30569 0 1 1 standing 
9 787 400 860 542 30570 0 1 0 standing 
9 790 399 863 541 30571 0 1 1 standing 
9 794 398 867 540 30572 0 1 1 standing 
9 797 397 870 539 30573 0 1 1 standing 
9 801 396 874 538 30574 0 1 1 standing 
9 805 395 878 537 30575 0 1 1 standing 
9 808 394 881 536 30576 0 1 1 standing 
9 812 393 885 535 30577 0 1 1 standing 
9 815 392 888 534 30578 0 1 1 standing 
9 819 391 892 533 30579 0 1 1 standing 
10 808 371 861 507 30560 0 1 0 standing 
10 812 371 866 507 30561 0 1 1 standing 
10 817 372 871 508 30562 0 1 1 standing 
10 822 372 877 509 30563 0 1 1 standing 
10 827 373 882 509 30564 0 1 1 standing 
10 832 374 888 510 30565 0 1 1 standing 
10 836 374 893 511 30566 0 1 1 standing 
10 841 375 898 511 30567 0 1 1 standing 
10 846 375 904 512 30568 0 1 1 standing 
10 851 376 909 513 30569 0 1 1 standing 
10 856 377 915 514 30570 0 1 0 standing 
10 859 378 918 515 30571 0 1 1 standing 
10 863 379 922 516 30572 0 1 1 standing 
10 867 380 926 517 30573 0 1 1 standing 
10 870 381 929 518 30574 0 1 1 standing 
10 874 382 933 520 30575 0 1 1 standing 
10 878 383 937 521 30576 0 1 1 standing 
10 881 384 940 522 30577 0 1 1 standing 
10 885 385 944 523 30578 0 1 1 standing 
10 889 386 948 524 30579 0 1 1 standing 
11 1011 413 1080 555 30560 0 1 0 standing 
11 1012 413 1081 555 30561 0 1 1 standing 
11 1013 414 1082 556 30562 0 1 1 standing 
11 1014 414 1084 556 30563 0 1 1 standing 
11 1016 415 1085 557 30564 0 1 1 standing 
11 1017 415 1087 557 30565 0 1 1 standing 
11 1018 416 1088 558 30566 0 1 1 standing 
11 1020 417 1090 559 30567 0 1 0 standing 
11 1016 416 1086 558 30568 0 1 1 standing 
11 1012 416 1082 558 30569 0 1 1 standing 
11 1008 416 1079 558 30570 0 1 1 standing 
11 1005 415 1075 558 30571 0 1 1 standing 
11 1001 415 1071 557 30572 0 1 1 standing 
11 997 415 1068 557 30573 0 1 1 standing 
11 994 414 1064 557 30574 0 1 1 standing 
11 990 414 1061 557 30575 0 1 1 standing 
11 986 414 1057 556 30576 0 1 1 standing 
11 983 413 1053 556 30577 0 1 1 standing 
11 979 413 1050 556 30578 0 1 1 standing 
11 975 413 1046 556 30579 0 1 1 standing 
