0 812 496 893 666 64520 0 1 0 spiking 
0 812 487 893 657 64521 0 1 1 spiking 
0 813 479 894 649 64522 0 1 1 spiking 
0 814 470 894 641 64523 0 1 1 spiking 
0 815 462 895 633 64524 0 1 1 spiking 
0 816 454 895 625 64525 0 1 1 spiking 
0 816 445 896 616 64526 0 1 1 spiking 
0 817 437 896 608 64527 0 1 1 spiking 
0 818 428 897 600 64528 0 1 1 spiking 
0 819 420 897 592 64529 0 1 1 spiking 
0 820 412 898 584 64530 0 1 0 spiking 
0 823 418 908 584 64531 0 1 1 spiking 
0 826 424 918 584 64532 0 1 1 spiking 
0 830 431 928 584 64533 0 1 1 spiking 
0 833 437 938 584 64534 0 1 1 spiking 
0 837 444 949 584 64535 0 1 0 spiking 
0 839 450 944 588 64536 0 1 1 spiking 
0 841 456 940 593 64537 0 1 1 spiking 
0 843 462 935 598 64538 0 1 1 spiking 
0 846 468 931 603 64539 0 1 1 spiking 
1 639 469 699 613 64520 0 1 0 spiking 
1 646 459 706 611 64521 0 1 1 blocking 
1 654 449 714 609 64522 0 1 1 blocking 
1 662 439 721 607 64523 0 1 1 blocking 
1 670 429 729 606 64524 0 1 1 blocking 
1 678 419 736 604 64525 0 1 1 blocking 
1 686 409 744 602 64526 0 1 1 blocking 
1 694 400 752 601 64527 0 1 0 blocking 
1 702 398 760 599 64528 0 1 1 blocking 
1 710 396 768 597 64529 0 1 1 blocking 
1 718 394 777 595 64530 0 1 0 blocking 
1 726 392 784 595 64531 0 1 1 blocking 
1 734 391 792 595 64532 0 1 1 blocking 
1 742 389 800 596 64533 0 1 1 blocking 
1 750 388 808 596 64534 0 1 1 blocking 
1 758 387 816 597 64535 0 1 0 blocking 
1 766 395 824 597 64536 0 1 1 blocking 
1 774 404 832 597 64537 0 1 1 blocking 
1 782 412 840 597 64538 0 1 1 blocking 
1 790 421 848 597 64539 0 1 1 blocking 
2 647 493 702 640 64520 0 1 0 blocking 
2 654 483 709 636 64521 0 1 1 blocking 
2 662 474 717 633 64522 0 1 1 blocking 
2 670 465 724 629 64523 0 1 1 blocking 
2 677 456 732 626 64524 0 1 1 blocking 
2 685 447 740 622 64525 0 1 1 blocking 
2 693 437 747 619 64526 0 1 1 blocking 
2 700 428 755 615 64527 0 1 1 blocking 
2 708 419 762 612 64528 0 1 1 blocking 
2 716 410 770 608 64529 0 1 1 blocking 
2 724 401 778 605 64530 0 1 0 blocking 
2 727 405 788 603 64531 0 1 1 blocking 
2 730 409 799 602 64532 0 1 1 blocking 
2 733 413 810 600 64533 0 1 1 blocking 
2 736 417 821 599 64534 0 1 1 blocking 
2 740 422 832 598 64535 0 1 0 blocking 
2 741 429 834 602 64536 0 1 1 blocking 
2 742 436 836 607 64537 0 1 1 blocking 
2 744 443 838 611 64538 0 1 1 blocking 
2 745 450 840 616 64539 0 1 1 blocking 
3 777 442 845 565 64520 0 0 0 blocking 
3 781 441 844 564 64521 0 0 1 spiking 
3 785 440 843 563 64522 0 0 1 spiking 
3 790 439 843 563 64523 0 0 0 spiking 
3 795 438 847 565 64524 0 0 1 spiking 
3 800 437 852 567 64525 0 0 1 spiking 
3 805 437 857 569 64526 0 0 0 spiking 
3 811 435 863 567 64527 0 0 1 spiking 
3 817 433 869 565 64528 0 0 1 spiking 
3 823 431 875 564 64529 0 0 0 spiking 
3 825 431 883 563 64530 0 0 1 spiking 
3 827 431 891 563 64531 0 0 1 spiking 
3 829 431 899 563 64532 0 0 0 spiking 
3 835 436 909 568 64533 0 0 1 spiking 
3 841 442 919 573 64534 0 0 1 spiking 
3 848 448 930 578 64535 0 0 0 spiking 
3 854 449 936 578 64536 0 0 1 spiking 
3 860 450 942 578 64537 0 0 1 spiking 
3 867 452 949 579 64538 0 0 1 spiking 
3 873 453 955 579 64539 0 0 1 spiking 
4 906 503 964 634 64520 0 0 0 spiking 
4 905 505 962 630 64521 0 0 1 standing 
4 905 507 960 626 64522 0 0 1 standing 
4 905 509 958 623 64523 0 0 0 standing 
4 907 509 963 622 64524 0 0 1 standing 
4 910 509 968 622 64525 0 0 1 standing 
4 913 509 973 622 64526 0 0 0 standing 
4 918 507 979 622 64527 0 0 1 standing 
4 923 506 985 622 64528 0 0 1 standing 
4 928 505 991 622 64529 0 0 0 standing 
4 936 503 999 621 64530 0 0 1 standing 
4 944 501 1007 621 64531 0 0 1 standing 
4 952 500 1015 621 64532 0 0 0 standing 
4 961 500 1021 622 64533 0 0 1 standing 
4 970 500 1027 623 64534 0 0 1 standing 
4 979 500 1033 624 64535 0 0 0 standing 
4 987 497 1040 624 64536 0 0 1 standing 
4 996 495 1047 625 64537 0 0 1 standing 
4 1005 492 1054 625 64538 0 0 1 standing 
4 1014 490 1061 626 64539 0 0 1 standing 
5 990 478 1066 591 64520 0 0 0 standing 
5 996 478 1072 591 64521 0 0 1 standing 
5 1002 478 1078 591 64522 0 0 1 standing 
5 1008 478 1084 591 64523 0 0 0 standing 
5 1014 478 1090 591 64524 0 0 1 standing 
5 1020 478 1096 591 64525 0 0 1 standing 
5 1026 479 1102 592 64526 0 0 0 standing 
5 1034 479 1110 592 64527 0 0 1 standing 
5 1042 479 1118 593 64528 0 0 1 standing 
5 1050 480 1126 594 64529 0 0 0 standing 
5 1057 478 1134 593 64530 0 0 1 standing 
5 1065 476 1142 593 64531 0 0 1 standing 
5 1073 475 1150 593 64532 0 0 0 standing 
5 1083 476 1158 594 64533 0 0 1 standing 
5 1093 477 1166 596 64534 0 0 1 standing 
5 1103 479 1174 598 64535 0 0 0 standing 
5 1109 481 1181 598 64536 0 0 1 standing 
5 1116 483 1188 598 64537 0 0 1 standing 
5 1122 486 1196 598 64538 0 0 1 standing 
5 1129 488 1203 598 64539 0 0 1 standing 
6 882 383 936 503 64520 0 0 0 standing 
6 880 385 935 506 64521 0 0 1 standing 
6 879 387 934 510 64522 0 0 1 standing 
6 878 389 933 514 64523 0 0 0 standing 
6 879 389 933 513 64524 0 0 1 standing 
6 880 390 934 513 64525 0 0 1 standing 
6 881 390 935 513 64526 0 0 1 standing 
6 882 391 935 513 64527 0 0 1 standing 
6 883 391 936 513 64528 0 0 1 standing 
6 885 392 937 513 64529 0 0 0 standing 
6 890 393 940 515 64530 0 0 1 standing 
6 895 394 943 517 64531 0 0 1 standing 
6 901 395 947 520 64532 0 0 0 standing 
6 903 397 952 522 64533 0 0 1 standing 
6 905 400 957 525 64534 0 0 1 standing 
6 908 403 963 528 64535 0 0 0 standing 
6 911 405 966 529 64536 0 0 1 standing 
6 915 407 969 530 64537 0 0 1 standing 
6 919 409 973 531 64538 0 0 1 standing 
6 923 411 976 532 64539 0 0 1 standing 
7 1143 479 1199 617 64520 0 0 0 standing 
7 1149 482 1203 621 64521 0 0 1 standing 
7 1155 485 1207 626 64522 0 0 1 standing 
7 1161 488 1212 631 64523 0 0 0 standing 
7 1168 491 1219 634 64524 0 0 1 standing 
7 1175 495 1226 637 64525 0 0 1 standing 
7 1183 499 1234 640 64526 0 0 0 standing 
7 1190 498 1241 640 64527 0 0 1 standing 
7 1197 497 1248 640 64528 0 0 1 standing 
7 1204 497 1255 640 64529 0 0 0 standing 
7 1212 497 1262 640 64530 0 0 1 standing 
7 1220 497 1269 640 64531 0 0 1 standing 
7 1229 497 1276 641 64532 0 0 0 standing 
7 1237 498 1276 636 64533 0 0 1 standing 
7 1245 500 1277 631 64534 0 0 1 standing 
7 1254 502 1278 626 64535 1 0 0 standing 
7 1254 502 1278 626 64536 1 0 1 standing 
7 1254 502 1278 626 64537 1 0 1 standing 
7 1254 502 1278 626 64538 1 0 0 standing 
7 1254 502 1278 626 64539 1 0 1 standing 
8 357 425 417 515 64520 0 0 0 standing 
8 363 424 433 514 64521 0 0 1 standing 
8 369 424 449 513 64522 0 0 1 standing 
8 375 424 465 513 64523 0 0 0 standing 
8 388 421 473 511 64524 0 0 1 standing 
8 401 418 481 510 64525 0 0 1 standing 
8 415 415 490 509 64526 0 0 0 standing 
8 435 413 500 509 64527 0 0 1 standing 
8 455 411 510 509 64528 0 0 1 standing 
8 475 409 521 509 64529 0 0 0 standing 
8 485 409 533 510 64530 0 0 1 standing 
8 496 409 546 512 64531 0 0 1 standing 
8 507 409 559 514 64532 0 0 0 standing 
8 514 409 572 513 64533 0 0 1 standing 
8 521 409 585 512 64534 0 0 1 standing 
8 529 410 599 511 64535 0 0 0 standing 
8 539 411 607 511 64536 0 0 1 standing 
8 549 413 615 511 64537 0 0 1 standing 
8 559 414 623 511 64538 0 0 1 standing 
8 569 416 631 511 64539 0 0 1 standing 
9 176 546 261 661 64520 0 0 0 standing 
9 182 543 269 660 64521 0 0 1 moving 
9 188 541 277 659 64522 0 0 1 moving 
9 194 539 285 659 64523 0 0 0 moving 
9 204 537 296 659 64524 0 0 1 moving 
9 214 536 308 659 64525 0 0 1 moving 
9 225 535 320 659 64526 0 0 0 moving 
9 244 533 331 657 64527 0 0 1 moving 
9 263 531 342 655 64528 0 0 1 moving 
9 283 529 353 653 64529 0 0 0 moving 
9 302 526 364 650 64530 0 0 1 moving 
9 321 523 375 648 64531 0 0 1 moving 
9 340 521 387 646 64532 0 0 0 moving 
9 351 521 405 646 64533 0 0 1 moving 
9 362 522 424 646 64534 0 0 1 moving 
9 373 523 443 647 64535 0 0 0 moving 
9 384 520 455 644 64536 0 0 1 moving 
9 395 518 467 642 64537 0 0 1 moving 
9 406 515 480 639 64538 0 0 1 moving 
9 417 513 492 637 64539 0 0 1 moving 
10 43 463 122 588 64520 0 0 0 moving 
10 48 464 126 587 64521 0 0 1 standing 
10 54 465 131 586 64522 0 0 1 standing 
10 60 466 136 585 64523 0 0 0 standing 
10 67 466 140 584 64524 0 0 1 standing 
10 75 466 145 584 64525 0 0 1 standing 
10 83 466 150 584 64526 0 0 0 standing 
10 91 465 158 583 64527 0 0 1 standing 
10 99 464 166 582 64528 0 0 1 standing 
10 107 463 174 581 64529 0 0 0 standing 
10 113 462 181 580 64530 0 0 1 standing 
10 119 461 188 580 64531 0 0 1 standing 
10 125 461 196 580 64532 0 0 0 standing 
10 132 461 203 578 64533 0 0 1 standing 
10 140 461 210 576 64534 0 0 1 standing 
10 148 461 218 575 64535 0 0 0 standing 
10 156 460 226 574 64536 0 0 1 standing 
10 164 460 234 573 64537 0 0 1 standing 
10 172 459 242 573 64538 0 0 1 standing 
10 180 459 250 572 64539 0 0 1 standing 
