0 734 475 820 606 52800 1 0 1 setting 
0 734 475 820 606 52801 0 0 0 setting 
0 730 461 812 601 52802 0 0 1 setting 
0 726 447 805 596 52803 0 0 1 setting 
0 722 433 797 591 52804 0 0 1 setting 
0 719 420 790 586 52805 0 1 0 setting 
0 712 419 782 585 52806 0 1 1 setting 
0 705 419 775 584 52807 0 1 1 setting 
0 698 419 767 583 52808 0 1 1 setting 
0 691 418 760 582 52809 0 1 1 setting 
0 684 418 752 581 52810 0 1 1 setting 
0 678 418 745 581 52811 0 1 0 setting 
0 671 424 738 584 52812 0 1 1 setting 
0 664 431 731 588 52813 0 1 1 setting 
0 657 438 724 592 52814 0 1 1 setting 
0 650 445 717 596 52815 0 1 1 setting 
0 643 452 710 599 52816 0 1 1 setting 
0 636 459 703 603 52817 0 1 1 setting 
0 629 466 696 607 52818 0 1 1 setting 
0 622 473 689 611 52819 0 1 1 setting 
1 752 433 821 568 52800 1 0 1 setting 
1 752 433 821 568 52801 0 0 0 setting 
1 746 432 814 565 52802 0 0 1 setting 
1 740 431 808 563 52803 0 0 1 setting 
1 734 430 802 560 52804 0 0 1 setting 
1 728 430 796 558 52805 0 1 0 setting 
1 720 428 788 558 52806 0 1 1 setting 
1 712 426 780 558 52807 0 1 1 setting 
1 705 425 772 558 52808 0 1 0 setting 
1 696 413 763 556 52809 0 1 1 setting 
1 688 401 755 555 52810 0 1 1 setting 
1 679 389 746 554 52811 0 1 1 setting 
1 671 377 738 553 52812 0 1 0 setting 
1 663 371 730 552 52813 0 1 1 setting 
1 655 366 722 551 52814 0 1 1 setting 
1 647 361 714 550 52815 0 1 0 setting 
1 639 362 706 546 52816 0 1 1 setting 
1 631 363 698 542 52817 0 1 1 setting 
1 623 365 690 538 52818 0 1 1 setting 
1 615 366 682 534 52819 0 1 1 setting 
2 644 375 722 483 52800 0 1 0 setting 
2 636 373 714 481 52801 0 1 1 moving 
2 628 372 707 480 52802 0 1 1 moving 
2 620 371 700 478 52803 0 1 1 moving 
2 612 370 693 477 52804 0 1 0 moving 
2 606 368 687 476 52805 0 1 1 moving 
2 601 367 681 475 52806 0 1 1 moving 
2 596 366 675 474 52807 0 1 1 moving 
2 590 364 669 473 52808 0 1 1 moving 
2 585 363 663 472 52809 0 1 1 moving 
2 580 362 658 471 52810 0 1 0 moving 
2 574 361 652 470 52811 0 1 1 moving 
2 568 360 646 469 52812 0 1 1 moving 
2 562 359 641 468 52813 0 1 1 moving 
2 557 358 635 467 52814 0 1 1 moving 
2 551 357 630 466 52815 0 1 1 moving 
2 545 356 624 465 52816 0 1 1 moving 
2 540 355 618 464 52817 0 1 1 moving 
2 534 354 613 463 52818 0 1 1 moving 
2 528 353 607 462 52819 0 1 1 moving 
3 575 454 645 579 52800 1 0 1 moving 
3 574 454 643 579 52801 1 0 1 standing 
3 574 454 641 579 52802 0 0 0 standing 
3 565 451 633 576 52803 0 0 1 standing 
3 556 448 626 574 52804 0 0 1 standing 
3 547 445 619 572 52805 0 0 0 standing 
3 541 443 611 570 52806 0 0 1 standing 
3 535 441 603 569 52807 0 0 1 standing 
3 529 439 595 567 52808 0 0 1 standing 
3 524 438 587 566 52809 0 0 1 standing 
3 518 436 579 564 52810 0 0 1 standing 
3 512 434 571 563 52811 0 0 1 standing 
3 507 433 564 562 52812 0 0 0 standing 
3 500 432 559 560 52813 0 0 1 standing 
3 494 431 555 559 52814 0 0 1 standing 
3 488 430 550 558 52815 0 0 1 standing 
3 482 429 546 557 52816 0 0 1 standing 
3 475 428 542 555 52817 0 0 1 standing 
3 469 427 537 554 52818 0 0 1 standing 
3 463 426 533 553 52819 0 0 1 standing 
4 351 449 450 560 52800 1 0 1 standing 
4 351 449 450 560 52801 0 0 0 standing 
4 353 446 453 557 52802 0 0 1 standing 
4 355 443 457 554 52803 0 0 1 standing 
4 358 440 460 552 52804 0 0 1 standing 
4 360 437 464 549 52805 0 0 1 standing 
4 362 434 467 547 52806 0 0 1 standing 
4 365 431 471 544 52807 0 0 1 standing 
4 367 428 474 542 52808 0 0 1 standing 
4 369 425 478 539 52809 0 0 1 standing 
4 372 422 481 537 52810 0 0 1 standing 
4 374 419 485 534 52811 0 0 1 standing 
4 377 417 489 532 52812 0 1 0 standing 
4 378 418 486 534 52813 0 1 1 standing 
4 380 420 484 537 52814 0 1 1 standing 
4 382 421 482 539 52815 0 1 1 standing 
4 384 423 480 542 52816 0 1 0 standing 
4 386 421 478 540 52817 0 1 1 standing 
4 389 419 476 539 52818 0 1 1 standing 
4 392 417 474 538 52819 0 1 1 standing 
5 364 481 473 609 52800 1 0 1 standing 
5 364 481 473 609 52801 0 0 0 moving 
5 359 482 467 610 52802 0 0 1 moving 
5 354 484 461 612 52803 0 0 1 moving 
5 349 485 455 614 52804 0 0 1 moving 
5 344 487 449 615 52805 0 0 1 moving 
5 339 488 443 617 52806 0 0 1 moving 
5 335 490 438 619 52807 0 0 1 moving 
5 330 491 432 620 52808 0 0 1 moving 
5 325 493 426 622 52809 0 0 1 moving 
5 320 494 420 624 52810 0 0 1 moving 
5 315 496 414 625 52811 0 0 1 moving 
5 310 497 408 627 52812 0 0 1 moving 
5 306 499 403 629 52813 0 1 0 moving 
5 299 496 402 627 52814 0 1 1 moving 
5 292 494 402 625 52815 0 1 1 moving 
5 286 492 402 624 52816 0 1 0 moving 
5 292 494 401 627 52817 0 1 1 moving 
5 298 496 400 630 52818 0 1 1 moving 
5 304 498 399 633 52819 0 1 1 moving 
6 1211 418 1279 515 52800 1 0 1 moving 
6 1211 418 1279 515 52801 0 0 0 standing 
6 1202 419 1270 517 52802 0 0 1 standing 
6 1193 421 1261 520 52803 0 0 1 standing 
6 1184 422 1253 523 52804 0 0 1 standing 
6 1176 424 1244 526 52805 0 0 1 standing 
6 1167 425 1236 529 52806 0 0 1 standing 
6 1158 427 1227 531 52807 0 0 1 standing 
6 1149 428 1219 534 52808 0 0 1 standing 
6 1141 430 1210 537 52809 0 0 1 standing 
6 1132 431 1202 540 52810 0 0 1 standing 
6 1123 433 1193 543 52811 0 0 1 standing 
6 1115 435 1185 546 52812 0 0 0 standing 
6 1112 435 1184 547 52813 0 0 1 standing 
6 1109 436 1183 548 52814 0 0 1 standing 
6 1106 437 1182 549 52815 0 0 1 standing 
6 1103 438 1181 550 52816 0 0 1 standing 
6 1100 439 1180 551 52817 0 0 1 standing 
6 1097 440 1179 552 52818 0 0 1 standing 
6 1094 441 1178 553 52819 0 0 1 standing 
7 1149 475 1234 622 52800 1 0 1 standing 
7 1149 475 1234 622 52801 0 0 0 standing 
7 1139 475 1222 621 52802 0 0 1 standing 
7 1129 476 1211 621 52803 0 0 1 standing 
7 1119 476 1199 621 52804 0 0 1 standing 
7 1109 477 1188 621 52805 0 0 1 standing 
7 1099 477 1177 621 52806 0 0 1 standing 
7 1089 478 1165 621 52807 0 0 1 standing 
7 1080 478 1154 621 52808 0 0 1 standing 
7 1070 479 1142 621 52809 0 0 1 standing 
7 1060 479 1131 621 52810 0 0 1 standing 
7 1050 480 1120 621 52811 0 0 1 standing 
7 1040 480 1108 621 52812 0 0 1 standing 
7 1030 481 1097 621 52813 0 0 1 standing 
7 1021 482 1086 621 52814 0 0 0 standing 
7 1015 482 1080 621 52815 0 0 1 standing 
7 1009 483 1075 622 52816 0 0 1 standing 
7 1004 484 1070 623 52817 0 0 1 standing 
7 998 485 1064 623 52818 0 0 1 standing 
7 992 486 1059 624 52819 0 0 1 standing 
8 1032 393 1122 520 52800 0 0 0 standing 
8 1027 392 1115 519 52801 0 0 1 digging 
8 1022 392 1109 519 52802 0 0 1 digging 
8 1017 391 1102 519 52803 0 0 1 digging 
8 1013 391 1096 519 52804 0 0 0 digging 
8 1009 392 1091 518 52805 0 0 1 digging 
8 1006 393 1086 518 52806 0 0 1 digging 
8 1002 394 1081 518 52807 0 0 1 digging 
8 999 396 1077 518 52808 0 0 1 digging 
8 995 397 1072 518 52809 0 0 1 digging 
8 992 398 1067 518 52810 0 0 1 digging 
8 988 399 1062 518 52811 0 0 1 digging 
8 985 401 1058 518 52812 0 0 0 digging 
8 980 401 1052 517 52813 0 0 1 digging 
8 975 401 1047 516 52814 0 0 1 digging 
8 970 401 1041 515 52815 0 0 1 digging 
8 965 401 1036 515 52816 0 0 1 digging 
8 960 401 1030 514 52817 0 0 1 digging 
8 955 401 1025 513 52818 0 0 1 digging 
8 950 401 1019 512 52819 0 0 1 digging 
9 848 421 914 543 52800 1 0 1 digging 
9 848 421 914 543 52801 0 0 0 blocking 
9 840 420 905 541 52802 0 0 1 blocking 
9 832 419 896 540 52803 0 0 1 blocking 
9 825 418 887 539 52804 0 0 1 blocking 
9 817 417 878 538 52805 0 0 1 blocking 
9 809 416 869 536 52806 0 0 1 blocking 
9 802 415 860 535 52807 0 0 1 blocking 
9 794 414 851 534 52808 0 0 1 blocking 
9 786 413 842 533 52809 0 0 1 blocking 
9 779 412 834 532 52810 0 0 0 blocking 
9 769 408 825 529 52811 0 0 1 blocking 
9 760 405 817 527 52812 0 0 1 blocking 
9 751 402 809 525 52813 0 0 1 blocking 
9 741 399 801 523 52814 0 0 1 blocking 
9 732 396 793 521 52815 0 0 1 blocking 
9 723 392 784 519 52816 0 0 1 blocking 
9 713 389 776 517 52817 0 0 1 blocking 
9 704 386 768 515 52818 0 0 1 blocking 
9 695 383 760 513 52819 0 0 1 blocking 
10 868 446 966 579 52800 1 0 1 blocking 
10 868 446 966 579 52801 0 0 0 standing 
10 862 442 957 576 52802 0 0 1 standing 
10 857 439 949 573 52803 0 0 1 standing 
10 852 435 941 570 52804 0 0 1 standing 
10 847 432 932 567 52805 0 0 1 standing 
10 841 428 924 564 52806 0 0 1 standing 
10 836 425 916 561 52807 0 0 1 standing 
10 831 421 907 558 52808 0 0 1 standing 
10 826 418 899 555 52809 0 0 1 standing 
10 821 415 891 552 52810 0 0 0 standing 
10 813 414 882 550 52811 0 0 1 standing 
10 805 413 874 548 52812 0 0 1 standing 
10 797 413 866 546 52813 0 0 0 standing 
10 787 410 855 542 52814 0 0 1 standing 
10 778 407 844 538 52815 0 0 1 standing 
10 768 404 834 534 52816 0 0 1 standing 
10 759 401 823 531 52817 0 0 1 standing 
10 750 398 812 527 52818 0 0 1 standing 
10 740 395 802 523 52819 0 0 1 standing 
11 843 486 905 613 52800 1 0 1 standing 
11 843 486 905 613 52801 0 0 0 blocking 
11 834 482 896 612 52802 0 0 1 blocking 
11 826 479 887 611 52803 0 0 1 blocking 
11 817 475 879 610 52804 0 0 1 blocking 
11 809 472 870 609 52805 0 0 1 blocking 
11 800 468 862 609 52806 0 0 1 blocking 
11 792 465 853 608 52807 0 0 1 blocking 
11 783 461 845 607 52808 0 0 1 blocking 
11 775 458 836 606 52809 0 0 1 blocking 
11 767 455 828 606 52810 0 0 0 blocking 
11 759 457 820 608 52811 0 0 1 blocking 
11 752 459 813 610 52812 0 0 1 blocking 
11 745 461 806 612 52813 0 0 1 blocking 
11 737 463 798 614 52814 0 0 1 blocking 
11 730 465 791 616 52815 0 0 1 blocking 
11 723 467 784 618 52816 0 0 1 blocking 
11 715 469 776 620 52817 0 0 1 blocking 
11 708 471 769 622 52818 0 0 1 blocking 
11 701 473 762 624 52819 0 0 1 blocking 
