0 1175 357 1245 524 20570 0 0 0 standing 
0 1170 358 1239 525 20571 0 0 1 standing 
0 1165 359 1234 526 20572 0 0 1 standing 
0 1160 360 1229 527 20573 0 0 1 standing 
0 1155 361 1224 528 20574 0 0 0 standing 
0 1152 362 1222 528 20575 0 0 1 standing 
0 1150 364 1220 529 20576 0 0 1 standing 
0 1148 366 1218 529 20577 0 0 1 standing 
0 1146 368 1217 530 20578 0 0 0 standing 
0 1141 368 1213 529 20579 0 0 1 standing 
0 1137 368 1209 528 20580 0 0 1 standing 
0 1133 368 1206 528 20581 0 0 0 standing 
0 1114 370 1187 530 20582 0 0 1 standing 
0 1095 373 1169 532 20583 0 0 1 standing 
0 1076 376 1151 534 20584 0 0 1 standing 
0 1057 379 1133 536 20585 0 0 1 standing 
0 1039 382 1115 539 20586 0 0 0 standing 
0 1037 381 1113 537 20587 0 0 1 standing 
0 1035 381 1112 535 20588 0 0 1 standing 
0 1033 380 1110 534 20589 0 0 1 standing 
1 1015 320 1080 471 20570 0 0 0 standing 
1 1009 322 1074 472 20571 0 0 1 standing 
1 1003 324 1069 473 20572 0 0 1 standing 
1 997 326 1063 475 20573 0 0 1 standing 
1 991 328 1058 476 20574 0 0 1 standing 
1 986 331 1053 478 20575 0 0 0 standing 
1 977 330 1048 477 20576 0 0 1 standing 
1 968 330 1043 477 20577 0 0 1 standing 
1 959 330 1038 476 20578 0 0 1 standing 
1 951 330 1034 476 20579 0 0 0 standing 
1 938 331 1020 476 20580 0 0 1 standing 
1 926 332 1006 476 20581 0 0 1 standing 
1 914 334 992 477 20582 0 0 0 standing 
1 895 335 972 477 20583 0 0 1 standing 
1 877 336 952 477 20584 0 0 1 standing 
1 859 337 932 477 20585 0 0 1 standing 
1 841 338 912 477 20586 0 0 1 standing 
1 823 340 892 478 20587 0 0 0 standing 
1 823 340 892 478 20588 0 0 1 standing 
1 823 340 892 478 20589 0 0 1 standing 
2 1106 437 1194 606 20570 0 0 0 standing 
2 1103 437 1188 604 20571 0 0 1 waiting 
2 1101 438 1182 603 20572 0 0 1 waiting 
2 1099 439 1177 602 20573 0 0 1 waiting 
2 1097 440 1171 601 20574 0 0 1 waiting 
2 1095 441 1166 600 20575 0 0 0 waiting 
2 1088 441 1161 599 20576 0 0 1 waiting 
2 1081 441 1156 598 20577 0 0 1 waiting 
2 1074 441 1152 598 20578 0 0 0 waiting 
2 1061 444 1140 596 20579 0 0 1 waiting 
2 1049 448 1129 595 20580 0 0 1 waiting 
2 1037 451 1117 594 20581 0 0 1 waiting 
2 1025 455 1106 593 20582 0 0 0 waiting 
2 1007 451 1090 591 20583 0 0 1 waiting 
2 990 447 1074 589 20584 0 0 1 waiting 
2 973 443 1059 587 20585 0 0 1 waiting 
2 955 439 1043 585 20586 0 0 1 waiting 
2 938 435 1028 583 20587 0 0 1 waiting 
2 921 431 1012 581 20588 0 0 1 waiting 
2 904 428 997 579 20589 0 0 0 waiting 
3 749 308 811 460 20570 0 0 0 waiting 
3 737 307 804 459 20571 0 0 1 blocking 
3 726 307 797 458 20572 0 0 1 blocking 
3 715 306 790 457 20573 0 0 1 blocking 
3 704 306 784 456 20574 0 0 0 blocking 
3 699 307 778 457 20575 0 0 1 blocking 
3 694 308 773 458 20576 0 0 1 blocking 
3 689 310 768 459 20577 0 0 0 blocking 
3 685 309 764 458 20578 0 0 1 blocking 
3 682 309 760 458 20579 0 0 1 blocking 
3 679 309 756 458 20580 0 0 0 blocking 
3 661 308 737 457 20581 0 0 1 blocking 
3 644 307 719 456 20582 0 0 1 blocking 
3 627 306 701 455 20583 0 0 1 blocking 
3 609 306 682 455 20584 0 0 1 blocking 
3 592 305 664 454 20585 0 0 1 blocking 
3 575 304 646 453 20586 0 0 1 blocking 
3 558 304 628 453 20587 0 0 0 blocking 
3 560 303 633 451 20588 0 0 1 blocking 
3 563 302 638 450 20589 0 0 1 blocking 
4 724 358 786 503 20570 0 1 0 blocking 
4 714 347 777 499 20571 0 1 1 blocking 
4 705 336 769 496 20572 0 1 1 blocking 
4 696 325 761 492 20573 0 1 1 blocking 
4 687 314 753 489 20574 0 1 1 blocking 
4 677 303 744 486 20575 0 1 1 blocking 
4 668 292 736 482 20576 0 1 1 blocking 
4 659 281 728 479 20577 0 1 1 blocking 
4 650 270 720 476 20578 0 1 0 blocking 
4 641 267 711 472 20579 0 1 1 blocking 
4 633 265 703 469 20580 0 1 1 blocking 
4 625 263 695 466 20581 0 1 0 blocking 
4 610 264 676 465 20582 0 1 1 blocking 
4 596 266 658 464 20583 0 1 1 blocking 
4 581 267 640 463 20584 0 1 1 blocking 
4 567 269 622 462 20585 0 1 1 blocking 
4 552 270 604 461 20586 0 1 1 blocking 
4 538 272 586 461 20587 0 1 0 blocking 
4 536 276 585 462 20588 0 1 1 blocking 
4 535 280 585 463 20589 0 1 1 blocking 
5 718 413 810 583 20570 0 0 0 blocking 
5 713 413 805 583 20571 0 0 1 standing 
5 709 413 801 583 20572 0 0 1 standing 
5 705 413 797 583 20573 0 0 1 standing 
5 701 413 793 583 20574 0 0 1 standing 
5 697 413 789 583 20575 0 0 0 standing 
5 686 414 780 583 20576 0 0 1 standing 
5 676 415 772 583 20577 0 0 1 standing 
5 666 417 764 583 20578 0 0 1 standing 
5 656 418 756 583 20579 0 0 1 standing 
5 645 420 748 583 20580 0 0 1 standing 
5 635 421 740 583 20581 0 0 1 standing 
5 625 423 731 584 20582 0 0 1 standing 
5 615 424 723 584 20583 0 0 1 standing 
5 604 426 715 584 20584 0 0 1 standing 
5 594 427 707 584 20585 0 0 1 standing 
5 584 429 699 584 20586 0 0 1 standing 
5 574 430 691 584 20587 0 0 1 standing 
5 564 432 683 585 20588 0 0 0 standing 
5 573 430 687 585 20589 0 0 1 standing 
6 606 260 680 441 20570 0 1 0 standing 
6 602 260 677 439 20571 0 1 1 spiking 
6 599 260 674 438 20572 0 1 1 spiking 
6 595 260 672 437 20573 0 1 1 spiking 
6 592 260 669 436 20574 0 1 1 spiking 
6 588 260 667 434 20575 0 1 1 spiking 
6 585 260 664 433 20576 0 1 1 spiking 
6 581 260 662 432 20577 0 1 1 spiking 
6 578 260 659 431 20578 0 1 1 spiking 
6 575 261 657 430 20579 0 1 0 spiking 
6 559 269 639 437 20580 0 1 1 spiking 
6 543 278 622 444 20581 0 1 1 spiking 
6 527 287 605 452 20582 0 1 1 spiking 
6 512 296 588 459 20583 0 1 1 spiking 
6 496 305 571 466 20584 0 1 1 spiking 
6 480 314 554 474 20585 0 1 1 spiking 
6 464 323 537 481 20586 0 1 1 spiking 
6 449 332 520 489 20587 0 1 0 spiking 
6 449 333 518 489 20588 0 1 1 spiking 
6 450 334 517 489 20589 0 1 1 spiking 
7 444 281 525 415 20570 0 0 0 spiking 
7 440 280 527 413 20571 0 0 1 moving 
7 437 279 529 411 20572 0 0 1 moving 
7 434 278 531 409 20573 0 0 1 moving 
7 431 278 533 408 20574 0 0 0 moving 
7 435 278 536 408 20575 0 0 1 moving 
7 439 278 540 408 20576 0 0 1 moving 
7 443 279 544 408 20577 0 0 0 moving 
7 435 280 534 410 20578 0 0 1 moving 
7 427 281 524 412 20579 0 0 1 moving 
7 419 283 514 414 20580 0 0 1 moving 
7 412 284 504 417 20581 0 0 1 moving 
7 404 285 494 419 20582 0 0 1 moving 
7 396 287 484 421 20583 0 0 1 moving 
7 388 288 474 423 20584 0 0 1 moving 
7 381 289 464 426 20585 0 0 1 moving 
7 373 291 454 428 20586 0 0 1 moving 
7 365 292 444 430 20587 0 0 1 moving 
7 358 294 435 433 20588 0 0 0 moving 
7 362 293 440 432 20589 0 0 1 moving 
8 589 363 655 542 20570 0 0 0 moving 
8 580 374 649 546 20571 0 0 1 standing 
8 572 385 643 551 20572 0 0 1 standing 
8 563 397 637 556 20573 0 0 1 standing 
8 555 408 631 560 20574 0 0 1 standing 
8 546 419 625 565 20575 0 0 1 standing 
8 538 431 620 570 20576 0 0 0 standing 
8 522 432 613 568 20577 0 0 1 standing 
8 507 433 607 567 20578 0 0 1 standing 
8 492 435 601 566 20579 0 0 0 standing 
8 476 436 583 565 20580 0 0 1 standing 
8 461 437 565 564 20581 0 0 1 standing 
8 446 439 548 564 20582 0 0 1 standing 
8 430 440 530 563 20583 0 0 1 standing 
8 415 442 513 562 20584 0 0 1 standing 
8 400 443 495 562 20585 0 0 1 standing 
8 384 445 478 561 20586 0 0 1 standing 
8 369 446 460 560 20587 0 0 1 standing 
8 354 448 443 560 20588 0 0 0 standing 
8 354 448 443 560 20589 0 0 1 standing 
9 437 480 574 624 20570 0 0 0 standing 
9 444 477 571 623 20571 0 0 1 standing 
9 451 474 568 623 20572 0 0 1 standing 
9 459 472 565 622 20573 0 0 1 standing 
9 466 469 562 622 20574 0 0 1 standing 
9 474 467 559 622 20575 0 0 0 standing 
9 473 463 558 622 20576 0 0 1 standing 
9 472 459 557 622 20577 0 0 1 standing 
9 471 455 556 622 20578 0 0 0 standing 
9 472 457 558 622 20579 0 0 1 standing 
9 474 459 560 622 20580 0 0 1 standing 
9 476 462 563 623 20581 0 0 0 standing 
9 463 463 550 623 20582 0 0 1 standing 
9 450 465 538 623 20583 0 0 1 standing 
9 438 467 525 623 20584 0 0 1 standing 
9 425 469 513 623 20585 0 0 1 standing 
9 412 471 500 623 20586 0 0 1 standing 
9 400 473 488 623 20587 0 0 1 standing 
9 387 475 475 623 20588 0 0 1 standing 
9 375 477 463 624 20589 0 0 0 standing 
10 393 330 465 466 20570 0 0 0 standing 
10 384 331 458 467 20571 0 0 1 standing 
10 375 333 451 469 20572 0 0 1 standing 
10 366 334 445 471 20573 0 0 1 standing 
10 358 336 438 473 20574 0 0 1 standing 
10 349 338 432 475 20575 0 0 1 standing 
10 340 339 425 476 20576 0 0 1 standing 
10 331 341 419 478 20577 0 0 1 standing 
10 323 343 412 480 20578 0 0 1 standing 
10 314 344 406 482 20579 0 0 1 standing 
10 305 346 399 484 20580 0 0 1 standing 
10 297 348 393 486 20581 0 0 0 standing 
10 280 351 374 489 20582 0 0 1 standing 
10 264 354 356 493 20583 0 0 1 standing 
10 248 358 338 496 20584 0 0 1 standing 
10 232 361 319 500 20585 0 0 1 standing 
10 216 365 301 503 20586 0 0 1 standing 
10 200 368 283 507 20587 0 0 1 standing 
10 184 372 265 511 20588 0 0 0 standing 
10 190 372 271 511 20589 0 0 1 standing 
11 319 378 434 517 20570 0 0 0 standing 
11 329 378 442 517 20571 0 0 1 standing 
11 340 378 450 517 20572 0 0 1 standing 
11 351 379 459 517 20573 0 0 1 standing 
11 361 379 467 517 20574 0 0 1 standing 
11 372 379 475 517 20575 0 0 1 standing 
11 383 380 484 517 20576 0 0 0 standing 
11 388 380 484 516 20577 0 0 1 standing 
11 393 380 484 516 20578 0 0 1 standing 
11 399 380 485 516 20579 0 0 0 standing 
11 390 379 474 516 20580 0 0 1 standing 
11 381 379 464 517 20581 0 0 1 standing 
11 373 379 453 518 20582 0 0 1 standing 
11 364 379 443 519 20583 0 0 1 standing 
11 356 378 432 520 20584 0 0 1 standing 
11 347 378 422 521 20585 0 0 1 standing 
11 339 378 411 522 20586 0 0 1 standing 
11 330 378 401 523 20587 0 0 1 standing 
11 322 378 391 524 20588 0 0 0 standing 
11 325 377 394 523 20589 0 0 1 standing 
