0 753 291 808 454 44700 0 1 0 spiking 
0 750 286 805 447 44701 0 1 1 spiking 
0 747 282 802 440 44702 0 1 1 spiking 
0 745 277 799 434 44703 0 1 1 spiking 
0 742 273 796 427 44704 0 1 1 spiking 
0 740 269 793 421 44705 0 1 0 spiking 
0 738 273 793 419 44706 0 1 1 spiking 
0 736 277 794 418 44707 0 1 1 spiking 
0 734 281 794 417 44708 0 1 1 spiking 
0 732 285 795 416 44709 0 1 1 spiking 
0 731 289 796 415 44710 0 1 0 spiking 
0 730 293 793 419 44711 0 1 1 spiking 
0 729 298 790 424 44712 0 1 1 spiking 
0 728 303 787 429 44713 0 1 1 spiking 
0 727 308 785 434 44714 0 1 1 spiking 
0 726 313 782 439 44715 0 1 1 spiking 
0 725 318 779 444 44716 0 1 1 spiking 
0 724 323 777 449 44717 0 1 1 spiking 
0 723 328 774 454 44718 0 1 1 spiking 
0 722 333 771 459 44719 0 1 1 spiking 
1 611 384 659 509 44700 0 1 0 spiking 
1 612 373 660 505 44701 0 1 1 blocking 
1 614 363 662 501 44702 0 1 1 blocking 
1 616 353 663 497 44703 0 1 1 blocking 
1 617 342 665 493 44704 0 1 1 blocking 
1 619 332 667 490 44705 0 1 1 blocking 
1 621 322 668 486 44706 0 1 1 blocking 
1 622 311 670 482 44707 0 1 1 blocking 
1 624 301 671 478 44708 0 1 1 blocking 
1 626 291 673 474 44709 0 1 1 blocking 
1 628 281 675 471 44710 0 1 0 blocking 
1 627 279 674 469 44711 0 1 1 blocking 
1 627 277 673 467 44712 0 1 1 blocking 
1 626 276 672 465 44713 0 1 1 blocking 
1 626 274 671 463 44714 0 1 1 blocking 
1 626 273 671 461 44715 0 1 0 blocking 
1 624 282 669 461 44716 0 1 1 blocking 
1 622 291 667 462 44717 0 1 1 blocking 
1 620 301 666 463 44718 0 1 1 blocking 
1 618 310 664 464 44719 0 1 1 blocking 
2 618 308 656 478 44700 0 1 0 blocking 
2 621 304 659 474 44701 0 1 1 blocking 
2 624 301 662 470 44702 0 1 1 blocking 
2 628 298 665 466 44703 0 1 1 blocking 
2 631 295 669 462 44704 0 1 1 blocking 
2 635 292 672 458 44705 0 1 1 blocking 
2 638 289 675 454 44706 0 1 1 blocking 
2 641 286 679 450 44707 0 1 1 blocking 
2 645 283 682 446 44708 0 1 1 blocking 
2 648 280 685 442 44709 0 1 1 blocking 
2 652 277 689 438 44710 0 1 0 blocking 
2 653 282 690 441 44711 0 1 1 blocking 
2 655 287 691 444 44712 0 1 1 blocking 
2 656 292 693 447 44713 0 1 1 blocking 
2 658 297 694 450 44714 0 1 1 blocking 
2 659 303 696 453 44715 0 1 1 blocking 
2 661 308 697 456 44716 0 1 1 blocking 
2 662 313 698 459 44717 0 1 1 blocking 
2 664 318 700 462 44718 0 1 1 blocking 
2 665 323 701 465 44719 0 1 1 blocking 
3 121 449 211 580 44700 0 0 0 blocking 
3 120 448 210 580 44701 0 0 1 standing 
3 119 448 209 580 44702 0 0 1 standing 
3 118 448 208 580 44703 0 0 0 standing 
3 119 445 207 576 44704 0 0 1 standing 
3 121 442 206 573 44705 0 0 1 standing 
3 123 440 205 570 44706 0 0 0 standing 
3 123 436 205 568 44707 0 0 1 standing 
3 123 433 205 567 44708 0 0 1 standing 
3 124 430 206 566 44709 0 0 0 standing 
3 125 431 207 567 44710 0 0 1 standing 
3 126 432 208 569 44711 0 0 1 standing 
3 127 434 209 571 44712 0 0 0 standing 
3 131 433 211 571 44713 0 0 1 standing 
3 135 433 213 571 44714 0 0 1 standing 
3 139 433 216 572 44715 0 0 0 standing 
3 138 431 212 570 44716 0 0 1 standing 
3 138 429 209 568 44717 0 0 1 standing 
3 137 428 206 566 44718 0 0 1 standing 
3 137 426 203 564 44719 0 0 1 standing 
4 270 369 325 472 44700 0 0 0 standing 
4 269 368 323 471 44701 0 0 1 moving 
4 268 367 321 470 44702 0 0 1 moving 
4 268 366 320 469 44703 0 0 0 moving 
4 268 365 320 468 44704 0 0 1 moving 
4 268 364 320 467 44705 0 0 1 moving 
4 269 364 320 466 44706 0 0 0 moving 
4 265 361 328 462 44707 0 0 1 moving 
4 261 358 336 459 44708 0 0 1 moving 
4 258 355 344 456 44709 0 0 0 moving 
4 258 355 349 456 44710 0 0 1 moving 
4 259 355 355 456 44711 0 0 1 moving 
4 260 356 361 457 44712 0 0 0 moving 
4 268 356 361 456 44713 0 0 1 moving 
4 276 356 361 456 44714 0 0 1 moving 
4 285 357 361 456 44715 0 0 0 moving 
4 292 359 365 455 44716 0 0 1 moving 
4 299 362 369 454 44717 0 0 1 moving 
4 307 365 373 453 44718 0 0 0 moving 
4 308 363 377 455 44719 0 0 1 moving 
5 273 466 355 604 44700 0 0 0 moving 
5 275 464 357 602 44701 0 0 1 standing 
5 278 462 359 600 44702 0 0 1 standing 
5 281 460 361 598 44703 0 0 0 standing 
5 284 457 364 595 44704 0 0 1 standing 
5 287 455 367 593 44705 0 0 1 standing 
5 291 453 370 591 44706 0 0 0 standing 
5 291 451 377 589 44707 0 0 1 standing 
5 291 449 384 587 44708 0 0 1 standing 
5 292 448 391 586 44709 0 0 0 standing 
5 294 446 394 586 44710 0 0 1 standing 
5 297 444 397 586 44711 0 0 1 standing 
5 300 443 400 586 44712 0 0 0 standing 
5 302 442 397 584 44713 0 0 1 standing 
5 304 441 394 582 44714 0 0 1 standing 
5 307 440 392 580 44715 0 0 0 standing 
5 310 441 392 581 44716 0 0 1 standing 
5 314 443 392 582 44717 0 0 1 standing 
5 318 445 393 584 44718 0 0 0 standing 
5 317 444 391 580 44719 0 0 1 standing 
6 515 464 576 604 44700 0 0 0 standing 
6 516 459 577 601 44701 0 0 1 standing 
6 517 454 578 598 44702 0 0 1 standing 
6 518 449 580 596 44703 0 0 0 standing 
6 518 447 582 588 44704 0 0 1 standing 
6 518 446 585 581 44705 0 0 1 standing 
6 519 445 588 574 44706 0 0 0 standing 
6 517 443 587 572 44707 0 0 1 standing 
6 516 442 586 570 44708 0 0 1 standing 
6 515 441 586 568 44709 0 0 0 standing 
6 516 440 587 567 44710 0 0 1 standing 
6 518 440 588 567 44711 0 0 1 standing 
6 520 440 590 567 44712 0 0 0 standing 
6 520 436 595 566 44713 0 0 1 standing 
6 520 433 601 565 44714 0 0 1 standing 
6 521 430 607 565 44715 0 0 0 standing 
6 525 427 606 560 44716 0 0 1 standing 
6 530 425 605 556 44717 0 0 1 standing 
6 535 423 604 552 44718 0 0 0 standing 
6 534 422 599 549 44719 0 0 1 standing 
7 681 437 744 605 44700 0 0 0 standing 
7 683 431 745 594 44701 0 0 1 standing 
7 685 426 746 583 44702 0 0 1 standing 
7 687 421 747 572 44703 0 0 0 standing 
7 688 419 748 570 44704 0 0 1 standing 
7 689 417 749 568 44705 0 0 1 standing 
7 690 416 750 567 44706 0 0 0 standing 
7 693 412 753 565 44707 0 0 1 standing 
7 697 408 756 563 44708 0 0 1 standing 
7 701 405 760 562 44709 0 0 0 standing 
7 705 402 763 550 44710 0 0 1 standing 
7 709 400 767 538 44711 0 0 1 standing 
7 713 398 771 526 44712 0 0 0 standing 
7 720 397 778 528 44713 0 0 1 standing 
7 728 396 785 531 44714 0 0 1 standing 
7 736 395 793 534 44715 0 0 0 standing 
7 738 393 795 532 44716 0 0 1 standing 
7 740 391 798 530 44717 0 0 1 standing 
7 742 390 801 528 44718 0 0 0 standing 
7 740 389 801 527 44719 0 0 1 standing 
8 699 476 755 653 44700 0 0 0 standing 
8 698 476 754 646 44701 0 0 1 standing 
8 697 476 753 639 44702 0 0 1 standing 
8 697 476 752 633 44703 0 0 0 standing 
8 696 474 755 631 44704 0 0 1 standing 
8 695 472 758 630 44705 0 0 1 standing 
8 694 470 762 629 44706 0 0 0 standing 
8 696 467 761 627 44707 0 0 1 standing 
8 698 465 760 625 44708 0 0 1 standing 
8 701 463 760 623 44709 0 0 0 standing 
8 704 462 763 619 44710 0 0 1 standing 
8 708 462 767 615 44711 0 0 1 standing 
8 712 462 771 612 44712 0 0 0 standing 
8 716 459 772 612 44713 0 0 1 standing 
8 720 456 774 612 44714 0 0 1 standing 
8 724 453 776 612 44715 0 0 0 standing 
8 724 452 776 610 44716 0 0 1 standing 
8 725 451 777 609 44717 0 0 1 standing 
8 726 450 778 608 44718 0 0 0 standing 
8 727 447 777 605 44719 0 0 1 standing 
9 751 431 807 586 44700 0 0 0 standing 
9 756 430 809 583 44701 0 0 1 standing 
9 761 430 811 580 44702 0 0 1 standing 
9 766 430 813 578 44703 0 0 0 standing 
9 772 427 819 578 44704 0 0 1 standing 
9 778 424 825 578 44705 0 0 1 standing 
9 784 421 831 578 44706 0 0 0 standing 
9 787 419 837 576 44707 0 0 1 standing 
9 790 417 844 575 44708 0 0 1 standing 
9 794 415 851 574 44709 0 0 0 standing 
9 797 415 858 574 44710 0 0 1 standing 
9 801 416 865 574 44711 0 0 1 standing 
9 805 417 872 575 44712 0 0 0 standing 
9 810 421 878 575 44713 0 0 1 standing 
9 815 425 884 575 44714 0 0 1 standing 
9 820 430 890 575 44715 0 0 0 standing 
9 822 428 892 574 44716 0 0 1 standing 
9 824 426 894 573 44717 0 0 1 standing 
9 827 425 896 572 44718 0 0 0 standing 
9 830 420 896 568 44719 0 0 1 standing 
10 837 411 900 551 44700 0 0 0 standing 
10 832 407 895 544 44701 0 0 1 standing 
10 827 404 890 537 44702 0 0 1 standing 
10 823 401 885 530 44703 0 0 0 standing 
10 822 396 882 527 44704 0 0 1 standing 
10 821 391 880 524 44705 0 0 1 standing 
10 820 387 878 522 44706 0 0 0 standing 
10 820 386 877 516 44707 0 0 1 standing 
10 821 385 876 510 44708 0 0 1 standing 
10 822 385 875 504 44709 0 0 0 standing 
10 822 384 875 503 44710 0 0 1 standing 
10 823 383 876 503 44711 0 0 1 standing 
10 824 383 877 503 44712 0 0 0 standing 
10 826 384 878 498 44713 0 0 1 standing 
10 828 385 879 493 44714 0 0 1 standing 
10 831 387 880 488 44715 0 0 0 standing 
10 833 388 882 484 44716 0 0 1 standing 
10 835 389 884 481 44717 0 0 1 standing 
10 838 390 886 478 44718 0 0 0 standing 
10 839 388 887 476 44719 0 0 1 standing 
11 895 441 947 566 44700 0 0 0 standing 
11 897 439 951 564 44701 0 0 1 standing 
11 900 437 956 563 44702 0 0 1 standing 
11 903 436 961 562 44703 0 0 0 standing 
11 906 431 962 557 44704 0 0 1 standing 
11 909 426 963 552 44705 0 0 1 standing 
11 912 421 964 548 44706 0 0 0 standing 
11 915 417 966 542 44707 0 0 1 standing 
11 918 414 969 536 44708 0 0 1 standing 
11 922 411 972 531 44709 0 0 0 standing 
11 927 410 976 530 44710 0 0 1 standing 
11 933 410 980 529 44711 0 0 1 standing 
11 939 410 984 528 44712 0 0 0 standing 
11 942 412 986 528 44713 0 0 1 standing 
11 945 414 988 528 44714 0 0 1 standing 
11 949 417 990 528 44715 0 0 0 standing 
11 950 417 993 527 44716 0 0 1 standing 
11 951 417 997 527 44717 0 0 1 standing 
11 953 417 1001 527 44718 0 0 0 standing 
11 954 413 1003 525 44719 0 0 1 standing 
