0 807 497 878 608 81890 0 1 0 digging 
0 798 498 870 608 81891 0 1 1 digging 
0 790 500 862 609 81892 0 1 1 digging 
0 782 501 854 610 81893 0 1 1 digging 
0 774 503 847 611 81894 0 1 0 digging 
0 758 502 831 609 81895 0 1 1 digging 
0 743 502 816 608 81896 0 1 1 digging 
0 727 502 801 607 81897 0 1 1 digging 
0 712 501 786 605 81898 0 1 1 digging 
0 696 501 771 604 81899 0 1 1 digging 
0 681 501 756 603 81900 0 1 0 digging 
0 671 500 744 603 81901 0 1 1 digging 
0 661 500 732 603 81902 0 1 1 digging 
0 651 500 721 604 81903 0 1 0 digging 
0 647 499 716 604 81904 0 1 1 digging 
0 644 499 711 604 81905 0 1 1 digging 
0 641 499 706 604 81906 0 1 0 digging 
0 642 498 706 604 81907 0 1 1 digging 
0 644 498 706 604 81908 0 1 1 digging 
0 645 498 706 604 81909 0 1 1 digging 
1 846 462 911 554 81890 0 0 0 digging 
1 838 461 902 553 81891 0 0 1 digging 
1 830 460 894 552 81892 0 0 1 digging 
1 822 459 886 551 81893 0 0 1 digging 
1 814 458 878 550 81894 0 0 0 digging 
1 801 457 864 551 81895 0 0 1 digging 
1 789 456 851 552 81896 0 0 1 digging 
1 777 455 837 553 81897 0 0 1 digging 
1 765 454 824 555 81898 0 0 1 digging 
1 753 453 810 556 81899 0 0 1 digging 
1 741 452 797 557 81900 0 0 1 digging 
1 729 451 783 558 81901 0 0 1 digging 
1 717 451 770 560 81902 0 0 0 digging 
1 706 450 763 557 81903 0 0 1 digging 
1 696 450 756 555 81904 0 0 1 digging 
1 686 450 749 552 81905 0 0 1 digging 
1 676 450 742 550 81906 0 0 0 digging 
1 674 448 739 550 81907 0 0 1 digging 
1 673 447 737 551 81908 0 0 1 digging 
1 671 445 735 551 81909 0 0 1 digging 
2 782 369 831 479 81890 0 0 0 digging 
2 775 367 823 479 81891 0 0 1 standing 
2 768 365 816 479 81892 0 0 1 standing 
2 761 363 809 479 81893 0 0 1 standing 
2 754 361 802 479 81894 0 0 0 standing 
2 739 359 790 478 81895 0 0 1 standing 
2 724 358 778 478 81896 0 0 1 standing 
2 709 357 766 478 81897 0 0 1 standing 
2 695 356 755 478 81898 0 0 0 standing 
2 678 358 746 475 81899 0 0 1 standing 
2 662 360 738 473 81900 0 0 1 standing 
2 645 362 729 471 81901 0 0 1 standing 
2 629 364 721 469 81902 0 0 0 standing 
2 624 364 715 468 81903 0 0 1 standing 
2 619 364 710 467 81904 0 0 1 standing 
2 614 364 705 466 81905 0 0 1 standing 
2 610 364 700 466 81906 0 0 0 standing 
2 621 362 703 466 81907 0 0 1 standing 
2 632 360 707 467 81908 0 0 1 standing 
2 643 358 711 467 81909 0 0 1 standing 
3 668 483 757 598 81890 0 0 0 standing 
3 663 482 749 597 81891 0 0 1 standing 
3 659 481 742 596 81892 0 0 1 standing 
3 655 480 734 595 81893 0 0 1 standing 
3 651 479 727 594 81894 0 0 0 standing 
3 641 475 714 595 81895 0 0 1 standing 
3 631 472 701 597 81896 0 0 1 standing 
3 621 469 688 599 81897 0 0 1 standing 
3 612 466 676 601 81898 0 0 0 standing 
3 604 469 670 603 81899 0 0 1 standing 
3 596 472 664 606 81900 0 0 1 standing 
3 588 475 658 609 81901 0 0 1 standing 
3 581 479 652 612 81902 0 0 0 standing 
3 578 481 651 614 81903 0 0 1 standing 
3 575 483 650 616 81904 0 0 1 standing 
3 572 485 649 618 81905 0 0 1 standing 
3 569 488 649 620 81906 0 0 0 standing 
3 576 488 654 620 81907 0 0 1 standing 
3 584 488 659 621 81908 0 0 1 standing 
3 591 488 664 621 81909 0 0 1 standing 
4 522 349 558 512 81890 0 0 0 standing 
4 514 354 552 511 81891 0 0 1 standing 
4 506 360 546 511 81892 0 0 1 standing 
4 498 365 540 510 81893 0 0 1 standing 
4 491 371 534 510 81894 0 0 0 standing 
4 477 370 520 509 81895 0 0 1 standing 
4 464 370 507 508 81896 0 0 1 standing 
4 450 370 494 507 81897 0 0 1 standing 
4 437 370 481 507 81898 0 0 0 standing 
4 425 369 476 506 81899 0 0 1 standing 
4 413 369 471 505 81900 0 0 1 standing 
4 401 368 466 504 81901 0 0 1 standing 
4 390 368 461 504 81902 0 0 0 standing 
4 386 366 454 501 81903 0 0 1 standing 
4 383 365 447 498 81904 0 0 1 standing 
4 380 364 440 495 81905 0 0 1 standing 
4 377 363 434 493 81906 0 0 0 standing 
4 381 360 435 490 81907 0 0 1 standing 
4 385 357 436 487 81908 0 0 1 standing 
4 389 354 437 484 81909 0 0 1 standing 
5 505 305 551 452 81890 0 0 0 standing 
5 500 310 541 456 81891 0 0 1 standing 
5 495 316 532 461 81892 0 0 1 standing 
5 490 322 523 465 81893 0 0 1 standing 
5 485 328 514 470 81894 0 0 0 standing 
5 470 334 500 471 81895 0 0 1 standing 
5 455 341 487 473 81896 0 0 1 standing 
5 440 347 474 474 81897 0 0 1 standing 
5 425 354 461 476 81898 0 0 1 standing 
5 410 360 448 477 81899 0 0 1 standing 
5 396 367 435 479 81900 0 0 0 standing 
5 389 367 427 478 81901 0 0 1 standing 
5 383 368 420 478 81902 0 0 1 standing 
5 376 368 413 478 81903 0 0 1 standing 
5 370 369 406 477 81904 0 0 1 standing 
5 363 369 399 477 81905 0 0 1 standing 
5 357 370 392 477 81906 0 0 0 standing 
5 359 370 393 477 81907 0 0 1 standing 
5 361 371 395 477 81908 0 0 1 standing 
5 363 372 397 477 81909 0 0 1 standing 
6 451 322 496 444 81890 0 0 0 standing 
6 443 329 488 453 81891 0 0 1 standing 
6 436 336 480 462 81892 0 0 1 standing 
6 429 343 472 471 81893 0 0 1 standing 
6 422 351 464 481 81894 0 0 0 standing 
6 408 354 449 481 81895 0 0 1 standing 
6 394 358 435 482 81896 0 0 1 standing 
6 380 361 420 482 81897 0 0 1 standing 
6 366 365 406 483 81898 0 0 0 standing 
6 352 365 393 482 81899 0 0 1 standing 
6 338 366 381 482 81900 0 0 1 standing 
6 324 367 368 481 81901 0 0 1 standing 
6 310 368 356 481 81902 0 0 0 standing 
6 302 367 350 481 81903 0 0 1 standing 
6 294 367 344 482 81904 0 0 1 standing 
6 286 367 338 482 81905 0 0 1 standing 
6 278 367 332 483 81906 0 0 0 standing 
6 279 366 331 480 81907 0 0 1 standing 
6 280 365 331 477 81908 0 0 1 standing 
6 281 364 330 474 81909 0 0 1 standing 
7 399 487 467 633 81890 0 0 0 standing 
7 392 483 460 631 81891 0 0 1 standing 
7 386 479 453 630 81892 0 0 1 standing 
7 379 475 446 628 81893 0 0 1 standing 
7 373 472 439 627 81894 0 0 0 standing 
7 360 470 425 623 81895 0 0 1 standing 
7 348 469 412 620 81896 0 0 1 standing 
7 335 467 399 616 81897 0 0 1 standing 
7 323 466 386 613 81898 0 0 0 standing 
7 312 465 373 611 81899 0 0 1 standing 
7 302 464 361 610 81900 0 0 1 standing 
7 292 463 348 609 81901 0 0 1 standing 
7 282 463 336 608 81902 0 0 0 standing 
7 276 463 330 607 81903 0 0 1 standing 
7 271 463 324 607 81904 0 0 1 standing 
7 266 463 318 607 81905 0 0 1 standing 
7 261 464 313 607 81906 0 0 0 standing 
7 263 463 316 606 81907 0 0 1 standing 
7 265 463 320 606 81908 0 0 1 standing 
7 267 462 323 606 81909 0 0 1 standing 
8 314 450 394 586 81890 0 0 0 standing 
8 301 449 378 585 81891 0 0 1 standing 
8 288 448 363 585 81892 0 0 1 standing 
8 275 447 347 585 81893 0 0 1 standing 
8 262 446 332 585 81894 0 0 0 standing 
8 245 447 316 586 81895 0 0 1 standing 
8 229 448 300 587 81896 0 0 1 standing 
8 212 449 284 588 81897 0 0 1 standing 
8 196 451 269 589 81898 0 0 1 standing 
8 179 452 253 590 81899 0 0 1 standing 
8 163 453 237 591 81900 0 0 1 standing 
8 146 454 221 592 81901 0 0 1 standing 
8 130 456 206 594 81902 0 0 0 standing 
8 124 455 192 595 81903 0 0 1 standing 
8 118 455 179 596 81904 0 0 1 standing 
8 112 454 166 597 81905 0 0 1 standing 
8 107 454 153 598 81906 0 0 0 standing 
8 99 456 152 599 81907 0 0 1 standing 
8 91 458 151 601 81908 0 0 1 standing 
8 83 460 150 602 81909 0 0 1 standing 
9 439 433 487 561 81890 0 0 0 standing 
9 433 433 482 561 81891 0 0 1 standing 
9 427 434 478 561 81892 0 0 1 standing 
9 421 434 473 561 81893 0 0 1 standing 
9 416 435 469 561 81894 0 0 0 standing 
9 401 435 455 561 81895 0 0 1 standing 
9 387 435 442 561 81896 0 0 1 standing 
9 373 435 428 561 81897 0 0 1 standing 
9 359 435 415 562 81898 0 0 1 standing 
9 344 435 401 562 81899 0 0 1 standing 
9 330 435 388 562 81900 0 0 1 standing 
9 316 435 374 562 81901 0 0 1 standing 
9 302 435 361 563 81902 0 0 0 standing 
9 298 434 353 563 81903 0 0 1 standing 
9 294 433 346 563 81904 0 0 1 standing 
9 290 432 339 563 81905 0 0 1 standing 
9 286 432 332 564 81906 0 0 0 standing 
9 287 430 333 564 81907 0 0 1 standing 
9 289 429 334 564 81908 0 0 1 standing 
9 291 428 335 564 81909 0 0 1 standing 
10 392 415 460 522 81890 0 0 0 standing 
10 385 415 455 523 81891 0 0 1 standing 
10 379 415 451 525 81892 0 0 1 standing 
10 372 415 447 526 81893 0 0 1 standing 
10 366 415 443 528 81894 0 0 0 standing 
10 349 412 421 527 81895 0 0 1 standing 
10 333 409 400 526 81896 0 0 1 standing 
10 316 406 379 526 81897 0 0 1 standing 
10 300 404 358 525 81898 0 0 1 standing 
10 284 401 337 524 81899 0 0 1 standing 
10 267 398 316 524 81900 0 0 1 standing 
10 251 395 295 523 81901 0 0 1 standing 
10 235 393 274 523 81902 0 0 0 standing 
10 222 397 266 524 81903 0 0 1 standing 
10 210 401 259 525 81904 0 0 1 standing 
10 198 405 251 526 81905 0 0 1 standing 
10 186 409 244 527 81906 0 0 0 standing 
10 184 409 246 527 81907 0 0 1 standing 
10 183 409 248 527 81908 0 0 1 standing 
10 182 409 250 527 81909 0 0 1 standing 
11 163 416 209 530 81890 0 0 0 standing 
11 156 416 201 530 81891 0 0 1 standing 
11 150 416 193 530 81892 0 0 1 standing 
11 143 416 185 530 81893 0 0 1 standing 
11 137 417 178 531 81894 0 0 0 standing 
11 121 417 163 532 81895 0 0 1 standing 
11 106 417 148 534 81896 0 0 1 standing 
11 91 417 134 535 81897 0 0 1 standing 
11 76 417 119 537 81898 0 0 1 standing 
11 61 417 104 538 81899 0 0 1 standing 
11 46 417 90 540 81900 0 0 1 standing 
11 31 417 75 541 81901 0 0 1 standing 
11 16 417 61 543 81902 0 0 0 standing 
11 12 420 55 545 81903 0 0 1 standing 
11 8 423 50 547 81904 0 0 1 standing 
11 4 426 45 549 81905 0 0 1 standing 
11 0 430 40 552 81906 0 0 0 standing 
11 0 431 41 552 81907 0 0 1 standing 
11 0 432 42 553 81908 0 0 1 standing 
11 0 433 43 553 81909 0 0 1 standing 
