0 646 374 758 499 40745 0 1 0 standing 
0 651 374 760 499 40746 0 1 1 standing 
0 656 374 762 499 40747 0 1 1 standing 
0 661 374 765 499 40748 0 1 1 standing 
0 666 374 767 499 40749 0 1 1 standing 
0 671 374 770 499 40750 0 1 1 standing 
0 676 374 772 499 40751 0 1 1 standing 
0 681 374 774 499 40752 0 1 1 standing 
0 686 374 777 499 40753 0 1 1 standing 
0 691 374 779 499 40754 0 1 1 standing 
0 697 374 782 499 40755 0 1 0 standing 
0 699 374 784 499 40756 0 1 1 standing 
0 701 375 786 500 40757 0 1 1 standing 
0 703 375 788 501 40758 0 1 1 standing 
0 705 376 790 502 40759 0 1 1 standing 
0 707 376 792 503 40760 0 1 1 standing 
0 709 377 794 504 40761 0 1 1 standing 
0 711 377 796 505 40762 0 1 1 standing 
0 713 378 798 506 40763 0 1 1 standing 
0 715 378 800 507 40764 0 1 1 standing 
1 641 390 738 518 40745 0 1 0 standing 
1 646 389 737 517 40746 0 1 1 standing 
1 652 389 736 517 40747 0 1 1 standing 
1 657 388 735 517 40748 0 1 1 standing 
1 663 388 734 516 40749 0 1 1 standing 
1 668 387 733 516 40750 0 1 1 standing 
1 674 387 732 516 40751 0 1 1 standing 
1 680 387 732 516 40752 0 1 0 standing 
1 686 387 739 517 40753 0 1 1 standing 
1 692 387 746 518 40754 0 1 1 standing 
1 698 387 754 519 40755 0 1 0 standing 
1 700 388 759 517 40756 0 1 1 standing 
1 702 389 765 516 40757 0 1 1 standing 
1 705 390 771 515 40758 0 1 0 standing 
1 707 391 773 515 40759 0 1 1 standing 
1 709 392 775 515 40760 0 1 1 standing 
1 712 394 777 515 40761 0 1 0 standing 
1 714 393 777 514 40762 0 1 1 standing 
1 717 393 777 514 40763 0 1 1 standing 
1 719 393 777 514 40764 0 1 1 standing 
2 929 370 959 500 40745 0 1 0 standing 
2 926 370 959 499 40746 0 1 1 standing 
2 923 370 959 499 40747 0 1 1 standing 
2 920 370 959 499 40748 0 1 1 standing 
2 917 370 959 499 40749 0 1 1 standing 
2 915 370 959 499 40750 0 1 1 standing 
2 912 370 959 499 40751 0 1 1 standing 
2 909 370 959 499 40752 0 1 1 standing 
2 906 370 959 499 40753 0 1 1 standing 
2 903 370 959 499 40754 0 1 1 standing 
2 901 370 959 499 40755 0 1 0 standing 
2 898 370 958 499 40756 0 1 1 standing 
2 896 371 958 500 40757 0 1 1 standing 
2 894 372 957 501 40758 0 1 1 standing 
2 892 373 957 502 40759 0 1 1 standing 
2 890 374 957 503 40760 0 1 1 standing 
2 888 374 956 503 40761 0 1 1 standing 
2 886 375 956 504 40762 0 1 1 standing 
2 884 376 955 505 40763 0 1 1 standing 
2 882 377 955 506 40764 0 1 1 standing 
3 641 440 721 570 40745 0 1 0 standing 
3 640 439 723 570 40746 0 1 1 standing 
3 640 439 726 570 40747 0 1 1 standing 
3 640 438 729 570 40748 0 1 1 standing 
3 640 438 731 570 40749 0 1 1 standing 
3 640 437 734 570 40750 0 1 1 standing 
3 640 437 737 571 40751 0 1 0 standing 
3 645 436 739 570 40752 0 1 1 standing 
3 650 435 742 570 40753 0 1 1 standing 
3 655 435 745 570 40754 0 1 1 standing 
3 660 434 748 570 40755 0 1 1 standing 
3 665 433 751 569 40756 0 1 1 standing 
3 670 433 754 569 40757 0 1 1 standing 
3 675 432 757 569 40758 0 1 1 standing 
3 681 432 760 569 40759 0 1 0 standing 
3 682 432 763 569 40760 0 1 1 standing 
3 683 433 766 569 40761 0 1 1 standing 
3 685 433 769 570 40762 0 1 1 standing 
3 686 434 772 570 40763 0 1 1 standing 
3 687 434 775 570 40764 0 1 1 standing 
4 902 478 972 607 40745 0 1 0 standing 
4 898 475 968 605 40746 0 1 1 standing 
4 894 472 965 603 40747 0 1 1 standing 
4 890 469 962 602 40748 0 1 1 standing 
4 886 466 958 600 40749 0 1 1 standing 
4 882 463 955 598 40750 0 1 1 standing 
4 879 460 952 597 40751 0 1 0 standing 
4 876 459 953 594 40752 0 1 1 standing 
4 873 459 954 592 40753 0 1 1 standing 
4 870 458 955 589 40754 0 1 1 standing 
4 867 458 956 587 40755 0 1 0 standing 
4 865 454 952 585 40756 0 1 1 standing 
4 863 451 948 583 40757 0 1 1 standing 
4 861 448 944 581 40758 0 1 0 standing 
4 859 446 940 579 40759 0 1 1 standing 
4 857 445 936 577 40760 0 1 1 standing 
4 855 443 932 575 40761 0 1 1 standing 
4 853 442 929 573 40762 0 1 1 standing 
4 851 440 925 571 40763 0 1 1 standing 
4 849 439 921 569 40764 0 1 1 standing 
5 994 422 1081 557 40745 0 1 0 standing 
5 988 420 1071 557 40746 0 1 1 standing 
5 982 419 1061 558 40747 0 1 1 standing 
5 976 418 1051 558 40748 0 1 1 standing 
5 971 417 1042 559 40749 0 1 0 standing 
5 965 417 1039 558 40750 0 1 1 standing 
5 960 418 1036 558 40751 0 1 1 standing 
5 954 419 1033 558 40752 0 1 1 standing 
5 949 420 1030 557 40753 0 1 1 standing 
5 943 421 1027 557 40754 0 1 1 standing 
5 938 422 1025 557 40755 0 1 0 standing 
5 934 420 1016 556 40756 0 1 1 standing 
5 930 419 1008 556 40757 0 1 1 standing 
5 926 418 999 556 40758 0 1 1 standing 
5 922 416 991 555 40759 0 1 1 standing 
5 918 415 982 555 40760 0 1 1 standing 
5 914 414 974 555 40761 0 1 0 standing 
5 910 415 972 555 40762 0 1 1 standing 
5 906 416 971 555 40763 0 1 1 standing 
5 902 417 970 555 40764 0 1 1 standing 
6 329 477 384 626 40745 0 0 0 standing 
6 328 474 384 625 40746 0 0 1 standing 
6 328 472 384 625 40747 0 0 1 standing 
6 327 470 384 625 40748 0 0 1 standing 
6 327 468 384 625 40749 0 0 0 standing 
6 326 468 384 624 40750 0 0 1 standing 
6 326 468 385 623 40751 0 0 1 standing 
6 326 469 386 622 40752 0 0 0 standing 
6 329 468 387 619 40753 0 0 1 standing 
6 332 467 389 617 40754 0 0 1 standing 
6 336 466 391 615 40755 0 0 0 standing 
6 336 464 390 613 40756 0 0 1 standing 
6 336 462 389 612 40757 0 0 1 standing 
6 336 460 389 611 40758 0 0 0 standing 
6 336 459 389 609 40759 0 0 1 standing 
6 336 458 389 608 40760 0 0 1 standing 
6 336 457 389 607 40761 0 0 1 standing 
6 336 456 390 606 40762 0 0 1 standing 
6 336 455 390 605 40763 0 0 1 standing 
6 336 454 390 604 40764 0 0 1 standing 
7 82 443 130 579 40745 0 0 0 standing 
7 74 443 128 579 40746 0 0 1 standing 
7 67 443 126 579 40747 0 0 1 standing 
7 60 444 124 579 40748 0 0 1 standing 
7 53 444 122 579 40749 0 0 1 standing 
7 46 445 121 579 40750 0 0 0 standing 
7 44 445 119 579 40751 0 0 1 standing 
7 42 446 118 580 40752 0 0 1 standing 
7 41 446 117 581 40753 0 0 1 standing 
7 39 447 116 582 40754 0 0 1 standing 
7 38 448 115 583 40755 0 0 0 standing 
7 37 448 111 584 40756 0 0 1 standing 
7 36 448 108 585 40757 0 0 1 standing 
7 36 448 104 586 40758 0 0 1 standing 
7 35 448 101 587 40759 0 0 1 standing 
7 35 449 98 588 40760 0 0 0 standing 
7 31 449 92 588 40761 0 0 1 standing 
7 28 449 86 589 40762 0 0 1 standing 
7 25 449 80 590 40763 0 0 1 standing 
7 22 449 74 591 40764 0 0 1 standing 
8 313 412 366 525 40745 0 0 0 standing 
8 313 410 366 524 40746 0 0 1 standing 
8 313 409 366 523 40747 0 0 1 standing 
8 313 408 366 522 40748 0 0 0 standing 
8 313 408 365 521 40749 0 0 1 standing 
8 313 409 365 520 40750 0 0 1 standing 
8 313 409 364 519 40751 0 0 1 standing 
8 313 410 364 519 40752 0 0 1 standing 
8 313 410 363 518 40753 0 0 1 standing 
8 313 411 363 517 40754 0 0 1 standing 
8 313 412 363 517 40755 0 0 0 standing 
8 309 413 363 518 40756 0 0 1 standing 
8 306 414 363 519 40757 0 0 1 standing 
8 302 415 363 520 40758 0 0 1 standing 
8 299 417 363 522 40759 0 0 1 standing 
8 295 418 363 523 40760 0 0 1 standing 
8 292 419 363 524 40761 0 0 1 standing 
8 288 421 363 526 40762 0 0 1 standing 
8 285 422 363 527 40763 0 0 1 standing 
8 281 423 363 528 40764 0 0 1 standing 
9 463 383 514 529 40745 0 0 0 standing 
9 462 382 513 527 40746 0 0 1 standing 
9 462 381 513 526 40747 0 0 1 standing 
9 462 381 513 525 40748 0 0 1 standing 
9 462 380 512 524 40749 0 0 1 standing 
9 462 380 512 523 40750 0 0 1 standing 
9 462 379 512 522 40751 0 0 1 standing 
9 462 378 511 521 40752 0 0 1 standing 
9 462 378 511 520 40753 0 0 1 standing 
9 462 377 511 519 40754 0 0 1 standing 
9 462 377 511 518 40755 0 0 0 standing 
9 462 377 512 517 40756 0 0 1 standing 
9 463 377 513 517 40757 0 0 1 standing 
9 464 377 515 517 40758 0 0 1 standing 
9 465 377 516 517 40759 0 0 1 standing 
9 466 377 518 517 40760 0 0 0 standing 
9 466 377 516 517 40761 0 0 1 standing 
9 467 377 515 517 40762 0 0 1 standing 
9 468 377 513 517 40763 0 0 1 standing 
9 469 377 512 517 40764 0 0 1 standing 
10 474 352 517 466 40745 0 0 0 standing 
10 473 351 516 465 40746 0 0 1 standing 
10 473 350 516 464 40747 0 0 1 standing 
10 472 349 515 463 40748 0 0 1 standing 
10 472 349 515 463 40749 0 0 1 standing 
10 472 348 515 462 40750 0 0 1 standing 
10 471 347 514 461 40751 0 0 1 standing 
10 471 347 514 461 40752 0 0 1 standing 
10 470 346 513 460 40753 0 0 1 standing 
10 470 345 513 459 40754 0 0 1 standing 
10 470 345 513 459 40755 0 0 0 standing 
10 470 344 512 459 40756 0 0 1 standing 
10 470 343 512 459 40757 0 0 1 standing 
10 470 342 512 459 40758 0 0 1 standing 
10 470 342 512 459 40759 0 0 1 standing 
10 470 341 512 459 40760 0 0 1 standing 
10 470 340 511 459 40761 0 0 1 standing 
10 470 340 511 459 40762 0 0 1 standing 
10 470 339 511 459 40763 0 0 1 standing 
10 470 338 511 459 40764 0 0 1 standing 
11 539 318 602 415 40745 0 0 0 standing 
11 537 317 598 413 40746 0 0 1 standing 
11 535 317 594 412 40747 0 0 1 standing 
11 533 316 590 410 40748 0 0 1 standing 
11 531 316 586 409 40749 0 0 1 standing 
11 529 315 582 407 40750 0 0 1 standing 
11 527 315 579 406 40751 0 0 0 standing 
11 525 313 576 404 40752 0 0 1 standing 
11 523 311 573 403 40753 0 0 1 standing 
11 521 309 570 401 40754 0 0 1 standing 
11 520 307 568 400 40755 0 0 0 standing 
11 519 304 566 399 40756 0 0 1 standing 
11 519 302 565 399 40757 0 0 1 standing 
11 518 300 564 399 40758 0 0 1 standing 
11 518 297 563 399 40759 0 0 1 standing 
11 517 295 562 399 40760 0 0 1 standing 
11 517 293 560 398 40761 0 0 1 standing 
11 516 290 559 398 40762 0 0 1 standing 
11 516 288 558 398 40763 0 0 1 standing 
11 515 286 557 398 40764 0 0 1 standing 
