0 792 318 853 462 62885 0 1 0 spiking 
0 788 315 853 447 62886 0 1 1 spiking 
0 784 312 854 433 62887 0 1 1 spiking 
0 780 309 855 419 62888 0 1 0 spiking 
0 785 304 857 422 62889 0 1 1 spiking 
0 790 300 859 425 62890 0 1 1 spiking 
0 795 295 861 428 62891 0 1 1 spiking 
0 800 291 863 431 62892 0 1 1 spiking 
0 805 286 865 434 62893 0 1 1 spiking 
0 811 282 867 438 62894 0 1 0 spiking 
0 809 293 869 441 62895 0 1 1 spiking 
0 808 304 871 445 62896 0 1 1 spiking 
0 807 316 874 449 62897 0 1 0 spiking 
0 819 323 883 455 62898 0 1 1 spiking 
0 831 331 893 461 62899 0 1 1 spiking 
0 843 339 903 468 62900 0 1 1 spiking 
0 855 347 913 474 62901 0 1 1 spiking 
0 867 355 923 480 62902 0 1 1 spiking 
0 879 363 933 487 62903 0 1 1 spiking 
0 891 371 943 493 62904 0 1 1 spiking 
1 639 353 690 518 62885 0 1 0 spiking 
1 647 345 698 513 62886 0 1 1 blocking 
1 656 337 706 509 62887 0 1 1 blocking 
1 664 330 714 504 62888 0 1 1 blocking 
1 673 322 723 500 62889 0 1 1 blocking 
1 681 314 731 495 62890 0 1 1 blocking 
1 690 307 739 491 62891 0 1 1 blocking 
1 698 299 747 486 62892 0 1 1 blocking 
1 707 292 756 482 62893 0 1 0 blocking 
1 712 296 767 484 62894 0 1 1 blocking 
1 717 300 779 486 62895 0 1 1 blocking 
1 723 304 791 488 62896 0 1 1 blocking 
1 728 308 803 490 62897 0 1 1 blocking 
1 733 312 814 492 62898 0 1 1 blocking 
1 739 316 826 494 62899 0 1 1 blocking 
1 744 320 838 496 62900 0 1 1 blocking 
1 750 325 850 498 62901 0 1 0 blocking 
1 764 328 861 500 62902 0 1 1 blocking 
1 778 332 872 502 62903 0 1 1 blocking 
1 792 335 883 505 62904 0 1 1 blocking 
2 650 362 689 525 62885 0 1 0 blocking 
2 657 354 696 519 62886 0 1 1 blocking 
2 664 346 704 514 62887 0 1 1 blocking 
2 671 338 712 509 62888 0 1 1 blocking 
2 678 330 719 503 62889 0 1 1 blocking 
2 685 322 727 498 62890 0 1 1 blocking 
2 692 314 735 493 62891 0 1 1 blocking 
2 700 306 743 488 62892 0 1 0 blocking 
2 708 304 752 489 62893 0 1 1 blocking 
2 716 302 761 490 62894 0 1 1 blocking 
2 725 301 770 491 62895 0 1 0 blocking 
2 731 303 780 489 62896 0 1 1 blocking 
2 737 306 791 488 62897 0 1 1 blocking 
2 743 309 801 487 62898 0 1 1 blocking 
2 749 312 812 486 62899 0 1 1 blocking 
2 756 315 823 485 62900 0 1 0 blocking 
2 770 324 834 491 62901 0 1 1 blocking 
2 784 334 845 497 62902 0 1 1 blocking 
2 799 343 857 503 62903 0 1 1 blocking 
2 813 353 868 509 62904 0 1 1 blocking 
3 728 424 811 540 62885 0 0 0 blocking 
3 734 424 817 539 62886 0 0 1 standing 
3 741 424 824 538 62887 0 0 1 standing 
3 748 424 831 538 62888 0 0 0 standing 
3 755 423 838 538 62889 0 0 1 standing 
3 763 422 845 539 62890 0 0 1 standing 
3 771 422 853 540 62891 0 0 0 standing 
3 780 422 862 540 62892 0 0 1 standing 
3 789 422 871 540 62893 0 0 1 standing 
3 799 422 881 541 62894 0 0 0 standing 
3 807 422 889 541 62895 0 0 1 standing 
3 815 422 897 541 62896 0 0 1 standing 
3 823 422 905 541 62897 0 0 0 standing 
3 834 423 915 540 62898 0 0 1 standing 
3 845 424 926 540 62899 0 0 1 standing 
3 856 425 937 540 62900 0 0 0 standing 
3 872 424 952 540 62901 0 0 1 standing 
3 888 424 967 540 62902 0 0 1 standing 
3 904 424 982 540 62903 0 0 1 standing 
3 920 424 997 540 62904 0 0 1 standing 
4 846 486 907 624 62885 0 0 0 standing 
4 848 483 907 621 62886 0 0 1 standing 
4 851 481 907 618 62887 0 0 1 standing 
4 854 479 907 616 62888 0 0 0 standing 
4 855 478 910 613 62889 0 0 1 standing 
4 856 478 913 610 62890 0 0 1 standing 
4 857 478 916 608 62891 0 0 0 standing 
4 861 475 920 607 62892 0 0 1 standing 
4 866 472 924 606 62893 0 0 1 standing 
4 871 470 929 605 62894 0 0 0 standing 
4 879 470 935 601 62895 0 0 1 standing 
4 887 470 941 598 62896 0 0 1 standing 
4 895 470 948 595 62897 0 0 0 standing 
4 903 468 956 593 62898 0 0 1 standing 
4 911 466 964 591 62899 0 0 1 standing 
4 919 464 972 590 62900 0 0 0 standing 
4 929 464 986 589 62901 0 0 1 standing 
4 940 464 1000 588 62902 0 0 1 standing 
4 951 464 1014 587 62903 0 0 1 standing 
4 962 464 1028 586 62904 0 0 1 standing 
5 871 400 939 507 62885 0 0 0 standing 
5 872 402 942 505 62886 0 0 1 standing 
5 873 404 945 503 62887 0 0 1 standing 
5 875 406 948 501 62888 0 0 0 standing 
5 881 407 954 502 62889 0 0 1 standing 
5 887 408 960 504 62890 0 0 1 standing 
5 894 410 967 506 62891 0 0 0 standing 
5 903 408 976 506 62892 0 0 1 standing 
5 913 407 985 506 62893 0 0 1 standing 
5 923 406 994 506 62894 0 0 0 standing 
5 933 403 1004 505 62895 0 0 1 standing 
5 943 401 1014 505 62896 0 0 1 standing 
5 953 399 1024 505 62897 0 0 0 standing 
5 966 398 1033 506 62898 0 0 1 standing 
5 980 397 1042 507 62899 0 0 1 standing 
5 994 397 1052 509 62900 0 0 0 standing 
5 1013 395 1068 509 62901 0 0 1 standing 
5 1033 393 1084 510 62902 0 0 1 standing 
5 1052 391 1100 510 62903 0 0 1 standing 
5 1072 389 1116 511 62904 0 0 1 standing 
6 992 480 1046 617 62885 0 0 0 standing 
6 995 480 1051 617 62886 0 0 1 standing 
6 999 480 1057 617 62887 0 0 1 standing 
6 1003 481 1063 617 62888 0 0 0 standing 
6 1008 480 1070 616 62889 0 0 1 standing 
6 1014 479 1078 616 62890 0 0 1 standing 
6 1020 479 1086 616 62891 0 0 0 standing 
6 1027 477 1092 614 62892 0 0 1 standing 
6 1034 475 1098 612 62893 0 0 1 standing 
6 1041 473 1105 610 62894 0 0 0 standing 
6 1048 473 1112 609 62895 0 0 1 standing 
6 1055 474 1119 608 62896 0 0 1 standing 
6 1062 475 1127 607 62897 0 0 0 standing 
6 1071 477 1134 607 62898 0 0 1 standing 
6 1081 479 1142 608 62899 0 0 1 standing 
6 1091 482 1150 609 62900 0 0 0 standing 
6 1107 482 1167 610 62901 0 0 1 standing 
6 1123 482 1184 612 62902 0 0 1 standing 
6 1139 482 1201 614 62903 0 0 1 standing 
6 1155 482 1218 616 62904 0 0 1 standing 
7 1071 409 1141 521 62885 0 0 0 standing 
7 1079 409 1148 520 62886 0 0 1 standing 
7 1088 409 1156 520 62887 0 0 1 standing 
7 1097 409 1164 520 62888 0 0 0 standing 
7 1107 407 1172 520 62889 0 0 1 standing 
7 1118 405 1180 520 62890 0 0 1 standing 
7 1129 404 1189 521 62891 0 0 0 standing 
7 1138 402 1195 521 62892 0 0 1 standing 
7 1147 400 1201 522 62893 0 0 1 standing 
7 1156 398 1207 523 62894 0 0 0 standing 
7 1167 397 1216 525 62895 0 0 1 standing 
7 1178 397 1225 527 62896 0 0 1 standing 
7 1189 397 1235 530 62897 0 0 0 standing 
7 1200 401 1248 531 62898 0 0 1 standing 
7 1211 405 1261 532 62899 0 0 1 standing 
7 1222 409 1274 534 62900 1 0 0 standing 
7 1231 409 1275 530 62901 1 0 1 standing 
7 1240 409 1276 526 62902 1 0 1 standing 
7 1249 409 1277 523 62903 1 0 1 standing 
7 1258 409 1278 519 62904 1 0 1 standing 
8 231 394 285 495 62885 0 0 0 standing 
8 236 396 293 493 62886 0 0 1 moving 
8 242 398 302 492 62887 0 0 1 moving 
8 248 401 311 491 62888 0 0 0 moving 
8 258 400 321 491 62889 0 0 1 moving 
8 268 399 331 491 62890 0 0 1 moving 
8 278 398 341 492 62891 0 0 0 moving 
8 296 394 352 491 62892 0 0 1 moving 
8 314 391 363 490 62893 0 0 1 moving 
8 333 388 375 489 62894 0 0 0 moving 
8 347 388 390 491 62895 0 0 1 moving 
8 361 388 405 493 62896 0 0 1 moving 
8 375 388 421 495 62897 0 0 0 moving 
8 390 389 438 497 62898 0 0 1 moving 
8 405 390 455 499 62899 0 0 1 moving 
8 421 392 473 501 62900 0 0 0 moving 
8 437 392 490 501 62901 0 0 1 moving 
8 453 392 508 501 62902 0 0 1 moving 
8 470 392 526 501 62903 0 0 1 moving 
8 486 392 544 501 62904 0 0 1 moving 
9 152 517 234 634 62885 0 0 0 moving 
9 156 516 240 634 62886 0 0 1 standing 
9 161 515 246 634 62887 0 0 1 standing 
9 166 515 253 634 62888 0 0 0 standing 
9 173 513 259 634 62889 0 0 1 standing 
9 180 511 265 634 62890 0 0 1 standing 
9 187 509 272 634 62891 0 0 0 standing 
9 197 508 273 631 62892 0 0 1 standing 
9 207 507 275 628 62893 0 0 1 standing 
9 217 506 277 625 62894 0 0 0 standing 
9 222 505 284 624 62895 0 0 1 standing 
9 227 504 291 623 62896 0 0 1 standing 
9 233 503 298 622 62897 0 0 0 standing 
9 242 504 306 619 62898 0 0 1 standing 
9 251 505 315 617 62899 0 0 1 standing 
9 260 506 324 615 62900 0 0 0 standing 
9 275 504 339 614 62901 0 0 1 standing 
9 291 502 355 613 62902 0 0 1 standing 
9 306 500 370 612 62903 0 0 1 standing 
9 322 498 386 611 62904 0 0 1 standing 
10 69 466 155 593 62885 0 0 0 standing 
10 69 466 160 592 62886 0 0 1 standing 
10 70 466 166 592 62887 0 0 1 standing 
10 71 467 172 592 62888 0 0 0 standing 
10 78 466 173 591 62889 0 0 1 standing 
10 86 465 175 590 62890 0 0 1 standing 
10 94 464 177 589 62891 0 0 0 standing 
10 102 464 179 589 62892 0 0 1 standing 
10 110 464 181 590 62893 0 0 1 standing 
10 118 464 183 591 62894 0 0 0 standing 
10 121 466 189 594 62895 0 0 1 standing 
10 124 469 196 597 62896 0 0 1 standing 
10 127 472 203 601 62897 0 0 0 standing 
10 137 474 211 600 62898 0 0 1 standing 
10 147 476 219 599 62899 0 0 1 standing 
10 158 479 228 598 62900 0 0 0 standing 
10 174 477 241 596 62901 0 0 1 standing 
10 190 476 254 594 62902 0 0 1 standing 
10 207 474 267 592 62903 0 0 1 standing 
10 223 473 280 590 62904 0 0 1 standing 
