0 398 419 449 575 51530 0 1 0 standing 
0 400 416 451 573 51531 0 1 1 standing 
0 403 414 454 571 51532 0 1 1 standing 
0 405 412 456 569 51533 0 1 1 standing 
0 408 410 459 567 51534 0 1 1 standing 
0 410 408 461 565 51535 0 1 1 standing 
0 413 406 464 563 51536 0 1 1 standing 
0 415 404 466 561 51537 0 1 1 standing 
0 418 402 469 559 51538 0 1 1 standing 
0 420 400 471 557 51539 0 1 1 standing 
0 423 398 474 555 51540 0 1 0 standing 
0 421 398 472 555 51541 0 1 1 standing 
0 420 398 471 555 51542 0 1 1 standing 
0 418 398 469 555 51543 0 1 1 standing 
0 417 398 468 555 51544 0 1 1 standing 
0 416 399 467 555 51545 0 1 1 standing 
0 414 399 465 555 51546 0 1 1 standing 
0 413 399 464 555 51547 0 1 1 standing 
0 411 399 462 555 51548 0 1 1 standing 
0 410 399 461 555 51549 0 1 1 standing 
1 440 405 495 543 51530 0 1 0 standing 
1 446 404 501 542 51531 0 1 1 standing 
1 453 403 507 542 51532 0 1 1 standing 
1 460 403 513 542 51533 0 1 0 standing 
1 464 403 517 542 51534 0 1 1 standing 
1 469 403 522 542 51535 0 1 1 standing 
1 474 403 527 542 51536 0 1 1 standing 
1 478 403 531 542 51537 0 1 1 standing 
1 483 403 536 542 51538 0 1 1 standing 
1 488 403 541 542 51539 0 1 1 standing 
1 493 403 546 542 51540 0 1 0 standing 
1 494 402 547 541 51541 0 1 1 standing 
1 495 402 548 541 51542 0 1 1 standing 
1 496 402 549 541 51543 0 1 1 standing 
1 497 402 550 541 51544 0 1 1 standing 
1 499 402 552 541 51545 0 1 1 standing 
1 500 402 553 540 51546 0 1 1 standing 
1 501 402 554 540 51547 0 1 1 standing 
1 502 402 555 540 51548 0 1 1 standing 
1 503 402 556 540 51549 0 1 1 standing 
2 431 337 489 483 51530 0 1 0 standing 
2 432 338 490 484 51531 0 1 1 standing 
2 434 340 492 486 51532 0 1 1 standing 
2 436 342 494 488 51533 0 1 1 standing 
2 438 344 496 490 51534 0 1 1 standing 
2 440 346 498 492 51535 0 1 1 standing 
2 442 347 500 494 51536 0 1 1 standing 
2 444 349 502 496 51537 0 1 1 standing 
2 446 351 504 498 51538 0 1 1 standing 
2 448 353 506 500 51539 0 1 1 standing 
2 450 355 508 502 51540 0 1 0 standing 
2 450 355 508 502 51541 0 1 1 standing 
2 451 355 509 502 51542 0 1 1 standing 
2 451 355 509 502 51543 0 1 1 standing 
2 452 356 510 503 51544 0 1 1 standing 
2 453 356 511 503 51545 0 1 1 standing 
2 453 356 511 503 51546 0 1 1 standing 
2 454 357 512 504 51547 0 1 1 standing 
2 454 357 512 504 51548 0 1 1 standing 
2 455 357 513 504 51549 0 1 1 standing 
3 487 320 558 483 51530 0 1 0 standing 
3 489 321 560 484 51531 0 1 1 standing 
3 491 322 562 485 51532 0 1 1 standing 
3 493 323 564 486 51533 0 1 1 standing 
3 496 324 567 487 51534 0 1 1 standing 
3 498 326 569 489 51535 0 1 1 standing 
3 500 327 571 490 51536 0 1 1 standing 
3 503 328 574 491 51537 0 1 1 standing 
3 505 329 576 492 51538 0 1 1 standing 
3 507 330 578 493 51539 0 1 1 standing 
3 510 332 581 495 51540 0 1 0 standing 
3 509 332 580 495 51541 0 1 1 standing 
3 508 333 579 496 51542 0 1 1 standing 
3 507 334 578 497 51543 0 1 1 standing 
3 507 335 578 498 51544 0 1 1 standing 
3 506 336 577 499 51545 0 1 1 standing 
3 505 336 576 499 51546 0 1 1 standing 
3 505 337 576 500 51547 0 1 1 standing 
3 504 338 575 501 51548 0 1 1 standing 
3 503 339 574 502 51549 0 1 1 standing 
4 523 366 630 516 51530 0 1 0 standing 
4 525 366 629 516 51531 0 1 1 standing 
4 528 366 628 516 51532 0 1 1 standing 
4 531 367 628 516 51533 0 1 1 standing 
4 534 367 627 517 51534 0 1 1 standing 
4 537 368 627 517 51535 0 1 1 standing 
4 539 368 626 517 51536 0 1 1 standing 
4 542 368 625 518 51537 0 1 1 standing 
4 545 369 625 518 51538 0 1 1 standing 
4 548 369 624 518 51539 0 1 1 standing 
4 551 370 624 519 51540 0 1 0 standing 
4 551 370 624 519 51541 0 1 1 standing 
4 551 370 624 519 51542 0 1 1 standing 
4 551 370 624 519 51543 0 1 1 standing 
4 551 370 624 519 51544 0 1 1 standing 
4 551 370 624 519 51545 0 1 1 standing 
4 551 370 624 519 51546 0 1 1 standing 
4 551 370 624 519 51547 0 1 1 standing 
4 551 370 624 519 51548 0 1 1 standing 
4 551 370 624 519 51549 0 1 1 standing 
5 506 420 572 585 51530 0 1 0 standing 
5 506 419 572 584 51531 0 1 1 standing 
5 506 418 572 583 51532 0 1 1 standing 
5 506 417 572 582 51533 0 1 1 standing 
5 506 416 572 581 51534 0 1 1 standing 
5 506 415 572 581 51535 0 1 1 standing 
5 506 414 572 580 51536 0 1 1 standing 
5 506 413 572 579 51537 0 1 1 standing 
5 506 412 572 578 51538 0 1 1 standing 
5 506 411 572 577 51539 0 1 1 standing 
5 507 411 573 577 51540 0 1 0 standing 
5 503 409 569 575 51541 0 1 1 standing 
5 500 408 566 573 51542 0 1 1 standing 
5 497 406 563 572 51543 0 1 1 standing 
5 494 405 560 570 51544 0 1 1 standing 
5 491 403 557 569 51545 0 1 1 standing 
5 487 402 553 567 51546 0 1 1 standing 
5 484 400 550 565 51547 0 1 1 standing 
5 481 399 547 564 51548 0 1 1 standing 
5 478 397 544 562 51549 0 1 1 standing 
6 656 437 703 602 51530 0 0 0 standing 
6 660 435 707 601 51531 0 0 1 standing 
6 665 434 712 600 51532 0 0 1 standing 
6 670 433 717 599 51533 0 0 1 standing 
6 675 432 722 598 51534 0 0 1 standing 
6 680 431 727 597 51535 0 0 1 standing 
6 684 430 731 596 51536 0 0 1 standing 
6 689 429 736 595 51537 0 0 1 standing 
6 694 428 741 594 51538 0 0 1 standing 
6 699 427 746 593 51539 0 0 1 standing 
6 704 426 751 592 51540 0 0 0 standing 
6 706 426 753 592 51541 0 0 1 standing 
6 708 426 756 592 51542 0 0 1 standing 
6 710 426 759 592 51543 0 0 1 standing 
6 713 426 762 592 51544 0 0 1 standing 
6 715 426 765 592 51545 0 0 1 standing 
6 717 426 767 592 51546 0 0 1 standing 
6 720 426 770 592 51547 0 0 1 standing 
6 722 426 773 592 51548 0 0 1 standing 
6 724 426 776 592 51549 0 0 1 standing 
7 715 446 771 609 51530 0 0 0 standing 
7 720 448 776 611 51531 0 0 1 standing 
7 725 450 782 613 51532 0 0 1 standing 
7 730 452 787 615 51533 0 0 1 standing 
7 736 454 793 617 51534 0 0 1 standing 
7 741 456 798 619 51535 0 0 1 standing 
7 746 458 804 621 51536 0 0 1 standing 
7 752 460 809 623 51537 0 0 1 standing 
7 757 462 815 625 51538 0 0 1 standing 
7 762 464 820 627 51539 0 0 1 standing 
7 768 467 826 630 51540 0 0 0 standing 
7 770 466 828 629 51541 0 0 1 standing 
7 772 466 830 629 51542 0 0 1 standing 
7 774 466 832 628 51543 0 0 1 standing 
7 776 466 834 628 51544 0 0 1 standing 
7 778 466 836 628 51545 0 0 1 standing 
7 780 465 838 627 51546 0 0 1 standing 
7 782 465 840 627 51547 0 0 1 standing 
7 784 465 842 626 51548 0 0 1 standing 
7 786 465 844 626 51549 0 0 1 standing 
8 813 332 891 467 51530 0 0 0 standing 
8 818 332 896 467 51531 0 0 1 standing 
8 823 332 901 467 51532 0 0 1 standing 
8 828 332 906 467 51533 0 0 1 standing 
8 833 332 911 467 51534 0 0 1 standing 
8 839 332 917 467 51535 0 0 1 standing 
8 844 332 922 467 51536 0 0 1 standing 
8 849 332 927 467 51537 0 0 1 standing 
8 854 332 932 467 51538 0 0 1 standing 
8 859 332 937 467 51539 0 0 1 standing 
8 865 332 943 467 51540 0 0 0 standing 
8 865 332 943 467 51541 0 0 1 standing 
8 865 332 943 467 51542 0 0 1 standing 
8 865 332 943 467 51543 0 0 1 standing 
8 865 332 943 467 51544 0 0 1 standing 
8 865 332 943 467 51545 0 0 1 standing 
8 865 332 943 467 51546 0 0 1 standing 
8 865 332 943 467 51547 0 0 1 standing 
8 865 332 943 467 51548 0 0 1 standing 
8 865 332 943 467 51549 0 0 1 standing 
9 1091 313 1163 471 51530 0 0 0 standing 
9 1094 310 1166 468 51531 0 0 1 standing 
9 1097 307 1169 466 51532 0 0 1 standing 
9 1101 305 1173 464 51533 0 0 1 standing 
9 1104 302 1176 461 51534 0 0 1 standing 
9 1108 300 1180 459 51535 0 0 1 standing 
9 1111 297 1183 457 51536 0 0 1 standing 
9 1114 294 1186 454 51537 0 0 1 standing 
9 1118 292 1190 452 51538 0 0 1 standing 
9 1121 289 1193 450 51539 0 0 1 standing 
9 1125 287 1197 448 51540 0 0 0 standing 
9 1125 290 1197 451 51541 0 0 1 standing 
9 1125 294 1197 455 51542 0 0 1 standing 
9 1125 298 1197 459 51543 0 0 1 standing 
9 1125 301 1197 462 51544 0 0 1 standing 
9 1125 305 1197 466 51545 0 0 1 standing 
9 1125 309 1197 470 51546 0 0 1 standing 
9 1125 312 1197 473 51547 0 0 1 standing 
9 1125 316 1197 477 51548 0 0 1 standing 
9 1125 320 1197 481 51549 0 0 1 standing 
10 1146 396 1206 584 51530 0 0 0 standing 
10 1148 396 1208 584 51531 0 0 1 standing 
10 1150 396 1210 584 51532 0 0 1 standing 
10 1153 396 1213 584 51533 0 0 1 standing 
10 1155 396 1215 584 51534 0 0 1 standing 
10 1158 397 1218 584 51535 0 0 1 standing 
10 1160 397 1220 584 51536 0 0 1 standing 
10 1162 397 1222 584 51537 0 0 1 standing 
10 1165 397 1225 584 51538 0 0 1 standing 
10 1167 397 1227 584 51539 0 0 1 standing 
10 1170 398 1230 585 51540 0 0 0 standing 
10 1168 398 1228 585 51541 0 0 1 standing 
10 1167 399 1227 585 51542 0 0 1 standing 
10 1166 399 1226 586 51543 0 0 1 standing 
10 1165 400 1225 586 51544 0 0 1 standing 
10 1164 400 1224 587 51545 0 0 1 standing 
10 1163 401 1223 587 51546 0 0 1 standing 
10 1162 401 1222 587 51547 0 0 1 standing 
10 1161 402 1221 588 51548 0 0 1 standing 
10 1160 402 1220 588 51549 0 0 1 standing 
11 1173 367 1233 529 51530 0 0 0 standing 
11 1174 366 1234 528 51531 0 0 1 standing 
11 1176 365 1236 527 51532 0 0 1 standing 
11 1178 364 1238 526 51533 0 0 1 standing 
11 1180 363 1240 526 51534 0 0 1 standing 
11 1182 363 1242 525 51535 0 0 1 standing 
11 1183 362 1243 524 51536 0 0 1 standing 
11 1185 361 1245 524 51537 0 0 1 standing 
11 1187 360 1247 523 51538 0 0 1 standing 
11 1189 359 1249 522 51539 0 0 1 standing 
11 1191 359 1251 522 51540 0 0 0 standing 
11 1188 359 1248 522 51541 0 0 1 standing 
11 1185 359 1245 522 51542 0 0 1 standing 
11 1183 359 1243 522 51543 0 0 1 standing 
11 1180 359 1240 522 51544 0 0 1 standing 
11 1178 359 1238 522 51545 0 0 1 standing 
11 1175 359 1235 522 51546 0 0 1 standing 
11 1172 359 1232 522 51547 0 0 1 standing 
11 1170 359 1230 522 51548 0 0 1 standing 
11 1167 359 1227 522 51549 0 0 1 standing 
