0 513 433 587 578 46505 0 0 0 standing 
0 507 431 580 576 46506 0 0 1 standing 
0 502 429 573 575 46507 0 0 1 standing 
0 496 427 566 573 46508 0 0 1 standing 
0 491 425 559 572 46509 0 0 1 standing 
0 485 424 552 570 46510 0 0 1 standing 
0 480 422 545 569 46511 0 0 1 standing 
0 474 420 538 567 46512 0 0 1 standing 
0 469 418 531 566 46513 0 0 1 standing 
0 463 416 524 564 46514 0 0 1 standing 
0 458 415 517 563 46515 0 0 0 standing 
0 444 415 503 563 46516 0 0 1 standing 
0 431 415 490 564 46517 0 0 1 standing 
0 418 416 477 564 46518 0 0 1 standing 
0 404 416 463 565 46519 0 0 1 standing 
0 391 417 450 565 46520 0 0 1 standing 
0 378 417 437 566 46521 0 0 1 standing 
0 364 417 423 566 46522 0 0 1 standing 
0 351 418 410 567 46523 0 0 1 standing 
0 338 418 397 567 46524 0 0 1 standing 
1 199 468 263 617 46505 0 0 0 standing 
1 193 467 258 615 46506 0 0 1 standing 
1 188 466 253 614 46507 0 0 1 standing 
1 182 465 249 613 46508 0 0 1 standing 
1 177 464 244 612 46509 0 0 1 standing 
1 171 463 240 611 46510 0 0 1 standing 
1 166 462 235 610 46511 0 0 1 standing 
1 160 461 230 609 46512 0 0 1 standing 
1 155 460 226 608 46513 0 0 1 standing 
1 149 459 221 607 46514 0 0 1 standing 
1 144 458 217 606 46515 0 0 0 standing 
1 136 456 208 604 46516 0 0 1 standing 
1 128 455 199 603 46517 0 0 1 standing 
1 120 454 190 602 46518 0 0 1 standing 
1 112 452 181 601 46519 0 0 1 standing 
1 104 451 172 600 46520 0 0 1 standing 
1 96 450 163 599 46521 0 0 1 standing 
1 89 449 154 598 46522 0 0 0 standing 
1 76 449 139 598 46523 0 0 1 standing 
1 63 449 124 598 46524 0 0 1 standing 
2 636 378 725 533 46505 0 0 0 standing 
2 627 378 715 533 46506 0 0 1 standing 
2 618 378 706 533 46507 0 0 1 standing 
2 609 379 696 533 46508 0 0 1 standing 
2 600 379 687 533 46509 0 0 1 standing 
2 591 380 677 534 46510 0 0 1 standing 
2 582 380 668 534 46511 0 0 1 standing 
2 573 380 658 534 46512 0 0 1 standing 
2 564 381 649 534 46513 0 0 1 standing 
2 555 381 639 534 46514 0 0 1 standing 
2 546 382 630 535 46515 0 0 0 standing 
2 532 385 614 538 46516 0 0 1 standing 
2 518 388 599 541 46517 0 0 1 standing 
2 504 391 583 544 46518 0 0 1 standing 
2 490 395 568 548 46519 0 0 1 standing 
2 477 398 552 551 46520 0 0 1 standing 
2 463 401 537 554 46521 0 0 1 standing 
2 449 405 521 558 46522 0 0 1 standing 
2 435 408 506 561 46523 0 0 1 standing 
2 421 411 490 564 46524 0 0 1 standing 
3 471 311 536 475 46505 0 1 0 standing 
3 472 305 537 469 46506 0 1 1 spiking 
3 474 300 539 464 46507 0 1 1 spiking 
3 476 294 541 459 46508 0 1 1 spiking 
3 478 289 543 453 46509 0 1 1 spiking 
3 480 283 545 448 46510 0 1 1 spiking 
3 482 278 547 443 46511 0 1 1 spiking 
3 484 272 549 437 46512 0 1 1 spiking 
3 486 267 551 432 46513 0 1 1 spiking 
3 488 261 553 427 46514 0 1 1 spiking 
3 490 256 555 422 46515 0 1 0 spiking 
3 486 265 549 424 46516 0 1 1 spiking 
3 482 274 543 427 46517 0 1 1 spiking 
3 478 283 537 429 46518 0 1 1 spiking 
3 474 293 532 432 46519 0 1 0 spiking 
3 464 302 520 440 46520 0 1 1 spiking 
3 455 311 509 449 46521 0 1 1 spiking 
3 446 320 498 458 46522 0 1 1 spiking 
3 436 329 486 466 46523 0 1 1 spiking 
3 427 338 475 475 46524 0 1 1 spiking 
4 510 325 566 465 46505 0 0 0 spiking 
4 500 324 555 464 46506 0 0 1 standing 
4 491 323 545 464 46507 0 0 1 standing 
4 481 322 535 463 46508 0 0 1 standing 
4 472 321 524 463 46509 0 0 1 standing 
4 462 321 514 462 46510 0 0 1 standing 
4 453 320 504 462 46511 0 0 1 standing 
4 443 319 493 461 46512 0 0 1 standing 
4 434 318 483 461 46513 0 0 1 standing 
4 424 317 473 460 46514 0 0 1 standing 
4 415 317 463 460 46515 0 0 0 standing 
4 397 321 446 463 46516 0 0 1 standing 
4 379 325 430 466 46517 0 0 1 standing 
4 361 329 413 469 46518 0 0 1 standing 
4 343 333 397 472 46519 0 0 1 standing 
4 325 338 381 475 46520 0 0 1 standing 
4 307 342 364 478 46521 0 0 1 standing 
4 289 346 348 481 46522 0 0 1 standing 
4 271 350 331 484 46523 0 0 1 standing 
4 253 354 315 487 46524 0 0 1 standing 
5 573 275 632 410 46505 0 0 0 standing 
5 567 276 626 411 46506 0 0 1 spiking 
5 561 277 620 412 46507 0 0 1 spiking 
5 555 278 614 414 46508 0 0 1 spiking 
5 550 279 609 415 46509 0 0 1 spiking 
5 544 280 603 417 46510 0 0 1 spiking 
5 538 281 597 418 46511 0 0 1 spiking 
5 533 282 592 419 46512 0 0 1 spiking 
5 527 283 586 421 46513 0 0 1 spiking 
5 521 284 580 422 46514 0 0 1 spiking 
5 516 286 575 424 46515 0 0 0 spiking 
5 503 288 562 426 46516 0 0 1 spiking 
5 491 291 550 428 46517 0 0 1 spiking 
5 479 293 538 430 46518 0 0 1 spiking 
5 467 296 526 433 46519 0 0 0 spiking 
5 450 298 509 435 46520 0 0 1 spiking 
5 434 300 493 438 46521 0 0 1 spiking 
5 418 303 477 440 46522 0 0 1 spiking 
5 402 305 461 443 46523 0 0 1 spiking 
5 386 307 445 445 46524 0 0 1 spiking 
6 791 389 857 507 46505 0 1 0 spiking 
6 781 379 846 503 46506 0 1 1 blocking 
6 772 369 836 499 46507 0 1 1 blocking 
6 763 359 826 495 46508 0 1 1 blocking 
6 754 349 815 491 46509 0 1 1 blocking 
6 744 339 805 487 46510 0 1 1 blocking 
6 735 330 795 484 46511 0 1 1 blocking 
6 726 320 784 480 46512 0 1 1 blocking 
6 717 310 774 476 46513 0 1 1 blocking 
6 707 300 764 472 46514 0 1 1 blocking 
6 698 290 753 468 46515 0 1 1 blocking 
6 689 280 743 464 46516 0 1 1 blocking 
6 680 271 733 461 46517 0 1 0 blocking 
6 664 272 717 464 46518 0 1 1 blocking 
6 649 274 702 467 46519 0 1 1 blocking 
6 634 276 687 471 46520 0 1 1 blocking 
6 619 278 672 474 46521 0 1 1 blocking 
6 603 280 657 477 46522 0 1 1 blocking 
6 588 282 642 481 46523 0 1 1 blocking 
6 573 284 627 484 46524 0 1 1 blocking 
7 791 365 847 488 46505 0 1 0 blocking 
7 781 354 837 483 46506 0 1 1 blocking 
7 772 343 827 479 46507 0 1 1 blocking 
7 763 333 817 474 46508 0 1 1 blocking 
7 754 322 807 470 46509 0 1 1 blocking 
7 745 312 797 465 46510 0 1 1 blocking 
7 736 301 787 461 46511 0 1 1 blocking 
7 727 290 777 456 46512 0 1 1 blocking 
7 718 280 767 452 46513 0 1 1 blocking 
7 709 269 757 447 46514 0 1 1 blocking 
7 700 259 747 443 46515 0 1 0 blocking 
7 685 262 732 446 46516 0 1 1 blocking 
7 671 265 718 450 46517 0 1 1 blocking 
7 657 268 704 453 46518 0 1 1 blocking 
7 643 272 690 457 46519 0 1 1 blocking 
7 629 275 676 460 46520 0 1 1 blocking 
7 614 278 661 464 46521 0 1 1 blocking 
7 600 282 647 467 46522 0 1 1 blocking 
7 586 285 633 471 46523 0 1 1 blocking 
7 572 288 619 474 46524 0 1 1 blocking 
8 798 347 851 477 46505 0 1 0 blocking 
8 788 337 840 474 46506 0 1 1 blocking 
8 779 327 830 471 46507 0 1 1 blocking 
8 769 318 819 468 46508 0 1 1 blocking 
8 760 308 809 465 46509 0 1 1 blocking 
8 751 299 798 462 46510 0 1 1 blocking 
8 741 289 788 459 46511 0 1 1 blocking 
8 732 279 777 456 46512 0 1 1 blocking 
8 722 270 767 453 46513 0 1 1 blocking 
8 713 260 756 450 46514 0 1 1 blocking 
8 704 251 746 448 46515 0 1 0 blocking 
8 689 254 731 451 46516 0 1 1 blocking 
8 675 258 717 455 46517 0 1 1 blocking 
8 660 261 702 458 46518 0 1 1 blocking 
8 646 265 688 462 46519 0 1 1 blocking 
8 632 268 674 466 46520 0 1 1 blocking 
8 617 272 659 469 46521 0 1 1 blocking 
8 603 275 645 473 46522 0 1 1 blocking 
8 588 279 630 476 46523 0 1 1 blocking 
8 574 282 616 480 46524 0 1 1 blocking 
9 1184 467 1267 600 46505 0 0 0 blocking 
9 1178 465 1259 598 46506 0 0 1 standing 
9 1173 464 1252 597 46507 0 0 1 standing 
9 1168 463 1245 596 46508 0 0 1 standing 
9 1162 462 1237 595 46509 0 0 1 standing 
9 1157 461 1230 594 46510 0 0 1 standing 
9 1152 460 1223 593 46511 0 0 1 standing 
9 1146 459 1215 591 46512 0 0 1 standing 
9 1141 458 1208 590 46513 0 0 1 standing 
9 1136 457 1201 589 46514 0 0 1 standing 
9 1130 456 1193 588 46515 0 0 1 standing 
9 1125 455 1186 587 46516 0 0 1 standing 
9 1120 454 1179 586 46517 0 0 0 standing 
9 1105 452 1164 584 46518 0 0 1 standing 
9 1090 451 1149 583 46519 0 0 1 standing 
9 1075 450 1134 581 46520 0 0 1 standing 
9 1061 449 1120 580 46521 0 0 1 standing 
9 1046 447 1105 579 46522 0 0 1 standing 
9 1031 446 1090 577 46523 0 0 1 standing 
9 1016 445 1075 576 46524 0 0 1 standing 
10 1220 302 1275 451 46505 0 0 0 standing 
10 1212 302 1267 451 46506 0 0 1 standing 
10 1204 302 1259 451 46507 0 0 1 standing 
10 1196 302 1251 451 46508 0 0 1 standing 
10 1188 302 1243 451 46509 0 0 1 standing 
10 1180 302 1235 452 46510 0 0 1 standing 
10 1172 302 1227 452 46511 0 0 1 standing 
10 1164 302 1219 452 46512 0 0 1 standing 
10 1156 302 1211 452 46513 0 0 1 standing 
10 1148 302 1203 452 46514 0 0 1 standing 
10 1140 303 1195 453 46515 0 0 0 standing 
10 1125 303 1180 453 46516 0 0 1 standing 
10 1110 303 1165 453 46517 0 0 1 standing 
10 1095 303 1150 453 46518 0 0 1 standing 
10 1080 304 1135 454 46519 0 0 1 standing 
10 1065 304 1120 454 46520 0 0 1 standing 
10 1050 304 1105 454 46521 0 0 1 standing 
10 1035 305 1090 455 46522 0 0 1 standing 
10 1020 305 1075 455 46523 0 0 1 standing 
10 1005 305 1060 455 46524 0 0 1 standing 
11 1218 374 1277 485 46505 1 0 1 standing 
11 1218 374 1277 485 46506 1 0 1 standing 
11 1218 374 1277 485 46507 1 0 1 standing 
11 1218 374 1277 485 46508 1 0 1 standing 
11 1218 374 1277 485 46509 1 0 1 standing 
11 1218 374 1277 485 46510 1 0 1 standing 
11 1218 374 1277 485 46511 1 0 1 standing 
11 1218 374 1277 485 46512 1 0 1 standing 
11 1218 374 1277 485 46513 1 0 1 standing 
11 1218 374 1277 485 46514 1 0 1 standing 
11 1218 374 1277 485 46515 1 0 1 standing 
11 1218 374 1277 485 46516 1 0 1 standing 
11 1218 374 1277 485 46517 1 0 1 standing 
11 1218 374 1277 485 46518 1 0 1 standing 
11 1218 374 1277 485 46519 1 0 1 standing 
11 1218 374 1277 485 46520 1 0 1 standing 
11 1218 374 1277 485 46521 1 0 1 standing 
11 1218 374 1277 485 46522 1 0 1 standing 
11 1218 374 1277 485 46523 1 0 1 standing 
11 1218 374 1277 485 46524 1 0 1 standing 
