0 547 420 593 553 60540 0 1 0 setting 
0 558 416 604 551 60541 0 1 1 setting 
0 570 412 616 549 60542 0 1 1 setting 
0 582 408 627 547 60543 0 1 1 setting 
0 594 404 639 545 60544 0 1 1 setting 
0 606 400 651 544 60545 0 1 1 setting 
0 617 396 662 542 60546 0 1 1 setting 
0 629 392 674 540 60547 0 1 1 setting 
0 641 388 685 538 60548 0 1 1 setting 
0 653 384 697 536 60549 0 1 1 setting 
0 665 380 709 535 60550 0 1 0 setting 
0 673 384 721 536 60551 0 1 1 setting 
0 682 388 733 537 60552 0 1 1 setting 
0 691 392 745 538 60553 0 1 1 setting 
0 700 396 757 539 60554 0 1 1 setting 
0 709 400 769 541 60555 0 1 1 setting 
0 718 404 781 542 60556 0 1 1 setting 
0 727 408 793 543 60557 0 1 1 setting 
0 736 412 805 544 60558 0 1 1 setting 
0 745 416 817 545 60559 0 1 1 setting 
1 675 436 781 568 60540 0 1 0 setting 
1 678 433 779 567 60541 0 1 1 standing 
1 681 430 778 567 60542 0 1 1 standing 
1 684 427 777 567 60543 0 1 1 standing 
1 687 424 776 566 60544 0 1 1 standing 
1 690 421 774 566 60545 0 1 1 standing 
1 693 418 773 566 60546 0 1 1 standing 
1 696 415 772 565 60547 0 1 1 standing 
1 699 412 771 565 60548 0 1 1 standing 
1 703 409 770 565 60549 0 1 0 standing 
1 707 404 776 557 60550 0 1 1 standing 
1 711 400 782 550 60551 0 1 1 standing 
1 715 396 789 543 60552 0 1 1 standing 
1 720 392 795 536 60553 0 1 1 standing 
1 724 388 802 529 60554 0 1 1 standing 
1 728 383 808 521 60555 0 1 1 standing 
1 732 379 815 514 60556 0 1 1 standing 
1 737 375 821 507 60557 0 1 1 standing 
1 741 371 828 500 60558 0 1 1 standing 
1 745 367 834 493 60559 0 1 1 standing 
2 879 458 980 562 60540 0 1 0 standing 
2 877 458 978 562 60541 0 1 1 moving 
2 875 459 976 563 60542 0 1 1 moving 
2 873 459 974 563 60543 0 1 1 moving 
2 872 460 973 564 60544 0 1 1 moving 
2 870 461 971 565 60545 0 1 1 moving 
2 868 461 969 565 60546 0 1 1 moving 
2 867 462 968 566 60547 0 1 1 moving 
2 865 462 966 566 60548 0 1 1 moving 
2 863 463 964 567 60549 0 1 1 moving 
2 862 464 963 568 60550 0 1 0 moving 
2 859 462 956 569 60551 0 1 1 moving 
2 856 460 950 571 60552 0 1 1 moving 
2 853 459 943 573 60553 0 1 1 moving 
2 850 457 937 575 60554 0 1 1 moving 
2 847 456 931 577 60555 0 1 0 moving 
2 849 446 935 575 60556 0 1 1 moving 
2 852 437 939 573 60557 0 1 1 moving 
2 854 427 943 571 60558 0 1 1 moving 
2 857 418 947 569 60559 0 1 1 moving 
3 824 488 923 621 60540 0 1 0 moving 
3 826 490 925 623 60541 0 1 1 moving 
3 829 493 928 626 60542 0 1 1 moving 
3 831 495 930 628 60543 0 1 1 moving 
3 834 498 933 631 60544 0 1 1 moving 
3 836 500 935 633 60545 0 1 1 moving 
3 839 503 938 636 60546 0 1 1 moving 
3 841 505 940 638 60547 0 1 1 moving 
3 844 508 943 641 60548 0 1 1 moving 
3 846 510 945 643 60549 0 1 1 moving 
3 849 513 948 646 60550 0 1 0 moving 
3 844 513 945 646 60551 0 1 1 moving 
3 840 514 942 646 60552 0 1 1 moving 
3 835 514 939 646 60553 0 1 1 moving 
3 831 515 936 646 60554 0 1 1 moving 
3 827 516 934 647 60555 0 1 0 moving 
3 822 516 926 647 60556 0 1 1 moving 
3 818 517 918 648 60557 0 1 1 moving 
3 814 517 910 649 60558 0 1 1 moving 
3 810 518 902 650 60559 0 1 1 moving 
4 760 372 832 469 60540 0 1 0 moving 
4 760 370 836 468 60541 0 1 1 moving 
4 761 369 840 467 60542 0 1 1 moving 
4 761 368 845 467 60543 0 1 1 moving 
4 762 366 849 466 60544 0 1 1 moving 
4 762 365 854 466 60545 0 1 1 moving 
4 763 364 858 465 60546 0 1 1 moving 
4 763 362 862 464 60547 0 1 1 moving 
4 764 361 867 464 60548 0 1 1 moving 
4 764 360 871 463 60549 0 1 1 moving 
4 765 359 876 463 60550 0 1 0 moving 
4 767 359 873 463 60551 0 1 1 moving 
4 769 359 871 463 60552 0 1 1 moving 
4 772 360 868 463 60553 0 1 1 moving 
4 774 360 866 464 60554 0 1 1 moving 
4 777 361 864 464 60555 0 1 1 moving 
4 779 361 861 464 60556 0 1 1 moving 
4 781 361 859 465 60557 0 1 1 moving 
4 784 362 856 465 60558 0 1 1 moving 
4 786 362 854 465 60559 0 1 1 moving 
5 998 485 1064 616 60540 0 0 0 moving 
5 1006 488 1077 618 60541 0 0 1 standing 
5 1015 491 1091 621 60542 0 0 1 standing 
5 1024 494 1105 624 60543 0 0 0 standing 
5 1033 494 1114 624 60544 0 0 1 standing 
5 1042 495 1123 624 60545 0 0 1 standing 
5 1051 496 1132 624 60546 0 0 0 standing 
5 1059 494 1137 624 60547 0 0 1 standing 
5 1067 493 1142 624 60548 0 0 1 standing 
5 1075 492 1148 625 60549 0 0 0 standing 
5 1081 492 1147 624 60550 0 0 1 standing 
5 1087 492 1146 624 60551 0 0 1 standing 
5 1094 492 1146 624 60552 0 0 0 standing 
5 1095 492 1155 625 60553 0 0 1 standing 
5 1097 493 1164 626 60554 0 0 1 standing 
5 1099 494 1173 627 60555 0 0 0 standing 
5 1104 493 1179 627 60556 0 0 1 standing 
5 1109 493 1185 628 60557 0 0 1 standing 
5 1114 492 1191 629 60558 0 0 1 standing 
5 1119 492 1197 630 60559 0 0 1 standing 
6 438 465 490 624 60540 0 0 0 standing 
6 445 464 501 623 60541 0 0 1 standing 
6 452 463 512 622 60542 0 0 1 standing 
6 460 463 523 621 60543 0 0 0 standing 
6 469 463 532 621 60544 0 0 1 standing 
6 479 463 542 621 60545 0 0 1 standing 
6 489 463 552 621 60546 0 0 0 standing 
6 499 462 560 620 60547 0 0 1 standing 
6 509 461 569 619 60548 0 0 1 standing 
6 520 461 578 619 60549 0 0 0 standing 
6 531 462 589 620 60550 0 0 1 standing 
6 543 464 601 622 60551 0 0 1 standing 
6 555 466 613 624 60552 0 0 0 standing 
6 563 470 619 623 60553 0 0 1 standing 
6 571 474 625 622 60554 0 0 1 standing 
6 579 479 632 622 60555 0 0 0 standing 
6 588 476 642 622 60556 0 0 1 standing 
6 597 474 653 623 60557 0 0 1 standing 
6 607 472 664 623 60558 0 0 1 standing 
6 616 470 675 624 60559 0 0 1 standing 
7 440 404 491 576 60540 0 0 0 standing 
7 445 408 495 569 60541 0 0 1 blocking 
7 451 412 500 562 60542 0 0 1 blocking 
7 457 416 505 556 60543 0 0 0 blocking 
7 470 414 518 554 60544 0 0 1 blocking 
7 483 412 531 552 60545 0 0 1 blocking 
7 497 410 545 550 60546 0 0 0 blocking 
7 508 409 556 550 60547 0 0 1 blocking 
7 520 408 568 550 60548 0 0 1 blocking 
7 532 408 580 550 60549 0 0 0 blocking 
7 539 408 587 550 60550 0 0 1 blocking 
7 547 409 594 551 60551 0 0 1 blocking 
7 555 410 602 552 60552 0 0 0 blocking 
7 555 404 617 546 60553 0 0 1 blocking 
7 556 398 632 540 60554 0 0 1 blocking 
7 557 392 647 534 60555 0 0 0 blocking 
7 565 393 654 535 60556 0 0 1 blocking 
7 573 394 661 536 60557 0 0 1 blocking 
7 581 396 668 538 60558 0 0 1 blocking 
7 589 397 675 539 60559 0 0 1 blocking 
8 424 420 483 557 60540 0 0 0 blocking 
8 436 412 496 558 60541 0 0 1 blocking 
8 448 404 509 559 60542 0 0 1 blocking 
8 461 396 523 560 60543 0 0 0 blocking 
8 471 401 532 562 60544 0 0 1 blocking 
8 481 406 542 565 60545 0 0 1 blocking 
8 491 412 552 568 60546 0 0 0 blocking 
8 505 410 566 566 60547 0 0 1 blocking 
8 519 408 580 564 60548 0 0 1 blocking 
8 534 406 595 562 60549 0 0 0 blocking 
8 542 407 603 563 60550 0 0 1 blocking 
8 550 408 611 564 60551 0 0 1 blocking 
8 559 410 620 566 60552 0 0 0 blocking 
8 569 410 630 566 60553 0 0 1 blocking 
8 579 410 640 566 60554 0 0 1 blocking 
8 590 411 651 567 60555 0 0 0 blocking 
8 602 402 658 563 60556 0 0 1 blocking 
8 614 394 665 560 60557 0 0 1 blocking 
8 626 386 672 556 60558 0 0 1 blocking 
8 638 378 679 553 60559 0 0 1 blocking 
9 177 511 242 641 60540 0 0 0 blocking 
9 184 512 248 641 60541 0 0 1 standing 
9 191 513 255 641 60542 0 0 1 standing 
9 198 515 262 641 60543 0 0 0 standing 
9 204 513 268 641 60544 0 0 1 standing 
9 211 511 274 642 60545 0 0 1 standing 
9 218 510 281 643 60546 0 0 0 standing 
9 226 509 289 642 60547 0 0 1 standing 
9 234 508 297 641 60548 0 0 1 standing 
9 243 507 306 640 60549 0 0 0 standing 
9 250 508 312 639 60550 0 0 1 standing 
9 258 509 318 639 60551 0 0 1 standing 
9 266 511 325 639 60552 0 0 0 standing 
9 270 511 332 638 60553 0 0 1 standing 
9 275 511 339 638 60554 0 0 1 standing 
9 280 511 346 638 60555 0 0 0 standing 
9 288 512 353 636 60556 0 0 1 standing 
9 296 513 361 634 60557 0 0 1 standing 
9 304 514 369 633 60558 0 0 1 standing 
9 312 515 377 631 60559 0 0 1 standing 
10 28 448 88 585 60540 0 0 0 standing 
10 37 448 99 584 60541 0 0 1 standing 
10 46 448 110 584 60542 0 0 1 standing 
10 55 448 121 584 60543 0 0 0 standing 
10 66 447 131 582 60544 0 0 1 standing 
10 78 446 142 580 60545 0 0 1 standing 
10 90 445 153 579 60546 0 0 0 standing 
10 101 444 163 578 60547 0 0 1 standing 
10 112 443 173 577 60548 0 0 1 standing 
10 124 443 184 576 60549 0 0 0 standing 
10 132 444 193 574 60550 0 0 1 standing 
10 141 445 202 573 60551 0 0 1 standing 
10 150 446 212 572 60552 0 0 0 standing 
10 160 445 222 571 60553 0 0 1 standing 
10 170 445 232 571 60554 0 0 1 standing 
10 180 445 242 571 60555 0 0 0 standing 
10 188 446 250 569 60556 0 0 1 standing 
10 197 447 258 568 60557 0 0 1 standing 
10 206 449 266 567 60558 0 0 1 standing 
10 215 450 274 566 60559 0 0 1 standing 
11 0 441 75 562 60540 0 0 0 standing 
11 13 437 93 559 60541 0 0 1 standing 
11 27 434 112 557 60542 0 0 1 standing 
11 41 431 131 555 60543 0 0 0 standing 
11 64 429 149 553 60544 0 0 1 standing 
11 88 428 168 551 60545 0 0 1 standing 
11 112 427 187 550 60546 0 0 0 standing 
11 132 424 202 547 60547 0 0 1 standing 
11 152 421 218 544 60548 0 0 1 standing 
11 172 418 234 541 60549 0 0 0 standing 
11 190 417 251 540 60550 0 0 1 standing 
11 208 416 268 539 60551 0 0 1 standing 
11 227 416 286 538 60552 0 0 0 standing 
11 241 415 301 536 60553 0 0 1 standing 
11 255 414 316 535 60554 0 0 1 standing 
11 270 413 331 534 60555 0 0 0 standing 
11 283 413 347 532 60556 0 0 1 standing 
11 296 413 363 531 60557 0 0 1 standing 
11 310 414 379 530 60558 0 0 1 standing 
11 323 414 395 529 60559 0 0 1 standing 
