0 690 395 764 540 44670 0 1 0 setting 
0 692 393 763 539 44671 0 1 1 setting 
0 695 391 763 539 44672 0 1 1 setting 
0 697 389 762 538 44673 0 1 1 setting 
0 700 387 762 538 44674 0 1 0 setting 
0 700 385 761 539 44675 0 1 1 setting 
0 700 383 760 541 44676 0 1 1 setting 
0 700 381 759 543 44677 0 1 0 setting 
0 700 382 758 545 44678 0 1 1 setting 
0 700 384 758 547 44679 0 1 1 setting 
0 700 386 758 549 44680 0 1 0 setting 
0 702 390 761 549 44681 0 1 1 setting 
0 705 394 764 550 44682 0 1 1 setting 
0 708 398 767 551 44683 0 1 1 setting 
0 710 402 770 552 44684 0 1 1 setting 
0 713 406 773 553 44685 0 1 1 setting 
0 716 410 776 554 44686 0 1 1 setting 
0 719 414 779 555 44687 0 1 0 setting 
0 720 418 785 556 44688 0 1 1 setting 
0 722 423 791 558 44689 0 1 1 setting 
1 733 426 834 582 44670 0 1 0 setting 
1 728 425 826 582 44671 0 1 1 setting 
1 724 425 818 583 44672 0 1 1 setting 
1 720 425 810 584 44673 0 1 1 setting 
1 716 424 802 584 44674 0 1 1 setting 
1 712 424 794 585 44675 0 1 1 setting 
1 708 424 786 586 44676 0 1 1 setting 
1 704 424 779 587 44677 0 1 0 setting 
1 701 410 775 584 44678 0 1 1 setting 
1 699 397 772 581 44679 0 1 1 setting 
1 697 384 769 579 44680 0 1 0 setting 
1 684 376 766 572 44681 0 1 1 setting 
1 672 368 763 565 44682 0 1 1 setting 
1 660 361 761 558 44683 0 1 0 setting 
1 661 365 755 558 44684 0 1 1 setting 
1 662 369 749 559 44685 0 1 1 setting 
1 663 373 743 560 44686 0 1 1 setting 
1 664 378 737 561 44687 0 1 0 setting 
1 664 383 737 563 44688 0 1 1 setting 
1 665 389 737 566 44689 0 1 1 setting 
2 808 517 917 687 44670 0 1 0 setting 
2 808 520 917 689 44671 0 1 1 moving 
2 809 524 918 691 44672 0 1 1 moving 
2 810 527 919 693 44673 0 1 1 moving 
2 811 531 920 695 44674 0 1 0 moving 
2 808 526 919 691 44675 0 1 1 moving 
2 806 521 919 687 44676 0 1 1 moving 
2 804 517 919 683 44677 0 1 0 moving 
2 800 518 906 685 44678 0 1 1 moving 
2 796 519 893 687 44679 0 1 1 moving 
2 792 520 881 689 44680 0 1 0 moving 
2 785 517 873 687 44681 0 1 1 moving 
2 778 514 865 686 44682 0 1 1 moving 
2 772 512 858 684 44683 0 1 1 moving 
2 765 509 850 683 44684 0 1 1 moving 
2 759 507 843 682 44685 0 1 0 moving 
2 752 507 835 680 44686 0 1 1 moving 
2 746 507 828 679 44687 0 1 1 moving 
2 739 507 821 677 44688 0 1 1 moving 
2 733 507 814 676 44689 0 1 1 moving 
3 854 321 914 437 44670 0 1 0 moving 
3 850 324 915 437 44671 0 1 1 moving 
3 847 327 916 438 44672 0 1 1 moving 
3 843 330 917 439 44673 0 1 1 moving 
3 840 334 919 440 44674 0 1 0 moving 
3 837 334 918 439 44675 0 1 1 moving 
3 835 334 917 439 44676 0 1 1 moving 
3 833 334 916 439 44677 0 1 1 moving 
3 831 334 915 438 44678 0 1 1 moving 
3 829 334 914 438 44679 0 1 1 moving 
3 827 334 914 438 44680 0 1 0 moving 
3 824 335 907 439 44681 0 1 1 moving 
3 822 336 900 440 44682 0 1 1 moving 
3 820 337 894 441 44683 0 1 1 moving 
3 818 338 887 442 44684 0 1 1 moving 
3 816 340 881 443 44685 0 1 0 moving 
3 808 339 877 443 44686 0 1 1 moving 
3 800 338 873 444 44687 0 1 1 moving 
3 792 337 870 444 44688 0 1 1 moving 
3 784 336 866 445 44689 0 1 1 moving 
4 1083 406 1195 521 44670 0 1 0 moving 
4 1071 405 1185 521 44671 0 1 1 moving 
4 1059 404 1176 522 44672 0 1 1 moving 
4 1048 404 1167 522 44673 0 1 1 moving 
4 1036 403 1158 523 44674 0 1 1 moving 
4 1025 403 1149 524 44675 0 1 0 moving 
4 1021 403 1136 526 44676 0 1 1 moving 
4 1017 404 1124 528 44677 0 1 1 moving 
4 1013 404 1111 531 44678 0 1 1 moving 
4 1009 405 1099 533 44679 0 1 1 moving 
4 1006 406 1087 536 44680 0 1 0 moving 
4 990 405 1080 536 44681 0 1 1 moving 
4 974 405 1073 537 44682 0 1 1 moving 
4 958 405 1067 538 44683 0 1 1 moving 
4 942 405 1060 539 44684 0 1 1 moving 
4 926 405 1054 540 44685 0 1 0 moving 
4 924 405 1037 539 44686 0 1 1 moving 
4 922 406 1020 538 44687 0 1 1 moving 
4 920 406 1003 538 44688 0 1 1 moving 
4 918 407 986 537 44689 0 1 1 moving 
5 907 459 983 606 44670 0 0 0 moving 
5 908 463 987 607 44671 0 0 1 standing 
5 909 468 992 608 44672 0 0 1 standing 
5 910 473 997 610 44673 0 0 0 standing 
5 906 469 993 608 44674 0 0 1 standing 
5 902 466 989 607 44675 0 0 1 standing 
5 898 463 985 606 44676 0 0 0 standing 
5 896 461 975 601 44677 0 0 1 standing 
5 894 459 965 597 44678 0 0 1 standing 
5 892 457 955 593 44679 0 0 0 standing 
5 887 459 950 596 44680 0 0 1 standing 
5 882 461 945 599 44681 0 0 1 standing 
5 878 464 941 603 44682 0 0 0 standing 
5 875 467 938 603 44683 0 0 1 standing 
5 873 470 936 603 44684 0 0 1 standing 
5 871 473 934 604 44685 0 0 0 standing 
5 872 470 934 602 44686 0 0 1 standing 
5 873 467 934 601 44687 0 0 1 standing 
5 874 465 934 599 44688 0 0 1 standing 
5 875 462 934 598 44689 0 0 1 standing 
6 519 451 576 594 44670 0 0 0 standing 
6 519 451 576 594 44671 0 0 1 standing 
6 519 451 576 594 44672 0 0 1 standing 
6 520 451 577 594 44673 0 0 0 standing 
6 521 452 580 594 44674 0 0 1 standing 
6 522 453 583 595 44675 0 0 1 standing 
6 524 454 587 596 44676 0 0 0 standing 
6 523 456 586 598 44677 0 0 1 standing 
6 523 458 586 601 44678 0 0 1 standing 
6 523 461 586 604 44679 0 0 0 standing 
6 524 463 586 606 44680 0 0 1 standing 
6 526 465 586 608 44681 0 0 1 standing 
6 528 467 586 610 44682 0 0 0 standing 
6 529 466 588 609 44683 0 0 1 standing 
6 530 466 591 608 44684 0 0 1 standing 
6 531 466 594 608 44685 0 0 0 standing 
6 530 469 593 607 44686 0 0 1 standing 
6 529 472 592 606 44687 0 0 1 standing 
6 528 475 592 606 44688 0 0 1 standing 
6 527 478 591 605 44689 0 0 1 standing 
7 534 389 588 556 44670 0 0 0 standing 
7 535 390 589 557 44671 0 0 1 standing 
7 536 391 590 558 44672 0 0 1 standing 
7 538 392 591 559 44673 0 0 0 standing 
7 540 391 593 558 44674 0 0 1 standing 
7 542 390 595 557 44675 0 0 1 standing 
7 545 389 598 557 44676 0 0 0 standing 
7 545 390 598 558 44677 0 0 1 standing 
7 545 391 598 559 44678 0 0 1 standing 
7 545 393 598 561 44679 0 0 0 standing 
7 546 396 600 563 44680 0 0 1 standing 
7 547 400 602 566 44681 0 0 1 standing 
7 548 404 605 569 44682 0 0 0 standing 
7 548 405 605 570 44683 0 0 1 standing 
7 548 406 605 572 44684 0 0 1 standing 
7 548 407 605 574 44685 0 0 0 standing 
7 550 405 607 567 44686 0 0 1 standing 
7 552 404 609 560 44687 0 0 1 standing 
7 554 402 612 554 44688 0 0 1 standing 
7 556 401 614 547 44689 0 0 1 standing 
8 535 336 590 479 44670 0 0 0 standing 
8 536 335 591 478 44671 0 0 1 standing 
8 537 335 592 478 44672 0 0 1 standing 
8 538 335 593 478 44673 0 0 1 standing 
8 539 334 594 478 44674 0 0 1 standing 
8 540 334 595 478 44675 0 0 1 standing 
8 542 334 597 478 44676 0 0 0 standing 
8 544 335 599 479 44677 0 0 1 standing 
8 546 336 601 480 44678 0 0 1 standing 
8 549 337 603 481 44679 0 0 0 standing 
8 552 337 606 481 44680 0 0 1 standing 
8 556 338 610 481 44681 0 0 1 standing 
8 560 339 614 482 44682 0 0 0 standing 
8 560 339 614 482 44683 0 0 1 standing 
8 560 340 614 483 44684 0 0 1 standing 
8 560 341 614 484 44685 0 0 0 standing 
8 563 341 615 484 44686 0 0 1 standing 
8 566 341 617 484 44687 0 0 1 standing 
8 569 341 618 484 44688 0 0 1 standing 
8 572 341 620 484 44689 0 0 1 standing 
9 266 375 321 498 44670 0 0 0 standing 
9 266 374 317 499 44671 0 0 1 standing 
9 266 373 314 500 44672 0 0 1 standing 
9 266 373 311 502 44673 0 0 0 standing 
9 263 373 310 501 44674 0 0 1 standing 
9 260 373 310 500 44675 0 0 1 standing 
9 258 373 310 500 44676 0 0 0 standing 
9 257 373 310 497 44677 0 0 1 standing 
9 257 373 310 495 44678 0 0 1 standing 
9 257 373 310 493 44679 0 0 0 standing 
9 256 373 310 492 44680 0 0 1 standing 
9 256 373 311 492 44681 0 0 1 standing 
9 256 373 312 492 44682 0 0 1 standing 
9 256 373 312 492 44683 0 0 1 standing 
9 256 373 313 492 44684 0 0 1 standing 
9 256 373 314 492 44685 0 0 0 standing 
9 257 371 313 491 44686 0 0 1 standing 
9 259 369 313 491 44687 0 0 1 standing 
9 261 368 313 491 44688 0 0 0 standing 
9 261 368 313 491 44689 0 0 1 standing 
10 203 444 282 610 44670 0 0 0 standing 
10 201 445 279 609 44671 0 0 1 standing 
10 199 446 276 609 44672 0 0 1 standing 
10 197 448 274 609 44673 0 0 0 standing 
10 198 449 272 609 44674 0 0 1 standing 
10 199 450 270 610 44675 0 0 1 standing 
10 200 451 269 611 44676 0 0 0 standing 
10 194 450 268 612 44677 0 0 1 standing 
10 189 449 267 613 44678 0 0 1 standing 
10 184 448 266 615 44679 0 0 0 standing 
10 184 449 266 615 44680 0 0 1 standing 
10 185 451 267 616 44681 0 0 1 standing 
10 185 452 268 617 44682 0 0 1 standing 
10 186 454 269 617 44683 0 0 1 standing 
10 186 455 270 618 44684 0 0 1 standing 
10 187 457 271 619 44685 0 0 0 standing 
10 189 458 273 620 44686 0 0 1 standing 
10 192 459 276 621 44687 0 0 1 standing 
10 195 460 279 622 44688 0 0 1 standing 
10 198 461 282 623 44689 0 0 1 standing 
11 129 386 192 540 44670 0 0 0 standing 
11 122 388 192 542 44671 0 0 1 standing 
11 115 391 192 545 44672 0 0 1 standing 
11 108 394 193 548 44673 0 0 0 standing 
11 104 395 189 550 44674 0 0 1 standing 
11 100 397 185 552 44675 0 0 1 standing 
11 97 399 182 554 44676 0 0 0 standing 
11 98 399 178 554 44677 0 0 1 standing 
11 99 399 174 554 44678 0 0 1 standing 
11 100 400 170 554 44679 0 0 0 standing 
11 100 401 168 555 44680 0 0 1 standing 
11 100 402 167 556 44681 0 0 1 standing 
11 101 403 166 557 44682 0 0 0 standing 
11 99 407 166 561 44683 0 0 1 standing 
11 98 411 166 565 44684 0 0 1 standing 
11 97 416 166 569 44685 0 0 0 standing 
11 97 419 168 569 44686 0 0 1 standing 
11 98 423 170 569 44687 0 0 1 standing 
11 98 426 172 569 44688 0 0 1 standing 
11 99 430 174 569 44689 0 0 1 standing 
