0 561 347 623 453 63670 0 1 0 spiking 
0 557 341 619 447 63671 0 1 1 spiking 
0 553 336 616 442 63672 0 1 1 spiking 
0 550 331 612 437 63673 0 1 1 spiking 
0 546 326 609 432 63674 0 1 1 spiking 
0 543 321 606 427 63675 0 1 1 spiking 
0 539 315 602 422 63676 0 1 1 spiking 
0 535 310 599 417 63677 0 1 1 spiking 
0 532 305 595 412 63678 0 1 1 spiking 
0 528 300 592 407 63679 0 1 1 spiking 
0 525 295 589 402 63680 0 1 0 spiking 
0 521 299 584 409 63681 0 1 1 spiking 
0 518 303 579 416 63682 0 1 1 spiking 
0 514 307 574 423 63683 0 1 1 spiking 
0 511 312 570 430 63684 0 1 1 spiking 
0 507 316 565 437 63685 0 1 1 spiking 
0 504 320 560 444 63686 0 1 1 spiking 
0 500 325 556 451 63687 0 1 1 spiking 
0 497 329 551 458 63688 0 1 1 spiking 
0 493 333 546 465 63689 0 1 1 spiking 
1 702 341 751 432 63670 0 1 0 spiking 
1 694 337 742 433 63671 0 1 1 blocking 
1 687 334 734 434 63672 0 1 1 blocking 
1 679 331 726 435 63673 0 1 1 blocking 
1 672 328 717 437 63674 0 1 1 blocking 
1 664 325 709 438 63675 0 1 1 blocking 
1 657 322 701 439 63676 0 1 1 blocking 
1 649 319 692 441 63677 0 1 1 blocking 
1 642 316 684 442 63678 0 1 1 blocking 
1 634 313 676 443 63679 0 1 1 blocking 
1 627 310 668 445 63680 0 1 0 blocking 
1 620 311 661 446 63681 0 1 1 blocking 
1 613 312 654 447 63682 0 1 1 blocking 
1 606 313 647 448 63683 0 1 1 blocking 
1 599 314 640 449 63684 0 1 1 blocking 
1 592 315 633 450 63685 0 1 1 blocking 
1 585 316 626 451 63686 0 1 1 blocking 
1 578 317 619 452 63687 0 1 1 blocking 
1 571 318 612 453 63688 0 1 1 blocking 
1 564 319 605 454 63689 0 1 1 blocking 
2 699 384 750 528 63670 0 1 0 blocking 
2 692 380 741 524 63671 0 1 1 blocking 
2 685 377 733 521 63672 0 1 1 blocking 
2 678 373 724 517 63673 0 1 1 blocking 
2 672 370 716 514 63674 0 1 1 blocking 
2 665 367 708 510 63675 0 1 1 blocking 
2 658 363 699 507 63676 0 1 1 blocking 
2 652 360 691 503 63677 0 1 1 blocking 
2 645 356 682 500 63678 0 1 1 blocking 
2 638 353 674 496 63679 0 1 1 blocking 
2 632 350 666 493 63680 0 1 0 blocking 
2 624 347 658 491 63681 0 1 1 blocking 
2 617 344 651 489 63682 0 1 1 blocking 
2 609 341 643 487 63683 0 1 1 blocking 
2 602 338 636 486 63684 0 1 1 blocking 
2 595 335 629 484 63685 0 1 1 blocking 
2 587 332 621 482 63686 0 1 1 blocking 
2 580 329 614 481 63687 0 1 1 blocking 
2 572 326 606 479 63688 0 1 1 blocking 
2 565 323 599 477 63689 0 1 1 blocking 
3 607 362 666 502 63670 0 0 0 blocking 
3 604 366 662 501 63671 0 0 1 standing 
3 601 371 659 500 63672 0 0 1 standing 
3 598 376 656 499 63673 0 0 0 standing 
3 592 376 648 501 63674 0 0 1 standing 
3 586 376 640 503 63675 0 0 1 standing 
3 580 377 632 505 63676 0 0 0 standing 
3 569 375 620 506 63677 0 0 1 standing 
3 559 374 609 507 63678 0 0 1 standing 
3 549 373 598 508 63679 0 0 0 standing 
3 540 374 589 509 63680 0 0 1 standing 
3 532 376 581 510 63681 0 0 1 standing 
3 524 378 573 511 63682 0 0 0 standing 
3 514 378 563 510 63683 0 0 1 standing 
3 504 378 553 509 63684 0 0 1 standing 
3 495 379 544 508 63685 0 0 0 standing 
3 487 380 537 508 63686 0 0 1 standing 
3 480 382 530 508 63687 0 0 1 standing 
3 473 384 523 508 63688 0 0 1 standing 
3 466 385 516 508 63689 0 0 1 standing 
4 502 475 576 624 63670 0 0 0 standing 
4 507 471 579 624 63671 0 0 1 moving 
4 513 468 582 624 63672 0 0 1 moving 
4 519 465 586 625 63673 0 0 0 moving 
4 519 462 586 623 63674 0 0 1 moving 
4 520 460 587 621 63675 0 0 1 moving 
4 521 458 588 620 63676 0 0 0 moving 
4 518 457 580 613 63677 0 0 1 moving 
4 515 457 573 607 63678 0 0 1 moving 
4 512 457 566 601 63679 0 0 0 moving 
4 507 456 559 600 63680 0 0 1 moving 
4 502 456 552 599 63681 0 0 1 moving 
4 498 456 546 599 63682 0 0 0 moving 
4 493 453 541 595 63683 0 0 1 moving 
4 489 450 537 592 63684 0 0 1 moving 
4 485 447 533 589 63685 0 0 0 moving 
4 480 446 527 587 63686 0 0 1 moving 
4 475 445 522 585 63687 0 0 1 moving 
4 470 445 517 584 63688 0 0 0 moving 
4 467 444 518 583 63689 0 0 1 moving 
5 395 421 444 565 63670 0 0 0 moving 
5 394 421 443 565 63671 0 0 1 standing 
5 393 422 443 565 63672 0 0 1 standing 
5 393 423 443 565 63673 0 0 0 standing 
5 388 424 439 564 63674 0 0 1 standing 
5 383 425 435 563 63675 0 0 1 standing 
5 379 427 431 562 63676 0 0 0 standing 
5 372 424 424 560 63677 0 0 1 standing 
5 365 421 417 559 63678 0 0 1 standing 
5 358 418 411 558 63679 0 0 1 standing 
5 351 415 404 557 63680 0 0 1 standing 
5 344 412 397 556 63681 0 0 1 standing 
5 338 410 391 555 63682 0 0 0 standing 
5 329 406 381 551 63683 0 0 1 standing 
5 320 403 371 547 63684 0 0 1 standing 
5 312 400 362 543 63685 0 0 0 standing 
5 304 402 355 542 63686 0 0 1 standing 
5 296 405 349 541 63687 0 0 1 standing 
5 289 407 343 541 63688 0 0 1 standing 
5 281 410 337 540 63689 0 0 1 standing 
6 466 380 523 498 63670 0 0 0 standing 
6 469 381 521 498 63671 0 0 1 standing 
6 472 383 519 498 63672 0 0 1 standing 
6 475 385 517 498 63673 0 0 0 standing 
6 477 385 520 497 63674 0 0 1 standing 
6 479 385 523 496 63675 0 0 1 standing 
6 482 386 526 496 63676 0 0 0 standing 
6 477 384 521 495 63677 0 0 1 standing 
6 472 383 516 494 63678 0 0 1 standing 
6 468 382 512 493 63679 0 0 1 standing 
6 463 380 507 492 63680 0 0 1 standing 
6 458 379 502 491 63681 0 0 1 standing 
6 454 378 498 490 63682 0 0 0 standing 
6 447 377 492 486 63683 0 0 1 standing 
6 441 376 486 482 63684 0 0 1 standing 
6 435 375 480 479 63685 0 0 0 standing 
6 428 376 474 479 63686 0 0 1 standing 
6 422 378 469 479 63687 0 0 1 standing 
6 416 380 463 479 63688 0 0 1 standing 
6 409 381 458 479 63689 0 0 1 standing 
7 517 417 566 541 63670 0 0 0 standing 
7 510 414 559 547 63671 0 0 1 standing 
7 503 411 552 553 63672 0 0 1 standing 
7 496 408 545 560 63673 0 0 0 standing 
7 489 413 540 559 63674 0 0 1 standing 
7 483 418 535 559 63675 0 0 1 standing 
7 477 424 531 559 63676 0 0 0 standing 
7 472 424 526 560 63677 0 0 1 standing 
7 467 424 521 561 63678 0 0 1 standing 
7 462 425 517 562 63679 0 0 0 standing 
7 455 423 512 559 63680 0 0 1 standing 
7 449 421 507 557 63681 0 0 1 standing 
7 443 419 502 555 63682 0 0 1 standing 
7 436 417 497 553 63683 0 0 1 standing 
7 430 415 492 551 63684 0 0 1 standing 
7 424 414 487 549 63685 0 0 0 standing 
7 417 415 486 547 63686 0 0 1 standing 
7 410 417 486 545 63687 0 0 1 standing 
7 403 419 486 543 63688 0 0 0 standing 
7 399 421 480 543 63689 0 0 1 standing 
8 707 480 768 624 63670 0 0 0 standing 
8 702 477 769 620 63671 0 0 1 standing 
8 697 474 771 617 63672 0 0 1 standing 
8 693 472 773 614 63673 0 0 0 standing 
8 689 469 771 609 63674 0 0 1 standing 
8 686 466 769 605 63675 0 0 1 standing 
8 683 463 767 601 63676 0 0 0 standing 
8 677 459 760 598 63677 0 0 1 standing 
8 671 455 753 595 63678 0 0 1 standing 
8 665 451 746 592 63679 0 0 1 standing 
8 659 447 739 589 63680 0 0 1 standing 
8 653 443 732 586 63681 0 0 1 standing 
8 647 439 726 583 63682 0 0 0 standing 
8 642 438 722 579 63683 0 0 1 standing 
8 637 438 719 575 63684 0 0 1 standing 
8 632 438 716 572 63685 0 0 0 standing 
8 627 439 719 568 63686 0 0 1 standing 
8 622 441 722 565 63687 0 0 1 standing 
8 617 443 726 562 63688 0 0 0 standing 
8 612 444 722 561 63689 0 0 1 standing 
9 959 364 1006 488 63670 0 0 0 standing 
9 951 362 1004 484 63671 0 0 1 standing 
9 944 360 1002 481 63672 0 0 1 standing 
9 937 359 1001 478 63673 0 0 0 standing 
9 929 361 997 476 63674 0 0 1 standing 
9 921 363 994 474 63675 0 0 1 standing 
9 913 365 991 473 63676 0 0 0 standing 
9 906 365 976 473 63677 0 0 1 standing 
9 899 365 961 473 63678 0 0 1 standing 
9 893 365 947 473 63679 0 0 0 standing 
9 880 364 933 471 63680 0 0 1 standing 
9 868 363 919 469 63681 0 0 1 standing 
9 856 363 905 468 63682 0 0 0 standing 
9 843 365 894 468 63683 0 0 1 standing 
9 830 367 883 468 63684 0 0 1 standing 
9 818 369 872 468 63685 0 0 0 standing 
9 808 369 865 468 63686 0 0 1 standing 
9 798 370 858 468 63687 0 0 1 standing 
9 788 371 851 468 63688 0 0 0 standing 
9 785 371 846 469 63689 0 0 1 standing 
10 1032 468 1111 622 63670 0 0 0 standing 
10 1028 466 1104 621 63671 0 0 1 standing 
10 1025 464 1097 620 63672 0 0 1 standing 
10 1022 462 1091 620 63673 0 0 0 standing 
10 1014 456 1081 612 63674 0 0 1 standing 
10 1006 450 1072 605 63675 0 0 1 standing 
10 999 445 1063 598 63676 0 0 0 standing 
10 984 443 1054 594 63677 0 0 1 standing 
10 969 441 1045 591 63678 0 0 1 standing 
10 954 440 1036 588 63679 0 0 0 standing 
10 944 439 1025 581 63680 0 0 1 standing 
10 935 438 1015 574 63681 0 0 1 standing 
10 926 438 1005 567 63682 0 0 0 standing 
10 915 438 993 565 63683 0 0 1 standing 
10 904 438 982 564 63684 0 0 1 standing 
10 893 439 971 563 63685 0 0 0 standing 
10 885 439 962 563 63686 0 0 1 standing 
10 878 440 953 563 63687 0 0 1 standing 
10 871 441 944 564 63688 0 0 0 standing 
10 864 439 937 564 63689 0 0 1 standing 
11 1135 419 1194 538 63670 0 0 0 standing 
11 1127 420 1186 541 63671 0 0 1 waiting 
11 1119 422 1178 544 63672 0 0 1 waiting 
11 1112 424 1171 548 63673 0 0 0 waiting 
11 1105 425 1163 547 63674 0 0 1 waiting 
11 1098 426 1156 546 63675 0 0 1 waiting 
11 1091 427 1149 545 63676 0 0 0 waiting 
11 1083 428 1141 544 63677 0 0 1 waiting 
11 1075 429 1133 543 63678 0 0 1 waiting 
11 1068 430 1126 543 63679 0 0 0 waiting 
11 1059 429 1115 541 63680 0 0 1 waiting 
11 1050 429 1105 539 63681 0 0 1 waiting 
11 1041 429 1095 538 63682 0 0 0 waiting 
11 1032 430 1086 539 63683 0 0 1 waiting 
11 1024 432 1078 541 63684 0 0 1 waiting 
11 1016 434 1070 543 63685 0 0 0 waiting 
11 1010 436 1063 545 63686 0 0 1 waiting 
11 1004 438 1057 547 63687 0 0 1 waiting 
11 998 440 1050 549 63688 0 0 1 waiting 
11 992 442 1044 551 63689 0 0 1 waiting 
