0 627 397 690 606 68140 0 1 0 waiting 
0 622 397 685 604 68141 0 1 1 waiting 
0 618 398 681 602 68142 0 1 1 waiting 
0 614 399 676 601 68143 0 1 1 waiting 
0 610 400 672 599 68144 0 1 1 waiting 
0 605 401 667 598 68145 0 1 1 waiting 
0 601 402 663 596 68146 0 1 1 waiting 
0 597 402 658 594 68147 0 1 1 waiting 
0 593 403 654 593 68148 0 1 1 waiting 
0 588 404 649 591 68149 0 1 1 waiting 
0 584 405 645 590 68150 0 1 1 waiting 
0 580 406 640 588 68151 0 1 1 waiting 
0 576 407 636 587 68152 0 1 0 waiting 
0 570 416 629 594 68153 0 1 1 waiting 
0 565 425 622 601 68154 0 1 1 waiting 
0 560 434 615 608 68155 0 1 1 waiting 
0 555 443 608 615 68156 0 1 0 waiting 
0 559 440 611 610 68157 0 1 1 waiting 
0 564 438 614 605 68158 0 1 1 waiting 
0 569 436 617 600 68159 0 1 1 waiting 
1 821 417 878 596 68140 0 1 0 waiting 
1 806 413 864 592 68141 0 1 1 blocking 
1 791 410 851 588 68142 0 1 1 blocking 
1 776 406 837 585 68143 0 1 1 blocking 
1 761 403 824 581 68144 0 1 1 blocking 
1 747 399 811 578 68145 0 1 1 blocking 
1 732 396 797 574 68146 0 1 1 blocking 
1 717 392 784 570 68147 0 1 1 blocking 
1 702 389 770 567 68148 0 1 1 blocking 
1 687 385 757 563 68149 0 1 1 blocking 
1 673 382 744 560 68150 0 1 0 blocking 
1 663 383 732 564 68151 0 1 1 blocking 
1 654 384 721 568 68152 0 1 1 blocking 
1 645 385 709 572 68153 0 1 1 blocking 
1 636 386 698 576 68154 0 1 1 blocking 
1 627 387 686 580 68155 0 1 1 blocking 
1 618 388 675 585 68156 0 1 0 blocking 
1 621 403 675 589 68157 0 1 1 blocking 
1 624 418 676 594 68158 0 1 1 blocking 
1 627 433 676 599 68159 0 1 1 blocking 
2 812 362 894 575 68140 0 1 0 blocking 
2 799 362 884 572 68141 0 1 1 blocking 
2 787 362 874 569 68142 0 1 1 blocking 
2 774 362 864 566 68143 0 1 1 blocking 
2 762 362 854 563 68144 0 1 1 blocking 
2 749 362 844 560 68145 0 1 1 blocking 
2 737 362 834 558 68146 0 1 1 blocking 
2 724 362 824 555 68147 0 1 1 blocking 
2 712 362 814 552 68148 0 1 1 blocking 
2 699 362 804 549 68149 0 1 1 blocking 
2 687 362 794 546 68150 0 1 1 blocking 
2 674 362 784 543 68151 0 1 1 blocking 
2 662 362 775 541 68152 0 1 0 blocking 
2 657 367 767 546 68153 0 1 1 blocking 
2 653 372 760 551 68154 0 1 1 blocking 
2 648 377 752 556 68155 0 1 1 blocking 
2 644 383 745 562 68156 0 1 1 blocking 
2 640 388 738 567 68157 0 1 1 blocking 
2 635 393 730 572 68158 0 1 1 blocking 
2 631 398 723 577 68159 0 1 1 blocking 
3 45 350 110 486 68140 0 0 1 blocking 
3 39 349 103 485 68141 0 0 1 standing 
3 32 348 97 485 68142 0 0 1 standing 
3 26 347 91 484 68143 0 0 1 standing 
3 20 347 85 484 68144 1 0 0 standing 
3 16 349 81 486 68145 1 0 1 standing 
3 13 351 78 488 68146 1 0 1 standing 
3 10 353 74 490 68147 1 0 1 standing 
3 6 355 71 492 68148 1 0 1 standing 
3 3 357 67 494 68149 1 0 1 standing 
3 0 359 64 496 68150 1 0 0 standing 
3 3 358 67 495 68151 1 0 1 standing 
3 7 358 71 495 68152 1 0 1 standing 
3 11 358 75 494 68153 1 0 1 standing 
3 14 357 78 494 68154 1 0 1 standing 
3 18 357 82 493 68155 1 0 1 standing 
3 22 357 86 493 68156 1 0 1 standing 
3 26 356 90 493 68157 1 0 1 standing 
3 29 356 93 492 68158 1 0 1 standing 
3 33 356 97 492 68159 1 0 1 standing 
4 359 411 442 553 68140 0 0 0 standing 
4 352 412 433 554 68141 0 0 1 standing 
4 346 413 425 556 68142 0 0 1 standing 
4 339 415 417 558 68143 0 0 1 standing 
4 333 416 409 559 68144 0 0 1 standing 
4 326 418 400 561 68145 0 0 1 standing 
4 320 419 392 563 68146 0 0 1 standing 
4 314 420 384 564 68147 0 0 1 standing 
4 307 422 376 566 68148 0 0 1 standing 
4 301 423 367 568 68149 0 0 1 standing 
4 294 425 359 569 68150 0 0 1 standing 
4 288 426 351 571 68151 0 0 1 standing 
4 282 428 343 573 68152 0 0 0 standing 
4 271 429 333 573 68153 0 0 1 standing 
4 260 431 323 574 68154 0 0 1 standing 
4 249 433 313 575 68155 0 0 1 standing 
4 239 435 303 576 68156 0 0 0 standing 
4 240 434 305 574 68157 0 0 1 standing 
4 242 433 307 572 68158 0 0 1 standing 
4 244 432 309 570 68159 0 0 1 standing 
5 545 439 592 571 68140 0 0 0 standing 
5 539 439 586 571 68141 0 0 1 standing 
5 533 439 581 572 68142 0 0 1 standing 
5 527 439 575 573 68143 0 0 1 standing 
5 521 439 570 574 68144 0 0 1 standing 
5 515 439 564 575 68145 0 0 1 standing 
5 509 439 559 576 68146 0 0 1 standing 
5 503 439 554 577 68147 0 0 1 standing 
5 497 439 548 578 68148 0 0 1 standing 
5 491 439 543 579 68149 0 0 1 standing 
5 485 439 537 580 68150 0 0 1 standing 
5 479 439 532 581 68151 0 0 1 standing 
5 474 440 527 582 68152 0 0 0 standing 
5 461 442 514 584 68153 0 0 1 standing 
5 449 444 502 586 68154 0 0 1 standing 
5 437 446 490 588 68155 0 0 1 standing 
5 425 449 478 591 68156 0 0 0 standing 
5 428 449 481 591 68157 0 0 1 standing 
5 431 449 484 591 68158 0 0 1 standing 
5 434 449 487 591 68159 0 0 1 standing 
6 635 326 686 467 68140 0 0 0 standing 
6 624 327 675 468 68141 0 0 1 standing 
6 614 328 665 469 68142 0 0 1 standing 
6 603 330 655 471 68143 0 0 1 standing 
6 593 331 645 472 68144 0 0 1 standing 
6 582 333 634 474 68145 0 0 1 standing 
6 572 334 624 475 68146 0 0 1 standing 
6 562 335 614 476 68147 0 0 1 standing 
6 551 337 604 478 68148 0 0 1 standing 
6 541 338 593 479 68149 0 0 1 standing 
6 530 340 583 481 68150 0 0 1 standing 
6 520 341 573 482 68151 0 0 1 standing 
6 510 343 563 484 68152 0 0 0 standing 
6 494 345 552 486 68153 0 0 1 standing 
6 479 347 541 488 68154 0 0 1 standing 
6 464 349 530 490 68155 0 0 1 standing 
6 449 352 519 493 68156 0 0 0 standing 
6 452 348 518 489 68157 0 0 1 standing 
6 456 344 518 485 68158 0 0 1 standing 
6 460 340 517 481 68159 0 0 1 standing 
7 665 410 746 549 68140 0 0 0 standing 
7 653 410 733 549 68141 0 0 1 standing 
7 642 410 721 549 68142 0 0 1 standing 
7 630 410 709 549 68143 0 0 1 standing 
7 619 410 697 549 68144 0 0 1 standing 
7 607 410 685 549 68145 0 0 1 standing 
7 596 410 673 549 68146 0 0 1 standing 
7 585 410 660 549 68147 0 0 1 standing 
7 573 410 648 549 68148 0 0 1 standing 
7 562 410 636 549 68149 0 0 1 standing 
7 550 410 624 549 68150 0 0 1 standing 
7 539 410 612 549 68151 0 0 1 standing 
7 528 410 600 549 68152 0 0 0 standing 
7 516 412 589 550 68153 0 0 1 standing 
7 504 414 579 552 68154 0 0 1 standing 
7 492 416 568 554 68155 0 0 1 standing 
7 481 418 558 556 68156 0 0 0 standing 
7 481 416 559 554 68157 0 0 1 standing 
7 482 414 561 552 68158 0 0 1 standing 
7 482 412 563 550 68159 0 0 1 standing 
8 1010 362 1102 475 68140 0 0 0 standing 
8 1001 361 1091 475 68141 0 0 1 standing 
8 993 361 1081 476 68142 0 0 1 standing 
8 985 361 1071 476 68143 0 0 1 standing 
8 976 361 1061 477 68144 0 0 1 standing 
8 968 360 1051 477 68145 0 0 1 standing 
8 960 360 1041 478 68146 0 0 1 standing 
8 951 360 1031 479 68147 0 0 1 standing 
8 943 360 1021 479 68148 0 0 1 standing 
8 935 359 1011 480 68149 0 0 1 standing 
8 926 359 1001 480 68150 0 0 1 standing 
8 918 359 991 481 68151 0 0 1 standing 
8 910 359 981 482 68152 0 0 0 standing 
8 896 355 967 480 68153 0 0 1 standing 
8 882 351 953 478 68154 0 0 1 standing 
8 868 347 939 476 68155 0 0 1 standing 
8 854 344 925 475 68156 0 0 0 standing 
8 857 340 928 473 68157 0 0 1 standing 
8 860 337 931 472 68158 0 0 1 standing 
8 863 334 934 471 68159 0 0 1 standing 
9 1130 372 1203 493 68140 0 0 0 standing 
9 1117 373 1190 492 68141 0 0 1 standing 
9 1105 374 1178 492 68142 0 0 1 standing 
9 1093 375 1166 492 68143 0 0 1 standing 
9 1081 376 1154 492 68144 0 0 1 standing 
9 1069 377 1141 492 68145 0 0 1 standing 
9 1057 378 1129 492 68146 0 0 1 standing 
9 1045 379 1117 492 68147 0 0 1 standing 
9 1033 380 1105 492 68148 0 0 1 standing 
9 1021 381 1092 492 68149 0 0 1 standing 
9 1009 382 1080 492 68150 0 0 1 standing 
9 997 383 1068 492 68151 0 0 1 standing 
9 985 385 1056 492 68152 0 0 0 standing 
9 971 385 1042 492 68153 0 0 1 standing 
9 958 385 1029 492 68154 0 0 1 standing 
9 944 385 1015 492 68155 0 0 1 standing 
9 931 386 1002 493 68156 0 0 0 standing 
9 933 385 1004 492 68157 0 0 1 standing 
9 936 385 1007 492 68158 0 0 1 standing 
9 938 384 1009 491 68159 0 0 1 standing 
10 1196 445 1274 614 68140 0 0 0 standing 
10 1180 445 1257 613 68141 0 0 1 standing 
10 1165 446 1241 612 68142 0 0 1 standing 
10 1150 447 1225 611 68143 0 0 1 standing 
10 1135 448 1209 611 68144 0 0 1 standing 
10 1120 449 1193 610 68145 0 0 1 standing 
10 1105 450 1177 609 68146 0 0 1 standing 
10 1090 451 1161 608 68147 0 0 1 standing 
10 1075 452 1145 608 68148 0 0 1 standing 
10 1060 453 1129 607 68149 0 0 1 standing 
10 1045 454 1113 606 68150 0 0 1 standing 
10 1030 455 1097 605 68151 0 0 1 standing 
10 1015 456 1081 605 68152 0 0 0 standing 
10 1002 456 1068 605 68153 0 0 1 standing 
10 990 456 1056 605 68154 0 0 1 standing 
10 978 456 1043 605 68155 0 0 1 standing 
10 966 456 1031 605 68156 0 0 0 standing 
10 970 455 1035 605 68157 0 0 1 standing 
10 975 455 1040 605 68158 0 0 1 standing 
10 980 455 1045 605 68159 0 0 1 standing 
