0 659 453 744 623 36075 0 1 0 spiking 
0 660 440 743 616 36076 0 1 1 spiking 
0 662 428 742 610 36077 0 1 1 spiking 
0 663 415 741 603 36078 0 1 1 spiking 
0 665 403 740 597 36079 0 1 1 spiking 
0 666 390 739 590 36080 0 1 1 spiking 
0 668 378 738 584 36081 0 1 1 spiking 
0 669 365 737 577 36082 0 1 1 spiking 
0 671 353 737 571 36083 0 1 0 spiking 
0 671 361 736 575 36084 0 1 1 spiking 
0 672 369 736 579 36085 0 1 1 spiking 
0 673 377 736 584 36086 0 1 1 spiking 
0 673 386 736 588 36087 0 1 1 spiking 
0 674 394 736 592 36088 0 1 1 spiking 
0 675 402 736 597 36089 0 1 1 spiking 
0 675 410 736 601 36090 0 1 1 spiking 
0 676 419 736 605 36091 0 1 1 spiking 
0 677 427 736 610 36092 0 1 1 spiking 
0 677 435 736 614 36093 0 1 1 spiking 
0 678 443 736 618 36094 0 1 1 spiking 
1 541 449 594 615 36075 0 1 0 spiking 
1 545 438 597 610 36076 0 1 1 blocking 
1 549 427 601 605 36077 0 1 1 blocking 
1 553 416 605 600 36078 0 1 1 blocking 
1 557 405 609 596 36079 0 1 1 blocking 
1 561 395 613 591 36080 0 1 1 blocking 
1 565 384 617 586 36081 0 1 1 blocking 
1 569 373 621 582 36082 0 1 1 blocking 
1 573 362 625 577 36083 0 1 1 blocking 
1 577 351 629 572 36084 0 1 1 blocking 
1 581 341 633 568 36085 0 1 0 blocking 
1 583 343 635 570 36086 0 1 1 blocking 
1 585 346 637 573 36087 0 1 1 blocking 
1 587 348 639 575 36088 0 1 1 blocking 
1 589 351 641 578 36089 0 1 1 blocking 
1 591 353 643 581 36090 0 1 1 blocking 
1 593 356 645 583 36091 0 1 1 blocking 
1 595 358 647 586 36092 0 1 1 blocking 
1 597 361 649 588 36093 0 1 1 blocking 
1 599 363 651 591 36094 0 1 1 blocking 
2 545 405 599 571 36075 0 1 0 blocking 
2 548 398 603 571 36076 0 1 1 blocking 
2 551 392 607 571 36077 0 1 1 blocking 
2 554 386 611 571 36078 0 1 1 blocking 
2 557 380 615 571 36079 0 1 1 blocking 
2 560 374 619 571 36080 0 1 1 blocking 
2 563 367 623 571 36081 0 1 1 blocking 
2 566 361 627 571 36082 0 1 1 blocking 
2 569 355 631 571 36083 0 1 1 blocking 
2 572 349 635 571 36084 0 1 1 blocking 
2 576 343 639 572 36085 0 1 0 blocking 
2 578 345 641 574 36086 0 1 1 blocking 
2 580 348 643 577 36087 0 1 1 blocking 
2 582 350 645 579 36088 0 1 1 blocking 
2 584 353 648 582 36089 0 1 1 blocking 
2 586 355 650 584 36090 0 1 1 blocking 
2 588 358 652 587 36091 0 1 1 blocking 
2 590 360 655 589 36092 0 1 1 blocking 
2 592 363 657 592 36093 0 1 1 blocking 
2 594 365 659 594 36094 0 1 1 blocking 
3 730 462 804 581 36075 0 0 0 blocking 
3 731 462 805 581 36076 0 0 1 waiting 
3 732 463 806 582 36077 0 0 1 waiting 
3 733 463 808 582 36078 0 0 1 waiting 
3 735 464 809 583 36079 0 0 1 waiting 
3 736 465 811 584 36080 0 0 1 waiting 
3 737 465 812 584 36081 0 0 1 waiting 
3 739 466 813 585 36082 0 0 1 waiting 
3 740 466 815 585 36083 0 0 1 waiting 
3 741 467 816 586 36084 0 0 1 waiting 
3 743 468 818 587 36085 0 0 0 waiting 
3 743 468 818 587 36086 0 0 1 waiting 
3 744 469 819 588 36087 0 0 1 waiting 
3 745 469 820 588 36088 0 0 1 waiting 
3 746 470 821 589 36089 0 0 1 waiting 
3 747 470 822 589 36090 0 0 1 waiting 
3 748 471 823 590 36091 0 0 1 waiting 
3 749 471 824 590 36092 0 0 1 waiting 
3 750 472 825 591 36093 0 0 1 waiting 
3 751 472 826 591 36094 0 0 1 waiting 
4 653 389 713 531 36075 0 0 0 waiting 
4 653 389 713 532 36076 0 0 1 standing 
4 654 390 714 533 36077 0 0 1 standing 
4 654 391 714 534 36078 0 0 1 standing 
4 655 392 715 535 36079 0 0 1 standing 
4 656 393 716 536 36080 0 0 1 standing 
4 656 394 716 537 36081 0 0 1 standing 
4 657 395 717 538 36082 0 0 1 standing 
4 657 396 717 539 36083 0 0 1 standing 
4 658 397 718 540 36084 0 0 1 standing 
4 659 398 719 541 36085 0 0 0 standing 
4 662 400 722 543 36086 0 0 1 standing 
4 665 402 725 545 36087 0 0 1 standing 
4 668 405 728 548 36088 0 0 1 standing 
4 671 407 731 550 36089 0 0 1 standing 
4 675 410 735 553 36090 0 0 1 standing 
4 678 412 738 555 36091 0 0 1 standing 
4 681 414 741 557 36092 0 0 1 standing 
4 684 417 744 560 36093 0 0 1 standing 
4 687 419 747 562 36094 0 0 1 standing 
5 766 348 828 485 36075 0 0 0 standing 
5 767 349 829 486 36076 0 0 1 moving 
5 768 350 830 487 36077 0 0 1 moving 
5 769 351 832 488 36078 0 0 1 moving 
5 770 352 833 489 36079 0 0 1 moving 
5 772 353 835 491 36080 0 0 1 moving 
5 773 354 836 492 36081 0 0 1 moving 
5 774 355 837 493 36082 0 0 1 moving 
5 775 356 839 494 36083 0 0 1 moving 
5 776 357 840 495 36084 0 0 1 moving 
5 778 359 842 497 36085 0 0 0 moving 
5 775 360 839 498 36086 0 0 1 moving 
5 772 361 836 499 36087 0 0 1 moving 
5 770 362 834 500 36088 0 0 1 moving 
5 767 363 831 501 36089 0 0 1 moving 
5 765 364 829 502 36090 0 0 1 moving 
5 762 365 826 503 36091 0 0 1 moving 
5 759 366 823 504 36092 0 0 1 moving 
5 757 367 821 505 36093 0 0 1 moving 
5 754 368 818 506 36094 0 0 1 moving 
6 816 375 869 516 36075 0 0 0 moving 
6 818 375 871 516 36076 0 0 1 standing 
6 820 376 873 517 36077 0 0 1 standing 
6 822 376 875 518 36078 0 0 1 standing 
6 824 377 877 518 36079 0 0 1 standing 
6 826 378 879 519 36080 0 0 1 standing 
6 828 378 881 520 36081 0 0 1 standing 
6 830 379 883 520 36082 0 0 1 standing 
6 832 379 885 521 36083 0 0 1 standing 
6 834 380 887 522 36084 0 0 1 standing 
6 837 381 890 523 36085 0 0 0 standing 
6 838 382 893 524 36086 0 0 1 standing 
6 839 384 897 526 36087 0 0 1 standing 
6 841 385 901 527 36088 0 0 1 standing 
6 842 387 904 529 36089 0 0 1 standing 
6 844 389 908 530 36090 0 0 1 standing 
6 845 390 912 532 36091 0 0 1 standing 
6 846 392 915 533 36092 0 0 1 standing 
6 848 393 919 535 36093 0 0 1 standing 
6 849 395 923 536 36094 0 0 1 standing 
7 880 396 948 539 36075 0 0 0 standing 
7 883 398 951 541 36076 0 0 1 standing 
7 886 400 954 543 36077 0 0 1 standing 
7 889 402 957 545 36078 0 0 1 standing 
7 892 404 960 547 36079 0 0 1 standing 
7 896 406 963 550 36080 0 0 1 standing 
7 899 408 966 552 36081 0 0 1 standing 
7 902 410 969 554 36082 0 0 1 standing 
7 905 412 972 556 36083 0 0 1 standing 
7 908 414 975 558 36084 0 0 1 standing 
7 912 417 979 561 36085 0 0 0 standing 
7 916 416 983 560 36086 0 0 1 standing 
7 920 416 987 560 36087 0 0 1 standing 
7 924 416 991 560 36088 0 0 1 standing 
7 928 415 995 559 36089 0 0 1 standing 
7 932 415 999 559 36090 0 0 1 standing 
7 936 415 1003 559 36091 0 0 1 standing 
7 940 414 1007 558 36092 0 0 1 standing 
7 944 414 1011 558 36093 0 0 1 standing 
7 948 414 1015 558 36094 0 0 1 standing 
8 419 375 477 497 36075 0 0 0 standing 
8 421 376 479 498 36076 0 0 1 moving 
8 423 377 481 500 36077 0 0 1 moving 
8 425 378 483 501 36078 0 0 1 moving 
8 427 380 485 503 36079 0 0 1 moving 
8 429 381 487 505 36080 0 0 1 moving 
8 431 382 489 506 36081 0 0 1 moving 
8 433 384 491 508 36082 0 0 1 moving 
8 435 385 493 509 36083 0 0 1 moving 
8 437 386 495 511 36084 0 0 1 moving 
8 440 388 498 513 36085 0 0 0 moving 
8 440 390 500 515 36086 0 0 1 moving 
8 440 392 502 517 36087 0 0 1 moving 
8 440 394 505 519 36088 0 0 1 moving 
8 441 396 507 521 36089 0 0 1 moving 
8 441 399 510 523 36090 0 0 1 moving 
8 441 401 512 525 36091 0 0 1 moving 
8 442 403 514 527 36092 0 0 1 moving 
8 442 405 517 529 36093 0 0 1 moving 
8 442 407 519 531 36094 0 0 1 moving 
9 223 431 310 600 36075 0 0 0 moving 
9 230 431 317 600 36076 0 0 1 moving 
9 238 432 325 601 36077 0 0 1 moving 
9 246 432 333 602 36078 0 0 1 moving 
9 253 433 340 602 36079 0 0 1 moving 
9 261 434 348 603 36080 0 0 1 moving 
9 269 434 356 604 36081 0 0 1 moving 
9 276 435 363 604 36082 0 0 1 moving 
9 284 435 371 605 36083 0 0 1 moving 
9 292 436 379 606 36084 0 0 1 moving 
9 300 437 387 607 36085 0 0 0 moving 
9 306 439 390 606 36086 0 0 1 moving 
9 313 441 394 606 36087 0 0 1 moving 
9 320 443 398 605 36088 0 0 1 moving 
9 327 445 402 605 36089 0 0 1 moving 
9 334 447 406 605 36090 0 0 1 moving 
9 340 449 410 604 36091 0 0 1 moving 
9 347 451 414 604 36092 0 0 1 moving 
9 354 453 418 603 36093 0 0 1 moving 
9 361 455 422 603 36094 0 0 1 moving 
10 172 356 232 480 36075 0 0 0 moving 
10 175 355 237 479 36076 0 0 1 standing 
10 179 355 242 479 36077 0 0 1 standing 
10 182 355 247 479 36078 0 0 1 standing 
10 186 355 252 479 36079 0 0 1 standing 
10 190 355 258 479 36080 0 0 1 standing 
10 193 355 263 479 36081 0 0 1 standing 
10 197 355 268 479 36082 0 0 1 standing 
10 200 355 273 479 36083 0 0 1 standing 
10 204 355 278 479 36084 0 0 1 standing 
10 208 355 284 479 36085 0 0 0 standing 
10 209 356 283 480 36086 0 0 1 standing 
10 210 357 282 481 36087 0 0 1 standing 
10 211 358 281 482 36088 0 0 1 standing 
10 213 359 280 483 36089 0 0 1 standing 
10 214 361 279 484 36090 0 0 1 standing 
10 215 362 278 485 36091 0 0 1 standing 
10 217 363 277 486 36092 0 0 1 standing 
10 218 364 276 487 36093 0 0 1 standing 
10 219 365 275 488 36094 0 0 1 standing 
11 17 404 149 557 36075 0 0 0 standing 
11 15 405 142 557 36076 0 0 1 standing 
11 13 407 136 558 36077 0 0 1 standing 
11 11 408 130 558 36078 0 0 1 standing 
11 10 410 124 559 36079 0 0 1 standing 
11 8 411 118 559 36080 0 0 1 standing 
11 6 413 111 560 36081 0 0 1 standing 
11 5 414 105 560 36082 0 0 1 standing 
11 3 416 99 561 36083 0 0 1 standing 
11 1 417 93 561 36084 0 0 1 standing 
11 0 419 87 562 36085 0 0 0 standing 
11 0 422 84 565 36086 0 0 1 standing 
11 0 425 82 568 36087 0 0 1 standing 
11 0 428 80 571 36088 0 0 1 standing 
11 0 431 78 574 36089 0 0 1 standing 
11 0 434 76 577 36090 0 0 1 standing 
11 0 437 73 580 36091 0 0 1 standing 
11 0 440 71 583 36092 0 0 1 standing 
11 0 443 69 586 36093 0 0 1 standing 
11 0 446 67 589 36094 0 0 1 standing 
