0 838 401 892 502 96770 0 1 0 digging 
0 819 401 874 501 96771 0 1 1 digging 
0 800 402 856 501 96772 0 1 1 digging 
0 781 403 838 501 96773 0 1 1 digging 
0 762 403 820 500 96774 0 1 1 digging 
0 743 404 802 500 96775 0 1 1 digging 
0 725 405 785 500 96776 0 1 0 digging 
0 709 405 770 499 96777 0 1 1 digging 
0 693 406 755 499 96778 0 1 1 digging 
0 677 407 740 499 96779 0 1 1 digging 
0 662 408 725 499 96780 0 1 0 digging 
0 656 406 720 498 96781 0 1 1 digging 
0 650 404 715 498 96782 0 1 1 digging 
0 645 403 710 498 96783 0 1 0 digging 
0 648 401 714 497 96784 0 1 1 digging 
0 651 399 718 496 96785 0 1 1 digging 
0 655 397 723 496 96786 0 1 0 digging 
0 664 396 733 496 96787 0 1 1 digging 
0 673 395 743 497 96788 0 1 1 digging 
0 683 395 753 498 96789 0 1 1 digging 
1 901 481 963 604 96770 0 0 0 digging 
1 882 480 946 604 96771 0 0 1 standing 
1 863 479 930 604 96772 0 0 1 standing 
1 844 478 914 604 96773 0 0 0 standing 
1 828 477 900 604 96774 0 0 1 standing 
1 812 477 886 604 96775 0 0 1 standing 
1 797 476 872 604 96776 0 0 1 standing 
1 781 476 858 604 96777 0 0 1 standing 
1 766 476 845 605 96778 0 0 0 standing 
1 761 476 836 607 96779 0 0 1 standing 
1 756 477 828 609 96780 0 0 1 standing 
1 751 478 820 611 96781 0 0 1 standing 
1 746 479 811 613 96782 0 0 1 standing 
1 741 480 803 615 96783 0 0 1 standing 
1 736 481 795 617 96784 0 0 0 standing 
1 740 483 798 620 96785 0 0 1 standing 
1 745 485 801 623 96786 0 0 1 standing 
1 750 488 804 626 96787 0 0 1 standing 
1 755 490 807 629 96788 0 0 1 standing 
1 760 492 810 632 96789 0 0 1 standing 
2 952 441 1008 549 96770 0 0 0 standing 
2 936 440 992 548 96771 0 0 1 standing 
2 921 439 977 547 96772 0 0 1 standing 
2 905 438 962 546 96773 0 0 1 standing 
2 890 437 946 545 96774 0 0 1 standing 
2 874 437 931 545 96775 0 0 1 standing 
2 859 436 916 544 96776 0 0 1 standing 
2 843 435 900 543 96777 0 0 1 standing 
2 828 434 885 542 96778 0 0 1 standing 
2 812 433 870 541 96779 0 0 1 standing 
2 797 433 855 541 96780 0 0 0 standing 
2 789 432 847 540 96781 0 0 1 standing 
2 782 431 839 539 96782 0 0 1 standing 
2 775 430 831 538 96783 0 0 1 standing 
2 768 429 823 537 96784 0 0 0 standing 
2 770 428 824 536 96785 0 0 1 standing 
2 773 428 826 536 96786 0 0 1 standing 
2 775 428 828 536 96787 0 0 1 standing 
2 778 428 830 536 96788 0 0 1 standing 
2 780 428 832 536 96789 0 0 1 standing 
3 1142 356 1198 496 96770 0 0 0 standing 
3 1121 352 1177 491 96771 0 0 1 standing 
3 1100 349 1156 486 96772 0 0 1 standing 
3 1080 346 1136 482 96773 0 0 0 standing 
3 1059 344 1114 478 96774 0 0 1 standing 
3 1039 342 1093 475 96775 0 0 1 standing 
3 1018 340 1072 471 96776 0 0 1 standing 
3 998 338 1051 468 96777 0 0 1 standing 
3 978 336 1030 465 96778 0 0 0 standing 
3 966 336 1019 464 96779 0 0 1 standing 
3 954 337 1008 463 96780 0 0 1 standing 
3 943 338 998 463 96781 0 0 1 standing 
3 931 338 987 462 96782 0 0 1 standing 
3 919 339 976 461 96783 0 0 1 standing 
3 908 340 966 461 96784 0 0 0 standing 
3 905 337 962 458 96785 0 0 1 standing 
3 903 335 958 456 96786 0 0 1 standing 
3 900 333 955 454 96787 0 0 1 standing 
3 898 331 951 452 96788 0 0 1 standing 
3 895 329 947 450 96789 0 0 1 standing 
4 777 373 836 489 96770 0 0 0 standing 
4 755 370 815 487 96771 0 0 1 standing 
4 734 367 794 485 96772 0 0 1 standing 
4 713 365 773 484 96773 0 0 0 standing 
4 695 363 753 483 96774 0 0 1 standing 
4 678 361 734 483 96775 0 0 1 standing 
4 661 359 715 482 96776 0 0 1 standing 
4 644 357 696 482 96777 0 0 1 standing 
4 627 355 677 481 96778 0 0 1 standing 
4 610 353 658 481 96779 0 0 1 standing 
4 593 352 639 481 96780 0 0 0 standing 
4 584 350 630 481 96781 0 0 1 standing 
4 576 349 622 481 96782 0 0 1 standing 
4 567 347 614 481 96783 0 0 1 standing 
4 559 346 606 482 96784 0 0 0 standing 
4 561 347 609 481 96785 0 0 1 standing 
4 564 348 612 481 96786 0 0 1 standing 
4 567 349 615 481 96787 0 0 1 standing 
4 570 350 618 481 96788 0 0 1 standing 
4 573 351 621 481 96789 0 0 1 standing 
5 614 400 668 521 96770 0 0 0 standing 
5 593 400 647 520 96771 0 0 1 standing 
5 572 400 626 519 96772 0 0 1 standing 
5 551 400 605 519 96773 0 0 0 standing 
5 534 400 587 520 96774 0 0 1 standing 
5 517 401 570 521 96775 0 0 1 standing 
5 500 402 553 522 96776 0 0 1 standing 
5 483 402 535 523 96777 0 0 1 standing 
5 466 403 518 524 96778 0 0 1 standing 
5 449 404 501 525 96779 0 0 1 standing 
5 432 405 484 526 96780 0 0 0 standing 
5 424 406 476 526 96781 0 0 1 standing 
5 416 407 468 527 96782 0 0 1 standing 
5 408 408 460 528 96783 0 0 1 standing 
5 400 410 452 529 96784 0 0 0 standing 
5 403 410 456 529 96785 0 0 1 standing 
5 406 410 460 529 96786 0 0 1 standing 
5 409 410 464 529 96787 0 0 1 standing 
5 412 410 468 529 96788 0 0 1 standing 
5 415 410 472 529 96789 0 0 1 standing 
6 288 463 337 600 96770 0 0 0 standing 
6 265 465 315 602 96771 0 0 1 standing 
6 242 467 293 604 96772 0 0 1 standing 
6 219 469 271 607 96773 0 0 0 standing 
6 200 469 253 608 96774 0 0 1 standing 
6 181 470 235 609 96775 0 0 1 standing 
6 162 471 217 610 96776 0 0 1 standing 
6 144 472 199 611 96777 0 0 1 standing 
6 125 473 181 612 96778 0 0 1 standing 
6 106 474 163 613 96779 0 0 1 standing 
6 88 475 146 615 96780 0 0 0 standing 
6 78 476 134 616 96781 0 0 1 standing 
6 69 478 122 618 96782 0 0 1 standing 
6 59 480 110 619 96783 0 0 1 standing 
6 50 482 98 621 96784 0 0 0 standing 
6 51 485 101 624 96785 0 0 1 standing 
6 53 488 104 627 96786 0 0 1 standing 
6 55 491 108 630 96787 0 0 1 standing 
6 56 494 111 633 96788 0 0 1 standing 
6 58 497 114 636 96789 0 0 1 standing 
7 105 401 160 513 96770 0 0 0 standing 
7 83 402 149 514 96771 0 0 1 standing 
7 61 403 138 515 96772 0 0 1 standing 
7 40 405 127 516 96773 0 0 0 standing 
7 35 403 117 515 96774 0 0 1 standing 
7 31 402 107 515 96775 0 0 1 standing 
7 26 401 97 515 96776 0 0 1 standing 
7 22 400 87 514 96777 0 0 1 standing 
7 17 399 77 514 96778 0 0 1 standing 
7 13 398 67 514 96779 0 0 1 standing 
7 9 397 57 514 96780 0 0 0 standing 
7 7 397 56 515 96781 0 0 1 standing 
7 6 398 55 517 96782 0 0 1 standing 
7 5 399 54 519 96783 0 0 1 standing 
7 4 400 53 521 96784 0 0 0 standing 
7 11 400 61 521 96785 0 0 1 standing 
7 19 401 70 521 96786 0 0 1 standing 
7 27 402 79 521 96787 0 0 1 standing 
7 35 403 88 521 96788 0 0 1 standing 
7 43 404 97 521 96789 0 0 1 standing 
8 528 431 583 588 96770 0 0 0 standing 
8 508 432 563 589 96771 0 0 1 standing 
8 488 433 544 590 96772 0 0 1 standing 
8 468 434 525 591 96773 0 0 0 standing 
8 451 434 508 591 96774 0 0 1 standing 
8 434 435 491 592 96775 0 0 1 standing 
8 418 436 474 593 96776 0 0 1 standing 
8 401 437 457 594 96777 0 0 1 standing 
8 385 438 440 595 96778 0 0 1 standing 
8 368 439 423 596 96779 0 0 1 standing 
8 352 440 407 597 96780 0 0 0 standing 
8 344 441 399 598 96781 0 0 1 standing 
8 337 442 392 599 96782 0 0 1 standing 
8 329 443 385 600 96783 0 0 1 standing 
8 322 445 378 602 96784 0 0 0 standing 
8 324 445 380 602 96785 0 0 1 standing 
8 326 446 383 603 96786 0 0 1 standing 
8 329 447 385 604 96787 0 0 1 standing 
8 331 447 388 604 96788 0 0 1 standing 
8 333 448 390 605 96789 0 0 1 standing 
9 512 404 554 542 96770 0 0 0 standing 
9 494 404 535 542 96771 0 0 1 standing 
9 476 405 517 542 96772 0 0 1 standing 
9 458 406 499 542 96773 0 0 0 standing 
9 440 405 481 540 96774 0 0 1 standing 
9 423 404 464 539 96775 0 0 1 standing 
9 406 404 447 537 96776 0 0 1 standing 
9 388 403 429 536 96777 0 0 1 standing 
9 371 403 412 534 96778 0 0 1 standing 
9 354 402 395 533 96779 0 0 1 standing 
9 337 402 378 532 96780 0 0 0 standing 
9 330 402 371 532 96781 0 0 1 standing 
9 323 402 364 532 96782 0 0 1 standing 
9 316 402 357 532 96783 0 0 1 standing 
9 310 402 351 532 96784 0 0 0 standing 
9 310 402 351 532 96785 0 0 1 standing 
9 310 402 351 532 96786 0 0 1 standing 
9 310 402 351 532 96787 0 0 1 standing 
9 310 402 351 532 96788 0 0 1 standing 
9 310 402 351 532 96789 0 0 1 standing 
10 166 435 219 579 96770 0 0 0 standing 
10 146 435 198 578 96771 0 0 1 standing 
10 126 435 177 577 96772 0 0 1 standing 
10 106 435 156 577 96773 1 0 0 standing 
10 91 435 142 577 96774 1 0 1 standing 
10 76 435 129 577 96775 1 0 1 standing 
10 61 435 116 577 96776 1 0 1 standing 
10 47 435 103 577 96777 1 0 1 standing 
10 32 435 90 577 96778 1 0 1 standing 
10 17 435 77 577 96779 1 0 1 standing 
10 3 436 64 577 96780 1 0 0 standing 
10 3 436 64 577 96781 1 0 1 standing 
10 3 436 64 577 96782 1 0 1 standing 
10 3 436 64 577 96783 1 0 1 standing 
10 3 436 64 577 96784 1 0 1 standing 
10 3 436 64 577 96785 1 0 1 standing 
10 3 436 64 577 96786 1 0 1 standing 
10 3 436 64 577 96787 1 0 1 standing 
10 3 436 64 577 96788 1 0 1 standing 
10 3 436 64 577 96789 1 0 1 standing 
11 532 433 582 563 96770 0 0 0 standing 
11 513 433 564 562 96771 0 0 1 standing 
11 494 433 547 562 96772 0 0 1 standing 
11 475 433 530 562 96773 0 0 0 standing 
11 458 433 513 562 96774 0 0 1 standing 
11 442 433 496 563 96775 0 0 1 standing 
11 426 434 479 563 96776 0 0 1 standing 
11 409 434 462 564 96777 0 0 1 standing 
11 393 435 445 564 96778 0 0 1 standing 
11 377 435 428 565 96779 0 0 1 standing 
11 361 436 411 566 96780 0 0 0 standing 
11 351 436 401 566 96781 0 0 1 standing 
11 342 437 392 567 96782 0 0 1 standing 
11 333 438 383 567 96783 0 0 1 standing 
11 324 439 374 568 96784 0 0 0 standing 
11 326 438 376 568 96785 0 0 1 standing 
11 329 438 379 568 96786 0 0 1 standing 
11 331 438 381 568 96787 0 0 1 standing 
11 334 438 384 568 96788 0 0 1 standing 
11 336 438 386 568 96789 0 0 1 standing 
