0 929 401 997 513 93625 0 1 0 setting 
0 919 397 986 512 93626 0 1 1 setting 
0 910 393 975 511 93627 0 1 1 setting 
0 900 389 965 510 93628 0 1 1 setting 
0 891 385 954 509 93629 0 1 1 setting 
0 882 381 944 508 93630 0 1 1 setting 
0 872 377 933 507 93631 0 1 1 setting 
0 863 373 922 506 93632 0 1 1 setting 
0 853 369 912 505 93633 0 1 1 setting 
0 844 365 901 504 93634 0 1 1 setting 
0 835 361 891 504 93635 0 1 0 setting 
0 826 358 882 499 93636 0 1 1 setting 
0 818 355 874 495 93637 0 1 1 setting 
0 810 352 866 491 93638 0 1 1 setting 
0 802 350 858 487 93639 0 1 0 setting 
0 799 349 855 484 93640 0 1 1 setting 
0 796 348 852 482 93641 0 1 1 setting 
0 793 347 849 480 93642 0 1 1 setting 
0 790 346 846 478 93643 0 1 1 setting 
0 787 345 843 476 93644 0 1 1 setting 
1 900 447 970 587 93625 0 0 0 setting 
1 887 447 956 587 93626 0 0 1 moving 
1 874 447 943 587 93627 0 0 1 moving 
1 862 448 930 587 93628 0 0 0 moving 
1 849 445 916 584 93629 0 0 1 moving 
1 837 443 902 582 93630 0 0 1 moving 
1 824 440 888 579 93631 0 0 1 moving 
1 812 438 874 577 93632 0 0 1 moving 
1 800 436 860 575 93633 0 0 0 moving 
1 789 432 847 570 93634 0 0 1 moving 
1 779 429 834 565 93635 0 0 1 moving 
1 768 426 821 560 93636 0 0 1 moving 
1 758 423 808 555 93637 0 0 0 moving 
1 749 422 801 553 93638 0 0 1 moving 
1 740 422 795 551 93639 0 0 1 moving 
1 731 421 789 549 93640 0 0 1 moving 
1 722 421 783 548 93641 0 0 0 moving 
1 720 423 781 548 93642 0 0 1 moving 
1 719 425 779 549 93643 0 0 1 moving 
1 717 427 777 549 93644 0 0 1 moving 
2 817 468 878 604 93625 0 0 0 moving 
2 809 468 870 604 93626 0 0 1 moving 
2 801 469 862 605 93627 0 0 1 moving 
2 793 470 854 606 93628 0 0 0 moving 
2 785 470 846 606 93629 0 0 1 moving 
2 778 471 838 607 93630 0 0 1 moving 
2 770 472 830 608 93631 0 0 1 moving 
2 763 473 822 609 93632 0 0 1 moving 
2 756 474 815 610 93633 0 0 0 moving 
2 749 476 808 612 93634 0 0 1 moving 
2 743 478 801 615 93635 0 0 1 moving 
2 737 480 794 617 93636 0 0 1 moving 
2 731 482 788 620 93637 0 0 0 moving 
2 726 482 779 620 93638 0 0 1 moving 
2 721 482 771 621 93639 0 0 1 moving 
2 716 482 762 621 93640 0 0 1 moving 
2 712 483 754 622 93641 0 0 0 moving 
2 712 484 759 622 93642 0 0 1 moving 
2 712 486 764 623 93643 0 0 1 moving 
2 712 487 769 624 93644 0 0 1 moving 
3 853 385 906 502 93625 0 0 0 moving 
3 837 384 893 500 93626 0 0 1 standing 
3 822 384 880 499 93627 0 0 1 standing 
3 806 383 867 497 93628 0 0 1 standing 
3 791 383 854 496 93629 0 0 1 standing 
3 776 382 841 494 93630 0 0 1 standing 
3 760 382 828 493 93631 0 0 1 standing 
3 745 381 815 491 93632 0 0 1 standing 
3 730 381 803 490 93633 0 0 0 standing 
3 711 379 782 488 93634 0 0 1 standing 
3 692 378 762 486 93635 0 0 1 standing 
3 673 377 742 484 93636 0 0 1 standing 
3 654 376 722 483 93637 0 0 0 standing 
3 640 376 707 482 93638 0 0 1 standing 
3 626 377 692 481 93639 0 0 1 standing 
3 612 378 677 480 93640 0 0 1 standing 
3 599 379 662 480 93641 0 0 0 standing 
3 586 379 653 479 93642 0 0 1 standing 
3 574 379 644 479 93643 0 0 1 standing 
3 561 379 635 478 93644 0 0 1 standing 
4 642 426 717 549 93625 0 0 0 standing 
4 626 424 706 549 93626 0 0 1 standing 
4 610 422 695 549 93627 0 0 1 standing 
4 595 420 684 549 93628 0 0 0 standing 
4 588 418 673 550 93629 0 0 1 standing 
4 581 417 662 551 93630 0 0 1 standing 
4 574 416 651 552 93631 0 0 1 standing 
4 567 415 640 553 93632 0 0 1 standing 
4 560 414 629 555 93633 0 0 0 standing 
4 555 413 624 555 93634 0 0 1 standing 
4 550 412 619 555 93635 0 0 1 standing 
4 545 411 614 555 93636 0 0 1 standing 
4 540 410 610 556 93637 0 0 0 standing 
4 531 409 600 554 93638 0 0 1 standing 
4 522 409 591 553 93639 0 0 1 standing 
4 513 408 582 551 93640 0 0 1 standing 
4 505 408 573 550 93641 0 0 0 standing 
4 505 406 575 548 93642 0 0 1 standing 
4 505 404 578 546 93643 0 0 1 standing 
4 505 402 581 544 93644 0 0 1 standing 
5 636 382 696 496 93625 0 0 0 standing 
5 620 378 686 494 93626 0 0 1 moving 
5 604 374 676 492 93627 0 0 1 moving 
5 589 371 667 491 93628 0 0 0 moving 
5 581 370 660 488 93629 0 0 1 moving 
5 573 369 653 486 93630 0 0 1 moving 
5 565 368 646 484 93631 0 0 1 moving 
5 557 367 639 482 93632 0 0 1 moving 
5 550 366 632 480 93633 0 0 1 moving 
5 542 365 625 478 93634 0 0 1 moving 
5 534 364 618 476 93635 0 0 1 moving 
5 526 363 611 474 93636 0 0 1 moving 
5 519 362 605 472 93637 0 0 0 moving 
5 520 361 602 471 93638 0 0 1 moving 
5 521 360 600 470 93639 0 0 1 moving 
5 522 359 598 469 93640 0 0 1 moving 
5 524 359 596 469 93641 0 0 0 moving 
5 524 355 594 465 93642 0 0 1 moving 
5 525 352 592 462 93643 0 0 1 moving 
5 526 348 590 458 93644 0 0 1 moving 
6 498 466 570 611 93625 0 0 0 moving 
6 487 465 557 610 93626 0 0 1 standing 
6 477 465 545 609 93627 0 0 1 standing 
6 467 464 533 608 93628 0 0 1 standing 
6 456 464 521 607 93629 0 0 1 standing 
6 446 463 509 606 93630 0 0 1 standing 
6 436 463 497 606 93631 0 0 1 standing 
6 425 463 485 605 93632 0 0 1 standing 
6 415 462 473 604 93633 0 0 1 standing 
6 405 462 461 603 93634 0 0 1 standing 
6 394 461 449 602 93635 0 0 1 standing 
6 384 461 437 601 93636 0 0 1 standing 
6 374 461 425 601 93637 0 0 0 standing 
6 363 462 415 601 93638 0 0 1 standing 
6 352 463 405 602 93639 0 0 1 standing 
6 341 464 395 603 93640 0 0 1 standing 
6 331 465 386 604 93641 0 0 0 standing 
6 326 463 382 602 93642 0 0 1 standing 
6 321 462 378 601 93643 0 0 1 standing 
6 316 461 374 599 93644 0 0 1 standing 
7 338 438 376 560 93625 0 0 0 standing 
7 322 437 360 558 93626 0 0 1 standing 
7 306 437 345 557 93627 0 0 1 standing 
7 290 436 330 555 93628 0 0 1 standing 
7 274 436 315 554 93629 0 0 1 standing 
7 258 435 300 552 93630 0 0 1 standing 
7 242 435 285 551 93631 0 0 1 standing 
7 226 435 269 549 93632 0 0 1 standing 
7 210 434 254 548 93633 0 0 1 standing 
7 194 434 239 546 93634 0 0 1 standing 
7 178 433 224 545 93635 0 0 1 standing 
7 162 433 209 543 93636 0 0 1 standing 
7 146 433 194 542 93637 0 0 0 standing 
7 130 432 176 542 93638 0 0 1 standing 
7 114 432 159 543 93639 0 0 1 standing 
7 98 431 141 543 93640 0 0 1 standing 
7 82 431 124 544 93641 0 0 0 standing 
7 69 430 110 545 93642 0 0 1 standing 
7 56 430 96 546 93643 0 0 1 standing 
7 43 430 82 547 93644 0 0 1 standing 
8 502 408 587 559 93625 0 0 0 standing 
8 485 412 569 556 93626 0 0 1 standing 
8 469 416 551 554 93627 0 0 1 standing 
8 453 421 534 552 93628 0 0 0 standing 
8 437 422 518 553 93629 0 0 1 standing 
8 422 423 503 554 93630 0 0 1 standing 
8 407 425 487 555 93631 0 0 1 standing 
8 392 426 472 556 93632 0 0 1 standing 
8 377 428 457 558 93633 0 0 0 standing 
8 369 427 447 557 93634 0 0 1 standing 
8 362 427 437 556 93635 0 0 1 standing 
8 354 426 427 555 93636 0 0 1 standing 
8 347 426 417 555 93637 0 0 0 standing 
8 340 426 408 555 93638 0 0 1 standing 
8 334 427 399 556 93639 0 0 1 standing 
8 327 428 390 557 93640 0 0 1 standing 
8 321 429 381 558 93641 0 0 0 standing 
8 319 428 376 558 93642 0 0 1 standing 
8 317 428 372 558 93643 0 0 1 standing 
8 315 428 368 558 93644 0 0 1 standing 
9 492 359 535 481 93625 0 0 0 standing 
9 479 361 526 482 93626 0 0 1 standing 
9 466 363 517 483 93627 0 0 1 standing 
9 453 365 509 485 93628 0 0 0 standing 
9 444 366 499 486 93629 0 0 1 standing 
9 436 367 490 488 93630 0 0 1 standing 
9 427 369 481 489 93631 0 0 1 standing 
9 419 370 471 491 93632 0 0 1 standing 
9 410 372 462 492 93633 0 0 1 standing 
9 402 373 453 494 93634 0 0 1 standing 
9 394 375 444 496 93635 0 0 0 standing 
9 385 376 434 497 93636 0 0 1 standing 
9 377 377 425 498 93637 0 0 1 standing 
9 368 378 416 499 93638 0 0 1 standing 
9 360 379 407 500 93639 0 0 1 standing 
9 351 380 398 501 93640 0 0 1 standing 
9 343 382 389 502 93641 0 0 0 standing 
9 339 382 384 502 93642 0 0 1 standing 
9 335 383 380 503 93643 0 0 1 standing 
9 331 384 375 503 93644 0 0 1 standing 
10 416 454 496 586 93625 0 0 0 standing 
10 394 453 467 584 93626 0 0 1 standing 
10 372 452 438 583 93627 0 0 1 standing 
10 350 452 410 582 93628 0 0 0 standing 
10 326 452 390 584 93629 0 0 1 standing 
10 303 453 371 586 93630 0 0 1 standing 
10 280 453 352 588 93631 0 0 1 standing 
10 257 454 333 590 93632 0 0 1 standing 
10 234 455 314 593 93633 0 0 0 standing 
10 214 457 298 595 93634 0 0 1 standing 
10 194 459 282 597 93635 0 0 1 standing 
10 174 461 266 599 93636 0 0 1 standing 
10 155 464 251 602 93637 0 0 0 standing 
10 143 464 233 603 93638 0 0 1 standing 
10 131 464 216 604 93639 0 0 1 standing 
10 119 464 198 605 93640 0 0 1 standing 
10 108 465 181 606 93641 0 0 0 standing 
10 97 465 167 606 93642 0 0 1 standing 
10 86 465 153 607 93643 0 0 1 standing 
10 76 465 139 608 93644 0 0 0 standing 
11 323 421 396 546 93625 0 0 0 standing 
11 308 418 379 543 93626 0 0 1 standing 
11 293 416 362 540 93627 0 0 1 standing 
11 278 414 346 537 93628 0 0 1 standing 
11 263 412 329 534 93629 0 0 1 standing 
11 249 410 313 532 93630 0 0 1 standing 
11 234 408 296 529 93631 0 0 1 standing 
11 219 406 279 526 93632 0 0 1 standing 
11 204 404 263 523 93633 0 0 1 standing 
11 189 402 246 520 93634 0 0 1 standing 
11 175 400 230 518 93635 0 0 0 standing 
11 162 400 215 518 93636 0 0 1 standing 
11 149 401 201 519 93637 0 0 1 standing 
11 136 401 187 519 93638 0 0 1 standing 
11 123 402 173 520 93639 0 0 1 standing 
11 110 402 159 520 93640 0 0 1 standing 
11 98 403 145 521 93641 0 0 0 standing 
11 89 401 134 518 93642 0 0 1 standing 
11 81 399 124 516 93643 0 0 1 standing 
11 73 397 114 514 93644 0 0 1 standing 
