0 836 305 926 473 68045 0 1 0 spiking 
0 833 302 924 466 68046 0 1 1 spiking 
0 831 299 922 459 68047 0 1 1 spiking 
0 829 296 920 452 68048 0 1 1 spiking 
0 827 293 918 445 68049 0 1 1 spiking 
0 825 291 916 438 68050 0 1 0 spiking 
0 829 293 917 439 68051 0 1 1 spiking 
0 833 295 918 441 68052 0 1 1 spiking 
0 837 297 919 443 68053 0 1 1 spiking 
0 841 299 920 444 68054 0 1 1 spiking 
0 845 301 921 446 68055 0 1 1 spiking 
0 850 304 923 448 68056 0 1 0 spiking 
0 864 308 932 451 68057 0 1 1 spiking 
0 878 313 941 454 68058 0 1 1 spiking 
0 892 317 950 457 68059 0 1 1 spiking 
0 906 322 959 461 68060 0 1 0 spiking 
0 923 329 976 468 68061 0 1 1 spiking 
0 940 336 993 475 68062 0 1 1 spiking 
0 957 343 1010 482 68063 0 1 1 spiking 
0 974 350 1027 489 68064 0 1 1 spiking 
1 519 357 577 497 68045 0 1 0 spiking 
1 526 350 584 494 68046 0 1 1 blocking 
1 533 343 592 491 68047 0 1 1 blocking 
1 541 337 600 488 68048 0 1 1 blocking 
1 548 330 607 486 68049 0 1 1 blocking 
1 556 323 615 483 68050 0 1 1 blocking 
1 563 317 623 480 68051 0 1 1 blocking 
1 571 310 631 477 68052 0 1 1 blocking 
1 578 303 638 475 68053 0 1 1 blocking 
1 586 297 646 472 68054 0 1 1 blocking 
1 593 290 654 469 68055 0 1 1 blocking 
1 601 284 662 467 68056 0 1 0 blocking 
1 617 285 680 468 68057 0 1 1 blocking 
1 634 287 699 470 68058 0 1 1 blocking 
1 650 289 717 471 68059 0 1 1 blocking 
1 667 291 736 473 68060 0 1 0 blocking 
1 689 294 755 476 68061 0 1 1 blocking 
1 711 298 775 480 68062 0 1 1 blocking 
1 733 302 794 484 68063 0 1 1 blocking 
1 755 306 814 488 68064 0 1 1 blocking 
2 528 350 570 504 68045 0 1 0 blocking 
2 534 344 580 501 68046 0 1 1 blocking 
2 541 338 590 498 68047 0 1 1 blocking 
2 548 333 600 495 68048 0 1 1 blocking 
2 555 327 610 493 68049 0 1 1 blocking 
2 562 322 620 490 68050 0 1 1 blocking 
2 568 316 630 487 68051 0 1 1 blocking 
2 575 311 640 484 68052 0 1 1 blocking 
2 582 305 650 482 68053 0 1 1 blocking 
2 589 300 660 479 68054 0 1 1 blocking 
2 596 294 670 476 68055 0 1 1 blocking 
2 603 289 680 474 68056 0 1 0 blocking 
2 622 291 695 476 68057 0 1 1 blocking 
2 642 293 711 478 68058 0 1 1 blocking 
2 662 295 727 480 68059 0 1 1 blocking 
2 681 297 743 482 68060 0 1 1 blocking 
2 701 300 758 484 68061 0 1 1 blocking 
2 721 302 774 486 68062 0 1 1 blocking 
2 740 304 790 488 68063 0 1 1 blocking 
2 760 306 806 490 68064 0 1 1 blocking 
3 12 420 68 562 68045 0 0 0 blocking 
3 16 422 74 561 68046 0 0 1 standing 
3 20 425 80 560 68047 0 0 1 standing 
3 24 428 87 560 68048 0 0 0 standing 
3 27 428 90 560 68049 0 0 1 standing 
3 30 428 93 560 68050 0 0 1 standing 
3 34 428 97 560 68051 0 0 0 standing 
3 42 428 106 560 68052 0 0 1 standing 
3 50 429 116 560 68053 0 0 1 standing 
3 58 430 126 561 68054 0 0 0 standing 
3 69 433 136 560 68055 0 0 1 standing 
3 80 436 147 559 68056 0 0 1 standing 
3 91 440 158 559 68057 0 0 0 standing 
3 109 443 176 558 68058 0 0 1 standing 
3 127 446 194 557 68059 0 0 1 standing 
3 146 450 212 557 68060 0 0 0 standing 
3 170 452 239 556 68061 0 0 1 standing 
3 195 454 266 556 68062 0 0 1 standing 
3 220 456 293 555 68063 0 0 1 standing 
3 245 458 320 555 68064 0 0 1 standing 
4 114 445 216 595 68045 0 0 0 standing 
4 114 446 216 596 68046 0 0 1 standing 
4 115 447 217 597 68047 0 0 1 standing 
4 116 449 218 599 68048 0 0 0 standing 
4 121 450 219 599 68049 0 0 1 standing 
4 127 451 221 599 68050 0 0 1 standing 
4 133 452 223 599 68051 0 0 0 standing 
4 142 452 228 599 68052 0 0 1 standing 
4 151 453 233 599 68053 0 0 1 standing 
4 160 454 239 600 68054 0 0 0 standing 
4 172 455 246 598 68055 0 0 1 standing 
4 184 456 253 596 68056 0 0 1 standing 
4 196 457 260 594 68057 0 0 0 standing 
4 213 458 277 593 68058 0 0 1 standing 
4 231 460 294 592 68059 0 0 1 standing 
4 249 462 312 592 68060 0 0 0 standing 
4 269 463 332 591 68061 0 0 1 standing 
4 289 464 353 590 68062 0 0 1 standing 
4 309 465 374 589 68063 0 0 1 standing 
4 329 466 395 588 68064 0 0 1 standing 
5 67 347 165 474 68045 0 0 0 standing 
5 71 346 164 472 68046 0 0 1 digging 
5 75 345 164 471 68047 0 0 1 digging 
5 79 344 164 470 68048 0 0 0 digging 
5 85 344 167 469 68049 0 0 1 digging 
5 91 344 170 469 68050 0 0 1 digging 
5 98 344 173 469 68051 0 0 0 digging 
5 106 346 180 470 68052 0 0 1 digging 
5 115 348 187 472 68053 0 0 1 digging 
5 124 350 194 474 68054 0 0 0 digging 
5 135 351 203 474 68055 0 0 1 digging 
5 146 353 212 474 68056 0 0 1 digging 
5 157 355 222 475 68057 0 0 0 digging 
5 174 356 239 475 68058 0 0 1 digging 
5 192 357 256 475 68059 0 0 1 digging 
5 210 359 274 475 68060 0 0 0 digging 
5 233 357 297 473 68061 0 0 1 digging 
5 256 356 320 472 68062 0 0 1 digging 
5 279 354 343 470 68063 0 0 1 digging 
5 302 353 366 469 68064 0 0 1 digging 
6 650 318 733 459 68045 0 0 0 digging 
6 647 318 737 459 68046 0 0 1 standing 
6 645 319 741 459 68047 0 0 1 standing 
6 643 320 746 460 68048 0 0 0 standing 
6 645 320 748 459 68049 0 0 1 standing 
6 647 320 751 459 68050 0 0 1 standing 
6 649 321 754 459 68051 0 0 0 standing 
6 654 322 758 459 68052 0 0 1 standing 
6 660 323 763 460 68053 0 0 1 standing 
6 666 324 768 461 68054 0 0 0 standing 
6 678 324 772 460 68055 0 0 1 standing 
6 691 325 776 460 68056 0 0 1 standing 
6 704 326 780 460 68057 0 0 0 standing 
6 718 326 794 460 68058 0 0 1 standing 
6 733 326 809 460 68059 0 0 1 standing 
6 748 326 824 460 68060 0 0 0 standing 
6 771 324 846 460 68061 0 0 1 standing 
6 794 322 868 460 68062 0 0 1 standing 
6 817 321 890 461 68063 0 0 1 standing 
6 840 319 912 461 68064 0 0 1 standing 
7 718 299 782 440 68045 0 0 0 standing 
7 719 300 783 441 68046 0 0 1 standing 
7 721 301 785 442 68047 0 0 1 standing 
7 723 302 787 444 68048 0 0 0 standing 
7 727 301 791 443 68049 0 0 1 standing 
7 732 301 796 443 68050 0 0 1 standing 
7 737 301 801 443 68051 0 0 0 standing 
7 744 301 808 443 68052 0 0 1 standing 
7 751 302 816 444 68053 0 0 1 standing 
7 758 303 824 445 68054 0 0 0 standing 
7 770 304 836 446 68055 0 0 1 standing 
7 782 305 848 447 68056 0 0 1 standing 
7 795 307 861 449 68057 0 0 0 standing 
7 814 311 880 451 68058 0 0 1 standing 
7 834 315 899 454 68059 0 0 1 standing 
7 854 319 919 457 68060 0 0 0 standing 
7 877 320 941 455 68061 0 0 1 standing 
7 900 322 963 453 68062 0 0 1 standing 
7 924 324 985 451 68063 0 0 1 standing 
7 947 326 1007 449 68064 0 0 1 standing 
8 773 431 841 588 68045 0 0 0 standing 
8 775 431 841 584 68046 0 0 1 standing 
8 777 431 841 580 68047 0 0 1 standing 
8 779 431 841 576 68048 0 0 0 standing 
8 781 430 843 575 68049 0 0 1 standing 
8 783 429 845 574 68050 0 0 1 standing 
8 786 428 848 573 68051 0 0 0 standing 
8 789 427 854 572 68052 0 0 1 standing 
8 792 426 860 571 68053 0 0 1 standing 
8 796 426 866 570 68054 0 0 0 standing 
8 801 424 875 569 68055 0 0 1 standing 
8 806 422 884 568 68056 0 0 1 standing 
8 812 421 894 567 68057 0 0 0 standing 
8 821 421 907 566 68058 0 0 1 standing 
8 830 421 920 565 68059 0 0 1 standing 
8 839 421 934 565 68060 0 0 0 standing 
8 860 421 954 566 68061 0 0 1 standing 
8 882 421 974 567 68062 0 0 1 standing 
8 904 421 994 568 68063 0 0 1 standing 
8 926 421 1014 569 68064 0 0 1 standing 
9 974 413 1061 582 68045 0 0 0 standing 
9 975 413 1064 581 68046 0 0 1 standing 
9 977 413 1067 581 68047 0 0 1 standing 
9 979 413 1070 581 68048 0 0 0 standing 
9 983 411 1073 580 68049 0 0 1 standing 
9 987 409 1076 580 68050 0 0 1 standing 
9 991 407 1079 580 68051 0 0 0 standing 
9 999 406 1081 578 68052 0 0 1 standing 
9 1008 405 1083 576 68053 0 0 1 standing 
9 1017 405 1085 574 68054 0 0 0 standing 
9 1024 405 1091 574 68055 0 0 1 standing 
9 1032 405 1097 574 68056 0 0 1 standing 
9 1040 406 1104 574 68057 0 0 0 standing 
9 1055 406 1119 574 68058 0 0 1 standing 
9 1070 406 1134 574 68059 0 0 1 standing 
9 1086 407 1150 575 68060 0 0 0 standing 
9 1110 407 1172 575 68061 0 0 1 standing 
9 1134 407 1195 576 68062 0 0 1 standing 
9 1159 407 1218 577 68063 0 0 1 standing 
9 1183 407 1241 578 68064 0 0 1 standing 
10 358 434 492 584 68045 0 0 0 standing 
10 356 434 492 586 68046 0 0 1 standing 
10 355 435 493 588 68047 0 0 1 standing 
10 354 436 494 591 68048 0 0 0 standing 
10 359 435 490 589 68049 0 0 1 standing 
10 364 435 486 587 68050 0 0 1 standing 
10 369 435 483 585 68051 0 0 0 standing 
10 376 435 483 584 68052 0 0 1 standing 
10 383 435 483 584 68053 0 0 1 standing 
10 390 435 483 584 68054 0 0 0 standing 
10 393 436 491 584 68055 0 0 1 standing 
10 396 437 499 585 68056 0 0 1 standing 
10 399 438 508 586 68057 0 0 0 standing 
10 414 439 525 586 68058 0 0 1 standing 
10 429 440 542 586 68059 0 0 1 standing 
10 445 442 559 586 68060 0 0 0 standing 
10 467 442 581 585 68061 0 0 1 standing 
10 489 443 603 585 68062 0 0 1 standing 
10 511 443 625 585 68063 0 0 1 standing 
10 533 444 647 585 68064 0 0 1 standing 
11 915 266 971 370 68045 0 0 0 standing 
11 921 266 975 369 68046 0 0 1 standing 
11 927 266 979 369 68047 0 0 1 standing 
11 933 266 983 369 68048 0 0 0 standing 
11 939 267 987 368 68049 0 0 1 standing 
11 945 268 991 367 68050 0 0 1 standing 
11 951 269 996 367 68051 0 0 0 standing 
11 958 270 1003 368 68052 0 0 1 standing 
11 965 271 1011 369 68053 0 0 1 standing 
11 973 272 1019 370 68054 0 0 0 standing 
11 983 273 1031 373 68055 0 0 1 standing 
11 993 274 1043 376 68056 0 0 1 standing 
11 1004 276 1056 380 68057 0 0 0 standing 
11 1020 277 1072 381 68058 0 0 1 standing 
11 1036 278 1088 382 68059 0 0 1 standing 
11 1052 280 1104 384 68060 0 0 0 standing 
11 1074 280 1126 385 68061 0 0 1 standing 
11 1096 280 1148 387 68062 0 0 1 standing 
11 1118 281 1170 389 68063 0 0 1 standing 
11 1140 281 1192 391 68064 0 0 1 standing 
