0 578 419 675 545 57240 0 1 0 setting 
0 594 415 689 544 57241 0 1 1 setting 
0 610 411 703 544 57242 0 1 1 setting 
0 626 407 717 543 57243 0 1 1 setting 
0 643 404 731 543 57244 0 1 0 setting 
0 652 401 737 543 57245 0 1 1 setting 
0 661 399 744 543 57246 0 1 1 setting 
0 671 396 751 543 57247 0 1 1 setting 
0 680 394 758 543 57248 0 1 1 setting 
0 689 391 765 543 57249 0 1 1 setting 
0 699 389 772 544 57250 0 1 0 setting 
0 704 392 775 544 57251 0 1 1 setting 
0 709 395 779 545 57252 0 1 1 setting 
0 714 399 783 545 57253 0 1 1 setting 
0 720 402 786 546 57254 0 1 1 setting 
0 725 406 790 546 57255 0 1 1 setting 
0 730 409 794 547 57256 0 1 1 setting 
0 736 413 798 548 57257 0 1 0 setting 
0 735 412 802 549 57258 0 1 1 setting 
0 735 412 806 550 57259 0 1 1 setting 
1 492 484 584 617 57240 0 0 0 setting 
1 501 483 593 616 57241 0 0 1 standing 
1 511 483 603 616 57242 0 0 1 standing 
1 521 483 613 616 57243 0 0 1 standing 
1 531 483 623 616 57244 0 0 0 standing 
1 535 482 627 615 57245 0 0 1 standing 
1 540 482 632 615 57246 0 0 1 standing 
1 544 482 636 615 57247 0 0 1 standing 
1 549 482 641 615 57248 0 0 1 standing 
1 553 482 645 615 57249 0 0 1 standing 
1 558 482 650 615 57250 0 0 0 standing 
1 550 479 641 614 57251 0 0 1 standing 
1 543 477 632 613 57252 0 0 1 standing 
1 536 475 623 612 57253 0 0 1 standing 
1 528 473 614 612 57254 0 0 1 standing 
1 521 471 605 611 57255 0 0 1 standing 
1 514 469 596 610 57256 0 0 1 standing 
1 506 467 587 610 57257 0 0 1 standing 
1 499 465 578 609 57258 0 0 1 standing 
1 492 463 569 608 57259 0 0 1 standing 
2 365 349 463 491 57240 0 0 0 standing 
2 381 349 473 491 57241 0 0 1 standing 
2 398 350 483 491 57242 0 0 1 standing 
2 415 350 493 491 57243 0 0 1 standing 
2 432 351 503 492 57244 0 0 0 standing 
2 437 351 513 492 57245 0 0 1 standing 
2 443 352 523 493 57246 0 0 1 standing 
2 448 353 533 494 57247 0 0 1 standing 
2 454 353 543 495 57248 0 0 1 standing 
2 459 354 553 496 57249 0 0 1 standing 
2 465 355 563 497 57250 0 0 0 standing 
2 467 355 565 497 57251 0 0 1 standing 
2 469 356 567 497 57252 0 0 1 standing 
2 471 356 569 497 57253 0 0 1 standing 
2 473 357 571 497 57254 0 0 1 standing 
2 475 358 574 497 57255 0 0 1 standing 
2 477 358 576 497 57256 0 0 1 standing 
2 479 359 578 497 57257 0 0 1 standing 
2 481 359 580 497 57258 0 0 1 standing 
2 483 360 582 497 57259 0 0 1 standing 
3 62 456 144 595 57240 0 0 0 standing 
3 70 456 152 595 57241 0 0 1 standing 
3 78 456 161 595 57242 0 0 1 standing 
3 86 456 169 595 57243 0 0 1 standing 
3 95 457 178 596 57244 0 0 0 standing 
3 98 457 181 596 57245 0 0 1 standing 
3 102 457 185 596 57246 0 0 1 standing 
3 106 458 189 597 57247 0 0 1 standing 
3 110 458 193 597 57248 0 0 1 standing 
3 114 458 197 597 57249 0 0 1 standing 
3 118 459 201 598 57250 0 0 0 standing 
3 123 457 207 596 57251 0 0 1 standing 
3 129 455 214 594 57252 0 0 1 standing 
3 134 454 221 593 57253 0 0 1 standing 
3 140 452 228 591 57254 0 0 1 standing 
3 146 451 235 590 57255 0 0 1 standing 
3 151 449 241 588 57256 0 0 1 standing 
3 157 447 248 586 57257 0 0 1 standing 
3 162 446 255 585 57258 0 0 1 standing 
3 168 444 262 583 57259 0 0 1 standing 
4 862 467 966 614 57240 0 0 0 standing 
4 871 465 972 612 57241 0 0 1 standing 
4 880 463 978 610 57242 0 0 1 standing 
4 889 462 985 609 57243 0 0 0 standing 
4 889 461 982 607 57244 0 0 1 standing 
4 890 460 980 606 57245 0 0 1 standing 
4 891 459 978 605 57246 0 0 1 standing 
4 891 458 975 604 57247 0 0 1 standing 
4 892 457 973 603 57248 0 0 1 standing 
4 893 456 971 602 57249 0 0 1 standing 
4 894 455 969 601 57250 0 0 0 standing 
4 892 454 965 601 57251 0 0 1 standing 
4 890 453 961 601 57252 0 0 1 standing 
4 889 452 957 601 57253 0 0 1 standing 
4 887 451 953 601 57254 0 0 1 standing 
4 886 450 949 601 57255 0 0 1 standing 
4 884 449 945 601 57256 0 0 1 standing 
4 882 448 941 601 57257 0 0 1 standing 
4 881 447 937 601 57258 0 0 1 standing 
4 879 446 933 601 57259 0 0 1 standing 
5 1175 409 1253 548 57240 0 0 0 standing 
5 1185 409 1260 548 57241 0 0 1 standing 
5 1196 409 1268 549 57242 0 0 1 standing 
5 1207 409 1276 550 57243 0 0 0 standing 
5 1210 409 1276 550 57244 0 0 1 standing 
5 1213 409 1276 551 57245 0 0 1 standing 
5 1217 409 1277 552 57246 0 0 1 standing 
5 1220 409 1277 553 57247 0 0 1 standing 
5 1224 409 1278 554 57248 0 0 1 standing 
5 1227 409 1278 555 57249 0 0 1 standing 
5 1231 409 1279 556 57250 0 0 0 standing 
5 1230 411 1278 558 57251 0 0 1 standing 
5 1230 413 1278 560 57252 0 0 1 standing 
5 1230 415 1278 562 57253 0 0 1 standing 
5 1230 417 1278 564 57254 0 0 1 standing 
5 1230 419 1278 566 57255 0 0 1 standing 
5 1230 421 1278 568 57256 0 0 1 standing 
5 1230 423 1278 570 57257 0 0 1 standing 
5 1230 425 1278 572 57258 0 0 1 standing 
5 1230 427 1278 574 57259 0 0 1 standing 
6 774 302 847 471 57240 0 0 0 standing 
6 779 308 852 473 57241 0 0 1 standing 
6 784 314 857 476 57242 0 0 1 standing 
6 789 320 862 479 57243 0 0 0 standing 
6 792 322 865 478 57244 0 0 1 standing 
6 795 325 868 477 57245 0 0 1 standing 
6 798 328 871 477 57246 0 0 1 standing 
6 801 330 874 476 57247 0 0 1 standing 
6 804 333 877 476 57248 0 0 1 standing 
6 807 336 880 475 57249 0 0 1 standing 
6 810 339 883 475 57250 0 0 0 standing 
6 813 339 885 475 57251 0 0 1 standing 
6 817 339 887 475 57252 0 0 1 standing 
6 820 339 890 475 57253 0 0 1 standing 
6 824 340 892 475 57254 0 0 1 standing 
6 827 340 895 476 57255 0 0 1 standing 
6 831 340 897 476 57256 0 0 1 standing 
6 834 341 899 476 57257 0 0 1 standing 
6 838 341 902 476 57258 0 0 1 standing 
6 841 341 904 476 57259 0 0 1 standing 
7 731 264 774 457 57240 0 0 0 standing 
7 740 271 781 462 57241 0 0 1 blocking 
7 750 279 788 467 57242 0 0 1 blocking 
7 760 287 796 473 57243 0 0 0 blocking 
7 761 290 800 473 57244 0 0 1 blocking 
7 763 293 804 473 57245 0 0 1 blocking 
7 764 296 808 474 57246 0 0 1 blocking 
7 766 299 813 474 57247 0 0 1 blocking 
7 767 302 817 475 57248 0 0 1 blocking 
7 769 305 821 475 57249 0 0 1 blocking 
7 771 309 826 476 57250 0 0 0 blocking 
7 768 310 823 476 57251 0 0 1 blocking 
7 766 311 821 476 57252 0 0 1 blocking 
7 764 312 818 477 57253 0 0 1 blocking 
7 761 313 816 477 57254 0 0 1 blocking 
7 759 315 814 478 57255 0 0 1 blocking 
7 757 316 811 478 57256 0 0 1 blocking 
7 754 317 809 478 57257 0 0 1 blocking 
7 752 318 806 479 57258 0 0 1 blocking 
7 750 319 804 479 57259 0 0 1 blocking 
8 720 279 760 441 57240 0 0 0 blocking 
8 727 287 767 446 57241 0 0 1 standing 
8 734 295 775 451 57242 0 0 1 standing 
8 741 303 782 456 57243 0 0 1 standing 
8 748 311 790 461 57244 0 0 1 standing 
8 755 320 798 467 57245 0 0 0 standing 
8 755 321 799 465 57246 0 0 1 standing 
8 756 323 800 464 57247 0 0 1 standing 
8 756 324 801 462 57248 0 0 1 standing 
8 757 326 802 461 57249 0 0 1 standing 
8 758 328 804 460 57250 0 0 0 standing 
8 752 327 799 459 57251 0 0 1 standing 
8 747 326 795 458 57252 0 0 1 standing 
8 742 325 791 457 57253 0 0 1 standing 
8 737 325 787 456 57254 0 0 1 standing 
8 732 324 783 456 57255 0 0 1 standing 
8 727 323 778 455 57256 0 0 1 standing 
8 722 323 774 454 57257 0 0 1 standing 
8 717 322 770 453 57258 0 0 1 standing 
8 712 321 766 452 57259 0 0 1 standing 
9 816 371 886 506 57240 0 0 0 standing 
9 826 369 894 504 57241 0 0 1 standing 
9 836 367 903 503 57242 0 0 1 standing 
9 846 365 912 501 57243 0 0 1 standing 
9 857 363 921 500 57244 0 0 0 standing 
9 861 363 924 500 57245 0 0 1 standing 
9 866 363 927 500 57246 0 0 1 standing 
9 870 363 930 500 57247 0 0 1 standing 
9 875 363 933 500 57248 0 0 1 standing 
9 879 363 936 500 57249 0 0 1 standing 
9 884 364 939 500 57250 0 0 0 standing 
9 890 364 944 501 57251 0 0 1 standing 
9 896 365 949 502 57252 0 0 1 standing 
9 902 366 954 503 57253 0 0 1 standing 
9 908 367 959 504 57254 0 0 1 standing 
9 915 368 964 505 57255 0 0 1 standing 
9 921 368 969 506 57256 0 0 1 standing 
9 927 369 974 507 57257 0 0 1 standing 
9 933 370 979 508 57258 0 0 1 standing 
9 939 371 984 509 57259 0 0 1 standing 
10 951 369 1015 519 57240 0 0 0 standing 
10 956 370 1020 519 57241 0 0 1 standing 
10 961 371 1025 520 57242 0 0 1 standing 
10 966 372 1030 520 57243 0 0 1 standing 
10 971 373 1035 521 57244 0 0 0 standing 
10 972 374 1036 522 57245 0 0 1 standing 
10 973 375 1037 523 57246 0 0 1 standing 
10 975 376 1039 525 57247 0 0 1 standing 
10 976 377 1040 526 57248 0 0 1 standing 
10 977 378 1041 527 57249 0 0 1 standing 
10 979 379 1043 529 57250 0 0 0 standing 
10 973 379 1038 529 57251 0 0 1 standing 
10 967 380 1034 529 57252 0 0 1 standing 
10 961 380 1030 529 57253 0 0 1 standing 
10 956 381 1026 530 57254 0 0 1 standing 
10 950 381 1022 530 57255 0 0 1 standing 
10 944 382 1017 530 57256 0 0 1 standing 
10 939 382 1013 531 57257 0 0 1 standing 
10 933 383 1009 531 57258 0 0 1 standing 
10 927 383 1005 531 57259 0 0 1 standing 
11 1137 354 1216 501 57240 0 0 0 standing 
11 1143 354 1219 501 57241 0 0 1 standing 
11 1149 354 1223 501 57242 0 0 1 standing 
11 1155 355 1226 502 57243 0 0 1 standing 
11 1161 355 1230 502 57244 0 0 1 standing 
11 1167 355 1233 502 57245 0 0 1 standing 
11 1174 356 1237 503 57246 0 0 0 standing 
11 1173 356 1240 503 57247 0 0 1 standing 
11 1173 357 1244 504 57248 0 0 1 standing 
11 1172 357 1247 504 57249 0 0 1 standing 
11 1172 358 1251 505 57250 0 0 0 standing 
11 1172 358 1248 505 57251 0 0 1 standing 
11 1172 358 1246 505 57252 0 0 1 standing 
11 1172 358 1243 505 57253 0 0 1 standing 
11 1172 358 1241 505 57254 0 0 1 standing 
11 1172 358 1238 505 57255 0 0 1 standing 
11 1172 358 1236 505 57256 0 0 1 standing 
11 1172 358 1233 505 57257 0 0 1 standing 
11 1172 358 1231 505 57258 0 0 1 standing 
11 1172 358 1229 505 57259 0 0 0 standing 
