0 255 337 316 436 46415 0 1 0 waiting 
0 261 339 328 439 46416 0 1 1 waiting 
0 267 341 340 442 46417 0 1 1 waiting 
0 274 344 353 445 46418 0 1 1 waiting 
0 280 346 365 448 46419 0 1 1 waiting 
0 287 349 378 452 46420 0 1 0 waiting 
0 301 346 388 450 46421 0 1 1 waiting 
0 316 344 398 449 46422 0 1 1 waiting 
0 331 342 409 448 46423 0 1 1 waiting 
0 346 340 419 447 46424 0 1 1 waiting 
0 361 338 430 446 46425 0 1 1 waiting 
0 376 336 440 445 46426 0 1 1 waiting 
0 391 334 451 444 46427 0 1 0 waiting 
0 397 333 457 444 46428 0 1 1 waiting 
0 404 333 464 445 46429 0 1 1 waiting 
0 411 332 471 445 46430 0 1 1 waiting 
0 417 332 477 446 46431 0 1 1 waiting 
0 424 331 484 446 46432 0 1 1 waiting 
0 431 331 491 447 46433 0 1 0 waiting 
0 433 328 491 446 46434 0 1 1 waiting 
1 426 327 478 438 46415 0 1 0 waiting 
1 418 328 481 437 46416 0 1 1 digging 
1 410 329 484 436 46417 0 1 1 digging 
1 403 330 488 435 46418 0 1 0 digging 
1 413 331 495 434 46419 0 1 1 digging 
1 423 332 503 434 46420 0 1 1 digging 
1 434 333 511 433 46421 0 1 1 digging 
1 444 334 519 433 46422 0 1 1 digging 
1 455 335 527 432 46423 0 1 1 digging 
1 465 336 535 432 46424 0 1 1 digging 
1 476 337 543 432 46425 0 1 0 digging 
1 488 337 555 433 46426 0 1 1 digging 
1 501 337 567 434 46427 0 1 1 digging 
1 514 337 580 435 46428 0 1 0 digging 
1 519 335 585 434 46429 0 1 1 digging 
1 524 333 590 434 46430 0 1 1 digging 
1 529 332 595 434 46431 0 1 1 digging 
1 534 330 600 434 46432 0 1 1 digging 
1 539 329 605 434 46433 0 1 1 digging 
1 544 327 610 434 46434 0 1 1 digging 
2 195 449 247 562 46415 0 0 0 digging 
2 211 448 262 562 46416 0 0 1 waiting 
2 227 447 278 562 46417 0 0 1 waiting 
2 243 446 294 563 46418 0 0 1 waiting 
2 259 445 310 563 46419 0 0 1 waiting 
2 275 444 326 564 46420 0 0 1 waiting 
2 291 443 342 564 46421 0 0 1 waiting 
2 307 442 358 564 46422 0 0 1 waiting 
2 323 441 374 565 46423 0 0 1 waiting 
2 339 440 390 565 46424 0 0 1 waiting 
2 355 439 406 566 46425 0 0 0 waiting 
2 369 439 423 564 46426 0 0 1 waiting 
2 384 439 440 563 46427 0 0 1 waiting 
2 398 439 457 561 46428 0 0 1 waiting 
2 413 439 474 560 46429 0 0 1 waiting 
2 428 439 492 559 46430 0 0 0 waiting 
2 436 439 502 558 46431 0 0 1 waiting 
2 444 440 513 557 46432 0 0 1 waiting 
2 453 441 524 556 46433 0 0 1 waiting 
2 461 442 535 555 46434 0 0 1 waiting 
3 52 357 111 488 46415 0 0 0 waiting 
3 56 357 120 488 46416 0 0 1 standing 
3 61 357 130 489 46417 0 0 1 standing 
3 65 358 139 490 46418 0 0 1 standing 
3 70 358 149 491 46419 0 0 1 standing 
3 75 359 159 492 46420 0 0 0 standing 
3 92 358 171 487 46421 0 0 1 standing 
3 110 358 183 483 46422 0 0 1 standing 
3 127 357 196 478 46423 0 0 1 standing 
3 145 357 208 474 46424 0 0 1 standing 
3 163 357 221 470 46425 0 0 0 standing 
3 177 353 235 468 46426 0 0 1 standing 
3 191 350 249 467 46427 0 0 1 standing 
3 205 347 263 466 46428 0 0 1 standing 
3 219 344 277 465 46429 0 0 0 standing 
3 225 345 283 465 46430 0 0 1 standing 
3 232 347 290 466 46431 0 0 1 standing 
3 238 349 297 467 46432 0 0 1 standing 
3 245 350 304 467 46433 0 0 1 standing 
3 251 352 311 468 46434 0 0 1 standing 
4 575 360 614 530 46415 0 0 0 standing 
4 578 363 626 531 46416 0 0 1 jumping 
4 582 367 639 533 46417 0 0 1 jumping 
4 586 370 652 535 46418 0 0 1 jumping 
4 590 374 665 537 46419 0 0 1 jumping 
4 594 378 678 539 46420 0 0 0 jumping 
4 616 385 690 545 46421 0 0 1 jumping 
4 638 392 703 551 46422 0 0 1 jumping 
4 660 400 716 557 46423 0 0 1 jumping 
4 682 407 729 563 46424 0 0 1 jumping 
4 704 415 742 570 46425 0 0 0 jumping 
4 712 416 752 570 46426 0 0 1 jumping 
4 721 418 762 571 46427 0 0 1 jumping 
4 729 420 772 571 46428 0 0 1 jumping 
4 738 422 782 572 46429 0 0 1 jumping 
4 747 424 792 573 46430 0 0 0 jumping 
4 749 423 796 573 46431 0 0 1 jumping 
4 751 423 800 574 46432 0 0 1 jumping 
4 754 422 804 574 46433 0 0 1 jumping 
4 756 422 808 575 46434 0 0 1 jumping 
5 657 382 704 524 46415 0 0 0 jumping 
5 669 382 716 524 46416 0 0 1 standing 
5 681 382 728 524 46417 0 0 1 standing 
5 693 382 740 524 46418 0 0 1 standing 
5 706 383 753 525 46419 0 0 1 standing 
5 718 383 765 525 46420 0 0 1 standing 
5 730 383 777 525 46421 0 0 1 standing 
5 743 384 790 526 46422 0 0 0 standing 
5 754 380 801 522 46423 0 0 1 standing 
5 765 376 812 518 46424 0 0 1 standing 
5 777 373 824 515 46425 0 0 0 standing 
5 791 367 833 514 46426 0 0 1 standing 
5 806 361 843 513 46427 0 0 1 standing 
5 820 355 853 512 46428 0 0 1 standing 
5 835 349 863 512 46429 0 0 0 standing 
5 841 349 870 512 46430 0 0 1 standing 
5 847 350 878 513 46431 0 0 1 standing 
5 853 351 885 514 46432 0 0 1 standing 
5 859 352 893 514 46433 0 0 1 standing 
5 865 353 900 515 46434 0 0 1 standing 
6 771 367 823 507 46415 0 0 0 standing 
6 775 369 833 509 46416 0 0 1 standing 
6 779 372 844 512 46417 0 0 1 standing 
6 784 375 854 514 46418 0 0 1 standing 
6 788 378 865 517 46419 0 0 1 standing 
6 793 381 876 520 46420 0 0 0 standing 
6 812 382 889 522 46421 0 0 1 standing 
6 831 384 903 524 46422 0 0 1 standing 
6 850 386 917 526 46423 0 0 1 standing 
6 869 387 931 528 46424 0 0 1 standing 
6 888 389 945 530 46425 0 0 1 standing 
6 907 391 959 533 46426 0 0 0 standing 
6 920 386 972 533 46427 0 0 1 standing 
6 934 382 985 534 46428 0 0 1 standing 
6 947 378 998 535 46429 0 0 1 standing 
6 961 374 1011 536 46430 0 0 0 standing 
6 970 375 1020 535 46431 0 0 1 standing 
6 980 376 1030 535 46432 0 0 1 standing 
6 989 378 1040 535 46433 0 0 1 standing 
6 999 379 1050 535 46434 0 0 1 standing 
7 848 275 897 406 46415 0 0 0 standing 
7 858 273 909 405 46416 0 0 1 standing 
7 868 272 922 405 46417 0 0 1 standing 
7 878 270 934 404 46418 0 0 1 standing 
7 888 269 947 404 46419 0 0 1 standing 
7 898 268 960 404 46420 0 0 0 standing 
7 914 269 973 404 46421 0 0 1 standing 
7 930 271 986 405 46422 0 0 1 standing 
7 946 272 1000 405 46423 0 0 1 standing 
7 962 274 1013 406 46424 0 0 1 standing 
7 978 276 1027 407 46425 0 0 0 standing 
7 993 275 1042 406 46426 0 0 1 standing 
7 1008 274 1057 405 46427 0 0 1 standing 
7 1023 274 1072 405 46428 0 0 1 standing 
7 1038 273 1087 404 46429 0 0 1 standing 
7 1053 273 1102 404 46430 0 0 0 standing 
7 1060 271 1109 402 46431 0 0 1 standing 
7 1068 269 1117 400 46432 0 0 1 standing 
7 1075 267 1124 398 46433 0 0 1 standing 
7 1083 265 1132 396 46434 0 0 1 standing 
8 1071 367 1112 504 46415 0 0 0 standing 
8 1083 368 1124 509 46416 0 0 1 standing 
8 1096 369 1137 514 46417 0 0 1 standing 
8 1109 371 1149 519 46418 0 0 1 standing 
8 1122 372 1162 524 46419 0 0 1 standing 
8 1135 374 1175 530 46420 0 0 0 standing 
8 1148 376 1188 528 46421 0 0 1 standing 
8 1161 378 1201 526 46422 0 0 1 standing 
8 1174 380 1215 524 46423 0 0 1 standing 
8 1187 382 1228 522 46424 0 0 1 standing 
8 1201 384 1242 521 46425 0 0 0 standing 
8 1212 384 1249 521 46426 0 0 1 standing 
8 1223 384 1256 521 46427 0 0 1 standing 
8 1234 384 1263 521 46428 0 0 1 standing 
8 1245 384 1270 521 46429 0 0 1 standing 
8 1256 384 1278 521 46430 1 0 0 standing 
8 1257 384 1278 521 46431 1 0 1 standing 
8 1258 384 1278 521 46432 1 0 1 standing 
8 1259 385 1278 522 46433 1 0 1 standing 
8 1260 385 1278 522 46434 1 0 1 standing 
9 557 356 599 502 46415 0 0 0 standing 
9 563 349 616 502 46416 0 0 1 jumping 
9 570 343 633 502 46417 0 0 1 jumping 
9 576 337 650 502 46418 0 0 1 jumping 
9 583 331 667 502 46419 0 0 1 jumping 
9 590 325 685 502 46420 0 0 0 jumping 
9 610 336 694 507 46421 0 0 1 jumping 
9 630 348 704 512 46422 0 0 1 jumping 
9 650 359 713 518 46423 0 0 1 jumping 
9 670 371 723 523 46424 0 0 1 jumping 
9 691 383 733 529 46425 0 0 0 jumping 
9 704 388 746 536 46426 0 0 1 jumping 
9 717 393 759 543 46427 0 0 1 jumping 
9 730 398 772 550 46428 0 0 0 jumping 
9 736 399 778 552 46429 0 0 1 jumping 
9 742 400 784 555 46430 0 0 1 jumping 
9 748 401 790 558 46431 0 0 1 jumping 
9 754 402 796 561 46432 0 0 1 jumping 
9 760 403 802 564 46433 0 0 1 jumping 
9 766 404 808 567 46434 0 0 1 jumping 
10 693 367 745 511 46415 0 0 0 jumping 
10 701 370 753 514 46416 0 0 1 standing 
10 709 374 761 518 46417 0 0 1 standing 
10 718 377 770 521 46418 0 0 1 standing 
10 726 381 778 525 46419 0 0 1 standing 
10 735 385 787 529 46420 0 0 0 standing 
10 743 394 795 538 46421 0 0 1 standing 
10 751 403 803 547 46422 0 0 1 standing 
10 759 413 811 557 46423 0 0 1 standing 
10 767 422 819 566 46424 0 0 1 standing 
10 775 432 827 576 46425 0 0 0 standing 
10 785 432 837 575 46426 0 0 1 standing 
10 795 432 847 574 46427 0 0 1 standing 
10 806 432 857 573 46428 0 0 1 standing 
10 816 432 867 572 46429 0 0 1 standing 
10 827 433 878 572 46430 0 0 0 standing 
10 835 430 886 570 46431 0 0 1 standing 
10 843 428 894 569 46432 0 0 1 standing 
10 851 425 902 567 46433 0 0 1 standing 
10 859 423 910 566 46434 0 0 1 standing 
11 769 306 818 434 46415 0 0 0 standing 
11 779 308 829 434 46416 0 0 1 standing 
11 789 311 841 435 46417 0 0 1 standing 
11 800 313 853 435 46418 0 0 1 standing 
11 810 316 865 436 46419 0 0 1 standing 
11 821 318 877 437 46420 0 0 1 standing 
11 831 321 888 437 46421 0 0 1 standing 
11 841 323 900 438 46422 0 0 1 standing 
11 852 326 912 438 46423 0 0 1 standing 
11 862 328 924 439 46424 0 0 1 standing 
11 873 331 936 440 46425 0 0 0 standing 
11 883 331 946 441 46426 0 0 1 standing 
11 893 332 956 443 46427 0 0 1 standing 
11 903 333 966 445 46428 0 0 1 standing 
11 914 334 976 447 46429 0 0 0 standing 
11 918 331 980 447 46430 0 0 1 standing 
11 923 329 985 448 46431 0 0 1 standing 
11 928 327 990 449 46432 0 0 1 standing 
11 932 324 994 450 46433 0 0 1 standing 
11 937 322 999 451 46434 0 0 1 standing 
