0 454 535 562 669 40940 0 0 0 moving 
0 456 536 571 671 40941 0 0 1 moving 
0 459 538 581 673 40942 0 0 1 moving 
0 461 540 590 675 40943 0 0 1 moving 
0 464 541 600 677 40944 0 0 1 moving 
0 466 543 609 679 40945 0 0 1 moving 
0 469 545 619 682 40946 0 0 0 moving 
0 483 545 619 682 40947 0 0 1 moving 
0 498 545 620 682 40948 0 0 1 moving 
0 512 545 620 682 40949 0 0 1 moving 
0 527 545 621 682 40950 0 0 0 moving 
0 527 543 619 683 40951 0 0 1 moving 
0 528 541 617 684 40952 0 0 1 moving 
0 529 539 616 685 40953 0 0 1 moving 
0 530 537 614 686 40954 0 0 1 moving 
0 531 536 613 688 40955 0 0 1 moving 
0 532 534 611 689 40956 0 0 1 moving 
0 533 532 609 690 40957 0 0 1 moving 
0 534 530 608 691 40958 0 0 1 moving 
0 535 528 606 692 40959 0 0 1 moving 
1 367 375 421 504 40940 0 0 0 moving 
1 362 375 416 504 40941 0 0 1 standing 
1 357 375 411 504 40942 0 0 1 standing 
1 352 375 406 505 40943 0 0 1 standing 
1 347 375 401 505 40944 0 0 1 standing 
1 343 375 397 506 40945 0 0 1 standing 
1 338 375 392 506 40946 0 0 1 standing 
1 333 375 387 506 40947 0 0 1 standing 
1 328 375 382 507 40948 0 0 1 standing 
1 323 375 377 507 40949 0 0 1 standing 
1 319 376 373 508 40950 0 0 0 standing 
1 312 375 366 507 40951 0 0 1 standing 
1 306 375 360 507 40952 0 0 1 standing 
1 299 375 353 507 40953 0 0 1 standing 
1 293 375 347 507 40954 0 0 1 standing 
1 286 375 340 507 40955 0 0 1 standing 
1 280 375 334 506 40956 0 0 1 standing 
1 273 375 327 506 40957 0 0 1 standing 
1 267 375 321 506 40958 0 0 1 standing 
1 260 375 314 506 40959 0 0 1 standing 
2 655 347 705 493 40940 0 0 0 standing 
2 650 346 700 493 40941 0 0 1 standing 
2 646 346 695 493 40942 0 0 1 standing 
2 641 346 690 493 40943 0 0 1 standing 
2 637 346 685 493 40944 0 0 1 standing 
2 632 346 681 493 40945 0 0 1 standing 
2 628 346 676 493 40946 0 0 1 standing 
2 623 346 671 493 40947 0 0 1 standing 
2 619 346 666 493 40948 0 0 1 standing 
2 614 346 661 493 40949 0 0 1 standing 
2 610 346 657 494 40950 0 0 0 standing 
2 604 345 651 493 40951 0 0 1 standing 
2 599 345 646 493 40952 0 0 1 standing 
2 594 345 641 493 40953 0 0 1 standing 
2 589 345 636 493 40954 0 0 1 standing 
2 584 345 631 493 40955 0 0 1 standing 
2 579 344 626 493 40956 0 0 1 standing 
2 574 344 621 493 40957 0 0 1 standing 
2 569 344 616 493 40958 0 0 1 standing 
2 564 344 611 493 40959 0 0 1 standing 
3 600 459 666 612 40940 0 0 0 standing 
3 592 458 657 610 40941 0 0 1 standing 
3 585 457 648 609 40942 0 0 1 standing 
3 578 456 640 607 40943 0 0 1 standing 
3 570 455 631 606 40944 0 0 1 standing 
3 563 454 623 605 40945 0 0 1 standing 
3 556 453 614 603 40946 0 0 1 standing 
3 548 452 605 602 40947 0 0 1 standing 
3 541 451 597 600 40948 0 0 1 standing 
3 534 450 588 599 40949 0 0 1 standing 
3 527 449 580 598 40950 0 0 0 standing 
3 519 450 572 599 40951 0 0 1 standing 
3 512 451 565 600 40952 0 0 1 standing 
3 505 452 558 601 40953 0 0 1 standing 
3 497 453 550 602 40954 0 0 1 standing 
3 490 455 543 604 40955 0 0 1 standing 
3 483 456 536 605 40956 0 0 1 standing 
3 475 457 528 606 40957 0 0 1 standing 
3 468 458 521 607 40958 0 0 1 standing 
3 461 459 514 608 40959 0 0 1 standing 
4 801 464 854 633 40940 0 1 0 standing 
4 797 463 853 631 40941 0 1 1 standing 
4 794 463 852 629 40942 0 1 1 standing 
4 791 462 851 627 40943 0 1 1 standing 
4 788 462 850 625 40944 0 1 1 standing 
4 785 461 849 624 40945 0 1 1 standing 
4 782 461 848 622 40946 0 1 1 standing 
4 779 460 847 620 40947 0 1 1 standing 
4 776 460 846 618 40948 0 1 1 standing 
4 773 459 845 616 40949 0 1 1 standing 
4 770 459 845 615 40950 0 1 0 standing 
4 769 458 843 615 40951 0 1 1 standing 
4 769 457 841 615 40952 0 1 1 standing 
4 768 457 839 615 40953 0 1 1 standing 
4 768 456 837 615 40954 0 1 1 standing 
4 767 456 835 615 40955 0 1 1 standing 
4 767 455 833 615 40956 0 1 1 standing 
4 766 454 831 615 40957 0 1 1 standing 
4 766 454 829 615 40958 0 1 1 standing 
4 765 453 827 615 40959 0 1 1 standing 
5 822 332 876 479 40940 0 1 0 standing 
5 820 332 874 479 40941 0 1 1 standing 
5 818 332 872 479 40942 0 1 1 standing 
5 817 332 871 479 40943 0 1 1 standing 
5 815 332 869 479 40944 0 1 1 standing 
5 814 332 868 479 40945 0 1 1 standing 
5 812 332 866 479 40946 0 1 1 standing 
5 810 332 864 479 40947 0 1 1 standing 
5 809 332 863 479 40948 0 1 1 standing 
5 807 332 861 479 40949 0 1 1 standing 
5 806 332 860 479 40950 0 1 0 standing 
5 802 332 856 479 40951 0 1 1 standing 
5 798 333 852 480 40952 0 1 1 standing 
5 794 334 848 481 40953 0 1 1 standing 
5 790 334 844 482 40954 0 1 1 standing 
5 786 335 840 483 40955 0 1 1 standing 
5 782 336 836 483 40956 0 1 1 standing 
5 778 336 832 484 40957 0 1 1 standing 
5 774 337 828 485 40958 0 1 1 standing 
5 770 338 824 486 40959 0 1 1 standing 
6 1009 338 1114 513 40940 0 1 0 standing 
6 1003 338 1108 512 40941 0 1 1 standing 
6 997 339 1102 512 40942 0 1 1 standing 
6 991 340 1096 512 40943 0 1 1 standing 
6 985 341 1090 512 40944 0 1 1 standing 
6 980 342 1085 512 40945 0 1 1 standing 
6 974 342 1079 512 40946 0 1 1 standing 
6 968 343 1073 512 40947 0 1 1 standing 
6 962 344 1067 512 40948 0 1 1 standing 
6 956 345 1061 512 40949 0 1 1 standing 
6 951 346 1056 512 40950 0 1 0 standing 
6 944 346 1049 512 40951 0 1 1 standing 
6 938 347 1043 513 40952 0 1 1 standing 
6 932 348 1037 514 40953 0 1 1 standing 
6 925 348 1031 515 40954 0 1 1 standing 
6 919 349 1025 516 40955 0 1 1 standing 
6 913 350 1019 516 40956 0 1 1 standing 
6 906 350 1013 517 40957 0 1 1 standing 
6 900 351 1007 518 40958 0 1 1 standing 
6 894 352 1001 519 40959 0 1 1 standing 
7 397 475 482 555 40940 0 0 0 standing 
7 392 474 475 554 40941 0 0 1 falling 
7 388 473 468 553 40942 0 0 1 falling 
7 383 472 461 552 40943 0 0 1 falling 
7 379 472 454 551 40944 0 0 1 falling 
7 375 471 447 551 40945 0 0 1 falling 
7 370 470 440 550 40946 0 0 1 falling 
7 366 470 433 549 40947 0 0 1 falling 
7 361 469 426 548 40948 0 0 1 falling 
7 357 468 419 547 40949 0 0 1 falling 
7 353 468 412 547 40950 0 0 0 falling 
7 347 468 406 547 40951 0 0 1 falling 
7 342 468 401 547 40952 0 0 1 falling 
7 336 468 395 547 40953 0 0 1 falling 
7 331 468 390 547 40954 0 0 1 falling 
7 326 468 385 547 40955 0 0 1 falling 
7 320 468 379 547 40956 0 0 1 falling 
7 315 468 374 547 40957 0 0 1 falling 
7 309 468 368 547 40958 0 0 1 falling 
7 304 468 363 547 40959 0 0 1 falling 
8 450 439 505 535 40940 0 0 0 falling 
8 446 438 501 534 40941 0 0 1 falling 
8 442 438 497 534 40942 0 0 1 falling 
8 438 438 493 534 40943 0 0 1 falling 
8 434 438 489 534 40944 0 0 1 falling 
8 430 438 485 534 40945 0 0 1 falling 
8 426 438 481 534 40946 0 0 1 falling 
8 422 438 477 534 40947 0 0 1 falling 
8 418 438 473 534 40948 0 0 1 falling 
8 414 438 469 534 40949 0 0 1 falling 
8 411 438 466 534 40950 0 0 0 falling 
8 404 438 459 534 40951 0 0 1 falling 
8 398 438 453 534 40952 0 0 1 falling 
8 392 438 447 534 40953 0 0 1 falling 
8 386 439 441 534 40954 0 0 1 falling 
8 380 439 435 535 40955 0 0 1 falling 
8 374 439 429 535 40956 0 0 1 falling 
8 368 440 423 535 40957 0 0 1 falling 
8 362 440 417 535 40958 0 0 1 falling 
8 356 440 411 535 40959 0 0 1 falling 
9 787 390 858 548 40940 0 1 0 falling 
9 785 389 856 548 40941 0 1 1 standing 
9 784 389 855 548 40942 0 1 1 standing 
9 782 389 853 548 40943 0 1 1 standing 
9 781 389 852 548 40944 0 1 1 standing 
9 779 389 850 549 40945 0 1 1 standing 
9 778 389 849 549 40946 0 1 1 standing 
9 776 389 847 549 40947 0 1 1 standing 
9 775 389 846 549 40948 0 1 1 standing 
9 773 389 844 549 40949 0 1 1 standing 
9 772 389 843 550 40950 0 1 0 standing 
9 767 388 836 549 40951 0 1 1 standing 
9 763 387 830 548 40952 0 1 1 standing 
9 759 387 824 548 40953 0 1 1 standing 
9 755 386 818 547 40954 0 1 1 standing 
9 751 386 812 547 40955 0 1 1 standing 
9 747 385 806 546 40956 0 1 1 standing 
9 743 384 800 545 40957 0 1 1 standing 
9 739 384 794 545 40958 0 1 1 standing 
9 735 383 788 544 40959 0 1 1 standing 
10 1104 431 1172 596 40940 0 1 0 standing 
10 1098 430 1166 595 40941 0 1 1 moving 
10 1092 429 1160 595 40942 0 1 1 moving 
10 1086 429 1154 594 40943 0 1 1 moving 
10 1080 428 1148 594 40944 0 1 1 moving 
10 1074 428 1143 594 40945 0 1 1 moving 
10 1068 427 1137 593 40946 0 1 1 moving 
10 1062 426 1131 593 40947 0 1 1 moving 
10 1056 426 1125 592 40948 0 1 1 moving 
10 1050 425 1119 592 40949 0 1 1 moving 
10 1044 425 1114 592 40950 0 1 0 moving 
10 1034 424 1104 591 40951 0 1 1 moving 
10 1024 424 1095 591 40952 0 1 1 moving 
10 1015 423 1085 590 40953 0 1 1 moving 
10 1005 423 1076 590 40954 0 1 1 moving 
10 996 423 1066 589 40955 0 1 1 moving 
10 986 422 1057 589 40956 0 1 1 moving 
10 976 422 1047 588 40957 0 1 1 moving 
10 967 421 1038 588 40958 0 1 1 moving 
10 957 421 1028 587 40959 0 1 1 moving 
11 1120 361 1171 548 40940 0 1 0 moving 
11 1107 367 1163 548 40941 0 1 1 moving 
11 1094 373 1155 549 40942 0 1 1 moving 
11 1081 380 1147 550 40943 0 1 1 moving 
11 1068 386 1139 551 40944 0 1 1 moving 
11 1055 393 1131 552 40945 0 1 1 moving 
11 1042 399 1123 552 40946 0 1 1 moving 
11 1029 405 1115 553 40947 0 1 1 moving 
11 1016 412 1107 554 40948 0 1 1 moving 
11 1003 418 1099 555 40949 0 1 1 moving 
11 990 425 1091 556 40950 0 1 0 moving 
11 978 426 1076 557 40951 0 1 1 moving 
11 966 428 1061 559 40952 0 1 1 moving 
11 954 429 1046 560 40953 0 1 1 moving 
11 943 431 1031 562 40954 0 1 1 moving 
11 931 433 1017 564 40955 0 1 1 moving 
11 919 434 1002 565 40956 0 1 1 moving 
11 908 436 987 567 40957 0 1 1 moving 
11 896 437 972 568 40958 0 1 1 moving 
11 884 439 957 570 40959 0 1 1 moving 
