0 749 432 817 632 102085 0 1 0 spiking 
0 750 438 822 625 102086 0 1 1 spiking 
0 752 444 827 618 102087 0 1 1 spiking 
0 754 450 832 611 102088 0 1 1 spiking 
0 756 456 837 604 102089 0 1 0 spiking 
0 754 445 840 598 102090 0 1 1 spiking 
0 752 434 843 592 102091 0 1 1 spiking 
0 751 423 846 586 102092 0 1 1 spiking 
0 749 412 849 580 102093 0 1 1 spiking 
0 748 402 852 575 102094 0 1 0 spiking 
0 752 416 847 572 102095 0 1 1 spiking 
0 756 431 842 569 102096 0 1 1 spiking 
0 760 446 837 566 102097 0 1 1 spiking 
0 765 461 833 563 102098 0 1 0 spiking 
0 762 469 827 571 102099 0 1 1 spiking 
0 759 478 821 579 102100 0 1 1 spiking 
0 757 487 816 587 102101 0 1 1 spiking 
0 754 496 810 595 102102 0 1 1 spiking 
0 752 505 805 603 102103 0 1 0 spiking 
0 754 513 811 608 102104 0 1 1 spiking 
1 586 452 640 598 102085 0 1 0 spiking 
1 592 445 646 594 102086 0 1 1 blocking 
1 599 439 652 591 102087 0 1 1 blocking 
1 605 432 659 588 102088 0 1 1 blocking 
1 612 426 665 585 102089 0 1 1 blocking 
1 618 419 672 582 102090 0 1 1 blocking 
1 625 413 678 579 102091 0 1 1 blocking 
1 631 406 684 576 102092 0 1 1 blocking 
1 638 400 691 573 102093 0 1 1 blocking 
1 644 393 697 570 102094 0 1 1 blocking 
1 651 387 704 567 102095 0 1 0 blocking 
1 647 389 702 569 102096 0 1 1 blocking 
1 643 392 701 572 102097 0 1 1 blocking 
1 639 395 700 575 102098 0 1 1 blocking 
1 635 398 699 577 102099 0 1 1 blocking 
1 631 401 698 580 102100 0 1 1 blocking 
1 627 403 697 583 102101 0 1 1 blocking 
1 623 406 696 585 102102 0 1 1 blocking 
1 619 409 695 588 102103 0 1 1 blocking 
1 615 412 694 591 102104 0 1 1 blocking 
2 593 490 641 633 102085 0 1 0 blocking 
2 599 477 647 627 102086 0 1 1 blocking 
2 605 465 654 621 102087 0 1 1 blocking 
2 611 452 660 616 102088 0 1 1 blocking 
2 617 440 667 610 102089 0 1 1 blocking 
2 623 427 673 604 102090 0 1 1 blocking 
2 629 415 680 599 102091 0 1 0 blocking 
2 635 417 685 593 102092 0 1 1 blocking 
2 641 419 690 588 102093 0 1 1 blocking 
2 647 421 695 583 102094 0 1 1 blocking 
2 654 424 701 578 102095 0 1 0 blocking 
2 651 423 707 581 102096 0 1 1 blocking 
2 648 422 713 584 102097 0 1 1 blocking 
2 646 422 719 588 102098 0 1 0 blocking 
2 643 427 716 591 102099 0 1 1 blocking 
2 641 432 713 594 102100 0 1 1 blocking 
2 639 437 710 598 102101 0 1 1 blocking 
2 636 443 708 601 102102 0 1 1 blocking 
2 634 448 705 605 102103 0 1 1 blocking 
2 632 453 702 608 102104 0 1 1 blocking 
3 716 396 774 516 102085 0 0 0 blocking 
3 722 397 779 519 102086 0 0 1 standing 
3 728 399 785 522 102087 0 0 1 standing 
3 734 401 791 526 102088 0 0 0 standing 
3 739 402 796 517 102089 0 0 1 standing 
3 745 404 802 509 102090 0 0 1 standing 
3 751 406 808 501 102091 0 0 0 standing 
3 754 407 811 512 102092 0 0 1 standing 
3 757 408 814 523 102093 0 0 1 standing 
3 760 409 817 534 102094 0 0 0 standing 
3 757 412 820 536 102095 0 0 1 standing 
3 754 415 823 539 102096 0 0 1 standing 
3 751 418 827 542 102097 0 0 0 standing 
3 749 422 832 548 102098 0 0 1 standing 
3 747 426 837 555 102099 0 0 1 standing 
3 745 431 842 562 102100 0 0 0 standing 
3 743 432 841 562 102101 0 0 1 standing 
3 742 434 840 563 102102 0 0 1 standing 
3 740 435 839 564 102103 0 0 1 standing 
3 739 437 838 565 102104 0 0 1 standing 
4 533 402 591 507 102085 0 0 0 standing 
4 527 401 595 507 102086 0 0 1 standing 
4 521 401 600 507 102087 0 0 1 standing 
4 516 401 605 508 102088 0 0 0 standing 
4 515 402 604 507 102089 0 0 1 standing 
4 515 403 604 507 102090 0 0 1 standing 
4 515 404 604 507 102091 0 0 0 standing 
4 519 403 608 506 102092 0 0 1 standing 
4 523 403 612 506 102093 0 0 1 standing 
4 527 403 616 506 102094 0 0 0 standing 
4 524 403 612 506 102095 0 0 1 standing 
4 521 403 608 506 102096 0 0 1 standing 
4 518 403 605 506 102097 0 0 0 standing 
4 512 404 604 506 102098 0 0 1 standing 
4 506 405 603 506 102099 0 0 1 standing 
4 501 406 603 507 102100 0 0 0 standing 
4 499 409 602 507 102101 0 0 1 standing 
4 497 412 601 508 102102 0 0 1 standing 
4 495 415 600 508 102103 0 0 1 standing 
4 493 418 599 509 102104 0 0 1 standing 
5 828 437 910 526 102085 0 0 0 standing 
5 834 437 916 526 102086 0 0 1 standing 
5 841 437 923 526 102087 0 0 1 standing 
5 848 437 930 526 102088 0 0 0 standing 
5 854 436 936 525 102089 0 0 1 standing 
5 860 435 942 525 102090 0 0 1 standing 
5 866 435 948 525 102091 0 0 0 standing 
5 870 435 952 525 102092 0 0 1 standing 
5 875 435 957 525 102093 0 0 1 standing 
5 880 435 962 525 102094 0 0 0 standing 
5 882 435 964 524 102095 0 0 1 standing 
5 884 435 967 523 102096 0 0 1 standing 
5 887 436 970 523 102097 0 0 0 standing 
5 886 437 969 523 102098 0 0 1 standing 
5 886 438 968 524 102099 0 0 1 standing 
5 886 440 968 525 102100 0 0 0 standing 
5 884 439 966 524 102101 0 0 1 standing 
5 883 438 965 524 102102 0 0 1 standing 
5 882 438 963 523 102103 0 0 1 standing 
5 881 437 962 523 102104 0 0 1 standing 
6 926 403 980 520 102085 0 0 0 standing 
6 936 406 996 523 102086 0 0 1 standing 
6 946 409 1012 526 102087 0 0 1 standing 
6 957 412 1028 529 102088 0 0 0 standing 
6 968 413 1041 532 102089 0 0 1 standing 
6 979 414 1054 535 102090 0 0 1 standing 
6 991 415 1067 538 102091 0 0 0 standing 
6 1000 415 1071 536 102092 0 0 1 standing 
6 1009 415 1076 535 102093 0 0 1 standing 
6 1018 415 1081 534 102094 0 0 0 standing 
6 1026 415 1088 535 102095 0 0 1 standing 
6 1034 415 1095 536 102096 0 0 1 standing 
6 1043 415 1102 538 102097 0 0 0 standing 
6 1048 414 1109 539 102098 0 0 1 standing 
6 1053 414 1116 541 102099 0 0 1 standing 
6 1059 414 1123 543 102100 0 0 0 standing 
6 1060 415 1124 543 102101 0 0 1 standing 
6 1062 416 1126 543 102102 0 0 1 standing 
6 1063 418 1128 544 102103 0 0 1 standing 
6 1065 419 1130 544 102104 0 0 1 standing 
7 951 469 1031 585 102085 0 0 0 standing 
7 955 475 1038 585 102086 0 0 1 standing 
7 960 481 1046 585 102087 0 0 1 standing 
7 965 487 1054 586 102088 0 0 0 standing 
7 962 487 1050 586 102089 0 0 1 standing 
7 959 487 1046 586 102090 0 0 1 standing 
7 956 487 1043 586 102091 0 0 0 standing 
7 953 485 1033 586 102092 0 0 1 standing 
7 951 483 1024 586 102093 0 0 1 standing 
7 949 481 1015 587 102094 0 0 0 standing 
7 938 482 1010 587 102095 0 0 1 standing 
7 928 483 1006 588 102096 0 0 1 standing 
7 918 484 1002 589 102097 0 0 0 standing 
7 911 485 989 592 102098 0 0 1 standing 
7 905 486 977 596 102099 0 0 1 standing 
7 899 487 965 600 102100 0 0 0 standing 
7 896 487 958 600 102101 0 0 1 standing 
7 894 488 952 600 102102 0 0 1 standing 
7 891 488 946 601 102103 0 0 1 standing 
7 889 489 940 601 102104 0 0 1 standing 
8 735 333 783 425 102085 0 0 0 standing 
8 738 334 786 426 102086 0 0 1 standing 
8 741 336 789 427 102087 0 0 1 standing 
8 745 338 793 429 102088 0 0 0 standing 
8 747 339 795 430 102089 0 0 1 standing 
8 749 341 797 432 102090 0 0 1 standing 
8 751 343 799 434 102091 0 0 0 standing 
8 752 343 800 447 102092 0 0 1 standing 
8 754 343 801 460 102093 0 0 1 standing 
8 756 344 803 473 102094 0 0 0 standing 
8 753 345 802 474 102095 0 0 1 standing 
8 751 347 802 476 102096 0 0 1 standing 
8 749 349 802 478 102097 0 0 0 standing 
8 749 351 798 480 102098 0 0 1 standing 
8 749 353 794 482 102099 0 0 1 standing 
8 750 356 790 485 102100 0 0 0 standing 
8 746 354 788 484 102101 0 0 1 standing 
8 743 353 786 483 102102 0 0 1 standing 
8 740 352 784 482 102103 0 0 1 standing 
8 737 351 782 481 102104 0 0 1 standing 
9 295 397 389 490 102085 0 0 0 standing 
9 303 396 400 490 102086 0 0 1 standing 
9 311 395 411 490 102087 0 0 1 standing 
9 320 395 423 490 102088 0 0 0 standing 
9 334 394 428 487 102089 0 0 1 standing 
9 349 393 434 484 102090 0 0 1 standing 
9 364 392 440 482 102091 0 0 0 standing 
9 377 390 447 483 102092 0 0 1 standing 
9 391 389 454 485 102093 0 0 1 standing 
9 405 388 462 487 102094 0 0 0 standing 
9 410 388 470 489 102095 0 0 1 standing 
9 415 388 478 491 102096 0 0 1 standing 
9 421 388 486 493 102097 0 0 0 standing 
9 421 390 489 494 102098 0 0 1 standing 
9 421 392 492 496 102099 0 0 1 standing 
9 421 394 496 498 102100 0 0 0 standing 
9 419 395 498 497 102101 0 0 1 standing 
9 418 397 500 496 102102 0 0 1 standing 
9 417 399 502 495 102103 0 0 1 standing 
9 416 401 504 494 102104 0 0 1 standing 
10 174 478 255 615 102085 0 0 0 standing 
10 173 480 259 614 102086 0 0 1 standing 
10 173 482 263 613 102087 0 0 1 standing 
10 173 485 268 613 102088 0 0 0 standing 
10 180 485 269 612 102089 0 0 1 standing 
10 187 485 271 611 102090 0 0 1 standing 
10 195 485 273 610 102091 0 0 0 standing 
10 198 483 276 610 102092 0 0 1 standing 
10 201 482 279 611 102093 0 0 1 standing 
10 205 481 282 612 102094 0 0 0 standing 
10 204 483 285 612 102095 0 0 1 standing 
10 204 485 289 612 102096 0 0 1 standing 
10 204 488 293 612 102097 0 0 0 standing 
10 205 490 293 611 102098 0 0 1 standing 
10 206 492 294 611 102099 0 0 1 standing 
10 207 494 295 611 102100 0 0 0 standing 
10 205 493 293 611 102101 0 0 1 standing 
10 203 492 291 611 102102 0 0 1 standing 
10 202 492 290 611 102103 0 0 1 standing 
10 200 491 288 611 102104 0 0 1 standing 
11 35 436 105 546 102085 0 0 0 standing 
11 40 435 110 545 102086 0 0 1 standing 
11 46 434 116 544 102087 0 0 1 standing 
11 52 433 122 544 102088 0 0 0 standing 
11 54 431 127 542 102089 0 0 1 standing 
11 57 429 132 540 102090 0 0 1 standing 
11 60 427 137 538 102091 0 0 0 standing 
11 65 425 138 538 102092 0 0 1 standing 
11 70 423 139 538 102093 0 0 1 standing 
11 76 421 141 539 102094 0 0 0 standing 
11 76 422 142 539 102095 0 0 1 standing 
11 76 423 144 540 102096 0 0 1 standing 
11 76 424 146 541 102097 0 0 0 standing 
11 71 426 145 542 102098 0 0 1 standing 
11 67 428 144 544 102099 0 0 1 standing 
11 63 430 144 546 102100 0 0 0 standing 
11 61 431 142 546 102101 0 0 1 standing 
11 60 432 141 546 102102 0 0 1 standing 
11 58 434 139 546 102103 0 0 1 standing 
11 57 435 138 546 102104 0 0 1 standing 
