0 615 397 671 514 96035 0 1 0 setting 
0 614 391 670 512 96036 0 1 1 setting 
0 613 386 669 511 96037 0 1 1 setting 
0 613 381 668 510 96038 0 1 1 setting 
0 612 375 668 508 96039 0 1 1 setting 
0 612 370 667 507 96040 0 1 1 setting 
0 611 365 666 506 96041 0 1 1 setting 
0 610 359 666 504 96042 0 1 1 setting 
0 610 354 665 503 96043 0 1 1 setting 
0 609 349 664 502 96044 0 1 1 setting 
0 609 344 664 501 96045 0 1 0 setting 
0 608 349 663 504 96046 0 1 1 setting 
0 608 355 663 507 96047 0 1 1 setting 
0 608 360 663 510 96048 0 1 1 setting 
0 608 366 663 513 96049 0 1 1 setting 
0 608 371 663 516 96050 0 1 1 setting 
0 607 377 662 519 96051 0 1 1 setting 
0 607 382 662 522 96052 0 1 1 setting 
0 607 388 662 525 96053 0 1 1 setting 
0 607 393 662 528 96054 0 1 1 setting 
1 724 370 813 500 96035 0 1 0 setting 
1 720 368 808 498 96036 0 1 1 moving 
1 716 367 803 496 96037 0 1 1 moving 
1 712 365 798 494 96038 0 1 1 moving 
1 708 364 794 493 96039 0 1 1 moving 
1 704 362 789 491 96040 0 1 1 moving 
1 700 361 784 489 96041 0 1 1 moving 
1 697 360 780 488 96042 0 1 0 moving 
1 687 358 772 486 96043 0 1 1 moving 
1 677 356 764 484 96044 0 1 1 moving 
1 668 354 757 483 96045 0 1 0 moving 
1 665 351 750 481 96046 0 1 1 moving 
1 662 349 744 479 96047 0 1 1 moving 
1 659 346 738 478 96048 0 1 1 moving 
1 656 344 732 476 96049 0 1 1 moving 
1 653 341 726 474 96050 0 1 1 moving 
1 650 339 720 473 96051 0 1 1 moving 
1 647 336 714 471 96052 0 1 1 moving 
1 644 334 708 470 96053 0 1 0 moving 
1 644 334 708 470 96054 0 1 1 moving 
2 888 372 934 489 96035 0 0 0 moving 
2 888 372 933 491 96036 0 0 1 standing 
2 888 372 932 493 96037 0 0 1 standing 
2 888 372 932 495 96038 0 0 0 standing 
2 883 373 933 496 96039 0 0 1 standing 
2 878 374 934 498 96040 0 0 1 standing 
2 873 376 935 500 96041 0 0 0 standing 
2 871 374 933 498 96042 0 0 1 standing 
2 869 373 931 497 96043 0 0 1 standing 
2 867 372 929 496 96044 0 0 0 standing 
2 866 372 926 495 96045 0 0 1 standing 
2 865 372 923 494 96046 0 0 1 standing 
2 864 372 921 494 96047 0 0 1 standing 
2 863 372 918 493 96048 0 0 1 standing 
2 862 372 915 492 96049 0 0 1 standing 
2 861 372 913 492 96050 0 0 0 standing 
2 859 373 914 493 96051 0 0 1 standing 
2 858 375 915 494 96052 0 0 1 standing 
2 857 377 916 496 96053 0 0 1 standing 
2 856 379 917 497 96054 0 0 1 standing 
3 839 342 906 448 96035 0 0 0 standing 
3 841 344 907 447 96036 0 0 1 moving 
3 843 346 908 447 96037 0 0 1 moving 
3 845 348 910 447 96038 0 0 0 moving 
3 844 348 908 447 96039 0 0 1 moving 
3 843 348 907 447 96040 0 0 1 moving 
3 843 349 906 448 96041 0 0 0 moving 
3 843 348 906 447 96042 0 0 1 moving 
3 843 348 906 447 96043 0 0 1 moving 
3 844 348 907 447 96044 0 0 0 moving 
3 842 348 905 447 96045 0 0 1 moving 
3 840 348 903 447 96046 0 0 1 moving 
3 839 348 902 447 96047 0 0 0 moving 
3 834 348 897 447 96048 0 0 1 moving 
3 829 348 892 447 96049 0 0 1 moving 
3 825 348 888 447 96050 0 0 0 moving 
3 818 348 890 449 96051 0 0 1 moving 
3 811 348 892 452 96052 0 0 1 moving 
3 804 349 895 455 96053 0 0 0 moving 
3 804 349 895 455 96054 0 0 1 moving 
4 975 415 1065 522 96035 0 0 0 moving 
4 969 416 1060 525 96036 0 0 1 moving 
4 964 417 1055 528 96037 0 0 1 moving 
4 959 419 1051 532 96038 0 0 0 moving 
4 952 420 1036 532 96039 0 0 1 moving 
4 945 421 1021 532 96040 0 0 1 moving 
4 938 422 1006 532 96041 0 0 0 moving 
4 920 421 1003 532 96042 0 0 1 moving 
4 902 421 1001 532 96043 0 0 1 moving 
4 885 421 999 533 96044 0 0 0 moving 
4 876 421 982 538 96045 0 0 1 moving 
4 867 422 965 543 96046 0 0 1 moving 
4 858 423 948 549 96047 0 0 0 moving 
4 853 425 939 548 96048 0 0 1 moving 
4 849 428 931 548 96049 0 0 1 moving 
4 845 431 923 548 96050 0 0 0 moving 
4 833 430 910 548 96051 0 0 1 moving 
4 821 429 897 549 96052 0 0 1 moving 
4 809 428 884 549 96053 0 0 1 moving 
4 797 427 871 550 96054 0 0 1 moving 
5 867 550 953 693 96035 0 0 0 moving 
5 864 550 948 691 96036 0 0 1 moving 
5 861 550 943 690 96037 0 0 1 moving 
5 858 550 938 689 96038 0 0 0 moving 
5 848 547 938 688 96039 0 0 1 moving 
5 838 545 938 688 96040 0 0 1 moving 
5 829 543 939 688 96041 0 0 0 moving 
5 823 543 928 687 96042 0 0 1 moving 
5 818 543 917 687 96043 0 0 1 moving 
5 813 543 906 687 96044 0 0 0 moving 
5 806 543 894 687 96045 0 0 1 moving 
5 799 543 882 687 96046 0 0 1 moving 
5 793 544 870 687 96047 0 0 0 moving 
5 778 541 866 686 96048 0 0 1 moving 
5 763 539 862 685 96049 0 0 1 moving 
5 749 537 859 684 96050 0 0 0 moving 
5 748 535 855 680 96051 0 0 1 moving 
5 747 533 852 677 96052 0 0 1 moving 
5 747 532 848 673 96053 0 0 1 moving 
5 746 530 845 670 96054 0 0 1 moving 
6 506 452 581 599 96035 0 0 0 moving 
6 506 451 581 598 96036 0 0 1 standing 
6 507 451 582 598 96037 0 0 1 standing 
6 507 451 583 598 96038 0 0 1 standing 
6 508 450 583 597 96039 0 0 1 standing 
6 508 450 584 597 96040 0 0 1 standing 
6 509 450 585 597 96041 0 0 1 standing 
6 509 449 585 596 96042 0 0 1 standing 
6 510 449 586 596 96043 0 0 1 standing 
6 511 449 587 596 96044 0 0 0 standing 
6 511 448 587 595 96045 0 0 1 standing 
6 511 447 587 594 96046 0 0 1 standing 
6 512 447 588 594 96047 0 0 0 standing 
6 512 448 588 595 96048 0 0 1 standing 
6 512 449 588 596 96049 0 0 1 standing 
6 512 450 588 597 96050 0 0 0 standing 
6 514 452 586 596 96051 0 0 1 standing 
6 516 455 585 596 96052 0 0 1 standing 
6 518 457 583 596 96053 0 0 1 standing 
6 520 460 582 596 96054 0 0 1 standing 
7 535 397 586 536 96035 0 0 0 standing 
7 535 396 586 535 96036 0 0 1 standing 
7 535 396 586 535 96037 0 0 1 standing 
7 535 396 586 535 96038 0 0 0 standing 
7 535 395 586 534 96039 0 0 1 standing 
7 535 394 586 534 96040 0 0 1 standing 
7 535 393 586 534 96041 0 0 0 standing 
7 534 395 585 536 96042 0 0 1 standing 
7 534 397 585 538 96043 0 0 1 standing 
7 534 399 585 540 96044 0 0 0 standing 
7 532 399 583 540 96045 0 0 1 standing 
7 531 399 582 540 96046 0 0 1 standing 
7 530 399 581 540 96047 0 0 0 standing 
7 531 396 582 538 96048 0 0 1 standing 
7 532 394 583 536 96049 0 0 1 standing 
7 534 392 585 534 96050 0 0 0 standing 
7 537 388 587 529 96051 0 0 1 standing 
7 540 385 589 524 96052 0 0 1 standing 
7 543 382 591 519 96053 0 0 1 standing 
7 546 379 593 514 96054 0 0 1 standing 
8 523 388 574 527 96035 0 0 0 standing 
8 523 387 574 526 96036 0 0 1 standing 
8 523 387 574 526 96037 0 0 1 standing 
8 524 387 575 526 96038 0 0 0 standing 
8 523 387 574 525 96039 0 0 1 standing 
8 522 387 573 525 96040 0 0 1 standing 
8 522 387 573 525 96041 0 0 1 standing 
8 521 387 572 524 96042 0 0 1 standing 
8 520 387 571 524 96043 0 0 1 standing 
8 520 387 571 524 96044 0 0 0 standing 
8 514 385 570 522 96045 0 0 1 standing 
8 508 383 570 520 96046 0 0 1 standing 
8 502 381 570 518 96047 0 0 0 standing 
8 506 380 574 518 96048 0 0 1 standing 
8 511 379 579 518 96049 0 0 1 standing 
8 516 379 584 518 96050 0 0 0 standing 
8 521 369 585 509 96051 0 0 1 standing 
8 527 359 587 501 96052 0 0 1 standing 
8 533 349 588 493 96053 0 0 1 standing 
8 539 339 590 485 96054 0 0 1 standing 
9 235 478 330 607 96035 0 0 0 standing 
9 233 478 328 607 96036 0 0 1 standing 
9 231 478 326 607 96037 0 0 1 standing 
9 230 478 325 607 96038 0 0 0 standing 
9 229 478 323 607 96039 0 0 1 standing 
9 229 478 321 607 96040 0 0 1 standing 
9 229 479 319 607 96041 0 0 1 standing 
9 228 479 317 607 96042 0 0 1 standing 
9 228 479 315 607 96043 0 0 1 standing 
9 228 480 313 608 96044 0 0 0 standing 
9 228 480 311 607 96045 0 0 1 standing 
9 229 480 310 607 96046 0 0 1 standing 
9 230 480 309 607 96047 0 0 0 standing 
9 230 479 308 608 96048 0 0 1 standing 
9 230 479 307 610 96049 0 0 1 standing 
9 230 479 306 611 96050 0 0 1 standing 
9 230 479 305 613 96051 0 0 1 standing 
9 230 479 304 614 96052 0 0 1 standing 
9 230 479 304 616 96053 0 0 0 standing 
9 230 479 304 616 96054 0 0 1 standing 
10 219 383 285 498 96035 0 0 0 standing 
10 219 384 284 498 96036 0 0 1 standing 
10 219 386 283 498 96037 0 0 1 standing 
10 219 388 282 498 96038 0 0 0 standing 
10 217 389 281 497 96039 0 0 1 standing 
10 215 390 280 497 96040 0 0 1 standing 
10 213 391 279 497 96041 0 0 0 standing 
10 212 392 278 497 96042 0 0 1 standing 
10 212 393 277 497 96043 0 0 1 standing 
10 212 395 277 497 96044 0 0 0 standing 
10 212 395 277 497 96045 0 0 1 standing 
10 213 395 278 497 96046 0 0 1 standing 
10 214 396 279 498 96047 0 0 1 standing 
10 214 396 279 498 96048 0 0 1 standing 
10 215 396 280 498 96049 0 0 1 standing 
10 216 397 281 499 96050 0 0 0 standing 
10 218 396 283 498 96051 0 0 1 standing 
10 220 396 285 498 96052 0 0 1 standing 
10 222 395 287 497 96053 0 0 1 standing 
10 224 395 289 497 96054 0 0 1 standing 
11 114 441 216 561 96035 0 0 0 standing 
11 114 442 215 561 96036 0 0 1 waiting 
11 114 444 215 561 96037 0 0 1 waiting 
11 114 446 215 562 96038 0 0 0 waiting 
11 114 445 214 562 96039 0 0 1 waiting 
11 115 445 213 563 96040 0 0 1 waiting 
11 116 445 213 564 96041 0 0 1 waiting 
11 117 444 212 564 96042 0 0 1 waiting 
11 118 444 211 565 96043 0 0 1 waiting 
11 119 444 211 566 96044 0 0 0 waiting 
11 119 443 209 565 96045 0 0 1 waiting 
11 119 443 207 564 96046 0 0 1 waiting 
11 119 443 206 563 96047 0 0 1 waiting 
11 119 443 204 562 96048 0 0 1 waiting 
11 119 443 202 561 96049 0 0 1 waiting 
11 119 443 201 561 96050 0 0 0 waiting 
11 120 442 202 561 96051 0 0 1 waiting 
11 121 441 203 561 96052 0 0 1 waiting 
11 123 441 204 561 96053 0 0 1 waiting 
11 124 440 205 561 96054 0 0 1 waiting 
