0 766 381 823 539 73565 0 1 0 setting 
0 762 370 819 534 73566 0 1 1 setting 
0 758 359 815 530 73567 0 1 1 setting 
0 755 348 811 526 73568 0 1 1 setting 
0 751 337 807 522 73569 0 1 1 setting 
0 748 326 803 518 73570 0 1 0 setting 
0 746 323 802 513 73571 0 1 1 setting 
0 744 321 801 509 73572 0 1 1 setting 
0 742 319 801 505 73573 0 1 1 setting 
0 740 317 800 501 73574 0 1 1 setting 
0 738 315 800 497 73575 0 1 0 setting 
0 738 320 799 501 73576 0 1 1 setting 
0 738 325 798 505 73577 0 1 1 setting 
0 739 330 798 509 73578 0 1 0 setting 
0 739 336 799 512 73579 0 1 1 setting 
0 740 342 801 516 73580 0 1 1 setting 
0 741 348 803 519 73581 0 1 1 setting 
0 742 354 804 523 73582 0 1 1 setting 
0 743 360 806 526 73583 0 1 1 setting 
0 744 366 808 530 73584 0 1 1 setting 
1 704 341 780 472 73565 0 0 0 setting 
1 701 340 773 472 73566 0 0 1 standing 
1 698 339 766 472 73567 0 0 1 standing 
1 695 338 760 473 73568 0 0 0 standing 
1 691 337 754 475 73569 0 0 1 standing 
1 687 337 748 477 73570 0 0 1 standing 
1 684 337 743 480 73571 0 0 0 standing 
1 680 337 739 480 73572 0 0 1 standing 
1 676 337 735 481 73573 0 0 1 standing 
1 672 337 731 482 73574 0 0 0 standing 
1 666 337 725 484 73575 0 0 1 standing 
1 661 337 720 486 73576 0 0 1 standing 
1 656 338 715 488 73577 0 0 0 standing 
1 653 341 712 491 73578 0 0 1 standing 
1 651 344 709 494 73579 0 0 1 standing 
1 649 347 707 498 73580 0 0 0 standing 
1 647 347 706 499 73581 0 0 1 standing 
1 645 348 705 500 73582 0 0 1 standing 
1 643 348 704 501 73583 0 0 1 standing 
1 641 349 703 502 73584 0 0 1 standing 
2 1110 400 1242 539 73565 0 0 0 standing 
2 1107 398 1237 538 73566 0 0 1 standing 
2 1105 396 1232 538 73567 0 0 1 standing 
2 1103 395 1228 538 73568 0 0 0 standing 
2 1096 391 1211 534 73569 0 0 1 standing 
2 1090 387 1195 530 73570 0 0 1 standing 
2 1084 383 1179 527 73571 0 0 0 standing 
2 1072 385 1175 529 73572 0 0 1 standing 
2 1060 387 1171 531 73573 0 0 1 standing 
2 1048 389 1167 533 73574 0 0 0 standing 
2 1040 390 1165 534 73575 0 0 1 standing 
2 1033 392 1164 535 73576 0 0 1 standing 
2 1026 394 1163 537 73577 0 0 0 standing 
2 1019 393 1150 538 73578 0 0 1 standing 
2 1013 392 1138 539 73579 0 0 1 standing 
2 1007 391 1126 541 73580 0 0 0 standing 
2 997 390 1115 540 73581 0 0 1 standing 
2 987 389 1104 539 73582 0 0 1 standing 
2 978 389 1093 538 73583 0 0 1 standing 
2 968 388 1082 537 73584 0 0 1 standing 
3 810 486 888 667 73565 0 0 0 standing 
3 812 487 901 668 73566 0 0 1 moving 
3 814 489 914 669 73567 0 0 1 moving 
3 817 491 928 670 73568 0 0 0 moving 
3 819 494 931 667 73569 0 0 1 moving 
3 821 498 934 665 73570 0 0 1 moving 
3 823 502 937 663 73571 0 0 0 moving 
3 823 503 937 664 73572 0 0 1 moving 
3 824 504 938 665 73573 0 0 1 moving 
3 825 506 939 667 73574 0 0 0 moving 
3 820 502 934 666 73575 0 0 1 moving 
3 816 498 929 666 73576 0 0 1 moving 
3 812 494 925 666 73577 0 0 0 moving 
3 808 494 916 666 73578 0 0 1 moving 
3 804 494 907 666 73579 0 0 1 moving 
3 800 494 899 666 73580 0 0 0 moving 
3 794 492 891 665 73581 0 0 1 moving 
3 789 491 884 664 73582 0 0 1 moving 
3 783 490 877 663 73583 0 0 1 moving 
3 778 489 870 662 73584 0 0 1 moving 
4 781 513 879 618 73565 0 0 0 moving 
4 778 513 879 619 73566 0 0 1 falling 
4 775 514 879 620 73567 0 0 1 falling 
4 772 515 879 622 73568 0 0 0 falling 
4 771 513 881 620 73569 0 0 1 falling 
4 770 511 884 618 73570 0 0 1 falling 
4 770 509 887 616 73571 0 0 0 falling 
4 767 504 883 611 73572 0 0 1 falling 
4 764 500 879 606 73573 0 0 1 falling 
4 762 496 875 602 73574 0 0 0 falling 
4 767 492 874 603 73575 0 0 1 falling 
4 772 488 873 605 73576 0 0 1 falling 
4 778 484 873 607 73577 0 0 0 falling 
4 781 482 871 605 73578 0 0 1 falling 
4 784 480 870 604 73579 0 0 1 falling 
4 787 478 869 603 73580 0 0 0 falling 
4 794 474 869 601 73581 0 0 1 falling 
4 801 470 869 599 73582 0 0 1 falling 
4 809 467 869 598 73583 0 0 0 falling 
4 809 466 869 598 73584 0 0 1 falling 
5 1047 298 1128 444 73565 0 0 0 falling 
5 1048 299 1126 442 73566 0 0 1 standing 
5 1049 300 1124 440 73567 0 0 1 standing 
5 1050 301 1122 438 73568 0 0 0 standing 
5 1050 306 1122 443 73569 0 0 1 standing 
5 1050 311 1122 448 73570 0 0 1 standing 
5 1050 316 1122 453 73571 0 0 0 standing 
5 1044 317 1119 444 73572 0 0 1 standing 
5 1038 318 1116 435 73573 0 0 1 standing 
5 1032 320 1114 426 73574 0 0 0 standing 
5 1028 318 1114 428 73575 0 0 1 standing 
5 1024 317 1114 430 73576 0 0 1 standing 
5 1021 316 1115 433 73577 0 0 0 standing 
5 1016 314 1110 435 73578 0 0 1 standing 
5 1011 312 1105 437 73579 0 0 1 standing 
5 1006 310 1100 440 73580 0 0 0 standing 
5 1002 309 1088 439 73581 0 0 1 standing 
5 999 309 1077 439 73582 0 0 1 standing 
5 996 308 1065 439 73583 0 0 1 standing 
5 993 308 1054 439 73584 0 0 1 standing 
6 555 435 619 598 73565 0 0 0 standing 
6 551 434 616 597 73566 0 0 1 standing 
6 548 433 613 596 73567 0 0 1 standing 
6 545 432 610 596 73568 0 0 0 standing 
6 541 430 604 594 73569 0 0 1 standing 
6 537 428 598 593 73570 0 0 1 standing 
6 534 427 592 592 73571 0 0 0 standing 
6 532 428 590 592 73572 0 0 1 standing 
6 531 429 589 592 73573 0 0 1 standing 
6 529 430 588 593 73574 0 0 1 standing 
6 528 431 587 593 73575 0 0 1 standing 
6 526 432 586 593 73576 0 0 1 standing 
6 525 433 585 594 73577 0 0 0 standing 
6 525 435 585 596 73578 0 0 1 standing 
6 525 437 585 598 73579 0 0 1 standing 
6 525 440 585 601 73580 0 0 0 standing 
6 526 440 582 601 73581 0 0 1 standing 
6 528 440 579 601 73582 0 0 1 standing 
6 530 440 577 601 73583 0 0 0 standing 
6 530 440 577 601 73584 0 0 1 standing 
7 552 377 613 502 73565 0 0 0 standing 
7 548 377 606 502 73566 0 0 1 standing 
7 544 377 599 502 73567 0 0 1 standing 
7 540 377 592 503 73568 0 0 0 standing 
7 535 376 588 512 73569 0 0 1 standing 
7 531 376 584 521 73570 0 0 1 standing 
7 527 376 580 531 73571 0 0 0 standing 
7 524 376 577 531 73572 0 0 1 standing 
7 522 376 575 531 73573 0 0 1 standing 
7 520 376 573 531 73574 0 0 0 standing 
7 518 379 571 528 73575 0 0 1 standing 
7 516 382 569 526 73576 0 0 1 standing 
7 515 386 568 524 73577 0 0 0 standing 
7 516 390 569 523 73578 0 0 1 standing 
7 517 394 570 523 73579 0 0 1 standing 
7 519 398 571 523 73580 0 0 0 standing 
7 517 398 570 526 73581 0 0 1 standing 
7 516 399 569 529 73582 0 0 1 standing 
7 515 400 569 532 73583 0 0 0 standing 
7 515 399 569 532 73584 0 0 1 standing 
8 418 328 535 457 73565 0 0 0 standing 
8 431 329 530 455 73566 0 0 1 standing 
8 444 330 525 453 73567 0 0 1 standing 
8 457 331 520 452 73568 0 0 0 standing 
8 460 333 521 457 73569 0 0 1 standing 
8 463 335 523 462 73570 0 0 1 standing 
8 466 337 525 467 73571 0 0 0 standing 
8 466 337 523 469 73572 0 0 1 standing 
8 466 337 522 472 73573 0 0 1 standing 
8 467 338 521 475 73574 0 0 0 standing 
8 472 338 526 475 73575 0 0 1 standing 
8 477 338 531 475 73576 0 0 1 standing 
8 483 338 537 475 73577 0 0 0 standing 
8 484 340 538 474 73578 0 0 1 standing 
8 486 342 539 474 73579 0 0 1 standing 
8 488 344 541 474 73580 0 0 0 standing 
8 486 346 539 476 73581 0 0 1 standing 
8 485 348 538 478 73582 0 0 1 standing 
8 483 350 537 480 73583 0 0 1 standing 
8 482 352 536 482 73584 0 0 1 standing 
9 301 355 356 486 73565 0 0 0 standing 
9 297 355 354 486 73566 0 0 1 standing 
9 293 355 352 486 73567 0 0 1 standing 
9 290 356 350 486 73568 0 0 0 standing 
9 286 355 346 485 73569 0 0 1 standing 
9 282 354 342 484 73570 0 0 1 standing 
9 279 353 339 484 73571 0 0 0 standing 
9 273 351 332 484 73572 0 0 1 standing 
9 267 349 326 484 73573 0 0 1 standing 
9 261 347 320 484 73574 0 0 0 standing 
9 252 347 315 481 73575 0 0 1 standing 
9 244 348 310 478 73576 0 0 1 standing 
9 236 349 306 475 73577 0 0 0 standing 
9 229 352 305 474 73578 0 0 1 standing 
9 222 355 304 473 73579 0 0 1 standing 
9 215 359 304 473 73580 0 0 0 standing 
9 212 360 304 474 73581 0 0 1 standing 
9 210 361 304 475 73582 0 0 1 standing 
9 207 362 304 476 73583 0 0 1 standing 
9 205 363 304 477 73584 0 0 1 standing 
10 203 451 279 613 73565 0 0 0 standing 
10 198 451 274 613 73566 0 0 1 standing 
10 193 451 269 614 73567 0 0 1 standing 
10 189 452 265 615 73568 0 0 0 standing 
10 186 450 262 614 73569 0 0 1 standing 
10 183 449 259 614 73570 0 0 1 standing 
10 181 448 257 614 73571 0 0 0 standing 
10 177 445 253 613 73572 0 0 1 standing 
10 173 442 249 612 73573 0 0 1 standing 
10 169 439 245 611 73574 0 0 0 standing 
10 166 437 239 609 73575 0 0 1 standing 
10 164 435 233 607 73576 0 0 1 standing 
10 162 434 227 605 73577 0 0 0 standing 
10 156 436 227 605 73578 0 0 1 standing 
10 150 438 227 606 73579 0 0 1 standing 
10 144 440 227 607 73580 0 0 0 standing 
10 141 440 226 607 73581 0 0 1 standing 
10 138 440 225 607 73582 0 0 1 standing 
10 135 440 225 607 73583 0 0 1 standing 
10 132 440 224 607 73584 0 0 1 standing 
11 13 418 77 545 73565 0 0 0 standing 
11 10 418 74 544 73566 0 0 1 standing 
11 7 418 71 543 73567 0 0 1 standing 
11 4 418 68 543 73568 0 0 0 standing 
11 2 418 66 545 73569 0 0 1 standing 
11 1 418 65 547 73570 0 0 1 standing 
11 0 418 64 549 73571 0 0 0 standing 
11 0 418 62 548 73572 0 0 1 standing 
11 0 418 61 548 73573 0 0 1 standing 
11 0 418 60 548 73574 0 0 0 standing 
11 0 416 57 547 73575 0 0 1 standing 
11 0 415 55 547 73576 0 0 1 standing 
11 0 414 53 547 73577 0 0 0 standing 
11 0 415 53 547 73578 0 0 1 standing 
11 0 416 53 548 73579 0 0 1 standing 
11 0 417 53 549 73580 0 0 0 standing 
11 0 417 51 549 73581 0 0 1 standing 
11 0 418 50 549 73582 0 0 1 standing 
11 0 419 49 550 73583 0 0 0 standing 
11 0 418 48 549 73584 0 0 1 standing 
