0 0 413 74 547 13855 1 0 0 standing 
0 0 412 66 546 13856 1 0 1 standing 
0 0 412 58 545 13857 1 0 1 standing 
0 0 411 51 544 13858 1 0 1 standing 
0 0 411 43 543 13859 1 0 1 standing 
0 0 410 36 542 13860 1 0 1 standing 
0 0 410 28 541 13861 1 0 1 standing 
0 0 410 21 540 13862 1 0 0 standing 
0 0 410 21 540 13863 1 0 1 standing 
0 0 410 21 540 13864 1 0 1 standing 
0 0 410 21 540 13865 1 0 1 standing 
0 0 410 21 540 13866 1 0 1 standing 
0 0 410 21 540 13867 1 0 0 standing 
0 0 410 24 539 13868 1 0 1 standing 
0 0 410 27 539 13869 1 0 1 standing 
0 0 410 31 538 13870 1 0 1 standing 
0 0 410 34 538 13871 1 0 1 standing 
0 0 410 37 538 13872 1 0 1 standing 
0 0 410 41 537 13873 1 0 1 standing 
0 0 410 44 537 13874 1 0 1 standing 
1 263 502 346 680 13855 0 0 0 standing 
1 258 498 336 675 13856 0 0 1 jumping 
1 253 495 326 670 13857 0 0 1 jumping 
1 249 492 317 665 13858 0 0 0 jumping 
1 236 488 304 661 13859 0 0 1 jumping 
1 224 484 291 658 13860 0 0 1 jumping 
1 212 480 279 655 13861 0 0 0 jumping 
1 195 477 266 652 13862 0 0 1 jumping 
1 179 474 253 649 13863 0 0 1 jumping 
1 163 471 241 647 13864 0 0 0 jumping 
1 155 471 233 645 13865 0 0 1 jumping 
1 147 471 225 643 13866 0 0 1 jumping 
1 140 472 217 642 13867 0 0 0 jumping 
1 139 476 214 641 13868 0 0 1 jumping 
1 139 480 211 641 13869 0 0 1 jumping 
1 139 485 208 641 13870 0 0 0 jumping 
1 143 485 214 638 13871 0 0 1 jumping 
1 147 485 220 635 13872 0 0 1 jumping 
1 151 485 226 633 13873 0 0 1 jumping 
1 155 485 232 630 13874 0 0 1 jumping 
2 345 420 425 553 13855 0 0 0 jumping 
2 340 420 419 552 13856 0 0 1 standing 
2 335 420 413 551 13857 0 0 1 standing 
2 330 421 408 551 13858 0 0 0 standing 
2 318 420 393 552 13859 0 0 1 standing 
2 306 420 378 554 13860 0 0 1 standing 
2 294 420 363 556 13861 0 0 0 standing 
2 277 418 346 555 13862 0 0 1 standing 
2 260 416 329 555 13863 0 0 1 standing 
2 244 415 312 555 13864 0 0 0 standing 
2 232 412 297 556 13865 0 0 1 standing 
2 220 409 282 557 13866 0 0 1 standing 
2 209 406 268 558 13867 0 0 0 standing 
2 205 405 262 556 13868 0 0 1 standing 
2 201 405 256 554 13869 0 0 1 standing 
2 198 405 250 553 13870 0 0 0 standing 
2 199 406 253 550 13871 0 0 1 standing 
2 200 407 256 548 13872 0 0 1 standing 
2 201 409 259 545 13873 0 0 1 standing 
2 202 410 262 543 13874 0 0 1 standing 
3 495 362 569 492 13855 0 0 0 standing 
3 483 364 558 499 13856 0 0 1 standing 
3 472 366 547 506 13857 0 0 1 standing 
3 461 368 536 513 13858 0 0 1 standing 
3 449 370 525 520 13859 0 0 1 standing 
3 438 372 514 527 13860 0 0 1 standing 
3 427 375 504 535 13861 0 0 0 standing 
3 421 380 489 535 13862 0 0 1 standing 
3 415 385 474 535 13863 0 0 1 standing 
3 409 390 460 535 13864 0 0 0 standing 
3 399 390 450 533 13865 0 0 1 standing 
3 389 390 440 532 13866 0 0 1 standing 
3 380 391 431 531 13867 0 0 0 standing 
3 378 390 431 530 13868 0 0 1 standing 
3 377 390 432 529 13869 0 0 1 standing 
3 376 390 433 529 13870 0 0 0 standing 
3 377 389 434 526 13871 0 0 1 standing 
3 378 388 435 523 13872 0 0 1 standing 
3 379 387 436 520 13873 0 0 1 standing 
3 380 386 437 517 13874 0 0 1 standing 
4 581 334 679 525 13855 0 0 0 standing 
4 578 331 676 525 13856 0 0 1 standing 
4 575 329 673 525 13857 0 0 1 standing 
4 572 327 671 525 13858 0 0 0 standing 
4 556 334 658 530 13859 0 0 1 standing 
4 540 342 645 535 13860 0 0 1 standing 
4 524 350 633 540 13861 0 0 0 standing 
4 506 358 612 540 13862 0 0 1 standing 
4 489 366 591 541 13863 0 0 1 standing 
4 472 375 571 542 13864 0 0 0 standing 
4 463 381 556 545 13865 0 0 1 standing 
4 454 387 541 548 13866 0 0 1 standing 
4 445 393 526 551 13867 0 0 1 standing 
4 436 399 512 554 13868 0 0 0 standing 
4 437 398 512 553 13869 0 0 1 standing 
4 438 397 512 553 13870 0 0 1 standing 
4 439 396 512 552 13871 0 0 1 standing 
4 440 395 513 552 13872 0 0 1 standing 
4 441 394 513 551 13873 0 0 1 standing 
4 442 393 513 551 13874 0 0 1 standing 
5 613 362 671 565 13855 0 0 0 standing 
5 600 366 658 563 13856 0 0 1 standing 
5 587 371 645 562 13857 0 0 1 standing 
5 574 376 633 561 13858 0 0 1 standing 
5 561 380 620 559 13859 0 0 1 standing 
5 548 385 607 558 13860 0 0 1 standing 
5 536 390 595 557 13861 0 0 0 standing 
5 517 397 576 558 13862 0 0 1 standing 
5 499 404 558 559 13863 0 0 1 standing 
5 481 411 540 560 13864 0 0 0 standing 
5 471 413 530 562 13865 0 0 1 standing 
5 462 416 520 565 13866 0 0 1 standing 
5 453 419 510 567 13867 0 0 1 standing 
5 444 422 501 570 13868 0 0 0 standing 
5 444 421 501 570 13869 0 0 1 standing 
5 444 420 501 570 13870 0 0 1 standing 
5 444 419 501 570 13871 0 0 1 standing 
5 444 418 502 570 13872 0 0 1 standing 
5 444 417 502 570 13873 0 0 1 standing 
5 444 416 502 570 13874 0 0 1 standing 
6 618 326 685 487 13855 0 0 0 standing 
6 604 330 671 487 13856 0 0 1 standing 
6 590 334 658 488 13857 0 0 1 standing 
6 577 338 645 489 13858 0 0 1 standing 
6 563 342 631 489 13859 0 0 1 standing 
6 549 346 618 490 13860 0 0 1 standing 
6 536 350 605 491 13861 0 0 0 standing 
6 515 353 587 497 13862 0 0 1 standing 
6 494 357 569 503 13863 0 0 1 standing 
6 474 361 551 510 13864 0 0 0 standing 
6 464 367 542 510 13865 0 0 1 standing 
6 455 373 533 510 13866 0 0 1 standing 
6 446 379 524 510 13867 0 0 1 standing 
6 437 385 515 510 13868 0 0 0 standing 
6 442 386 518 511 13869 0 0 1 standing 
6 447 387 522 513 13870 0 0 1 standing 
6 452 388 526 515 13871 0 0 1 standing 
6 458 389 530 517 13872 0 0 1 standing 
6 463 390 534 519 13873 0 0 1 standing 
6 468 391 538 521 13874 0 0 1 standing 
7 487 355 575 473 13855 0 0 0 standing 
7 481 355 566 474 13856 0 0 1 standing 
7 475 356 557 476 13857 0 0 1 standing 
7 469 357 549 478 13858 0 0 0 standing 
7 454 358 533 477 13859 0 0 1 standing 
7 440 359 517 476 13860 0 0 1 standing 
7 426 361 502 476 13861 0 0 0 standing 
7 405 359 478 475 13862 0 0 1 standing 
7 384 357 454 475 13863 0 0 1 standing 
7 364 355 431 475 13864 0 0 0 standing 
7 351 353 418 476 13865 0 0 1 standing 
7 339 351 405 478 13866 0 0 1 standing 
7 327 349 392 479 13867 0 0 1 standing 
7 315 347 380 481 13868 0 0 0 standing 
7 312 348 378 483 13869 0 0 1 standing 
7 310 349 376 486 13870 0 0 1 standing 
7 308 350 374 488 13871 0 0 1 standing 
7 305 352 372 491 13872 0 0 1 standing 
7 303 353 370 493 13873 0 0 1 standing 
7 301 354 368 496 13874 0 0 1 standing 
8 495 470 589 584 13855 0 0 0 standing 
8 480 468 579 584 13856 0 0 1 standing 
8 466 466 570 584 13857 0 0 1 standing 
8 452 465 561 584 13858 0 0 0 standing 
8 437 465 546 585 13859 0 0 1 standing 
8 423 465 531 586 13860 0 0 1 standing 
8 409 465 516 588 13861 0 0 0 standing 
8 391 463 496 588 13862 0 0 1 standing 
8 373 461 476 588 13863 0 0 1 standing 
8 356 460 456 589 13864 0 0 0 standing 
8 345 459 440 589 13865 0 0 1 standing 
8 335 458 424 589 13866 0 0 1 standing 
8 324 457 408 589 13867 0 0 1 standing 
8 314 456 392 590 13868 0 0 0 standing 
8 311 457 389 590 13869 0 0 1 standing 
8 308 458 386 590 13870 0 0 1 standing 
8 305 459 383 591 13871 0 0 1 standing 
8 302 460 380 591 13872 0 0 1 standing 
8 299 461 377 591 13873 0 0 1 standing 
8 296 462 375 592 13874 0 0 0 standing 
9 886 381 957 508 13855 0 0 0 standing 
9 873 380 941 505 13856 0 0 1 standing 
9 861 380 925 502 13857 0 0 1 standing 
9 849 380 909 500 13858 0 0 0 standing 
9 831 377 892 500 13859 0 0 1 standing 
9 813 374 875 500 13860 0 0 1 standing 
9 796 372 859 501 13861 0 0 0 standing 
9 777 372 841 501 13862 0 0 1 standing 
9 758 372 823 501 13863 0 0 1 standing 
9 739 372 806 501 13864 0 0 0 standing 
9 725 371 793 500 13865 0 0 1 standing 
9 712 371 781 499 13866 0 0 1 standing 
9 699 371 769 498 13867 0 0 0 standing 
9 689 374 764 497 13868 0 0 1 standing 
9 680 377 760 496 13869 0 0 1 standing 
9 671 380 756 496 13870 0 0 0 standing 
9 672 379 757 496 13871 0 0 1 standing 
9 673 378 759 496 13872 0 0 1 standing 
9 675 378 760 496 13873 0 0 1 standing 
9 676 377 762 496 13874 0 0 1 standing 
10 966 501 1026 633 13855 0 1 0 standing 
10 953 502 1015 633 13856 0 1 1 digging 
10 941 503 1004 633 13857 0 1 1 digging 
10 929 505 994 633 13858 0 1 0 digging 
10 912 503 978 632 13859 0 1 1 digging 
10 895 501 963 631 13860 0 1 1 digging 
10 879 500 948 630 13861 0 1 0 digging 
10 863 498 932 627 13862 0 1 1 digging 
10 848 497 916 625 13863 0 1 1 digging 
10 832 495 900 623 13864 0 1 1 digging 
10 817 494 884 621 13865 0 1 0 digging 
10 805 494 873 619 13866 0 1 1 digging 
10 793 494 862 618 13867 0 1 1 digging 
10 782 494 851 617 13868 0 1 0 digging 
10 779 493 848 615 13869 0 1 1 digging 
10 776 493 845 614 13870 0 1 1 digging 
10 773 492 842 612 13871 0 1 1 digging 
10 770 492 839 611 13872 0 1 1 digging 
10 767 491 836 609 13873 0 1 1 digging 
10 764 491 833 608 13874 0 1 1 digging 
11 1038 433 1102 565 13855 0 0 0 digging 
11 1025 434 1090 564 13856 0 0 1 digging 
11 1012 435 1078 563 13857 0 0 1 digging 
11 999 437 1067 563 13858 0 0 0 digging 
11 984 436 1050 562 13859 0 0 1 digging 
11 969 435 1033 562 13860 0 0 1 digging 
11 954 435 1016 562 13861 0 0 0 digging 
11 935 433 999 563 13862 0 0 1 digging 
11 916 431 983 564 13863 0 0 1 digging 
11 898 430 967 565 13864 0 0 0 digging 
11 883 428 953 563 13865 0 0 1 digging 
11 869 426 939 562 13866 0 0 1 digging 
11 855 425 926 561 13867 0 0 0 digging 
11 848 423 922 560 13868 0 0 1 digging 
11 841 422 919 560 13869 0 0 1 digging 
11 835 421 916 560 13870 0 0 0 digging 
11 840 420 925 559 13871 0 0 1 digging 
11 846 419 934 558 13872 0 0 1 digging 
11 851 419 943 557 13873 0 0 1 digging 
11 857 418 952 556 13874 0 0 1 digging 
