0 159 429 227 553 18290 0 0 0 standing 
0 170 426 238 550 18291 0 0 1 standing 
0 182 424 250 548 18292 0 0 1 standing 
0 193 421 262 546 18293 0 0 1 standing 
0 205 419 274 543 18294 0 0 1 standing 
0 217 417 286 541 18295 0 0 1 standing 
0 228 414 297 539 18296 0 0 1 standing 
0 240 412 309 536 18297 0 0 1 standing 
0 251 409 321 534 18298 0 0 1 standing 
0 263 407 333 532 18299 0 0 1 standing 
0 275 405 345 530 18300 0 0 0 standing 
0 277 405 347 530 18301 0 0 1 standing 
0 279 405 349 530 18302 0 0 1 standing 
0 281 405 351 530 18303 0 0 1 standing 
0 283 405 353 530 18304 0 0 1 standing 
0 285 406 355 531 18305 0 0 1 standing 
0 287 406 357 531 18306 0 0 1 standing 
0 289 406 359 531 18307 0 0 1 standing 
0 291 406 361 531 18308 0 0 1 standing 
0 293 406 363 531 18309 0 0 1 standing 
1 283 491 349 607 18290 0 0 0 standing 
1 287 491 353 607 18291 0 0 1 standing 
1 292 492 358 608 18292 0 0 1 standing 
1 297 492 363 609 18293 0 0 1 standing 
1 302 493 368 610 18294 0 0 1 standing 
1 307 494 373 611 18295 0 0 1 standing 
1 312 494 378 611 18296 0 0 1 standing 
1 317 495 383 612 18297 0 0 1 standing 
1 322 495 388 613 18298 0 0 1 standing 
1 327 496 393 614 18299 0 0 1 standing 
1 332 497 398 615 18300 0 0 0 standing 
1 331 497 397 615 18301 0 0 1 standing 
1 330 498 396 616 18302 0 0 1 standing 
1 329 498 395 617 18303 0 0 1 standing 
1 328 499 394 617 18304 0 0 1 standing 
1 327 500 393 618 18305 0 0 1 standing 
1 326 500 392 619 18306 0 0 1 standing 
1 325 501 391 619 18307 0 0 1 standing 
1 324 501 390 620 18308 0 0 1 standing 
1 323 502 389 621 18309 0 0 1 standing 
2 368 363 457 500 18290 0 0 0 standing 
2 372 364 461 499 18291 0 0 1 standing 
2 376 366 465 498 18292 0 0 1 standing 
2 380 368 469 498 18293 0 0 1 standing 
2 384 369 473 497 18294 0 0 1 standing 
2 389 371 477 497 18295 0 0 1 standing 
2 393 373 481 496 18296 0 0 1 standing 
2 397 374 485 495 18297 0 0 1 standing 
2 401 376 489 495 18298 0 0 1 standing 
2 405 378 493 494 18299 0 0 1 standing 
2 410 380 498 494 18300 0 0 0 standing 
2 406 383 494 495 18301 0 0 1 standing 
2 403 386 490 497 18302 0 0 1 standing 
2 399 389 487 499 18303 0 0 1 standing 
2 396 392 483 500 18304 0 0 1 standing 
2 392 395 480 502 18305 0 0 1 standing 
2 389 398 476 504 18306 0 0 1 standing 
2 385 401 472 505 18307 0 0 1 standing 
2 382 404 469 507 18308 0 0 1 standing 
2 378 407 465 509 18309 0 0 1 standing 
3 605 458 665 625 18290 0 1 0 standing 
3 617 449 677 619 18291 0 1 1 blocking 
3 629 440 689 613 18292 0 1 1 blocking 
3 641 431 701 607 18293 0 1 1 blocking 
3 653 423 713 602 18294 0 1 1 blocking 
3 665 414 725 596 18295 0 1 1 blocking 
3 677 405 737 590 18296 0 1 1 blocking 
3 689 397 749 585 18297 0 1 1 blocking 
3 701 388 761 579 18298 0 1 1 blocking 
3 713 379 773 573 18299 0 1 1 blocking 
3 726 371 785 568 18300 0 1 0 blocking 
3 726 374 785 571 18301 0 1 1 blocking 
3 726 377 785 574 18302 0 1 1 blocking 
3 727 380 786 577 18303 0 1 1 blocking 
3 727 383 786 580 18304 0 1 1 blocking 
3 728 386 787 583 18305 0 1 1 blocking 
3 728 389 787 586 18306 0 1 1 blocking 
3 728 392 787 589 18307 0 1 1 blocking 
3 729 395 788 592 18308 0 1 1 blocking 
3 729 398 788 595 18309 0 1 1 blocking 
4 594 368 651 494 18290 0 0 0 blocking 
4 596 367 653 493 18291 0 0 1 digging 
4 599 366 656 492 18292 0 0 1 digging 
4 602 366 659 492 18293 0 0 1 digging 
4 604 365 661 491 18294 0 0 1 digging 
4 607 365 664 491 18295 0 0 1 digging 
4 610 364 667 490 18296 0 0 1 digging 
4 612 363 669 489 18297 0 0 1 digging 
4 615 363 672 489 18298 0 0 1 digging 
4 618 362 675 488 18299 0 0 1 digging 
4 621 362 678 488 18300 0 0 0 digging 
4 611 362 670 487 18301 0 0 1 digging 
4 601 362 662 487 18302 0 0 1 digging 
4 591 362 654 487 18303 0 0 0 digging 
4 587 361 652 486 18304 0 0 1 digging 
4 583 361 650 486 18305 0 0 1 digging 
4 579 361 648 486 18306 0 0 1 digging 
4 575 361 646 486 18307 0 0 1 digging 
4 571 361 644 486 18308 0 0 1 digging 
4 567 361 642 486 18309 0 0 1 digging 
5 636 408 685 530 18290 0 1 0 digging 
5 645 402 694 532 18291 0 1 1 blocking 
5 655 396 704 535 18292 0 1 1 blocking 
5 664 391 713 537 18293 0 1 1 blocking 
5 674 385 723 540 18294 0 1 1 blocking 
5 684 380 732 542 18295 0 1 1 blocking 
5 693 374 742 545 18296 0 1 1 blocking 
5 703 368 751 547 18297 0 1 1 blocking 
5 712 363 761 550 18298 0 1 1 blocking 
5 722 357 770 552 18299 0 1 1 blocking 
5 732 352 780 555 18300 0 1 0 blocking 
5 732 353 780 556 18301 0 1 1 blocking 
5 732 355 780 558 18302 0 1 1 blocking 
5 732 357 780 560 18303 0 1 1 blocking 
5 733 359 781 562 18304 0 1 1 blocking 
5 733 361 781 564 18305 0 1 1 blocking 
5 733 363 781 566 18306 0 1 1 blocking 
5 734 365 782 568 18307 0 1 1 blocking 
5 734 367 782 570 18308 0 1 1 blocking 
5 734 369 782 572 18309 0 1 1 blocking 
6 782 353 847 533 18290 0 0 0 blocking 
6 786 359 851 537 18291 0 0 1 standing 
6 790 366 855 541 18292 0 0 1 standing 
6 794 372 859 546 18293 0 0 1 standing 
6 798 379 863 550 18294 0 0 1 standing 
6 802 386 867 555 18295 0 0 1 standing 
6 806 392 871 559 18296 0 0 1 standing 
6 810 399 875 563 18297 0 0 1 standing 
6 814 405 879 568 18298 0 0 1 standing 
6 818 412 883 572 18299 0 0 1 standing 
6 823 419 887 577 18300 0 0 0 standing 
6 823 419 887 577 18301 0 0 1 standing 
6 823 419 887 577 18302 0 0 1 standing 
6 823 419 887 577 18303 0 0 1 standing 
6 823 420 887 577 18304 0 0 1 standing 
6 823 420 887 578 18305 0 0 1 standing 
6 823 420 887 578 18306 0 0 1 standing 
6 823 421 887 578 18307 0 0 1 standing 
6 823 421 887 578 18308 0 0 1 standing 
6 823 421 887 578 18309 0 0 1 standing 
7 801 421 871 626 18290 0 1 0 standing 
7 809 415 879 620 18291 0 1 1 spiking 
7 817 410 887 615 18292 0 1 1 spiking 
7 825 405 896 609 18293 0 1 1 spiking 
7 833 400 904 604 18294 0 1 1 spiking 
7 841 395 912 598 18295 0 1 1 spiking 
7 850 390 921 593 18296 0 1 0 spiking 
7 851 388 921 592 18297 0 1 1 spiking 
7 852 387 922 591 18298 0 1 1 spiking 
7 853 386 923 590 18299 0 1 1 spiking 
7 854 385 924 590 18300 0 1 0 spiking 
7 851 393 921 594 18301 0 1 1 spiking 
7 848 401 918 599 18302 0 1 1 spiking 
7 845 409 915 604 18303 0 1 1 spiking 
7 842 418 912 608 18304 0 1 1 spiking 
7 839 426 909 613 18305 0 1 1 spiking 
7 836 434 906 618 18306 0 1 1 spiking 
7 833 442 903 623 18307 0 1 1 spiking 
7 830 451 900 627 18308 0 1 1 spiking 
7 827 459 897 632 18309 0 1 1 spiking 
8 857 325 927 444 18290 0 0 0 spiking 
8 860 324 930 443 18291 0 0 1 standing 
8 863 324 933 443 18292 0 0 1 standing 
8 866 323 936 442 18293 0 0 1 standing 
8 869 323 939 442 18294 0 0 1 standing 
8 872 322 942 441 18295 0 0 1 standing 
8 875 322 945 441 18296 0 0 1 standing 
8 878 321 948 440 18297 0 0 1 standing 
8 881 321 951 440 18298 0 0 1 standing 
8 884 320 954 439 18299 0 0 1 standing 
8 888 320 958 439 18300 0 0 0 standing 
8 887 318 957 440 18301 0 0 1 standing 
8 886 317 956 441 18302 0 0 1 standing 
8 885 315 955 442 18303 0 0 1 standing 
8 884 314 954 443 18304 0 0 1 standing 
8 884 312 954 444 18305 0 0 1 standing 
8 883 311 953 445 18306 0 0 1 standing 
8 882 309 952 446 18307 0 0 1 standing 
8 881 308 951 447 18308 0 0 1 standing 
8 880 306 950 448 18309 0 0 1 standing 
9 908 360 971 504 18290 0 0 0 standing 
9 912 359 975 504 18291 0 0 1 standing 
9 917 359 980 504 18292 0 0 1 standing 
9 922 359 985 504 18293 0 0 1 standing 
9 927 359 990 504 18294 0 0 1 standing 
9 932 359 995 504 18295 0 0 1 standing 
9 936 359 999 504 18296 0 0 1 standing 
9 941 359 1004 504 18297 0 0 1 standing 
9 946 359 1009 504 18298 0 0 1 standing 
9 951 359 1014 504 18299 0 0 1 standing 
9 956 359 1019 504 18300 0 0 0 standing 
9 955 361 1019 506 18301 0 0 1 standing 
9 954 364 1019 509 18302 0 0 1 standing 
9 953 367 1020 512 18303 0 0 1 standing 
9 952 370 1020 514 18304 0 0 1 standing 
9 951 373 1021 517 18305 0 0 1 standing 
9 950 376 1021 520 18306 0 0 1 standing 
9 949 379 1021 522 18307 0 0 1 standing 
9 948 382 1022 525 18308 0 0 1 standing 
9 947 385 1022 528 18309 0 0 1 standing 
10 956 399 1014 522 18290 0 0 0 standing 
10 973 398 1031 522 18291 0 0 1 standing 
10 990 398 1048 523 18292 0 0 1 standing 
10 1007 398 1065 524 18293 0 0 1 standing 
10 1024 398 1082 525 18294 0 0 1 standing 
10 1041 398 1100 526 18295 0 0 1 standing 
10 1058 398 1117 527 18296 0 0 1 standing 
10 1075 398 1134 528 18297 0 0 1 standing 
10 1092 398 1151 529 18298 0 0 1 standing 
10 1109 398 1168 530 18299 0 0 1 standing 
10 1127 398 1186 531 18300 0 0 0 standing 
10 1129 399 1190 532 18301 0 0 1 standing 
10 1132 401 1194 534 18302 0 0 1 standing 
10 1135 403 1199 535 18303 0 0 1 standing 
10 1137 404 1203 537 18304 0 0 1 standing 
10 1140 406 1208 539 18305 0 0 1 standing 
10 1143 408 1212 540 18306 0 0 1 standing 
10 1145 409 1216 542 18307 0 0 1 standing 
10 1148 411 1221 543 18308 0 0 1 standing 
10 1151 413 1225 545 18309 0 0 1 standing 
11 1076 432 1136 571 18290 0 0 0 standing 
11 1079 433 1139 572 18291 0 0 1 standing 
11 1083 434 1143 573 18292 0 0 1 standing 
11 1087 435 1147 575 18293 0 0 1 standing 
11 1091 437 1151 576 18294 0 0 1 standing 
11 1095 438 1155 578 18295 0 0 1 standing 
11 1099 439 1159 579 18296 0 0 1 standing 
11 1103 441 1163 580 18297 0 0 1 standing 
11 1107 442 1167 582 18298 0 0 1 standing 
11 1111 443 1171 583 18299 0 0 1 standing 
11 1115 445 1175 585 18300 0 0 0 standing 
11 1112 446 1172 586 18301 0 0 1 standing 
11 1110 448 1170 588 18302 0 0 1 standing 
11 1107 449 1167 589 18303 0 0 1 standing 
11 1105 451 1165 591 18304 0 0 1 standing 
11 1103 453 1163 592 18305 0 0 1 standing 
11 1100 454 1160 594 18306 0 0 1 standing 
11 1098 456 1158 595 18307 0 0 1 standing 
11 1095 457 1155 597 18308 0 0 1 standing 
11 1093 459 1153 598 18309 0 0 1 standing 
