0 275 307 324 447 46540 0 0 0 standing 
0 271 306 320 446 46541 0 0 1 standing 
0 267 306 316 446 46542 0 0 1 standing 
0 263 305 312 445 46543 0 0 1 standing 
0 259 305 308 445 46544 0 0 1 standing 
0 255 305 304 445 46545 0 0 1 standing 
0 251 304 300 444 46546 0 0 1 standing 
0 247 304 296 444 46547 0 0 1 standing 
0 243 303 292 443 46548 0 0 1 standing 
0 239 303 288 443 46549 0 0 1 standing 
0 236 303 285 443 46550 0 0 0 standing 
0 236 303 285 443 46551 0 0 1 standing 
0 236 303 285 443 46552 0 0 1 standing 
0 236 303 285 443 46553 0 0 1 standing 
0 237 304 286 444 46554 0 0 1 standing 
0 237 304 286 444 46555 0 0 1 standing 
0 237 304 286 444 46556 0 0 1 standing 
0 238 305 287 445 46557 0 0 0 standing 
0 222 304 271 444 46558 0 0 1 standing 
0 206 303 255 443 46559 0 0 1 standing 
1 220 358 274 491 46540 0 0 0 standing 
1 222 356 276 489 46541 0 0 1 standing 
1 225 355 279 488 46542 0 0 1 standing 
1 227 354 281 487 46543 0 0 1 standing 
1 230 353 284 486 46544 0 0 1 standing 
1 233 352 287 485 46545 0 0 1 standing 
1 235 351 289 484 46546 0 0 1 standing 
1 238 350 292 483 46547 0 0 1 standing 
1 240 349 294 482 46548 0 0 1 standing 
1 243 348 297 481 46549 0 0 1 standing 
1 246 347 300 480 46550 0 0 0 standing 
1 252 349 306 482 46551 0 0 1 standing 
1 259 351 313 484 46552 0 0 1 standing 
1 265 354 319 487 46553 0 0 1 standing 
1 272 356 326 489 46554 0 0 1 standing 
1 278 359 332 492 46555 0 0 1 standing 
1 285 361 339 494 46556 0 0 1 standing 
1 292 364 346 497 46557 0 0 0 standing 
1 276 361 330 494 46558 0 0 1 standing 
1 260 359 314 492 46559 0 0 1 standing 
2 166 441 229 574 46540 0 0 0 standing 
2 169 439 234 574 46541 0 0 1 standing 
2 173 437 240 574 46542 0 0 1 standing 
2 177 435 246 574 46543 0 0 1 standing 
2 181 433 252 574 46544 0 0 1 standing 
2 185 431 258 574 46545 0 0 1 standing 
2 188 429 264 574 46546 0 0 1 standing 
2 192 427 270 574 46547 0 0 1 standing 
2 196 425 276 574 46548 0 0 1 standing 
2 200 423 282 574 46549 0 0 1 standing 
2 204 422 288 574 46550 0 0 0 standing 
2 210 422 293 573 46551 0 0 1 standing 
2 216 422 299 573 46552 0 0 1 standing 
2 223 422 305 573 46553 0 0 1 standing 
2 229 422 310 573 46554 0 0 1 standing 
2 236 422 316 573 46555 0 0 1 standing 
2 242 422 322 573 46556 0 0 1 standing 
2 249 422 328 573 46557 0 0 0 standing 
2 239 422 317 573 46558 0 0 1 standing 
2 229 422 307 573 46559 0 0 1 standing 
3 412 374 477 554 46540 0 1 0 standing 
3 416 364 480 547 46541 0 1 1 standing 
3 420 355 483 540 46542 0 1 1 standing 
3 425 346 486 534 46543 0 1 1 standing 
3 429 337 489 527 46544 0 1 1 standing 
3 434 328 492 521 46545 0 1 1 standing 
3 438 319 495 514 46546 0 1 1 standing 
3 443 310 498 508 46547 0 1 1 standing 
3 447 301 501 501 46548 0 1 1 standing 
3 452 292 504 495 46549 0 1 0 standing 
3 458 301 512 497 46550 0 1 1 standing 
3 465 310 520 499 46551 0 1 1 standing 
3 472 319 528 501 46552 0 1 1 standing 
3 478 328 536 503 46553 0 1 1 standing 
3 485 337 544 505 46554 0 1 1 standing 
3 492 347 552 508 46555 0 1 0 standing 
3 485 353 545 509 46556 0 1 1 standing 
3 478 359 538 510 46557 0 1 1 standing 
3 471 365 532 511 46558 0 1 1 standing 
3 464 371 525 512 46559 0 1 1 standing 
4 464 356 516 486 46540 0 0 0 standing 
4 464 354 516 484 46541 0 0 1 standing 
4 465 353 517 483 46542 0 0 1 standing 
4 466 352 518 482 46543 0 0 1 standing 
4 467 351 519 481 46544 0 0 1 standing 
4 468 350 520 480 46545 0 0 1 standing 
4 468 348 520 478 46546 0 0 1 standing 
4 469 347 521 477 46547 0 0 1 standing 
4 470 346 522 476 46548 0 0 1 standing 
4 471 345 523 475 46549 0 0 1 standing 
4 472 344 524 474 46550 0 0 0 standing 
4 473 343 525 476 46551 0 0 1 standing 
4 474 342 527 478 46552 0 0 1 standing 
4 475 341 529 480 46553 0 0 1 standing 
4 476 340 530 482 46554 0 0 1 standing 
4 477 339 532 484 46555 0 0 1 standing 
4 478 338 534 486 46556 0 0 1 standing 
4 479 337 536 488 46557 0 0 0 standing 
4 464 336 522 487 46558 0 0 1 standing 
4 449 335 509 486 46559 0 0 1 standing 
5 925 432 1021 576 46540 0 0 0 standing 
5 918 431 1014 575 46541 0 0 1 standing 
5 911 430 1007 574 46542 0 0 1 standing 
5 904 430 1000 574 46543 0 0 1 standing 
5 897 429 993 573 46544 0 0 1 standing 
5 891 429 987 573 46545 0 0 1 standing 
5 884 428 980 572 46546 0 0 1 standing 
5 877 427 973 571 46547 0 0 1 standing 
5 870 427 966 571 46548 0 0 1 standing 
5 863 426 959 570 46549 0 0 1 standing 
5 857 426 953 570 46550 0 0 0 standing 
5 855 425 945 569 46551 0 0 1 standing 
5 853 425 937 568 46552 0 0 1 standing 
5 851 425 929 568 46553 0 0 1 standing 
5 849 424 921 567 46554 0 0 1 standing 
5 847 424 913 566 46555 0 0 1 standing 
5 846 424 906 566 46556 0 0 0 standing 
5 833 422 894 564 46557 0 0 1 standing 
5 820 420 882 562 46558 0 0 1 standing 
5 807 418 870 560 46559 0 0 1 standing 
6 992 290 1049 447 46540 0 0 0 standing 
6 995 290 1052 447 46541 0 0 1 standing 
6 998 290 1055 447 46542 0 0 1 standing 
6 1002 291 1059 448 46543 0 0 1 standing 
6 1005 291 1062 448 46544 0 0 1 standing 
6 1009 292 1066 449 46545 0 0 1 standing 
6 1012 292 1069 449 46546 0 0 1 standing 
6 1015 292 1072 449 46547 0 0 1 standing 
6 1019 293 1076 450 46548 0 0 1 standing 
6 1022 293 1079 450 46549 0 0 1 standing 
6 1026 294 1083 451 46550 0 0 0 standing 
6 1029 299 1088 450 46551 0 0 1 standing 
6 1032 304 1094 450 46552 0 0 1 standing 
6 1036 310 1100 450 46553 0 0 1 standing 
6 1039 315 1105 449 46554 0 0 1 standing 
6 1042 320 1111 449 46555 0 0 1 standing 
6 1046 326 1117 449 46556 0 0 0 standing 
6 1034 321 1109 447 46557 0 0 1 standing 
6 1022 316 1101 445 46558 0 0 1 standing 
6 1010 311 1093 443 46559 0 0 1 standing 
7 1154 340 1244 499 46540 0 0 0 standing 
7 1150 340 1240 499 46541 0 0 1 standing 
7 1146 341 1236 500 46542 0 0 1 standing 
7 1142 342 1232 501 46543 0 0 1 standing 
7 1138 343 1228 502 46544 0 0 1 standing 
7 1134 344 1224 503 46545 0 0 1 standing 
7 1130 344 1220 503 46546 0 0 1 standing 
7 1126 345 1216 504 46547 0 0 1 standing 
7 1122 346 1212 505 46548 0 0 1 standing 
7 1118 347 1208 506 46549 0 0 1 standing 
7 1114 348 1204 507 46550 0 0 0 standing 
7 1108 352 1198 507 46551 0 0 1 standing 
7 1103 356 1192 508 46552 0 0 1 standing 
7 1097 361 1186 509 46553 0 0 1 standing 
7 1092 365 1180 510 46554 0 0 1 standing 
7 1086 369 1174 511 46555 0 0 1 standing 
7 1081 374 1169 512 46556 0 0 0 standing 
7 1071 371 1158 512 46557 0 0 1 standing 
7 1061 369 1147 513 46558 0 0 1 standing 
7 1051 367 1136 513 46559 0 0 1 standing 
8 560 383 633 527 46540 0 1 0 standing 
8 559 378 632 527 46541 0 1 1 standing 
8 559 373 632 527 46542 0 1 1 standing 
8 559 369 632 527 46543 0 1 1 standing 
8 559 364 631 527 46544 0 1 1 standing 
8 559 360 631 527 46545 0 1 1 standing 
8 558 355 631 527 46546 0 1 1 standing 
8 558 350 630 527 46547 0 1 1 standing 
8 558 346 630 527 46548 0 1 1 standing 
8 558 341 630 527 46549 0 1 1 standing 
8 558 337 630 528 46550 0 1 0 standing 
8 559 337 631 526 46551 0 1 1 standing 
8 561 338 633 525 46552 0 1 1 standing 
8 563 338 635 523 46553 0 1 1 standing 
8 565 339 636 522 46554 0 1 1 standing 
8 567 339 638 520 46555 0 1 1 standing 
8 569 340 640 519 46556 0 1 1 standing 
8 571 341 642 518 46557 0 1 0 standing 
8 561 342 632 517 46558 0 1 1 standing 
8 551 343 622 517 46559 0 1 1 standing 
9 562 343 613 496 46540 0 0 0 standing 
9 563 342 614 496 46541 0 0 1 standing 
9 564 342 615 496 46542 0 0 1 standing 
9 565 342 616 496 46543 0 0 1 standing 
9 566 341 617 496 46544 0 0 1 standing 
9 567 341 618 496 46545 0 0 1 standing 
9 568 341 619 497 46546 0 0 1 standing 
9 569 340 620 497 46547 0 0 1 standing 
9 570 340 621 497 46548 0 0 1 standing 
9 572 340 622 497 46549 0 0 1 standing 
9 573 340 623 497 46550 0 0 1 standing 
9 574 339 624 497 46551 0 0 1 standing 
9 575 339 625 498 46552 0 0 1 standing 
9 576 339 626 498 46553 0 0 1 standing 
9 577 338 627 498 46554 0 0 1 standing 
9 578 338 628 498 46555 0 0 1 standing 
9 579 338 629 498 46556 0 0 1 standing 
9 581 338 631 499 46557 0 0 0 standing 
9 570 342 620 500 46558 0 0 1 standing 
9 559 346 609 501 46559 0 0 1 standing 
10 557 333 612 496 46540 0 0 0 standing 
10 559 332 614 494 46541 0 0 1 standing 
10 561 332 616 493 46542 0 0 1 standing 
10 564 331 619 491 46543 0 0 1 standing 
10 566 331 621 490 46544 0 0 1 standing 
10 569 331 624 488 46545 0 0 1 standing 
10 571 330 626 487 46546 0 0 1 standing 
10 573 330 629 485 46547 0 0 1 standing 
10 576 330 631 484 46548 0 0 1 standing 
10 578 329 634 482 46549 0 0 1 standing 
10 581 329 636 481 46550 0 0 1 standing 
10 583 329 639 479 46551 0 0 1 standing 
10 585 328 641 478 46552 0 0 1 standing 
10 588 328 644 476 46553 0 0 1 standing 
10 590 328 646 475 46554 0 0 1 standing 
10 593 327 649 473 46555 0 0 1 standing 
10 595 327 651 472 46556 0 0 1 standing 
10 598 327 654 471 46557 0 0 0 standing 
10 586 327 642 470 46558 0 0 1 standing 
10 575 327 631 469 46559 0 0 1 standing 
11 274 403 342 553 46540 0 0 0 standing 
11 272 403 340 553 46541 0 0 1 standing 
11 271 404 339 554 46542 0 0 1 standing 
11 270 405 338 555 46543 0 0 1 standing 
11 268 406 336 556 46544 0 0 1 standing 
11 267 407 335 557 46545 0 0 1 standing 
11 266 407 334 557 46546 0 0 1 standing 
11 264 408 332 558 46547 0 0 1 standing 
11 263 409 331 559 46548 0 0 1 standing 
11 262 410 330 560 46549 0 0 1 standing 
11 261 411 329 561 46550 0 0 0 standing 
11 265 411 334 562 46551 0 0 1 standing 
11 269 411 339 564 46552 0 0 1 standing 
11 273 412 344 566 46553 0 0 1 standing 
11 277 412 349 568 46554 0 0 1 standing 
11 281 413 354 570 46555 0 0 1 standing 
11 285 413 359 572 46556 0 0 1 standing 
11 289 414 365 574 46557 0 0 0 standing 
11 279 413 356 575 46558 0 0 1 standing 
11 269 412 347 576 46559 0 0 1 standing 
