0 376 431 458 540 74740 0 1 0 falling 
0 402 431 487 538 74741 0 1 1 falling 
0 428 432 516 537 74742 0 1 1 falling 
0 455 433 545 536 74743 0 1 0 falling 
0 464 435 556 536 74744 0 1 1 falling 
0 473 437 567 536 74745 0 1 1 falling 
0 482 439 578 536 74746 0 1 1 falling 
0 491 441 590 536 74747 0 1 0 falling 
0 489 442 591 535 74748 0 1 1 falling 
0 488 443 592 534 74749 0 1 1 falling 
0 487 444 593 534 74750 0 1 0 falling 
0 482 443 587 533 74751 0 1 1 falling 
0 478 443 581 532 74752 0 1 1 falling 
0 473 442 575 532 74753 0 1 1 falling 
0 469 442 570 531 74754 0 1 1 falling 
0 464 442 564 531 74755 0 1 1 falling 
0 460 441 558 530 74756 0 1 1 falling 
0 455 441 553 529 74757 0 1 1 falling 
0 451 440 547 529 74758 0 1 1 falling 
0 446 440 541 528 74759 0 1 1 falling 
1 369 403 455 507 74740 0 1 0 falling 
1 395 404 482 508 74741 0 1 1 falling 
1 422 405 509 509 74742 0 1 1 falling 
1 449 406 536 511 74743 0 1 0 falling 
1 459 405 546 510 74744 0 1 1 falling 
1 469 405 556 510 74745 0 1 1 falling 
1 479 404 566 509 74746 0 1 1 falling 
1 489 404 577 509 74747 0 1 0 falling 
1 486 401 574 506 74748 0 1 1 falling 
1 484 399 572 504 74749 0 1 1 falling 
1 482 397 570 502 74750 0 1 0 falling 
1 471 395 558 502 74751 0 1 1 falling 
1 460 394 547 502 74752 0 1 1 falling 
1 450 392 536 502 74753 0 1 1 falling 
1 439 391 525 502 74754 0 1 1 falling 
1 429 390 514 502 74755 0 1 1 falling 
1 418 388 503 502 74756 0 1 1 falling 
1 407 387 492 502 74757 0 1 1 falling 
1 397 385 481 502 74758 0 1 1 falling 
1 386 384 470 502 74759 0 1 1 falling 
2 254 425 318 582 74740 0 0 0 falling 
2 274 424 338 581 74741 0 0 1 standing 
2 294 423 358 580 74742 0 0 1 standing 
2 314 423 379 579 74743 0 0 0 standing 
2 316 422 381 580 74744 0 0 1 standing 
2 318 422 383 581 74745 0 0 1 standing 
2 320 422 385 582 74746 0 0 1 standing 
2 323 422 388 583 74747 0 0 0 standing 
2 320 420 385 581 74748 0 0 1 standing 
2 317 419 382 580 74749 0 0 1 standing 
2 314 418 379 579 74750 0 0 0 standing 
2 306 418 371 579 74751 0 0 1 standing 
2 298 419 363 580 74752 0 0 1 standing 
2 290 420 355 581 74753 0 0 1 standing 
2 282 420 347 581 74754 0 0 1 standing 
2 274 421 339 582 74755 0 0 1 standing 
2 266 422 331 583 74756 0 0 1 standing 
2 258 422 323 583 74757 0 0 1 standing 
2 250 423 315 584 74758 0 0 1 standing 
2 242 424 307 585 74759 0 0 1 standing 
3 401 338 461 462 74740 0 0 0 standing 
3 426 333 485 457 74741 0 0 1 moving 
3 451 328 510 452 74742 0 0 1 moving 
3 476 323 535 448 74743 0 0 0 moving 
3 484 320 545 445 74744 0 0 1 moving 
3 493 318 555 442 74745 0 0 1 moving 
3 502 315 565 439 74746 0 0 1 moving 
3 511 313 575 437 74747 0 0 0 moving 
3 509 312 574 436 74748 0 0 1 moving 
3 508 311 573 436 74749 0 0 1 moving 
3 507 311 572 436 74750 0 0 0 moving 
3 502 310 570 434 74751 0 0 1 moving 
3 498 309 568 433 74752 0 0 1 moving 
3 493 308 566 432 74753 0 0 1 moving 
3 489 307 564 431 74754 0 0 1 moving 
3 485 306 562 430 74755 0 0 1 moving 
3 480 305 560 429 74756 0 0 1 moving 
3 476 304 558 428 74757 0 0 1 moving 
3 471 303 556 427 74758 0 0 1 moving 
3 467 302 554 426 74759 0 0 1 moving 
4 582 331 652 463 74740 0 0 0 moving 
4 607 330 676 463 74741 0 0 1 standing 
4 633 329 700 463 74742 0 0 1 standing 
4 659 328 725 464 74743 0 0 0 standing 
4 666 327 731 464 74744 0 0 1 standing 
4 673 326 738 465 74745 0 0 1 standing 
4 680 325 744 465 74746 0 0 1 standing 
4 688 324 751 466 74747 0 0 0 standing 
4 685 323 747 467 74748 0 0 1 standing 
4 683 322 744 468 74749 0 0 1 standing 
4 681 322 741 469 74750 0 0 0 standing 
4 672 324 736 469 74751 0 0 1 standing 
4 664 326 732 470 74752 0 0 1 standing 
4 656 329 728 471 74753 0 0 1 standing 
4 647 331 724 472 74754 0 0 1 standing 
4 639 334 720 473 74755 0 0 1 standing 
4 631 336 716 473 74756 0 0 1 standing 
4 622 338 712 474 74757 0 0 1 standing 
4 614 341 708 475 74758 0 0 1 standing 
4 606 343 704 476 74759 0 0 1 standing 
5 815 363 864 515 74740 0 0 0 standing 
5 839 363 888 515 74741 0 0 1 standing 
5 863 363 912 515 74742 0 0 1 standing 
5 888 364 936 515 74743 0 0 0 standing 
5 895 366 943 516 74744 0 0 1 standing 
5 902 368 950 518 74745 0 0 1 standing 
5 909 370 957 520 74746 0 0 1 standing 
5 917 372 964 522 74747 0 0 0 standing 
5 915 372 962 523 74748 0 0 1 standing 
5 914 373 961 524 74749 0 0 1 standing 
5 913 374 960 525 74750 0 0 0 standing 
5 904 374 951 525 74751 0 0 1 standing 
5 896 374 943 525 74752 0 0 1 standing 
5 887 374 934 525 74753 0 0 1 standing 
5 879 375 926 525 74754 0 0 1 standing 
5 871 375 918 526 74755 0 0 1 standing 
5 862 375 909 526 74756 0 0 1 standing 
5 854 376 901 526 74757 0 0 1 standing 
5 845 376 892 526 74758 0 0 1 standing 
5 837 376 884 526 74759 0 0 1 standing 
6 902 411 957 560 74740 0 0 0 standing 
6 926 410 981 559 74741 0 0 1 digging 
6 950 409 1005 558 74742 0 0 1 digging 
6 975 409 1030 558 74743 0 0 0 digging 
6 983 410 1038 559 74744 0 0 1 digging 
6 991 411 1046 560 74745 0 0 1 digging 
6 999 412 1054 561 74746 0 0 1 digging 
6 1008 413 1063 562 74747 0 0 0 digging 
6 1006 412 1061 562 74748 0 0 1 digging 
6 1005 412 1060 562 74749 0 0 1 digging 
6 1004 412 1059 562 74750 0 0 0 digging 
6 995 411 1050 561 74751 0 0 1 digging 
6 986 411 1041 561 74752 0 0 1 digging 
6 978 411 1032 561 74753 0 0 1 digging 
6 969 411 1024 561 74754 0 0 1 digging 
6 961 411 1015 561 74755 0 0 1 digging 
6 952 410 1006 560 74756 0 0 1 digging 
6 943 410 998 560 74757 0 0 1 digging 
6 935 410 989 560 74758 0 0 1 digging 
6 926 410 980 560 74759 0 0 1 digging 
7 887 338 934 487 74740 0 0 0 digging 
7 913 336 960 485 74741 0 0 1 blocking 
7 939 334 986 483 74742 0 0 1 blocking 
7 965 333 1012 482 74743 0 0 0 blocking 
7 971 333 1018 482 74744 0 0 1 blocking 
7 978 334 1025 483 74745 0 0 1 blocking 
7 984 335 1031 484 74746 0 0 1 blocking 
7 991 336 1038 485 74747 0 0 0 blocking 
7 992 334 1039 484 74748 0 0 1 blocking 
7 994 333 1041 483 74749 0 0 1 blocking 
7 996 332 1043 482 74750 0 0 0 blocking 
7 988 334 1035 484 74751 0 0 1 blocking 
7 980 336 1027 486 74752 0 0 1 blocking 
7 972 338 1019 488 74753 0 0 1 blocking 
7 964 341 1011 491 74754 0 0 1 blocking 
7 957 343 1004 493 74755 0 0 1 blocking 
7 949 345 996 495 74756 0 0 1 blocking 
7 941 348 988 498 74757 0 0 1 blocking 
7 933 350 980 500 74758 0 0 1 blocking 
7 925 352 972 502 74759 0 0 1 blocking 
8 921 355 964 499 74740 0 0 0 blocking 
8 948 355 991 499 74741 0 0 1 standing 
8 975 355 1018 499 74742 0 0 1 standing 
8 1002 355 1045 499 74743 0 0 0 standing 
8 1009 355 1052 499 74744 0 0 1 standing 
8 1016 356 1059 500 74745 0 0 1 standing 
8 1023 356 1066 500 74746 0 0 1 standing 
8 1031 357 1073 501 74747 0 0 0 standing 
8 1031 355 1073 500 74748 0 0 1 standing 
8 1031 354 1073 499 74749 0 0 1 standing 
8 1032 353 1074 498 74750 0 0 0 standing 
8 1023 352 1065 497 74751 0 0 1 standing 
8 1015 351 1057 496 74752 0 0 1 standing 
8 1006 350 1048 495 74753 0 0 1 standing 
8 998 350 1040 495 74754 0 0 1 standing 
8 989 349 1031 494 74755 0 0 1 standing 
8 981 348 1023 493 74756 0 0 1 standing 
8 972 348 1014 493 74757 0 0 1 standing 
8 964 347 1006 492 74758 0 0 1 standing 
8 955 346 997 491 74759 0 0 1 standing 
9 1114 324 1160 486 74740 0 0 0 standing 
9 1140 323 1187 485 74741 0 0 1 standing 
9 1167 322 1214 484 74742 0 0 1 standing 
9 1194 322 1241 484 74743 0 0 0 standing 
9 1203 324 1250 486 74744 0 0 1 standing 
9 1213 326 1259 488 74745 0 0 1 standing 
9 1222 328 1268 490 74746 0 0 1 standing 
9 1232 330 1278 492 74747 0 0 0 standing 
9 1231 329 1277 492 74748 0 0 1 standing 
9 1231 329 1277 492 74749 0 0 1 standing 
9 1231 329 1277 492 74750 0 0 0 standing 
9 1227 328 1273 491 74751 0 0 1 standing 
9 1223 328 1269 491 74752 0 0 1 standing 
9 1219 328 1265 491 74753 0 0 1 standing 
9 1215 328 1261 490 74754 0 0 1 standing 
9 1211 328 1257 490 74755 0 0 1 standing 
9 1207 327 1253 490 74756 0 0 1 standing 
9 1203 327 1249 489 74757 0 0 1 standing 
9 1199 327 1245 489 74758 0 0 1 standing 
9 1195 327 1241 489 74759 0 0 1 standing 
10 1152 403 1228 525 74740 0 0 0 standing 
10 1175 404 1244 527 74741 0 0 1 standing 
10 1198 405 1260 529 74742 0 0 1 standing 
10 1222 407 1276 532 74743 1 0 0 standing 
10 1212 406 1269 531 74744 1 0 1 standing 
10 1202 405 1262 530 74745 1 0 1 standing 
10 1192 405 1255 529 74746 1 0 1 standing 
10 1182 404 1248 528 74747 1 0 1 standing 
10 1172 404 1241 527 74748 1 0 1 standing 
10 1162 403 1234 526 74749 1 0 1 standing 
10 1152 403 1228 525 74750 1 0 0 standing 
10 1161 406 1236 528 74751 1 0 1 standing 
10 1171 409 1245 531 74752 1 0 1 standing 
10 1180 412 1253 534 74753 1 0 1 standing 
10 1190 415 1262 537 74754 1 0 1 standing 
10 1199 418 1270 540 74755 1 0 1 standing 
10 1209 421 1279 544 74756 0 0 0 standing 
10 1195 421 1267 548 74757 0 0 1 standing 
10 1182 422 1255 552 74758 0 0 1 standing 
10 1168 423 1243 556 74759 0 0 1 standing 
