0 646 469 698 587 96905 0 1 0 setting 
0 640 460 692 582 96906 0 1 1 setting 
0 634 451 686 577 96907 0 1 1 setting 
0 628 442 680 572 96908 0 1 1 setting 
0 623 433 674 568 96909 0 1 1 setting 
0 617 424 669 563 96910 0 1 1 setting 
0 611 415 663 558 96911 0 1 1 setting 
0 606 406 657 554 96912 0 1 1 setting 
0 600 397 651 549 96913 0 1 1 setting 
0 594 388 645 544 96914 0 1 1 setting 
0 589 380 640 540 96915 0 1 0 setting 
0 586 381 639 541 96916 0 1 1 setting 
0 583 382 639 542 96917 0 1 1 setting 
0 581 384 639 544 96918 0 1 0 setting 
0 575 389 636 549 96919 0 1 1 setting 
0 569 395 633 555 96920 0 1 1 setting 
0 563 401 630 561 96921 0 1 1 setting 
0 558 406 627 566 96922 0 1 1 setting 
0 552 412 624 572 96923 0 1 1 setting 
0 546 418 621 578 96924 0 1 1 setting 
1 554 541 645 668 96905 0 1 0 setting 
1 547 541 637 668 96906 0 1 1 moving 
1 540 541 629 668 96907 0 1 1 moving 
1 534 541 622 668 96908 0 1 0 moving 
1 527 541 614 667 96909 0 1 1 moving 
1 520 541 607 667 96910 0 1 1 moving 
1 513 541 599 667 96911 0 1 1 moving 
1 507 541 592 667 96912 0 1 1 moving 
1 500 541 584 667 96913 0 1 1 moving 
1 493 541 577 667 96914 0 1 1 moving 
1 487 542 570 667 96915 0 1 0 moving 
1 483 541 569 666 96916 0 1 1 moving 
1 479 540 568 665 96917 0 1 1 moving 
1 476 539 567 664 96918 0 1 0 moving 
1 476 536 571 660 96919 0 1 1 moving 
1 477 533 575 657 96920 0 1 1 moving 
1 478 530 579 654 96921 0 1 0 moving 
1 486 531 575 655 96922 0 1 1 moving 
1 494 532 571 656 96923 0 1 1 moving 
1 502 533 567 658 96924 0 1 0 moving 
2 322 443 394 558 96905 0 1 0 moving 
2 325 443 399 558 96906 0 1 1 standing 
2 329 443 404 558 96907 0 1 1 standing 
2 332 444 409 558 96908 0 1 1 standing 
2 336 444 415 559 96909 0 1 1 standing 
2 340 445 420 559 96910 0 1 1 standing 
2 343 445 425 559 96911 0 1 1 standing 
2 347 445 431 560 96912 0 1 1 standing 
2 350 446 436 560 96913 0 1 1 standing 
2 354 446 441 560 96914 0 1 1 standing 
2 358 447 447 561 96915 0 1 0 standing 
2 370 445 456 559 96916 0 1 1 standing 
2 382 444 466 558 96917 0 1 1 standing 
2 394 443 476 557 96918 0 1 0 standing 
2 401 441 480 555 96919 0 1 1 standing 
2 409 440 484 554 96920 0 1 1 standing 
2 417 439 488 553 96921 0 1 1 standing 
2 424 437 493 552 96922 0 1 1 standing 
2 432 436 497 551 96923 0 1 1 standing 
2 440 435 501 550 96924 0 1 1 standing 
3 496 366 564 456 96905 0 1 0 standing 
3 492 365 560 455 96906 0 1 1 moving 
3 489 365 557 454 96907 0 1 1 moving 
3 485 364 554 454 96908 0 1 1 moving 
3 482 364 551 453 96909 0 1 1 moving 
3 478 364 548 453 96910 0 1 1 moving 
3 475 363 544 452 96911 0 1 1 moving 
3 471 363 541 451 96912 0 1 1 moving 
3 468 362 538 451 96913 0 1 1 moving 
3 464 362 535 450 96914 0 1 1 moving 
3 461 362 532 450 96915 0 1 0 moving 
3 466 363 538 453 96916 0 1 1 moving 
3 472 365 544 457 96917 0 1 1 moving 
3 478 367 550 461 96918 0 1 0 moving 
3 479 366 551 462 96919 0 1 1 moving 
3 480 366 552 464 96920 0 1 1 moving 
3 482 366 553 465 96921 0 1 1 moving 
3 483 365 555 467 96922 0 1 1 moving 
3 485 365 556 468 96923 0 1 1 moving 
3 486 365 557 470 96924 0 1 1 moving 
4 723 473 771 617 96905 0 0 0 moving 
4 716 471 764 615 96906 0 0 1 standing 
4 709 470 757 614 96907 0 0 1 standing 
4 703 469 751 613 96908 0 0 1 standing 
4 696 468 744 612 96909 0 0 1 standing 
4 690 467 738 611 96910 0 0 1 standing 
4 683 465 731 610 96911 0 0 1 standing 
4 676 464 724 609 96912 0 0 1 standing 
4 670 463 718 608 96913 0 0 1 standing 
4 663 462 711 607 96914 0 0 1 standing 
4 657 461 705 606 96915 0 0 0 standing 
4 652 460 703 605 96916 0 0 1 standing 
4 647 460 701 605 96917 0 0 1 standing 
4 643 460 699 604 96918 0 0 1 standing 
4 638 459 697 604 96919 0 0 1 standing 
4 634 459 695 603 96920 0 0 1 standing 
4 629 459 693 603 96921 0 0 1 standing 
4 624 458 691 602 96922 0 0 1 standing 
4 620 458 689 602 96923 0 0 1 standing 
4 615 458 687 601 96924 0 0 1 standing 
5 507 392 569 498 96905 0 0 0 standing 
5 505 392 569 498 96906 0 0 1 standing 
5 504 392 569 498 96907 0 0 1 standing 
5 502 392 569 498 96908 0 0 1 standing 
5 501 392 569 498 96909 0 0 1 standing 
5 500 392 569 499 96910 0 0 1 standing 
5 498 392 569 499 96911 0 0 1 standing 
5 497 392 569 499 96912 0 0 1 standing 
5 495 392 569 499 96913 0 0 1 standing 
5 494 392 569 499 96914 0 0 1 standing 
5 493 392 569 500 96915 0 0 0 standing 
5 498 391 568 500 96916 0 0 1 standing 
5 503 390 567 501 96917 0 0 1 standing 
5 509 389 567 502 96918 0 0 0 standing 
5 507 388 563 503 96919 0 0 1 standing 
5 506 387 559 505 96920 0 0 1 standing 
5 505 387 556 507 96921 0 0 1 standing 
5 504 386 552 508 96922 0 0 1 standing 
5 503 386 549 510 96923 0 0 1 standing 
5 502 385 545 512 96924 0 0 1 standing 
6 884 499 933 633 96905 0 0 0 standing 
6 875 499 924 633 96906 0 0 1 standing 
6 867 499 916 633 96907 0 0 1 standing 
6 859 499 908 633 96908 0 0 1 standing 
6 851 499 900 633 96909 0 0 1 standing 
6 843 499 892 633 96910 0 0 1 standing 
6 834 499 883 633 96911 0 0 1 standing 
6 826 499 875 633 96912 0 0 1 standing 
6 818 499 867 633 96913 0 0 1 standing 
6 810 499 859 633 96914 0 0 1 standing 
6 802 500 851 633 96915 0 0 0 standing 
6 796 500 845 633 96916 0 0 1 standing 
6 790 501 839 634 96917 0 0 1 standing 
6 784 502 833 634 96918 0 0 1 standing 
6 778 502 827 635 96919 0 0 1 standing 
6 772 503 821 635 96920 0 0 1 standing 
6 766 504 815 636 96921 0 0 1 standing 
6 760 504 809 636 96922 0 0 1 standing 
6 754 505 803 637 96923 0 0 1 standing 
6 748 506 797 637 96924 0 0 1 standing 
7 850 421 906 552 96905 0 0 0 standing 
7 843 420 899 551 96906 0 0 1 standing 
7 837 420 893 551 96907 0 0 1 standing 
7 831 419 886 550 96908 0 0 1 standing 
7 824 419 880 550 96909 0 0 1 standing 
7 818 418 873 550 96910 0 0 1 standing 
7 812 418 867 549 96911 0 0 1 standing 
7 805 417 860 549 96912 0 0 1 standing 
7 799 417 854 548 96913 0 0 1 standing 
7 793 416 847 548 96914 0 0 1 standing 
7 787 416 841 548 96915 0 0 0 standing 
7 781 416 834 548 96916 0 0 1 standing 
7 776 417 828 548 96917 0 0 1 standing 
7 770 417 822 548 96918 0 0 1 standing 
7 765 418 816 549 96919 0 0 1 standing 
7 760 418 810 549 96920 0 0 1 standing 
7 754 419 803 549 96921 0 0 1 standing 
7 749 419 797 550 96922 0 0 1 standing 
7 743 420 791 550 96923 0 0 1 standing 
7 738 420 785 550 96924 0 0 1 standing 
8 942 374 998 487 96905 0 0 0 standing 
8 931 374 985 487 96906 0 0 1 standing 
8 920 375 973 487 96907 0 0 1 standing 
8 909 375 961 488 96908 0 0 1 standing 
8 898 376 948 488 96909 0 0 1 standing 
8 887 376 936 489 96910 0 0 1 standing 
8 876 377 924 489 96911 0 0 1 standing 
8 865 377 911 489 96912 0 0 1 standing 
8 854 378 899 490 96913 0 0 1 standing 
8 843 378 887 490 96914 0 0 1 standing 
8 832 379 875 491 96915 0 0 0 standing 
8 824 379 868 491 96916 0 0 1 standing 
8 816 380 861 492 96917 0 0 1 standing 
8 808 380 854 492 96918 0 0 1 standing 
8 800 381 847 493 96919 0 0 1 standing 
8 793 382 840 494 96920 0 0 1 standing 
8 785 382 833 494 96921 0 0 1 standing 
8 777 383 826 495 96922 0 0 1 standing 
8 769 383 819 495 96923 0 0 1 standing 
8 761 384 812 496 96924 0 0 1 standing 
9 1091 482 1148 605 96905 0 0 0 standing 
9 1091 482 1149 605 96906 0 0 1 moving 
9 1091 483 1150 606 96907 0 0 1 moving 
9 1091 484 1151 607 96908 0 0 1 moving 
9 1091 484 1152 608 96909 0 0 1 moving 
9 1092 485 1153 609 96910 0 0 1 moving 
9 1092 486 1154 610 96911 0 0 1 moving 
9 1092 486 1155 611 96912 0 0 1 moving 
9 1092 487 1156 612 96913 0 0 1 moving 
9 1092 488 1157 613 96914 0 0 1 moving 
9 1093 489 1158 614 96915 0 0 0 moving 
9 1090 490 1156 614 96916 0 0 1 moving 
9 1087 491 1154 614 96917 0 0 1 moving 
9 1084 492 1152 614 96918 0 0 1 moving 
9 1081 493 1151 614 96919 0 0 1 moving 
9 1078 495 1149 614 96920 0 0 1 moving 
9 1075 496 1147 614 96921 0 0 1 moving 
9 1072 497 1146 614 96922 0 0 1 moving 
9 1069 498 1144 614 96923 0 0 1 moving 
9 1066 499 1142 614 96924 0 0 1 moving 
10 1149 452 1202 581 96905 0 0 0 moving 
10 1147 451 1201 580 96906 0 0 1 moving 
10 1145 451 1201 580 96907 0 0 1 moving 
10 1143 450 1200 580 96908 0 0 1 moving 
10 1141 450 1200 579 96909 0 0 1 moving 
10 1140 449 1200 579 96910 0 0 1 moving 
10 1138 449 1199 579 96911 0 0 1 moving 
10 1136 448 1199 578 96912 0 0 1 moving 
10 1134 448 1198 578 96913 0 0 1 moving 
10 1132 447 1198 578 96914 0 0 1 moving 
10 1131 447 1198 578 96915 0 0 0 moving 
10 1127 447 1192 577 96916 0 0 1 moving 
10 1124 447 1187 576 96917 0 0 1 moving 
10 1121 447 1181 576 96918 0 0 1 moving 
10 1118 448 1176 575 96919 0 0 1 moving 
10 1115 448 1171 575 96920 0 0 1 moving 
10 1111 448 1165 574 96921 0 0 1 moving 
10 1108 449 1160 573 96922 0 0 1 moving 
10 1105 449 1154 573 96923 0 0 1 moving 
10 1102 449 1149 572 96924 0 0 1 moving 
11 1182 407 1227 537 96905 0 0 0 moving 
11 1174 404 1219 534 96906 0 0 1 standing 
11 1166 402 1211 532 96907 0 0 1 standing 
11 1158 399 1203 530 96908 0 0 1 standing 
11 1150 397 1195 527 96909 0 0 1 standing 
11 1142 395 1187 525 96910 0 0 1 standing 
11 1134 392 1179 523 96911 0 0 1 standing 
11 1126 390 1171 520 96912 0 0 1 standing 
11 1118 387 1163 518 96913 0 0 1 standing 
11 1110 385 1155 516 96914 0 0 1 standing 
11 1102 383 1147 514 96915 0 0 0 standing 
11 1095 383 1140 514 96916 0 0 1 standing 
11 1088 383 1133 514 96917 0 0 1 standing 
11 1082 383 1127 515 96918 0 0 1 standing 
11 1075 384 1120 515 96919 0 0 1 standing 
11 1069 384 1114 516 96920 0 0 1 standing 
11 1062 384 1107 516 96921 0 0 1 standing 
11 1055 385 1100 516 96922 0 0 1 standing 
11 1049 385 1094 517 96923 0 0 1 standing 
11 1042 385 1087 517 96924 0 0 1 standing 
