0 41 448 102 590 20305 0 1 0 standing 
0 80 444 141 586 20306 0 1 1 standing 
0 119 440 180 582 20307 0 1 1 standing 
0 159 437 219 579 20308 0 1 1 standing 
0 198 433 258 575 20309 0 1 1 standing 
0 237 429 298 571 20310 0 1 1 standing 
0 277 426 337 568 20311 0 1 1 standing 
0 316 422 376 564 20312 0 1 1 standing 
0 355 418 415 560 20313 0 1 1 standing 
0 395 415 455 557 20314 0 1 0 standing 
0 418 414 478 555 20315 0 1 1 standing 
0 441 413 501 554 20316 0 1 1 standing 
0 464 413 524 553 20317 0 1 0 standing 
0 469 413 529 552 20318 0 1 1 standing 
0 475 413 535 552 20319 0 1 1 standing 
0 481 414 541 551 20320 0 1 1 standing 
0 487 414 547 551 20321 0 1 1 standing 
0 493 415 553 551 20322 0 1 0 standing 
0 493 415 553 550 20323 0 1 1 standing 
0 493 415 553 549 20324 0 1 1 standing 
1 2 437 41 533 20305 0 1 0 standing 
1 37 437 78 533 20306 0 1 1 digging 
1 72 438 116 533 20307 0 1 1 digging 
1 108 439 154 533 20308 0 1 1 digging 
1 143 439 191 533 20309 0 1 1 digging 
1 178 440 229 533 20310 0 1 1 digging 
1 214 441 267 533 20311 0 1 1 digging 
1 249 441 304 533 20312 0 1 1 digging 
1 284 442 342 533 20313 0 1 1 digging 
1 320 443 380 533 20314 0 1 0 digging 
1 343 445 405 535 20315 0 1 1 digging 
1 366 447 430 537 20316 0 1 1 digging 
1 389 450 456 540 20317 0 1 0 digging 
1 391 452 463 540 20318 0 1 1 digging 
1 394 454 471 540 20319 0 1 1 digging 
1 397 457 479 541 20320 0 1 0 digging 
1 390 459 475 541 20321 0 1 1 digging 
1 383 461 472 542 20322 0 1 1 digging 
1 376 463 469 542 20323 0 1 1 digging 
1 369 465 466 543 20324 0 1 1 digging 
2 69 354 122 476 20305 0 0 0 digging 
2 106 351 159 473 20306 0 0 1 standing 
2 143 349 196 471 20307 0 0 1 standing 
2 181 346 234 469 20308 0 0 1 standing 
2 218 344 271 467 20309 0 0 1 standing 
2 256 342 309 465 20310 0 0 1 standing 
2 293 339 346 462 20311 0 0 1 standing 
2 330 337 383 460 20312 0 0 1 standing 
2 368 334 421 458 20313 0 0 1 standing 
2 405 332 458 456 20314 0 0 1 standing 
2 443 330 496 454 20315 0 0 0 standing 
2 447 330 500 454 20316 0 0 1 standing 
2 452 330 505 454 20317 0 0 1 standing 
2 456 330 509 454 20318 0 0 1 standing 
2 461 330 514 454 20319 0 0 1 standing 
2 465 330 518 454 20320 0 0 1 standing 
2 470 330 523 454 20321 0 0 1 standing 
2 474 330 527 454 20322 0 0 1 standing 
2 479 330 532 454 20323 0 0 1 standing 
2 483 330 536 454 20324 0 0 1 standing 
3 177 279 239 414 20305 0 0 0 standing 
3 214 277 276 412 20306 0 0 1 standing 
3 251 276 313 411 20307 0 0 1 standing 
3 288 274 350 410 20308 0 0 1 standing 
3 325 273 388 408 20309 0 0 1 standing 
3 362 272 425 407 20310 0 0 1 standing 
3 399 270 462 406 20311 0 0 1 standing 
3 436 269 500 404 20312 0 0 1 standing 
3 473 267 537 403 20313 0 0 1 standing 
3 510 266 574 402 20314 0 0 1 standing 
3 548 265 612 401 20315 0 0 0 standing 
3 561 265 625 401 20316 0 0 1 standing 
3 574 265 638 401 20317 0 0 1 standing 
3 587 266 651 402 20318 0 0 1 standing 
3 600 266 664 402 20319 0 0 1 standing 
3 613 267 677 403 20320 0 0 0 standing 
3 611 266 675 402 20321 0 0 1 standing 
3 610 266 674 402 20322 0 0 1 standing 
3 608 266 672 402 20323 0 0 1 standing 
3 607 266 671 402 20324 0 0 1 standing 
4 285 321 360 450 20305 0 0 0 standing 
4 323 320 396 449 20306 0 0 1 standing 
4 361 319 432 448 20307 0 0 1 standing 
4 399 318 468 447 20308 0 0 1 standing 
4 438 317 505 446 20309 0 0 1 standing 
4 476 317 541 446 20310 0 0 1 standing 
4 514 316 577 445 20311 0 0 1 standing 
4 553 315 614 444 20312 0 0 1 standing 
4 591 314 650 443 20313 0 0 1 standing 
4 629 313 686 442 20314 0 0 1 standing 
4 668 313 723 442 20315 0 0 0 standing 
4 673 313 728 442 20316 0 0 1 standing 
4 678 314 733 443 20317 0 0 1 standing 
4 684 314 739 443 20318 0 0 1 standing 
4 689 315 744 444 20319 0 0 1 standing 
4 695 316 750 445 20320 0 0 1 standing 
4 700 316 755 445 20321 0 0 1 standing 
4 705 317 760 446 20322 0 0 1 standing 
4 711 317 766 446 20323 0 0 1 standing 
4 716 318 771 447 20324 0 0 1 standing 
5 312 441 374 574 20305 0 0 0 standing 
5 360 440 424 573 20306 0 0 1 standing 
5 408 440 475 572 20307 0 0 1 standing 
5 457 440 525 571 20308 0 0 1 standing 
5 505 440 576 570 20309 0 0 1 standing 
5 553 440 626 569 20310 0 0 1 standing 
5 602 440 677 568 20311 0 0 1 standing 
5 650 440 727 567 20312 0 0 1 standing 
5 699 440 778 566 20313 0 0 0 standing 
5 734 438 815 564 20314 0 0 1 standing 
5 770 437 853 562 20315 0 0 1 standing 
5 806 435 891 560 20316 0 0 1 standing 
5 842 434 929 559 20317 0 0 0 standing 
5 856 437 945 562 20318 0 0 1 standing 
5 870 440 961 565 20319 0 0 1 standing 
5 884 444 977 569 20320 0 0 0 standing 
5 884 442 978 566 20321 0 0 1 standing 
5 884 440 980 564 20322 0 0 1 standing 
5 884 438 981 561 20323 0 0 1 standing 
5 884 436 983 559 20324 0 0 1 standing 
6 579 318 632 467 20305 0 0 0 standing 
6 618 318 671 467 20306 0 0 1 standing 
6 658 318 711 467 20307 0 0 1 standing 
6 698 319 751 468 20308 0 0 1 standing 
6 737 319 790 468 20309 0 0 1 standing 
6 777 320 830 469 20310 0 0 1 standing 
6 817 320 870 469 20311 0 0 1 standing 
6 856 320 909 469 20312 0 0 1 standing 
6 896 321 949 470 20313 0 0 1 standing 
6 936 321 989 470 20314 0 0 1 standing 
6 976 322 1029 471 20315 0 0 0 standing 
6 997 323 1050 472 20316 0 0 1 standing 
6 1019 324 1072 473 20317 0 0 1 standing 
6 1041 326 1094 475 20318 0 0 0 standing 
6 1041 327 1094 476 20319 0 0 1 standing 
6 1041 328 1094 477 20320 0 0 1 standing 
6 1041 329 1094 479 20321 0 0 1 standing 
6 1041 331 1094 480 20322 0 0 1 standing 
6 1041 332 1094 482 20323 0 0 1 standing 
6 1041 333 1094 483 20324 0 0 1 standing 
7 584 352 647 509 20305 0 0 0 standing 
7 622 352 686 509 20306 0 0 1 standing 
7 661 353 725 509 20307 0 0 1 standing 
7 700 353 764 509 20308 0 0 1 standing 
7 739 354 803 510 20309 0 0 1 standing 
7 778 354 842 510 20310 0 0 1 standing 
7 817 355 881 510 20311 0 0 1 standing 
7 856 355 920 511 20312 0 0 1 standing 
7 895 356 959 511 20313 0 0 1 standing 
7 934 356 998 511 20314 0 0 1 standing 
7 973 357 1038 512 20315 0 0 0 standing 
7 993 357 1058 512 20316 0 0 1 standing 
7 1013 358 1078 513 20317 0 0 1 standing 
7 1033 359 1098 514 20318 0 0 0 standing 
7 1035 359 1100 514 20319 0 0 1 standing 
7 1038 359 1103 515 20320 0 0 1 standing 
7 1041 360 1106 516 20321 0 0 1 standing 
7 1043 360 1108 516 20322 0 0 1 standing 
7 1046 361 1111 517 20323 0 0 1 standing 
7 1049 361 1114 518 20324 0 0 1 standing 
8 605 374 677 532 20305 0 0 0 standing 
8 644 375 714 533 20306 0 0 1 standing 
8 684 376 752 535 20307 0 0 1 standing 
8 724 377 790 536 20308 0 0 1 standing 
8 764 379 828 538 20309 0 0 1 standing 
8 804 380 866 540 20310 0 0 1 standing 
8 843 381 904 541 20311 0 0 1 standing 
8 883 383 942 543 20312 0 0 1 standing 
8 923 384 980 544 20313 0 0 1 standing 
8 963 385 1018 546 20314 0 0 1 standing 
8 1003 387 1056 548 20315 0 0 0 standing 
8 1022 387 1074 548 20316 0 0 1 standing 
8 1041 388 1092 549 20317 0 0 1 standing 
8 1060 389 1111 550 20318 0 0 0 standing 
8 1061 390 1111 551 20319 0 0 1 standing 
8 1062 391 1112 552 20320 0 0 1 standing 
8 1063 392 1113 553 20321 0 0 1 standing 
8 1065 393 1113 554 20322 0 0 1 standing 
8 1066 394 1114 555 20323 0 0 1 standing 
8 1067 395 1115 556 20324 0 0 1 standing 
9 814 339 863 479 20305 0 0 0 standing 
9 855 339 904 479 20306 0 0 1 standing 
9 896 339 945 479 20307 0 0 1 standing 
9 938 340 987 480 20308 0 0 1 standing 
9 979 340 1028 480 20309 0 0 1 standing 
9 1021 341 1070 481 20310 0 0 1 standing 
9 1062 341 1111 481 20311 0 0 1 standing 
9 1103 341 1152 481 20312 0 0 1 standing 
9 1145 342 1194 482 20313 0 0 1 standing 
9 1186 342 1235 482 20314 0 0 1 standing 
9 1228 343 1277 483 20315 1 0 0 standing 
9 1228 343 1277 483 20316 1 0 1 standing 
9 1228 343 1277 483 20317 1 0 1 standing 
9 1228 343 1277 483 20318 1 0 1 standing 
9 1228 343 1277 483 20319 1 0 1 standing 
9 1228 343 1277 483 20320 1 0 1 standing 
9 1228 343 1277 483 20321 1 0 1 standing 
9 1228 343 1277 483 20322 1 0 1 standing 
9 1228 343 1277 483 20323 1 0 1 standing 
9 1228 343 1277 483 20324 1 0 1 standing 
10 900 386 940 540 20305 0 0 0 standing 
10 942 388 982 542 20306 0 0 1 standing 
10 985 390 1025 544 20307 0 0 1 standing 
10 1027 392 1067 546 20308 0 0 1 standing 
10 1070 394 1110 548 20309 0 0 1 standing 
10 1113 396 1152 550 20310 0 0 1 standing 
10 1155 398 1195 552 20311 0 0 1 standing 
10 1198 400 1237 554 20312 0 0 1 standing 
10 1241 403 1280 557 20313 1 0 0 standing 
10 1241 403 1280 557 20314 1 0 1 standing 
10 1241 403 1280 557 20315 1 0 1 standing 
10 1241 403 1280 557 20316 1 0 0 standing 
10 1241 403 1280 557 20317 1 0 1 standing 
10 1241 403 1280 557 20318 1 0 1 standing 
10 1241 403 1280 557 20319 1 0 1 standing 
10 1241 403 1280 557 20320 1 0 1 standing 
10 1241 403 1280 557 20321 1 0 1 standing 
10 1241 403 1280 557 20322 1 0 1 standing 
10 1241 403 1280 557 20323 1 0 1 standing 
10 1241 403 1280 557 20324 1 0 1 standing 
11 1065 351 1146 477 20305 0 0 0 standing 
11 1109 353 1182 479 20306 0 0 1 standing 
11 1154 355 1219 481 20307 0 0 1 standing 
11 1199 358 1256 483 20308 1 0 0 standing 
11 1202 364 1259 489 20309 1 0 1 standing 
11 1205 371 1262 496 20310 1 0 1 standing 
11 1208 378 1265 503 20311 1 0 1 standing 
11 1212 384 1269 509 20312 1 0 1 standing 
11 1215 391 1272 516 20313 1 0 1 standing 
11 1218 398 1275 523 20314 1 0 1 standing 
11 1222 405 1279 530 20315 1 0 0 standing 
11 1222 405 1279 530 20316 1 0 1 standing 
11 1222 405 1279 530 20317 1 0 1 standing 
11 1222 405 1279 530 20318 1 0 1 standing 
11 1222 405 1279 530 20319 1 0 1 standing 
11 1222 405 1279 530 20320 1 0 1 standing 
11 1222 405 1279 530 20321 1 0 1 standing 
11 1222 405 1279 530 20322 1 0 1 standing 
11 1222 405 1279 530 20323 1 0 1 standing 
11 1222 405 1279 530 20324 1 0 1 standing 
