0 140 476 195 559 114520 0 1 0 digging 
0 175 472 233 561 114521 0 1 1 digging 
0 210 468 272 563 114522 0 1 1 digging 
0 245 464 310 565 114523 0 1 1 digging 
0 280 460 349 567 114524 0 1 1 digging 
0 315 457 388 569 114525 0 1 0 digging 
0 350 453 419 567 114526 0 1 1 digging 
0 385 450 450 565 114527 0 1 1 digging 
0 420 446 482 563 114528 0 1 1 digging 
0 455 443 513 561 114529 0 1 1 digging 
0 491 440 545 559 114530 0 1 0 digging 
0 508 440 560 556 114531 0 1 1 digging 
0 525 440 576 553 114532 0 1 1 digging 
0 542 440 592 550 114533 0 1 1 digging 
0 560 441 608 548 114534 0 1 0 digging 
0 559 442 607 546 114535 0 1 1 digging 
0 559 444 606 545 114536 0 1 1 digging 
0 558 446 605 544 114537 0 1 1 digging 
0 558 447 604 542 114538 0 1 1 digging 
0 557 449 603 541 114539 0 1 1 digging 
1 210 421 263 544 114520 0 1 0 digging 
1 246 420 299 542 114521 0 1 1 standing 
1 282 419 335 541 114522 0 1 1 standing 
1 318 418 372 540 114523 0 1 1 standing 
1 354 417 408 539 114524 0 1 1 standing 
1 390 417 445 538 114525 0 1 0 standing 
1 419 416 473 537 114526 0 1 1 standing 
1 448 415 501 536 114527 0 1 1 standing 
1 477 414 529 536 114528 0 1 1 standing 
1 506 413 557 535 114529 0 1 1 standing 
1 535 413 585 535 114530 0 1 0 standing 
1 551 412 601 535 114531 0 1 1 standing 
1 567 412 617 535 114532 0 1 1 standing 
1 583 412 633 535 114533 0 1 1 standing 
1 599 412 650 536 114534 0 1 0 standing 
1 599 413 650 537 114535 0 1 1 standing 
1 599 415 650 538 114536 0 1 1 standing 
1 599 417 651 539 114537 0 1 1 standing 
1 599 418 651 540 114538 0 1 1 standing 
1 599 420 651 541 114539 0 1 1 standing 
2 1175 458 1227 595 114520 1 0 0 standing 
2 1175 458 1227 595 114521 1 0 1 standing 
2 1175 458 1227 595 114522 1 0 1 standing 
2 1175 458 1227 595 114523 1 0 0 standing 
2 1175 458 1227 595 114524 1 0 1 standing 
2 1175 458 1227 595 114525 1 0 1 standing 
2 1175 458 1227 595 114526 1 0 1 standing 
2 1175 458 1227 595 114527 1 0 1 standing 
2 1175 458 1227 595 114528 1 0 1 standing 
2 1175 458 1227 595 114529 1 0 1 standing 
2 1175 458 1227 595 114530 1 0 1 standing 
2 1175 458 1227 595 114531 1 0 1 standing 
2 1175 458 1227 595 114532 1 0 1 standing 
2 1175 458 1227 595 114533 1 0 1 standing 
2 1175 458 1227 595 114534 1 0 1 standing 
2 1175 458 1227 595 114535 1 0 1 standing 
2 1175 458 1227 595 114536 1 0 1 standing 
2 1175 458 1227 595 114537 1 0 1 standing 
2 1175 458 1227 595 114538 1 0 1 standing 
2 1175 458 1227 595 114539 1 0 1 standing 
3 982 499 1050 613 114520 0 0 0 standing 
3 1016 501 1084 615 114521 0 0 1 standing 
3 1051 503 1119 617 114522 0 0 1 standing 
3 1086 505 1154 619 114523 0 0 0 standing 
3 1125 507 1193 621 114524 0 0 1 standing 
3 1164 509 1232 623 114525 0 0 1 standing 
3 1203 512 1271 625 114526 1 0 0 standing 
3 1203 512 1271 625 114527 1 0 1 standing 
3 1203 512 1271 625 114528 1 0 1 standing 
3 1203 512 1271 625 114529 1 0 0 standing 
3 1203 512 1271 625 114530 1 0 1 standing 
3 1203 512 1271 625 114531 1 0 1 standing 
3 1203 512 1271 625 114532 1 0 1 standing 
3 1203 512 1271 625 114533 1 0 1 standing 
3 1203 512 1271 625 114534 1 0 1 standing 
3 1203 512 1271 625 114535 1 0 1 standing 
3 1203 512 1271 625 114536 1 0 1 standing 
3 1203 512 1271 625 114537 1 0 1 standing 
3 1203 512 1271 625 114538 1 0 1 standing 
3 1203 512 1271 625 114539 1 0 1 standing 
4 843 429 878 560 114520 0 0 0 standing 
4 878 430 913 561 114521 0 0 1 standing 
4 914 431 949 562 114522 0 0 1 standing 
4 950 432 985 563 114523 0 0 0 standing 
4 985 433 1020 564 114524 0 0 1 standing 
4 1020 434 1055 565 114525 0 0 1 standing 
4 1056 435 1091 566 114526 0 0 0 standing 
4 1091 435 1126 566 114527 0 0 1 standing 
4 1126 435 1161 566 114528 0 0 1 standing 
4 1162 435 1197 566 114529 0 0 0 standing 
4 1186 436 1223 567 114530 0 0 1 standing 
4 1211 437 1250 569 114531 0 0 1 standing 
4 1236 439 1277 571 114532 1 0 0 standing 
4 1236 439 1277 571 114533 1 0 1 standing 
4 1236 439 1277 571 114534 1 0 1 standing 
4 1236 439 1277 571 114535 1 0 0 standing 
4 1236 439 1277 571 114536 1 0 1 standing 
4 1236 439 1277 571 114537 1 0 1 standing 
4 1236 439 1277 571 114538 1 0 1 standing 
4 1236 439 1277 571 114539 1 0 1 standing 
5 644 459 700 608 114520 0 0 0 standing 
5 679 459 735 608 114521 0 0 1 standing 
5 715 459 771 608 114522 0 0 1 standing 
5 751 460 807 609 114523 0 0 0 standing 
5 785 461 841 610 114524 0 0 1 standing 
5 820 462 876 611 114525 0 0 1 standing 
5 855 463 911 612 114526 0 0 0 standing 
5 887 462 943 611 114527 0 0 1 standing 
5 919 461 975 610 114528 0 0 1 standing 
5 952 461 1008 610 114529 0 0 0 standing 
5 979 462 1032 611 114530 0 0 1 standing 
5 1006 463 1056 612 114531 0 0 1 standing 
5 1033 465 1080 614 114532 0 0 0 standing 
5 1044 467 1091 616 114533 0 0 1 standing 
5 1056 469 1103 618 114534 0 0 1 standing 
5 1068 471 1115 620 114535 0 0 0 standing 
5 1068 470 1115 619 114536 0 0 1 standing 
5 1068 469 1115 618 114537 0 0 1 standing 
5 1068 469 1115 618 114538 0 0 1 standing 
5 1068 468 1115 617 114539 0 0 1 standing 
6 644 430 705 570 114520 0 0 0 standing 
6 678 430 739 570 114521 0 0 1 standing 
6 712 430 773 570 114522 0 0 1 standing 
6 747 430 808 570 114523 0 0 0 standing 
6 783 431 844 571 114524 0 0 1 standing 
6 819 432 880 572 114525 0 0 1 standing 
6 855 433 916 574 114526 0 0 0 standing 
6 888 432 949 573 114527 0 0 1 standing 
6 921 432 982 572 114528 0 0 1 standing 
6 954 432 1015 572 114529 0 0 0 standing 
6 977 430 1038 576 114530 0 0 1 standing 
6 1001 428 1062 580 114531 0 0 1 standing 
6 1025 427 1086 585 114532 0 0 0 standing 
6 1037 428 1099 586 114533 0 0 1 standing 
6 1050 429 1112 587 114534 0 0 1 standing 
6 1063 430 1125 588 114535 0 0 0 standing 
6 1061 428 1123 587 114536 0 0 1 standing 
6 1060 427 1122 586 114537 0 0 1 standing 
6 1058 426 1120 585 114538 0 0 1 standing 
6 1057 425 1119 584 114539 0 0 1 standing 
7 662 412 726 558 114520 0 0 0 standing 
7 694 411 758 555 114521 0 0 1 standing 
7 726 410 790 552 114522 0 0 1 standing 
7 758 409 822 550 114523 0 0 0 standing 
7 795 410 855 551 114524 0 0 1 standing 
7 832 412 889 552 114525 0 0 1 standing 
7 870 414 923 553 114526 0 0 0 standing 
7 901 415 954 554 114527 0 0 1 standing 
7 933 416 986 555 114528 0 0 1 standing 
7 965 417 1018 556 114529 0 0 0 standing 
7 991 416 1044 555 114530 0 0 1 standing 
7 1017 415 1070 554 114531 0 0 1 standing 
7 1043 414 1096 553 114532 0 0 0 standing 
7 1053 413 1106 552 114533 0 0 1 standing 
7 1063 412 1116 551 114534 0 0 1 standing 
7 1073 411 1126 551 114535 0 0 0 standing 
7 1071 409 1124 549 114536 0 0 1 standing 
7 1069 408 1122 548 114537 0 0 1 standing 
7 1068 406 1121 546 114538 0 0 1 standing 
7 1066 405 1119 545 114539 0 0 1 standing 
8 95 507 154 635 114520 0 0 0 standing 
8 132 503 191 631 114521 0 0 1 digging 
8 169 499 228 627 114522 0 0 1 digging 
8 207 495 266 623 114523 0 0 0 digging 
8 244 490 300 622 114524 0 0 1 digging 
8 281 485 334 621 114525 0 0 1 digging 
8 319 481 369 621 114526 0 0 0 digging 
8 351 474 401 616 114527 0 0 1 digging 
8 383 468 433 612 114528 0 0 1 digging 
8 415 462 465 608 114529 0 0 0 digging 
8 436 457 488 602 114530 0 0 1 digging 
8 457 452 511 597 114531 0 0 1 digging 
8 478 447 534 592 114532 0 0 0 digging 
8 488 446 544 587 114533 0 0 1 digging 
8 498 445 554 582 114534 0 0 1 digging 
8 509 445 565 577 114535 0 0 0 digging 
8 508 444 564 576 114536 0 0 1 digging 
8 507 444 563 576 114537 0 0 1 digging 
8 506 444 562 575 114538 0 0 1 digging 
8 505 444 561 575 114539 0 0 1 digging 
9 313 517 399 660 114520 0 0 0 digging 
9 342 516 432 659 114521 0 0 1 moving 
9 371 515 465 658 114522 0 0 1 moving 
9 401 514 499 657 114523 0 0 0 moving 
9 434 511 525 654 114524 0 0 1 moving 
9 467 508 552 651 114525 0 0 1 moving 
9 500 505 579 648 114526 0 0 0 moving 
9 531 503 603 646 114527 0 0 1 moving 
9 563 501 627 644 114528 0 0 1 moving 
9 595 499 651 643 114529 0 0 0 moving 
9 618 497 674 641 114530 0 0 1 moving 
9 642 496 698 639 114531 0 0 1 moving 
9 666 495 722 638 114532 0 0 0 moving 
9 675 489 733 632 114533 0 0 1 moving 
9 684 483 744 627 114534 0 0 1 moving 
9 694 478 756 622 114535 0 0 0 moving 
9 696 475 756 619 114536 0 0 1 moving 
9 698 472 756 616 114537 0 0 1 moving 
9 700 470 756 613 114538 0 0 1 moving 
9 702 467 756 610 114539 0 0 1 moving 
10 417 513 473 664 114520 0 0 0 moving 
10 444 510 501 663 114521 0 0 1 moving 
10 471 507 530 663 114522 0 0 1 moving 
10 498 505 559 663 114523 0 0 0 moving 
10 523 507 587 665 114524 0 0 1 moving 
10 548 509 616 667 114525 0 0 1 moving 
10 574 511 645 669 114526 0 0 0 moving 
10 591 514 672 672 114527 0 0 1 moving 
10 608 517 699 675 114528 0 0 1 moving 
10 625 520 726 678 114529 0 0 0 moving 
10 645 521 746 679 114530 0 0 1 moving 
10 665 522 766 680 114531 0 0 1 moving 
10 686 523 787 681 114532 0 0 0 moving 
10 694 521 785 679 114533 0 0 1 moving 
10 702 519 783 677 114534 0 0 1 moving 
10 710 518 781 676 114535 0 0 0 moving 
10 699 519 773 675 114536 0 0 1 moving 
10 688 520 765 674 114537 0 0 1 moving 
10 677 521 757 673 114538 0 0 1 moving 
10 666 522 749 672 114539 0 0 1 moving 
11 536 477 624 619 114520 0 0 0 moving 
11 573 476 661 618 114521 0 0 1 standing 
11 610 475 698 618 114522 0 0 1 standing 
11 647 475 735 618 114523 0 0 0 standing 
11 683 476 772 618 114524 0 0 1 standing 
11 720 477 809 618 114525 0 0 1 standing 
11 757 478 846 618 114526 0 0 0 standing 
11 797 479 878 618 114527 0 0 1 standing 
11 837 480 910 618 114528 0 0 1 standing 
11 878 481 943 618 114529 0 0 0 standing 
11 902 480 967 617 114530 0 0 1 standing 
11 926 479 991 616 114531 0 0 1 standing 
11 950 478 1015 615 114532 0 0 0 standing 
11 960 475 1025 615 114533 0 0 1 standing 
11 971 473 1036 616 114534 0 0 1 standing 
11 982 471 1047 617 114535 0 0 0 standing 
11 980 470 1046 614 114536 0 0 1 standing 
11 978 469 1045 612 114537 0 0 1 standing 
11 976 468 1045 610 114538 0 0 1 standing 
11 974 467 1044 608 114539 0 0 1 standing 
