0 961 428 1005 519 34075 0 1 0 digging 
0 960 424 1004 516 34076 0 1 1 digging 
0 959 421 1003 514 34077 0 1 1 digging 
0 959 417 1002 511 34078 0 1 1 digging 
0 958 414 1001 509 34079 0 1 1 digging 
0 958 411 1000 507 34080 0 1 1 digging 
0 957 407 999 504 34081 0 1 1 digging 
0 956 404 998 502 34082 0 1 1 digging 
0 956 400 997 499 34083 0 1 1 digging 
0 955 397 996 497 34084 0 1 1 digging 
0 955 394 996 495 34085 0 1 0 digging 
0 957 394 998 495 34086 0 1 1 digging 
0 959 394 1000 496 34087 0 1 1 digging 
0 962 395 1003 496 34088 0 1 1 digging 
0 964 395 1005 497 34089 0 1 1 digging 
0 967 396 1008 497 34090 0 1 1 digging 
0 969 396 1010 498 34091 0 1 1 digging 
0 972 397 1013 498 34092 0 1 1 digging 
0 974 397 1015 499 34093 0 1 1 digging 
0 977 398 1018 500 34094 0 1 0 digging 
1 130 408 180 510 34075 0 0 0 digging 
1 129 407 179 510 34076 0 0 1 standing 
1 129 407 179 511 34077 0 0 1 standing 
1 128 406 178 512 34078 0 0 1 standing 
1 128 406 178 512 34079 0 0 1 standing 
1 127 405 177 513 34080 0 0 1 standing 
1 127 405 177 514 34081 0 0 1 standing 
1 126 405 176 514 34082 0 0 1 standing 
1 126 404 176 515 34083 0 0 1 standing 
1 125 404 175 516 34084 0 0 1 standing 
1 125 403 175 516 34085 0 0 1 standing 
1 124 403 174 517 34086 0 0 1 standing 
1 124 403 174 518 34087 0 0 0 standing 
1 125 404 175 519 34088 0 0 1 standing 
1 126 405 176 520 34089 0 0 1 standing 
1 127 407 178 521 34090 0 0 0 standing 
1 128 406 178 521 34091 0 0 1 standing 
1 129 405 178 521 34092 0 0 1 standing 
1 130 405 178 521 34093 0 0 1 standing 
1 131 404 178 521 34094 0 0 1 standing 
2 379 422 419 521 34075 0 0 0 standing 
2 375 420 414 519 34076 0 0 1 standing 
2 371 419 410 517 34077 0 0 1 standing 
2 367 417 406 515 34078 0 0 1 standing 
2 363 416 402 513 34079 0 0 1 standing 
2 359 414 398 511 34080 0 0 1 standing 
2 355 413 394 509 34081 0 0 1 standing 
2 351 411 390 507 34082 0 0 1 standing 
2 347 410 386 505 34083 0 0 1 standing 
2 344 409 382 504 34084 0 0 0 standing 
2 341 408 379 503 34085 0 0 1 standing 
2 338 407 376 503 34086 0 0 1 standing 
2 335 406 373 503 34087 0 0 1 standing 
2 332 405 370 502 34088 0 0 1 standing 
2 329 404 367 502 34089 0 0 1 standing 
2 326 403 365 502 34090 0 0 0 standing 
2 323 402 362 502 34091 0 0 1 standing 
2 320 402 360 502 34092 0 0 1 standing 
2 318 401 357 502 34093 0 0 1 standing 
2 315 401 355 502 34094 0 0 1 standing 
3 311 512 378 608 34075 0 0 0 standing 
3 306 510 373 607 34076 0 0 1 waiting 
3 302 509 369 606 34077 0 0 1 waiting 
3 298 507 365 606 34078 0 0 1 waiting 
3 294 506 361 605 34079 0 0 1 waiting 
3 289 504 356 604 34080 0 0 1 waiting 
3 285 503 352 604 34081 0 0 1 waiting 
3 281 501 348 603 34082 0 0 1 waiting 
3 277 500 344 602 34083 0 0 1 waiting 
3 273 499 340 602 34084 0 0 0 waiting 
3 268 498 337 603 34085 0 0 1 waiting 
3 264 498 334 604 34086 0 0 1 waiting 
3 260 498 331 605 34087 0 0 0 waiting 
3 256 498 328 603 34088 0 0 1 waiting 
3 252 498 325 602 34089 0 0 1 waiting 
3 248 498 322 601 34090 0 0 0 waiting 
3 247 498 320 603 34091 0 0 1 waiting 
3 246 498 318 605 34092 0 0 1 waiting 
3 245 498 316 608 34093 0 0 0 waiting 
3 244 498 315 606 34094 0 0 1 waiting 
4 556 464 597 588 34075 0 0 0 waiting 
4 552 464 593 588 34076 0 0 1 standing 
4 549 464 590 588 34077 0 0 1 standing 
4 546 464 587 588 34078 0 0 1 standing 
4 542 464 583 588 34079 0 0 1 standing 
4 539 464 580 588 34080 0 0 1 standing 
4 536 464 577 588 34081 0 0 1 standing 
4 532 464 573 588 34082 0 0 1 standing 
4 529 464 570 588 34083 0 0 1 standing 
4 526 464 567 588 34084 0 0 1 standing 
4 523 464 564 589 34085 0 0 0 standing 
4 521 464 562 590 34086 0 0 1 standing 
4 520 464 561 591 34087 0 0 1 standing 
4 519 464 559 592 34088 0 0 1 standing 
4 517 464 558 593 34089 0 0 1 standing 
4 516 464 557 594 34090 0 0 1 standing 
4 515 464 555 595 34091 0 0 1 standing 
4 513 464 554 596 34092 0 0 1 standing 
4 512 464 552 597 34093 0 0 1 standing 
4 511 464 551 598 34094 0 0 1 standing 
5 588 444 630 560 34075 0 0 0 standing 
5 584 442 626 558 34076 0 0 1 blocking 
5 581 440 623 556 34077 0 0 1 blocking 
5 578 438 620 554 34078 0 0 1 blocking 
5 574 437 616 553 34079 0 0 1 blocking 
5 571 435 613 551 34080 0 0 1 blocking 
5 568 433 610 549 34081 0 0 1 blocking 
5 564 432 606 548 34082 0 0 1 blocking 
5 561 430 603 546 34083 0 0 1 blocking 
5 558 428 600 544 34084 0 0 1 blocking 
5 555 427 597 543 34085 0 0 0 blocking 
5 553 427 595 543 34086 0 0 1 blocking 
5 551 427 593 543 34087 0 0 1 blocking 
5 549 427 591 543 34088 0 0 1 blocking 
5 547 427 589 543 34089 0 0 1 blocking 
5 545 427 587 543 34090 0 0 1 blocking 
5 543 427 585 543 34091 0 0 1 blocking 
5 541 427 583 543 34092 0 0 1 blocking 
5 539 427 581 543 34093 0 0 1 blocking 
5 537 427 579 543 34094 0 0 1 blocking 
6 574 431 604 546 34075 0 0 0 blocking 
6 570 429 600 544 34076 0 0 1 standing 
6 566 428 596 543 34077 0 0 1 standing 
6 562 427 592 542 34078 0 0 1 standing 
6 558 426 588 541 34079 0 0 1 standing 
6 554 425 584 540 34080 0 0 1 standing 
6 550 423 580 538 34081 0 0 1 standing 
6 546 422 576 537 34082 0 0 1 standing 
6 542 421 572 536 34083 0 0 1 standing 
6 538 420 568 535 34084 0 0 1 standing 
6 534 419 564 534 34085 0 0 0 standing 
6 532 418 562 533 34086 0 0 1 standing 
6 530 418 560 533 34087 0 0 1 standing 
6 528 418 558 533 34088 0 0 1 standing 
6 526 417 556 532 34089 0 0 1 standing 
6 524 417 554 532 34090 0 0 1 standing 
6 522 417 552 532 34091 0 0 1 standing 
6 520 416 550 531 34092 0 0 1 standing 
6 518 416 548 531 34093 0 0 1 standing 
6 516 416 546 531 34094 0 0 1 standing 
7 667 452 705 566 34075 0 0 0 standing 
7 663 449 701 563 34076 0 0 1 standing 
7 660 446 698 560 34077 0 0 1 standing 
7 656 443 695 557 34078 0 0 1 standing 
7 653 441 692 555 34079 0 0 1 standing 
7 650 438 689 552 34080 0 0 1 standing 
7 646 435 685 549 34081 0 0 1 standing 
7 643 433 682 547 34082 0 0 1 standing 
7 639 430 679 544 34083 0 0 1 standing 
7 636 427 676 541 34084 0 0 1 standing 
7 633 425 673 539 34085 0 0 0 standing 
7 629 424 670 538 34086 0 0 1 standing 
7 626 423 668 537 34087 0 0 1 standing 
7 622 422 666 537 34088 0 0 1 standing 
7 619 421 664 536 34089 0 0 1 standing 
7 616 420 662 536 34090 0 0 0 standing 
7 614 421 659 536 34091 0 0 1 standing 
7 613 422 657 537 34092 0 0 1 standing 
7 612 423 654 537 34093 0 0 1 standing 
7 611 424 652 538 34094 0 0 1 standing 
8 833 473 881 597 34075 0 0 0 standing 
8 831 471 880 594 34076 0 0 1 standing 
8 830 470 880 592 34077 0 0 1 standing 
8 828 469 880 590 34078 0 0 1 standing 
8 827 468 879 588 34079 0 0 1 standing 
8 825 467 879 586 34080 0 0 1 standing 
8 824 466 879 584 34081 0 0 0 standing 
8 822 463 874 581 34082 0 0 1 standing 
8 820 460 870 579 34083 0 0 1 standing 
8 818 458 866 577 34084 0 0 0 standing 
8 814 454 863 575 34085 0 0 1 standing 
8 810 450 860 573 34086 0 0 1 standing 
8 807 446 858 572 34087 0 0 0 standing 
8 803 445 856 570 34088 0 0 1 standing 
8 800 444 854 568 34089 0 0 1 standing 
8 797 443 852 567 34090 0 0 0 standing 
8 794 444 850 565 34091 0 0 1 standing 
8 791 446 848 564 34092 0 0 1 standing 
8 788 447 846 563 34093 0 0 1 standing 
8 786 449 845 562 34094 0 0 0 standing 
9 1008 451 1049 541 34075 0 0 0 standing 
9 1006 448 1048 539 34076 0 0 1 standing 
9 1005 446 1047 537 34077 0 0 1 standing 
9 1004 444 1047 535 34078 0 0 1 standing 
9 1003 441 1046 533 34079 0 0 1 standing 
9 1001 439 1046 531 34080 0 0 1 standing 
9 1000 437 1045 529 34081 0 0 1 standing 
9 999 434 1045 527 34082 0 0 1 standing 
9 998 432 1044 525 34083 0 0 1 standing 
9 997 430 1044 524 34084 0 0 0 standing 
9 995 426 1043 522 34085 0 0 1 standing 
9 994 422 1042 520 34086 0 0 1 standing 
9 993 419 1041 518 34087 0 0 0 standing 
9 992 419 1042 518 34088 0 0 1 standing 
9 991 420 1043 518 34089 0 0 1 standing 
9 990 421 1045 518 34090 0 0 1 standing 
9 989 422 1046 519 34091 0 0 1 standing 
9 988 423 1048 519 34092 0 0 1 standing 
9 987 424 1049 519 34093 0 0 1 standing 
9 986 425 1051 520 34094 0 0 0 standing 
10 1044 482 1091 583 34075 0 0 0 standing 
10 1043 480 1092 582 34076 0 0 1 standing 
10 1042 478 1093 581 34077 0 0 1 standing 
10 1041 477 1095 581 34078 0 0 1 standing 
10 1040 475 1096 580 34079 0 0 1 standing 
10 1039 474 1097 580 34080 0 0 1 standing 
10 1038 472 1099 579 34081 0 0 1 standing 
10 1037 471 1100 579 34082 0 0 1 standing 
10 1036 469 1101 578 34083 0 0 1 standing 
10 1036 468 1103 578 34084 0 0 0 standing 
10 1034 466 1099 576 34085 0 0 1 standing 
10 1033 465 1096 574 34086 0 0 1 standing 
10 1032 464 1093 572 34087 0 0 1 standing 
10 1030 462 1089 570 34088 0 0 1 standing 
10 1029 461 1086 568 34089 0 0 1 standing 
10 1028 460 1083 567 34090 0 0 0 standing 
10 1027 461 1082 566 34091 0 0 1 standing 
10 1026 462 1082 566 34092 0 0 1 standing 
10 1025 463 1082 566 34093 0 0 1 standing 
10 1024 464 1082 566 34094 0 0 0 standing 
11 1020 543 1068 674 34075 0 0 0 standing 
11 1019 542 1070 675 34076 0 0 1 standing 
11 1018 542 1073 676 34077 0 0 1 standing 
11 1018 542 1076 678 34078 0 0 1 standing 
11 1017 542 1079 679 34079 0 0 1 standing 
11 1016 541 1081 681 34080 0 0 1 standing 
11 1016 541 1084 682 34081 0 0 1 standing 
11 1015 541 1087 684 34082 0 0 1 standing 
11 1014 541 1090 685 34083 0 0 1 standing 
11 1014 541 1093 687 34084 0 0 0 standing 
11 1016 542 1094 688 34085 0 0 1 standing 
11 1018 543 1095 689 34086 0 0 1 standing 
11 1021 544 1096 690 34087 0 0 0 standing 
11 1021 543 1093 689 34088 0 0 1 standing 
11 1021 543 1091 688 34089 0 0 1 standing 
11 1021 542 1089 688 34090 0 0 1 standing 
11 1021 542 1087 687 34091 0 0 1 standing 
11 1021 541 1085 687 34092 0 0 1 standing 
11 1021 541 1083 686 34093 0 0 1 standing 
11 1022 541 1081 686 34094 0 0 0 standing 
