0 274 413 333 591 44805 0 1 0 spiking 
0 274 408 336 583 44806 0 1 1 spiking 
0 275 403 340 575 44807 0 1 1 spiking 
0 276 398 344 567 44808 0 1 1 spiking 
0 277 393 348 559 44809 0 1 1 spiking 
0 278 388 352 551 44810 0 1 1 spiking 
0 279 383 356 544 44811 0 1 0 spiking 
0 280 387 360 541 44812 0 1 1 spiking 
0 281 391 364 539 44813 0 1 1 spiking 
0 282 395 368 537 44814 0 1 1 spiking 
0 284 400 372 535 44815 0 1 0 spiking 
0 283 406 370 540 44816 0 1 1 spiking 
0 283 413 368 546 44817 0 1 1 spiking 
0 283 419 366 552 44818 0 1 1 spiking 
0 282 426 364 558 44819 0 1 1 spiking 
0 282 432 362 564 44820 0 1 1 spiking 
0 282 439 360 570 44821 0 1 0 spiking 
0 277 442 353 573 44822 0 1 1 spiking 
0 272 445 347 576 44823 0 1 1 spiking 
0 267 448 340 579 44824 0 1 1 spiking 
1 641 446 691 578 44805 0 1 0 spiking 
1 635 436 684 572 44806 0 1 1 blocking 
1 629 427 678 567 44807 0 1 1 blocking 
1 623 418 672 562 44808 0 1 1 blocking 
1 617 408 666 557 44809 0 1 1 blocking 
1 611 399 660 552 44810 0 1 1 blocking 
1 605 390 653 547 44811 0 1 1 blocking 
1 599 380 647 542 44812 0 1 1 blocking 
1 593 371 641 537 44813 0 1 1 blocking 
1 587 362 635 532 44814 0 1 1 blocking 
1 582 353 629 527 44815 0 1 0 blocking 
1 574 358 621 528 44816 0 1 1 blocking 
1 566 363 613 529 44817 0 1 1 blocking 
1 558 369 605 530 44818 0 1 1 blocking 
1 550 374 597 531 44819 0 1 1 blocking 
1 543 380 589 533 44820 0 1 1 blocking 
1 535 385 581 534 44821 0 1 1 blocking 
1 527 390 573 535 44822 0 1 1 blocking 
1 519 396 565 536 44823 0 1 1 blocking 
1 511 401 557 537 44824 0 1 1 blocking 
2 647 384 693 530 44805 0 1 0 blocking 
2 640 379 686 526 44806 0 1 1 blocking 
2 633 375 680 522 44807 0 1 1 blocking 
2 626 371 674 518 44808 0 1 1 blocking 
2 619 366 667 514 44809 0 1 1 blocking 
2 612 362 661 510 44810 0 1 1 blocking 
2 605 358 655 506 44811 0 1 1 blocking 
2 598 353 648 502 44812 0 1 1 blocking 
2 591 349 642 498 44813 0 1 1 blocking 
2 584 345 636 494 44814 0 1 1 blocking 
2 578 341 630 490 44815 0 1 0 blocking 
2 570 344 622 493 44816 0 1 1 blocking 
2 563 347 615 497 44817 0 1 1 blocking 
2 556 351 608 500 44818 0 1 1 blocking 
2 548 354 600 504 44819 0 1 1 blocking 
2 541 358 593 507 44820 0 1 1 blocking 
2 534 361 586 511 44821 0 1 1 blocking 
2 526 364 578 514 44822 0 1 1 blocking 
2 519 368 571 518 44823 0 1 1 blocking 
2 512 371 564 521 44824 0 1 1 blocking 
3 257 392 345 516 44805 0 0 0 blocking 
3 256 392 333 515 44806 0 0 1 standing 
3 256 392 321 515 44807 0 0 1 standing 
3 256 392 310 515 44808 0 0 0 standing 
3 251 395 305 518 44809 0 0 1 standing 
3 247 398 300 521 44810 0 0 1 standing 
3 243 401 296 524 44811 0 0 0 standing 
3 235 400 288 525 44812 0 0 1 standing 
3 227 399 280 527 44813 0 0 1 standing 
3 220 399 272 529 44814 0 0 0 standing 
3 210 399 263 530 44815 0 0 1 standing 
3 201 399 254 531 44816 0 0 1 standing 
3 192 399 245 532 44817 0 0 0 standing 
3 183 397 237 531 44818 0 0 1 standing 
3 175 395 229 530 44819 0 0 1 standing 
3 167 394 221 529 44820 0 0 0 standing 
3 160 394 213 529 44821 0 0 1 standing 
3 154 394 206 530 44822 0 0 1 standing 
3 147 394 199 531 44823 0 0 1 standing 
3 141 394 192 532 44824 0 0 1 standing 
4 331 375 388 499 44805 0 0 0 standing 
4 331 374 386 500 44806 0 0 1 spiking 
4 331 374 385 501 44807 0 0 1 spiking 
4 331 374 384 503 44808 0 0 0 spiking 
4 329 375 381 503 44809 0 0 1 spiking 
4 328 376 378 504 44810 0 0 1 spiking 
4 327 377 375 505 44811 0 0 0 spiking 
4 325 378 372 509 44812 0 0 1 spiking 
4 323 379 369 513 44813 0 0 1 spiking 
4 322 380 366 518 44814 0 0 0 spiking 
4 314 380 358 517 44815 0 0 1 spiking 
4 307 380 350 516 44816 0 0 1 spiking 
4 300 381 343 516 44817 0 0 0 spiking 
4 292 381 335 515 44818 0 0 1 spiking 
4 284 382 328 515 44819 0 0 1 spiking 
4 277 383 321 515 44820 0 0 0 spiking 
4 272 385 315 514 44821 0 0 1 spiking 
4 267 387 310 514 44822 0 0 1 spiking 
4 262 389 305 513 44823 0 0 1 spiking 
4 257 391 300 513 44824 0 0 1 spiking 
5 433 313 487 433 44805 0 0 0 spiking 
5 431 312 485 432 44806 0 0 1 standing 
5 430 312 484 432 44807 0 0 1 standing 
5 429 312 483 432 44808 0 0 0 standing 
5 428 313 480 433 44809 0 0 1 standing 
5 427 314 477 434 44810 0 0 1 standing 
5 426 315 474 435 44811 0 0 0 standing 
5 423 314 470 436 44812 0 0 1 standing 
5 421 314 466 437 44813 0 0 1 standing 
5 419 314 462 439 44814 0 0 0 standing 
5 416 315 459 440 44815 0 0 1 standing 
5 413 317 456 441 44816 0 0 1 standing 
5 410 319 454 443 44817 0 0 0 standing 
5 400 320 449 443 44818 0 0 1 standing 
5 391 321 445 444 44819 0 0 1 standing 
5 382 323 441 445 44820 0 0 0 standing 
5 380 323 437 444 44821 0 0 1 standing 
5 378 323 433 444 44822 0 0 1 standing 
5 377 324 429 444 44823 0 0 1 standing 
5 375 324 425 444 44824 0 0 1 standing 
6 468 435 526 558 44805 0 0 0 standing 
6 464 435 522 558 44806 0 0 1 standing 
6 460 435 518 558 44807 0 0 1 standing 
6 456 436 514 559 44808 0 0 0 standing 
6 450 435 508 558 44809 0 0 1 standing 
6 444 434 502 557 44810 0 0 1 standing 
6 439 433 496 557 44811 0 0 0 standing 
6 431 433 487 556 44812 0 0 1 standing 
6 423 433 479 555 44813 0 0 1 standing 
6 416 433 471 555 44814 0 0 0 standing 
6 409 432 464 554 44815 0 0 1 standing 
6 402 431 457 553 44816 0 0 1 standing 
6 396 430 450 553 44817 0 0 0 standing 
6 386 430 440 553 44818 0 0 1 standing 
6 377 430 431 553 44819 0 0 1 standing 
6 368 431 422 553 44820 0 0 0 standing 
6 362 431 416 551 44821 0 0 1 standing 
6 356 431 410 550 44822 0 0 1 standing 
6 350 432 404 549 44823 0 0 1 standing 
6 344 432 398 548 44824 0 0 1 standing 
7 493 353 541 497 44805 0 0 0 standing 
7 492 355 540 498 44806 0 0 1 standing 
7 491 357 540 500 44807 0 0 1 standing 
7 490 360 540 502 44808 0 0 0 standing 
7 487 360 537 501 44809 0 0 1 standing 
7 484 360 535 500 44810 0 0 1 standing 
7 481 360 533 499 44811 0 0 0 standing 
7 478 360 531 498 44812 0 0 1 standing 
7 475 361 529 497 44813 0 0 1 standing 
7 473 362 527 497 44814 0 0 0 standing 
7 466 364 527 497 44815 0 0 1 standing 
7 459 367 527 497 44816 0 0 1 standing 
7 453 370 527 498 44817 0 0 0 standing 
7 446 370 520 498 44818 0 0 1 standing 
7 439 370 513 498 44819 0 0 1 standing 
7 432 370 506 498 44820 0 0 1 standing 
7 426 371 499 499 44821 0 0 1 standing 
7 419 371 492 499 44822 0 0 1 standing 
7 412 371 485 499 44823 0 0 1 standing 
7 405 371 478 499 44824 0 0 1 standing 
8 747 357 827 466 44805 0 0 0 standing 
8 743 357 826 465 44806 0 0 1 digging 
8 739 357 825 465 44807 0 0 1 digging 
8 736 357 825 465 44808 0 0 0 digging 
8 739 356 819 464 44809 0 0 1 digging 
8 742 355 813 463 44810 0 0 1 digging 
8 745 355 808 463 44811 0 0 0 digging 
8 741 354 806 462 44812 0 0 1 digging 
8 737 353 804 461 44813 0 0 1 digging 
8 734 353 802 461 44814 0 0 0 digging 
8 728 354 796 460 44815 0 0 1 digging 
8 723 356 791 460 44816 0 0 1 digging 
8 718 358 786 460 44817 0 0 0 digging 
8 708 359 777 459 44818 0 0 1 digging 
8 699 360 768 458 44819 0 0 1 digging 
8 690 362 759 457 44820 0 0 0 digging 
8 683 359 752 457 44821 0 0 1 digging 
8 676 357 745 457 44822 0 0 1 digging 
8 670 355 739 457 44823 0 0 1 digging 
8 663 353 732 457 44824 0 0 1 digging 
9 1025 365 1103 473 44805 0 0 0 digging 
9 1021 365 1097 473 44806 0 0 1 waiting 
9 1017 365 1091 473 44807 0 0 1 waiting 
9 1013 365 1086 474 44808 0 0 0 waiting 
9 1007 363 1078 472 44809 0 0 1 waiting 
9 1001 362 1070 470 44810 0 0 1 waiting 
9 995 360 1062 469 44811 0 0 1 waiting 
9 989 359 1054 467 44812 0 0 1 waiting 
9 983 357 1046 465 44813 0 0 1 waiting 
9 978 356 1038 464 44814 0 0 0 waiting 
9 967 357 1030 465 44815 0 0 1 waiting 
9 957 358 1023 466 44816 0 0 1 waiting 
9 947 360 1016 468 44817 0 0 0 waiting 
9 934 362 1005 467 44818 0 0 1 waiting 
9 922 365 994 467 44819 0 0 1 waiting 
9 910 368 984 467 44820 0 0 0 waiting 
9 902 366 971 464 44821 0 0 1 waiting 
9 894 364 959 461 44822 0 0 1 waiting 
9 886 362 947 458 44823 0 0 1 waiting 
9 878 360 935 455 44824 0 0 1 waiting 
10 1150 405 1216 499 44805 0 0 0 waiting 
10 1142 408 1207 498 44806 0 0 1 digging 
10 1134 411 1199 498 44807 0 0 1 digging 
10 1127 415 1191 498 44808 0 0 0 digging 
10 1119 413 1184 498 44809 0 0 1 digging 
10 1112 411 1177 498 44810 0 0 1 digging 
10 1105 409 1170 498 44811 0 0 0 digging 
10 1093 407 1157 496 44812 0 0 1 digging 
10 1081 405 1145 494 44813 0 0 1 digging 
10 1069 404 1133 493 44814 0 0 0 digging 
10 1056 402 1123 489 44815 0 0 1 digging 
10 1043 400 1114 485 44816 0 0 1 digging 
10 1031 398 1105 482 44817 0 0 0 digging 
10 1019 397 1090 481 44818 0 0 1 digging 
10 1008 397 1075 480 44819 0 0 1 digging 
10 997 397 1061 479 44820 0 0 0 digging 
10 982 401 1050 480 44821 0 0 1 digging 
10 967 405 1039 481 44822 0 0 1 digging 
10 952 409 1028 483 44823 0 0 1 digging 
10 937 413 1017 484 44824 0 0 1 digging 
11 1164 460 1257 598 44805 0 0 0 digging 
11 1161 464 1251 598 44806 0 0 1 digging 
11 1158 468 1245 598 44807 0 0 1 digging 
11 1156 472 1239 599 44808 0 0 0 digging 
11 1149 470 1231 596 44809 0 0 1 digging 
11 1143 468 1223 593 44810 0 0 1 digging 
11 1137 467 1216 590 44811 0 0 0 digging 
11 1128 463 1201 585 44812 0 0 1 digging 
11 1119 459 1187 580 44813 0 0 1 digging 
11 1110 456 1173 576 44814 0 0 0 digging 
11 1098 455 1157 574 44815 0 0 1 digging 
11 1086 454 1141 573 44816 0 0 1 digging 
11 1075 453 1125 572 44817 0 0 0 digging 
11 1061 452 1112 572 44818 0 0 1 digging 
11 1048 452 1100 572 44819 0 0 1 digging 
11 1035 452 1088 572 44820 0 0 0 digging 
11 1026 450 1079 571 44821 0 0 1 digging 
11 1017 449 1071 570 44822 0 0 1 digging 
11 1009 448 1063 569 44823 0 0 1 digging 
11 1000 447 1055 568 44824 0 0 1 digging 
