0 341 390 413 535 18335 0 0 0 standing 
0 330 390 404 536 18336 0 0 1 standing 
0 319 391 395 538 18337 0 0 1 standing 
0 308 391 386 539 18338 0 0 1 standing 
0 298 392 378 541 18339 0 0 0 standing 
0 285 391 364 541 18340 0 0 1 standing 
0 273 391 350 541 18341 0 0 1 standing 
0 260 391 336 541 18342 0 0 1 standing 
0 248 390 323 542 18343 0 0 1 standing 
0 235 390 309 542 18344 0 0 1 standing 
0 223 390 295 542 18345 0 0 1 standing 
0 210 389 282 543 18346 0 0 1 standing 
0 198 389 268 543 18347 0 0 1 standing 
0 186 389 254 543 18348 0 0 1 standing 
0 173 388 241 544 18349 0 0 1 standing 
0 161 388 227 544 18350 0 0 1 standing 
0 148 388 213 544 18351 0 0 1 standing 
0 136 387 200 545 18352 0 0 1 standing 
0 123 387 186 545 18353 0 0 1 standing 
0 111 387 172 545 18354 0 0 1 standing 
1 469 355 558 486 18335 0 0 0 standing 
1 458 354 547 486 18336 0 0 1 moving 
1 447 353 536 486 18337 0 0 1 moving 
1 436 352 525 486 18338 0 0 1 moving 
1 425 351 514 486 18339 0 0 1 moving 
1 414 351 504 487 18340 0 0 0 moving 
1 409 350 494 487 18341 0 0 1 moving 
1 404 350 484 487 18342 0 0 1 moving 
1 399 350 475 487 18343 0 0 0 moving 
1 393 349 466 488 18344 0 0 1 moving 
1 388 348 457 489 18345 0 0 1 moving 
1 383 347 448 490 18346 0 0 1 moving 
1 378 346 439 491 18347 0 0 1 moving 
1 373 345 430 492 18348 0 0 0 moving 
1 367 349 429 494 18349 0 0 1 moving 
1 361 354 428 497 18350 0 0 1 moving 
1 356 359 427 500 18351 0 0 0 moving 
1 342 361 418 501 18352 0 0 1 moving 
1 328 363 410 503 18353 0 0 1 moving 
1 314 365 402 505 18354 0 0 1 moving 
2 408 461 486 604 18335 0 0 0 moving 
2 394 459 470 603 18336 0 0 1 standing 
2 380 457 454 603 18337 0 0 1 standing 
2 367 455 438 603 18338 0 0 1 standing 
2 353 453 422 602 18339 0 0 1 standing 
2 339 451 406 602 18340 0 0 1 standing 
2 326 450 391 602 18341 0 0 0 standing 
2 308 451 374 602 18342 0 0 1 standing 
2 291 452 358 603 18343 0 0 1 standing 
2 274 453 342 604 18344 0 0 1 standing 
2 257 454 326 605 18345 0 0 1 standing 
2 240 455 310 605 18346 0 0 1 standing 
2 223 456 294 606 18347 0 0 1 standing 
2 206 457 278 607 18348 0 0 1 standing 
2 189 458 261 608 18349 0 0 1 standing 
2 172 459 245 609 18350 0 0 1 standing 
2 155 460 229 609 18351 0 0 1 standing 
2 138 461 213 610 18352 0 0 1 standing 
2 121 462 197 611 18353 0 0 1 standing 
2 104 463 181 612 18354 0 0 1 standing 
3 678 354 766 502 18335 0 1 0 standing 
3 674 344 758 500 18336 0 1 1 spiking 
3 670 334 750 498 18337 0 1 1 spiking 
3 666 325 742 497 18338 0 1 1 spiking 
3 662 315 734 495 18339 0 1 1 spiking 
3 659 306 727 494 18340 0 1 0 spiking 
3 648 309 721 496 18341 0 1 1 spiking 
3 637 313 716 498 18342 0 1 1 spiking 
3 627 317 711 500 18343 0 1 1 spiking 
3 616 321 706 502 18344 0 1 1 spiking 
3 606 325 701 504 18345 0 1 0 spiking 
3 593 331 686 508 18346 0 1 1 spiking 
3 580 338 671 512 18347 0 1 1 spiking 
3 567 345 657 517 18348 0 1 1 spiking 
3 554 352 642 521 18349 0 1 1 spiking 
3 541 358 627 526 18350 0 1 1 spiking 
3 528 365 613 530 18351 0 1 1 spiking 
3 515 372 598 535 18352 0 1 1 spiking 
3 502 379 583 539 18353 0 1 1 spiking 
3 490 386 569 544 18354 0 0 0 spiking 
4 713 448 781 617 18335 0 0 0 spiking 
4 700 446 768 615 18336 0 0 1 standing 
4 688 444 755 614 18337 0 0 1 standing 
4 676 442 742 613 18338 0 0 1 standing 
4 663 440 729 612 18339 0 0 1 standing 
4 651 438 716 610 18340 0 0 1 standing 
4 639 436 703 609 18341 0 0 1 standing 
4 627 434 690 608 18342 0 0 1 standing 
4 614 432 677 607 18343 0 0 1 standing 
4 602 430 664 606 18344 0 0 1 standing 
4 590 428 651 604 18345 0 0 1 standing 
4 577 426 638 603 18346 0 0 1 standing 
4 565 424 625 602 18347 0 0 1 standing 
4 553 422 612 601 18348 0 0 1 standing 
4 541 421 600 600 18349 0 0 0 standing 
4 541 421 600 600 18350 0 0 1 standing 
4 541 421 600 600 18351 0 0 1 standing 
4 541 421 600 600 18352 0 0 1 standing 
4 541 421 600 600 18353 0 0 1 standing 
4 541 421 600 600 18354 0 0 1 standing 
5 703 477 804 657 18335 0 0 0 standing 
5 686 477 785 657 18336 0 0 1 standing 
5 669 477 767 657 18337 0 0 1 standing 
5 653 477 749 657 18338 0 0 1 standing 
5 636 478 731 658 18339 0 0 1 standing 
5 620 478 713 658 18340 0 0 1 standing 
5 603 478 694 658 18341 0 0 1 standing 
5 586 479 676 659 18342 0 0 1 standing 
5 570 479 658 659 18343 0 0 1 standing 
5 553 479 640 659 18344 0 0 1 standing 
5 537 480 622 660 18345 0 0 0 standing 
5 524 475 607 655 18346 0 0 1 standing 
5 511 471 592 651 18347 0 0 1 standing 
5 498 467 577 646 18348 0 0 1 standing 
5 485 463 563 642 18349 0 0 0 standing 
5 485 463 563 642 18350 0 0 1 standing 
5 485 463 563 642 18351 0 0 1 standing 
5 485 463 563 642 18352 0 0 1 standing 
5 485 463 563 642 18353 0 0 1 standing 
5 485 463 563 642 18354 0 0 1 standing 
6 1173 380 1259 548 18335 0 0 0 standing 
6 1156 377 1240 541 18336 0 0 1 standing 
6 1139 375 1222 535 18337 0 0 1 standing 
6 1122 373 1204 528 18338 0 0 1 standing 
6 1105 371 1186 522 18339 0 0 0 standing 
6 1089 372 1169 519 18340 0 0 1 standing 
6 1074 373 1153 516 18341 0 0 1 standing 
6 1059 374 1136 514 18342 0 0 1 standing 
6 1044 375 1120 511 18343 0 0 1 standing 
6 1029 376 1103 509 18344 0 0 1 standing 
6 1013 377 1087 506 18345 0 0 1 standing 
6 998 378 1070 504 18346 0 0 1 standing 
6 983 379 1054 501 18347 0 0 1 standing 
6 968 380 1037 499 18348 0 0 1 standing 
6 953 381 1021 496 18349 0 0 1 standing 
6 938 383 1005 494 18350 0 0 0 standing 
6 938 383 1005 494 18351 0 0 1 standing 
6 938 383 1005 494 18352 0 0 1 standing 
6 938 383 1005 494 18353 0 0 1 standing 
6 938 383 1005 494 18354 0 0 1 standing 
7 1128 445 1194 597 18335 0 0 0 standing 
7 1117 444 1184 596 18336 0 0 1 standing 
7 1107 444 1174 595 18337 0 0 1 standing 
7 1096 443 1165 595 18338 0 0 1 standing 
7 1086 443 1155 594 18339 0 0 1 standing 
7 1076 443 1146 594 18340 0 0 1 standing 
7 1065 442 1136 593 18341 0 0 1 standing 
7 1055 442 1127 592 18342 0 0 1 standing 
7 1044 441 1117 592 18343 0 0 1 standing 
7 1034 441 1108 591 18344 0 0 1 standing 
7 1024 441 1098 591 18345 0 0 1 standing 
7 1013 440 1089 590 18346 0 0 1 standing 
7 1003 440 1079 589 18347 0 0 1 standing 
7 992 439 1070 589 18348 0 0 1 standing 
7 982 439 1060 588 18349 0 0 1 standing 
7 972 439 1051 588 18350 0 0 0 standing 
7 972 439 1051 588 18351 0 0 1 standing 
7 972 439 1051 588 18352 0 0 1 standing 
7 972 439 1051 588 18353 0 0 1 standing 
7 972 439 1051 588 18354 0 0 1 standing 
8 991 415 1060 542 18335 0 0 0 standing 
8 976 414 1045 541 18336 0 0 1 standing 
8 961 413 1030 540 18337 0 0 1 standing 
8 946 412 1015 539 18338 0 0 1 standing 
8 931 411 1000 539 18339 0 0 1 standing 
8 917 410 986 538 18340 0 0 1 standing 
8 902 410 971 537 18341 0 0 1 standing 
8 887 409 956 537 18342 0 0 1 standing 
8 872 408 941 536 18343 0 0 1 standing 
8 858 407 927 535 18344 0 0 1 standing 
8 843 406 912 534 18345 0 0 1 standing 
8 828 405 897 534 18346 0 0 1 standing 
8 813 405 882 533 18347 0 0 1 standing 
8 799 404 868 532 18348 0 0 1 standing 
8 784 403 853 532 18349 0 0 1 standing 
8 769 402 838 531 18350 0 0 1 standing 
8 754 401 823 530 18351 0 0 1 standing 
8 740 401 809 530 18352 0 0 0 standing 
8 740 401 809 530 18353 0 0 1 standing 
8 740 401 809 530 18354 0 0 1 standing 
9 854 397 927 560 18335 0 1 0 standing 
9 841 387 912 557 18336 0 1 1 blocking 
9 829 378 897 554 18337 0 1 1 blocking 
9 816 368 882 551 18338 0 1 1 blocking 
9 804 359 867 548 18339 0 1 1 blocking 
9 791 350 852 545 18340 0 1 1 blocking 
9 779 340 837 542 18341 0 1 1 blocking 
9 766 331 822 539 18342 0 1 1 blocking 
9 754 322 807 536 18343 0 1 0 blocking 
9 739 324 794 534 18344 0 1 1 blocking 
9 725 327 781 532 18345 0 1 1 blocking 
9 710 330 769 530 18346 0 1 1 blocking 
9 696 332 756 529 18347 0 1 1 blocking 
9 682 335 744 527 18348 0 1 1 blocking 
9 667 338 731 525 18349 0 1 1 blocking 
9 653 340 718 524 18350 0 1 1 blocking 
9 638 343 706 522 18351 0 1 1 blocking 
9 624 346 693 520 18352 0 1 1 blocking 
9 610 349 681 519 18353 0 1 0 blocking 
9 612 349 683 519 18354 0 1 1 blocking 
10 896 436 986 624 18335 0 0 0 blocking 
10 882 437 973 622 18336 0 0 1 standing 
10 869 438 961 621 18337 0 0 1 standing 
10 856 439 948 620 18338 0 0 1 standing 
10 843 440 936 619 18339 0 0 1 standing 
10 829 441 923 618 18340 0 0 1 standing 
10 816 442 911 617 18341 0 0 1 standing 
10 803 443 898 616 18342 0 0 1 standing 
10 790 444 886 614 18343 0 0 1 standing 
10 777 445 873 613 18344 0 0 1 standing 
10 763 446 861 612 18345 0 0 1 standing 
10 750 447 848 611 18346 0 0 1 standing 
10 737 448 836 610 18347 0 0 1 standing 
10 724 449 823 609 18348 0 0 1 standing 
10 711 451 811 608 18349 0 0 0 standing 
10 711 451 811 608 18350 0 0 1 standing 
10 711 451 811 608 18351 0 0 1 standing 
10 711 451 811 608 18352 0 0 1 standing 
10 711 451 811 608 18353 0 0 1 standing 
10 711 451 811 608 18354 0 0 1 standing 
11 931 328 991 483 18335 0 0 0 standing 
11 916 329 978 483 18336 0 0 1 standing 
11 902 330 965 483 18337 0 0 1 standing 
11 887 332 953 483 18338 0 0 1 standing 
11 873 333 940 484 18339 0 0 1 standing 
11 858 335 928 484 18340 0 0 1 standing 
11 844 336 915 484 18341 0 0 1 standing 
11 829 337 903 484 18342 0 0 1 standing 
11 815 339 890 485 18343 0 0 1 standing 
11 800 340 878 485 18344 0 0 1 standing 
11 786 342 865 485 18345 0 0 1 standing 
11 771 343 853 485 18346 0 0 1 standing 
11 757 344 840 486 18347 0 0 1 standing 
11 742 346 828 486 18348 0 0 1 standing 
11 728 347 815 486 18349 0 0 1 standing 
11 714 349 803 487 18350 0 0 0 standing 
11 714 349 803 487 18351 0 0 1 standing 
11 714 349 803 487 18352 0 0 1 standing 
11 714 349 803 487 18353 0 0 1 standing 
11 714 349 803 487 18354 0 0 1 standing 
