0 908 410 978 521 52835 0 1 0 digging 
0 896 411 966 522 52836 0 1 1 digging 
0 885 412 955 523 52837 0 1 1 digging 
0 873 413 943 524 52838 0 1 1 digging 
0 862 414 932 525 52839 0 1 0 digging 
0 841 414 912 523 52840 0 1 1 digging 
0 821 414 892 522 52841 0 1 1 digging 
0 801 415 873 521 52842 0 1 1 digging 
0 781 415 853 520 52843 0 1 1 digging 
0 761 415 834 519 52844 0 1 1 digging 
0 740 416 814 517 52845 0 1 1 digging 
0 720 416 795 516 52846 0 1 1 digging 
0 700 416 775 515 52847 0 1 1 digging 
0 680 417 756 514 52848 0 1 1 digging 
0 660 417 736 513 52849 0 1 1 digging 
0 640 418 717 512 52850 0 1 0 digging 
0 631 415 706 512 52851 0 1 1 digging 
0 622 412 695 512 52852 0 1 1 digging 
0 613 409 685 513 52853 0 1 1 digging 
0 604 406 674 513 52854 0 1 1 digging 
1 1002 436 1077 538 52835 0 1 0 digging 
1 990 435 1063 536 52836 0 1 1 digging 
1 978 435 1050 535 52837 0 1 1 digging 
1 966 434 1037 534 52838 0 1 1 digging 
1 955 434 1024 533 52839 0 1 0 digging 
1 930 431 1000 531 52840 0 1 1 digging 
1 906 429 976 530 52841 0 1 1 digging 
1 881 427 952 529 52842 0 1 1 digging 
1 857 425 929 528 52843 0 1 1 digging 
1 833 422 905 527 52844 0 1 1 digging 
1 808 420 881 526 52845 0 1 1 digging 
1 784 418 857 525 52846 0 1 1 digging 
1 760 416 834 524 52847 0 1 0 digging 
1 748 415 815 522 52848 0 1 1 digging 
1 737 414 796 520 52849 0 1 1 digging 
1 726 413 778 518 52850 0 1 0 digging 
1 719 412 773 521 52851 0 1 1 digging 
1 713 411 768 524 52852 0 1 1 digging 
1 707 410 763 527 52853 0 1 1 digging 
1 701 409 758 530 52854 0 1 1 digging 
2 973 498 1079 636 52835 0 0 0 digging 
2 960 497 1062 635 52836 0 0 1 digging 
2 948 497 1045 635 52837 0 0 1 digging 
2 935 496 1028 634 52838 0 0 1 digging 
2 923 496 1012 634 52839 0 0 1 digging 
2 911 496 995 633 52840 0 0 1 digging 
2 898 495 978 633 52841 0 0 1 digging 
2 886 495 962 632 52842 0 0 1 digging 
2 873 494 945 632 52843 0 0 1 digging 
2 861 494 928 631 52844 0 0 1 digging 
2 849 494 912 631 52845 0 0 0 digging 
2 836 492 901 629 52846 0 0 1 digging 
2 824 490 890 628 52847 0 0 1 digging 
2 812 488 879 627 52848 0 0 1 digging 
2 800 487 869 626 52849 0 0 1 digging 
2 788 485 858 625 52850 0 0 1 digging 
2 775 483 847 624 52851 0 0 1 digging 
2 763 482 837 623 52852 0 0 1 digging 
2 751 480 826 622 52853 0 0 1 digging 
2 739 478 815 621 52854 0 0 1 digging 
3 638 374 684 477 52835 0 0 0 digging 
3 627 372 674 478 52836 0 0 1 standing 
3 617 370 664 479 52837 0 0 1 standing 
3 606 368 654 480 52838 0 0 1 standing 
3 596 366 644 481 52839 0 0 1 standing 
3 586 365 634 482 52840 0 0 0 standing 
3 565 366 614 482 52841 0 0 1 standing 
3 544 367 594 482 52842 0 0 1 standing 
3 524 369 574 482 52843 0 0 1 standing 
3 503 370 554 482 52844 0 0 1 standing 
3 483 372 534 482 52845 0 0 0 standing 
3 470 373 521 483 52846 0 0 1 standing 
3 458 374 509 484 52847 0 0 1 standing 
3 446 375 497 485 52848 0 0 1 standing 
3 433 376 484 486 52849 0 0 1 standing 
3 421 378 472 488 52850 0 0 1 standing 
3 409 379 460 489 52851 0 0 1 standing 
3 396 380 447 490 52852 0 0 1 standing 
3 384 381 435 491 52853 0 0 1 standing 
3 372 382 423 492 52854 0 0 1 standing 
4 605 374 652 500 52835 0 0 0 standing 
4 593 374 642 500 52836 0 0 1 standing 
4 581 374 633 500 52837 0 0 1 standing 
4 570 375 623 500 52838 0 0 1 standing 
4 558 375 614 500 52839 0 0 1 standing 
4 547 376 605 501 52840 0 0 0 standing 
4 526 377 582 502 52841 0 0 1 standing 
4 505 378 559 503 52842 0 0 1 standing 
4 485 379 536 504 52843 0 0 1 standing 
4 464 380 513 505 52844 0 0 1 standing 
4 444 381 491 507 52845 0 0 0 standing 
4 431 381 478 508 52846 0 0 1 standing 
4 418 382 465 510 52847 0 0 1 standing 
4 405 382 452 512 52848 0 0 1 standing 
4 393 383 440 514 52849 0 0 1 standing 
4 380 384 427 516 52850 0 0 1 standing 
4 367 384 414 517 52851 0 0 1 standing 
4 355 385 402 519 52852 0 0 1 standing 
4 342 385 389 521 52853 0 0 1 standing 
4 329 386 376 523 52854 0 0 1 standing 
5 602 412 656 588 52835 0 0 0 standing 
5 585 413 640 586 52836 0 0 1 standing 
5 569 414 625 584 52837 0 0 1 standing 
5 553 416 610 582 52838 0 0 1 standing 
5 537 417 594 580 52839 0 0 1 standing 
5 521 418 579 578 52840 0 0 1 standing 
5 505 420 564 576 52841 0 0 0 standing 
5 485 421 545 579 52842 0 0 1 standing 
5 465 422 527 583 52843 0 0 1 standing 
5 445 423 508 586 52844 0 0 1 standing 
5 426 424 490 590 52845 0 0 0 standing 
5 411 432 474 594 52846 0 0 1 standing 
5 397 441 459 599 52847 0 0 1 standing 
5 383 450 443 604 52848 0 0 1 standing 
5 368 458 428 609 52849 0 0 1 standing 
5 354 467 412 614 52850 0 0 1 standing 
5 340 476 397 619 52851 0 0 1 standing 
5 325 484 381 624 52852 0 0 1 standing 
5 311 493 366 629 52853 0 0 1 standing 
5 297 502 350 634 52854 0 0 1 standing 
6 556 466 603 597 52835 0 0 0 standing 
6 541 466 588 597 52836 0 0 1 standing 
6 527 466 574 597 52837 0 0 1 standing 
6 513 466 560 597 52838 0 0 1 standing 
6 498 466 545 597 52839 0 0 1 standing 
6 484 466 531 597 52840 0 0 1 standing 
6 470 466 517 597 52841 0 0 0 standing 
6 447 466 494 597 52842 0 0 1 standing 
6 424 466 471 597 52843 0 0 1 standing 
6 401 466 448 597 52844 0 0 1 standing 
6 378 466 425 597 52845 0 0 0 standing 
6 361 466 409 597 52846 0 0 1 standing 
6 344 466 394 597 52847 0 0 1 standing 
6 327 467 378 597 52848 0 0 1 standing 
6 310 467 363 598 52849 0 0 1 standing 
6 293 468 348 598 52850 0 0 1 standing 
6 276 468 332 598 52851 0 0 1 standing 
6 259 468 317 599 52852 0 0 1 standing 
6 242 469 301 599 52853 0 0 1 standing 
6 225 469 286 599 52854 0 0 1 standing 
7 523 441 567 582 52835 0 0 0 standing 
7 507 440 551 582 52836 0 0 1 standing 
7 491 440 536 582 52837 0 0 1 standing 
7 476 439 521 582 52838 0 0 1 standing 
7 460 439 506 582 52839 0 0 1 standing 
7 444 438 491 582 52840 0 0 1 standing 
7 429 438 476 583 52841 0 0 0 standing 
7 404 437 451 583 52842 0 0 1 standing 
7 379 437 427 583 52843 0 0 1 standing 
7 354 437 402 583 52844 0 0 1 standing 
7 329 437 378 584 52845 0 0 0 standing 
7 310 437 360 584 52846 0 0 1 standing 
7 292 437 343 584 52847 0 0 1 standing 
7 274 438 326 584 52848 0 0 1 standing 
7 255 438 309 585 52849 0 0 1 standing 
7 237 439 292 585 52850 0 0 1 standing 
7 219 439 274 585 52851 0 0 1 standing 
7 200 439 257 586 52852 0 0 1 standing 
7 182 440 240 586 52853 0 0 1 standing 
7 164 440 223 586 52854 0 0 1 standing 
8 473 350 523 468 52835 0 0 0 standing 
8 459 350 509 468 52836 0 0 1 standing 
8 445 350 495 468 52837 0 0 1 standing 
8 432 350 482 468 52838 0 0 1 standing 
8 418 350 468 468 52839 0 0 1 standing 
8 404 350 454 468 52840 0 0 1 standing 
8 391 351 441 469 52841 0 0 0 standing 
8 367 353 417 471 52842 0 0 1 standing 
8 343 355 393 473 52843 0 0 1 standing 
8 319 357 369 475 52844 0 0 1 standing 
8 295 359 345 477 52845 0 0 0 standing 
8 280 359 330 477 52846 0 0 1 standing 
8 266 360 316 478 52847 0 0 1 standing 
8 252 361 302 479 52848 0 0 1 standing 
8 238 362 288 480 52849 0 0 1 standing 
8 224 363 274 481 52850 0 0 1 standing 
8 209 364 259 482 52851 0 0 1 standing 
8 195 365 245 483 52852 0 0 1 standing 
8 181 366 231 484 52853 0 0 1 standing 
8 167 367 217 485 52854 0 0 1 standing 
9 401 421 459 613 52835 0 0 0 standing 
9 396 430 454 616 52836 0 0 1 standing 
9 391 439 449 620 52837 0 0 1 standing 
9 386 448 445 624 52838 0 0 1 standing 
9 381 457 440 628 52839 0 0 1 standing 
9 376 466 435 632 52840 0 0 1 standing 
9 371 475 431 636 52841 0 0 0 standing 
9 356 482 416 638 52842 0 0 1 standing 
9 341 490 402 641 52843 0 0 1 standing 
9 326 498 387 643 52844 0 0 1 standing 
9 311 506 373 646 52845 0 0 0 standing 
9 299 505 362 645 52846 0 0 1 standing 
9 288 505 352 645 52847 0 0 1 standing 
9 276 504 341 644 52848 0 0 1 standing 
9 265 504 331 644 52849 0 0 1 standing 
9 254 504 320 643 52850 0 0 1 standing 
9 242 503 310 643 52851 0 0 1 standing 
9 231 503 299 642 52852 0 0 1 standing 
9 219 502 289 642 52853 0 0 1 standing 
9 208 502 278 641 52854 0 0 1 standing 
10 386 427 439 545 52835 0 0 0 standing 
10 371 428 426 546 52836 0 0 1 standing 
10 356 430 414 548 52837 0 0 1 standing 
10 342 432 401 549 52838 0 0 1 standing 
10 327 433 389 551 52839 0 0 1 standing 
10 312 435 376 552 52840 0 0 1 standing 
10 298 437 364 554 52841 0 0 0 standing 
10 273 438 341 555 52842 0 0 1 standing 
10 248 439 319 556 52843 0 0 1 standing 
10 223 440 296 557 52844 0 0 1 standing 
10 199 442 274 559 52845 0 0 0 standing 
10 183 442 258 559 52846 0 0 1 standing 
10 168 443 243 560 52847 0 0 1 standing 
10 153 444 228 561 52848 0 0 1 standing 
10 137 445 212 562 52849 0 0 1 standing 
10 122 446 197 563 52850 0 0 1 standing 
10 107 447 182 564 52851 0 0 1 standing 
10 91 448 166 565 52852 0 0 1 standing 
10 76 449 151 566 52853 0 0 1 standing 
10 61 450 136 567 52854 0 0 1 standing 
11 360 410 416 534 52835 0 0 0 standing 
11 342 410 401 534 52836 0 0 1 standing 
11 324 410 387 534 52837 0 0 1 standing 
11 307 410 373 535 52838 0 0 1 standing 
11 289 410 359 535 52839 0 0 1 standing 
11 271 410 345 535 52840 0 0 1 standing 
11 254 410 331 536 52841 0 0 0 standing 
11 226 413 307 537 52842 0 0 1 standing 
11 198 416 283 538 52843 0 0 1 standing 
11 170 419 259 539 52844 0 0 1 standing 
11 143 423 235 540 52845 0 0 0 standing 
11 128 422 215 540 52846 0 0 1 standing 
11 114 421 196 541 52847 0 0 1 standing 
11 100 421 176 542 52848 0 0 1 standing 
11 85 420 157 543 52849 0 0 1 standing 
11 71 420 137 544 52850 0 0 1 standing 
11 57 419 118 545 52851 0 0 1 standing 
11 42 418 98 546 52852 0 0 1 standing 
11 28 418 79 547 52853 0 0 1 standing 
11 14 417 59 548 52854 0 0 1 standing 
