0 156 459 198 560 63485 0 0 0 standing 
0 157 457 200 559 63486 0 0 1 standing 
0 158 456 202 558 63487 0 0 1 standing 
0 160 455 204 558 63488 0 0 1 standing 
0 161 454 206 557 63489 0 0 1 standing 
0 163 453 208 556 63490 0 0 1 standing 
0 164 452 210 556 63491 0 0 1 standing 
0 165 451 212 555 63492 0 0 1 standing 
0 167 450 214 554 63493 0 0 1 standing 
0 168 449 216 554 63494 0 0 1 standing 
0 170 448 218 553 63495 0 0 1 standing 
0 171 447 220 552 63496 0 0 1 standing 
0 173 446 222 552 63497 0 0 0 standing 
0 176 447 225 553 63498 0 0 1 standing 
0 179 448 228 555 63499 0 0 1 standing 
0 182 449 231 557 63500 0 0 1 standing 
0 185 450 234 559 63501 0 0 1 standing 
0 188 451 237 561 63502 0 0 1 standing 
0 191 452 240 563 63503 0 0 1 standing 
0 194 453 243 565 63504 0 0 1 standing 
1 276 469 317 558 63485 0 1 0 standing 
1 278 467 319 555 63486 0 1 1 digging 
1 281 465 322 553 63487 0 1 1 digging 
1 284 463 324 550 63488 0 1 1 digging 
1 286 461 327 548 63489 0 1 1 digging 
1 289 459 330 546 63490 0 1 1 digging 
1 292 457 332 543 63491 0 1 1 digging 
1 294 455 335 541 63492 0 1 1 digging 
1 297 453 337 538 63493 0 1 1 digging 
1 300 451 340 536 63494 0 1 1 digging 
1 303 450 343 534 63495 0 1 0 digging 
1 303 447 344 532 63496 0 1 1 digging 
1 303 444 345 530 63497 0 1 1 digging 
1 304 441 346 528 63498 0 1 1 digging 
1 304 438 347 526 63499 0 1 1 digging 
1 305 435 348 525 63500 0 1 0 digging 
1 304 434 347 524 63501 0 1 1 digging 
1 303 434 347 523 63502 0 1 1 digging 
1 302 433 347 523 63503 0 1 1 digging 
1 301 433 347 522 63504 0 1 1 digging 
2 357 439 402 526 63485 0 1 0 digging 
2 358 439 403 526 63486 0 1 1 digging 
2 359 439 404 526 63487 0 1 1 digging 
2 361 439 406 526 63488 0 1 1 digging 
2 362 439 407 526 63489 0 1 1 digging 
2 364 439 409 526 63490 0 1 0 digging 
2 363 438 408 525 63491 0 1 1 digging 
2 362 437 407 524 63492 0 1 1 digging 
2 362 437 407 524 63493 0 1 1 digging 
2 361 436 406 523 63494 0 1 1 digging 
2 361 436 406 523 63495 0 1 0 digging 
2 360 436 405 524 63496 0 1 1 digging 
2 359 437 404 526 63497 0 1 1 digging 
2 359 438 404 527 63498 0 1 1 digging 
2 358 439 403 529 63499 0 1 1 digging 
2 358 440 403 531 63500 0 1 0 digging 
2 358 442 403 532 63501 0 1 1 digging 
2 359 444 404 533 63502 0 1 1 digging 
2 359 446 405 535 63503 0 1 1 digging 
2 360 448 406 536 63504 0 1 1 digging 
3 466 459 515 556 63485 0 0 0 digging 
3 467 458 516 557 63486 0 0 1 standing 
3 469 458 517 558 63487 0 0 1 standing 
3 470 457 518 559 63488 0 0 1 standing 
3 472 457 520 560 63489 0 0 0 standing 
3 472 454 520 558 63490 0 0 1 standing 
3 472 451 520 557 63491 0 0 1 standing 
3 472 449 520 556 63492 0 0 1 standing 
3 472 446 520 555 63493 0 0 1 standing 
3 472 443 520 554 63494 0 0 1 standing 
3 473 441 521 553 63495 0 0 0 standing 
3 473 441 521 553 63496 0 0 1 standing 
3 473 441 521 553 63497 0 0 1 standing 
3 474 442 522 554 63498 0 0 1 standing 
3 474 442 522 554 63499 0 0 1 standing 
3 475 443 523 555 63500 0 0 0 standing 
3 474 443 522 555 63501 0 0 1 standing 
3 474 443 522 555 63502 0 0 1 standing 
3 474 444 522 556 63503 0 0 1 standing 
3 473 444 521 556 63504 0 0 1 standing 
4 661 417 704 522 63485 0 0 0 standing 
4 667 415 709 520 63486 0 0 1 standing 
4 673 414 714 519 63487 0 0 1 standing 
4 679 413 719 517 63488 0 0 1 standing 
4 685 411 725 516 63489 0 0 1 standing 
4 691 410 730 515 63490 0 0 1 standing 
4 697 409 735 513 63491 0 0 1 standing 
4 703 408 740 512 63492 0 0 1 standing 
4 709 406 746 511 63493 0 0 1 standing 
4 715 405 751 509 63494 0 0 1 standing 
4 721 404 756 508 63495 0 0 1 standing 
4 727 403 762 507 63496 0 0 0 standing 
4 731 402 766 506 63497 0 0 1 standing 
4 735 402 770 506 63498 0 0 1 standing 
4 740 401 775 505 63499 0 0 1 standing 
4 744 401 779 505 63500 0 0 1 standing 
4 748 400 783 504 63501 0 0 1 standing 
4 753 400 788 504 63502 0 0 0 standing 
4 755 400 790 504 63503 0 0 1 standing 
4 758 400 793 504 63504 0 0 1 standing 
5 806 445 856 548 63485 0 0 0 standing 
5 812 443 861 547 63486 0 0 1 standing 
5 818 441 867 547 63487 0 0 1 standing 
5 825 440 872 546 63488 0 0 1 standing 
5 831 438 878 546 63489 0 0 1 standing 
5 838 436 883 545 63490 0 0 1 standing 
5 844 435 889 545 63491 0 0 1 standing 
5 850 433 895 545 63492 0 0 1 standing 
5 857 431 900 544 63493 0 0 1 standing 
5 863 430 906 544 63494 0 0 1 standing 
5 870 428 911 543 63495 0 0 1 standing 
5 876 426 917 543 63496 0 0 1 standing 
5 883 425 923 543 63497 0 0 0 standing 
5 889 423 929 541 63498 0 0 1 standing 
5 896 422 936 539 63499 0 0 1 standing 
5 902 421 943 537 63500 0 0 1 standing 
5 909 420 950 535 63501 0 0 1 standing 
5 916 419 957 533 63502 0 0 0 standing 
5 919 419 960 532 63503 0 0 1 standing 
5 922 420 963 532 63504 0 0 1 standing 
6 916 449 965 533 63485 0 0 0 standing 
6 923 447 972 533 63486 0 0 1 standing 
6 930 446 979 533 63487 0 0 1 standing 
6 938 445 986 533 63488 0 0 1 standing 
6 945 444 994 534 63489 0 0 1 standing 
6 953 443 1001 534 63490 0 0 1 standing 
6 960 441 1008 534 63491 0 0 1 standing 
6 967 440 1016 535 63492 0 0 1 standing 
6 975 439 1023 535 63493 0 0 1 standing 
6 982 438 1030 535 63494 0 0 1 standing 
6 990 437 1038 536 63495 0 0 0 standing 
6 997 437 1045 536 63496 0 0 1 standing 
6 1005 438 1053 537 63497 0 0 1 standing 
6 1012 438 1060 537 63498 0 0 1 standing 
6 1020 439 1068 538 63499 0 0 0 standing 
6 1025 439 1073 538 63500 0 0 1 standing 
6 1031 440 1079 539 63501 0 0 1 standing 
6 1036 441 1084 540 63502 0 0 1 standing 
6 1042 442 1090 541 63503 0 0 0 standing 
6 1045 443 1093 542 63504 0 0 1 standing 
7 1120 481 1195 601 63485 0 0 0 standing 
7 1126 479 1198 601 63486 0 0 1 standing 
7 1132 477 1201 602 63487 0 0 1 standing 
7 1139 476 1204 602 63488 0 0 1 standing 
7 1145 474 1207 603 63489 0 0 1 standing 
7 1152 473 1210 603 63490 0 0 1 standing 
7 1158 471 1213 604 63491 0 0 1 standing 
7 1164 469 1216 604 63492 0 0 1 standing 
7 1171 468 1219 605 63493 0 0 1 standing 
7 1177 466 1222 605 63494 0 0 1 standing 
7 1184 465 1226 606 63495 0 0 0 standing 
7 1186 465 1231 606 63496 0 0 1 standing 
7 1188 465 1237 607 63497 0 0 1 standing 
7 1190 465 1243 608 63498 0 0 1 standing 
7 1193 465 1249 609 63499 0 0 0 standing 
7 1195 466 1249 611 63500 0 0 1 standing 
7 1198 467 1250 613 63501 0 0 1 standing 
7 1200 468 1250 615 63502 0 0 1 standing 
7 1203 469 1251 617 63503 0 0 0 standing 
7 1199 469 1247 617 63504 0 0 1 standing 
8 272 504 311 599 63485 0 0 0 standing 
8 272 502 312 599 63486 0 0 1 standing 
8 273 501 313 599 63487 0 0 1 standing 
8 273 499 314 599 63488 0 0 1 standing 
8 274 498 316 599 63489 0 0 1 standing 
8 274 496 317 599 63490 0 0 1 standing 
8 275 495 318 599 63491 0 0 1 standing 
8 275 493 320 599 63492 0 0 1 standing 
8 276 492 321 599 63493 0 0 1 standing 
8 276 490 322 599 63494 0 0 1 standing 
8 277 489 324 600 63495 0 0 0 standing 
8 277 489 326 602 63496 0 0 1 standing 
8 277 490 329 605 63497 0 0 1 standing 
8 277 491 332 607 63498 0 0 1 standing 
8 278 492 335 610 63499 0 0 0 standing 
8 277 494 337 614 63500 0 0 1 standing 
8 277 497 340 619 63501 0 0 1 standing 
8 277 500 342 624 63502 0 0 1 standing 
8 277 503 345 629 63503 0 0 0 standing 
8 279 504 347 630 63504 0 0 1 standing 
9 387 499 436 615 63485 0 0 0 standing 
9 399 496 448 612 63486 0 0 1 standing 
9 411 494 460 610 63487 0 0 1 standing 
9 423 492 472 608 63488 0 0 1 standing 
9 435 490 484 606 63489 0 0 1 standing 
9 447 488 496 604 63490 0 0 1 standing 
9 459 486 508 602 63491 0 0 1 standing 
9 471 484 520 600 63492 0 0 1 standing 
9 484 482 533 598 63493 0 0 0 standing 
9 495 480 544 596 63494 0 0 1 standing 
9 506 478 555 594 63495 0 0 1 standing 
9 517 476 566 592 63496 0 0 1 standing 
9 528 475 577 591 63497 0 0 0 standing 
9 536 474 585 591 63498 0 0 1 standing 
9 545 474 593 592 63499 0 0 1 standing 
9 553 474 602 593 63500 0 0 1 standing 
9 562 473 610 593 63501 0 0 1 standing 
9 570 473 618 594 63502 0 0 1 standing 
9 579 473 627 595 63503 0 0 0 standing 
9 584 472 631 593 63504 0 0 1 standing 
10 660 454 702 568 63485 0 0 0 standing 
10 665 452 707 566 63486 0 0 1 standing 
10 671 450 712 564 63487 0 0 1 standing 
10 677 449 717 562 63488 0 0 1 standing 
10 683 447 722 561 63489 0 0 1 standing 
10 689 446 727 559 63490 0 0 1 standing 
10 695 444 732 557 63491 0 0 1 standing 
10 701 442 737 556 63492 0 0 1 standing 
10 707 441 742 554 63493 0 0 1 standing 
10 713 439 747 552 63494 0 0 1 standing 
10 719 438 753 551 63495 0 0 0 standing 
10 723 437 757 551 63496 0 0 1 standing 
10 728 437 762 552 63497 0 0 1 standing 
10 733 437 766 552 63498 0 0 1 standing 
10 737 436 771 553 63499 0 0 1 standing 
10 742 436 775 553 63500 0 0 1 standing 
10 747 436 780 554 63501 0 0 0 standing 
10 749 435 782 554 63502 0 0 1 standing 
10 751 435 784 555 63503 0 0 1 standing 
10 753 435 786 556 63504 0 0 1 standing 
11 696 454 732 569 63485 0 0 0 standing 
11 700 454 736 569 63486 0 0 1 standing 
11 704 454 740 570 63487 0 0 1 standing 
11 708 454 744 571 63488 0 0 1 standing 
11 712 454 748 572 63489 0 0 1 standing 
11 717 454 752 573 63490 0 0 0 standing 
11 721 453 756 573 63491 0 0 1 standing 
11 725 452 760 574 63492 0 0 1 standing 
11 730 451 765 575 63493 0 0 1 standing 
11 734 450 769 576 63494 0 0 1 standing 
11 739 449 774 577 63495 0 0 0 standing 
11 741 450 777 579 63496 0 0 1 standing 
11 744 452 780 581 63497 0 0 1 standing 
11 747 453 783 583 63498 0 0 1 standing 
11 750 455 787 585 63499 0 0 0 standing 
11 752 456 790 587 63500 0 0 1 standing 
11 755 458 793 589 63501 0 0 1 standing 
11 758 460 796 592 63502 0 0 0 standing 
11 758 460 797 593 63503 0 0 1 standing 
11 758 461 798 594 63504 0 0 1 standing 
