0 7 422 67 581 14005 0 0 0 standing 
0 5 420 61 579 14006 0 0 1 standing 
0 3 418 55 577 14007 0 0 1 standing 
0 1 416 50 575 14008 0 0 0 standing 
0 4 412 54 570 14009 0 0 1 standing 
0 8 408 59 566 14010 0 0 1 standing 
0 11 405 64 562 14011 0 0 1 standing 
0 15 401 68 558 14012 0 0 1 standing 
0 18 398 73 554 14013 0 0 1 standing 
0 22 394 78 550 14014 0 0 1 standing 
0 26 391 83 546 14015 0 0 0 standing 
0 34 390 92 545 14016 0 0 1 standing 
0 43 390 101 545 14017 0 0 1 standing 
0 52 390 110 545 14018 0 0 1 standing 
0 61 390 119 545 14019 0 0 1 standing 
0 70 390 128 545 14020 0 0 0 standing 
0 78 386 136 540 14021 0 0 1 standing 
0 86 382 145 535 14022 0 0 1 standing 
0 95 378 153 530 14023 0 0 1 standing 
0 103 374 162 525 14024 0 0 1 standing 
1 195 402 258 555 14005 0 0 0 standing 
1 198 401 259 554 14006 0 0 1 standing 
1 202 400 261 554 14007 0 0 1 standing 
1 206 399 262 554 14008 0 0 1 standing 
1 210 398 264 554 14009 0 0 0 standing 
1 217 397 271 553 14010 0 0 1 standing 
1 225 396 279 552 14011 0 0 1 standing 
1 233 395 287 551 14012 0 0 1 standing 
1 241 394 294 551 14013 0 0 1 standing 
1 249 393 302 550 14014 0 0 1 standing 
1 257 392 310 549 14015 0 0 1 standing 
1 265 392 318 549 14016 0 0 0 standing 
1 276 391 328 548 14017 0 0 1 standing 
1 287 390 338 548 14018 0 0 1 standing 
1 298 389 349 548 14019 0 0 0 standing 
1 308 388 359 548 14020 0 0 1 standing 
1 319 388 369 548 14021 0 0 1 standing 
1 329 388 379 548 14022 0 0 1 standing 
1 340 387 389 548 14023 0 0 1 standing 
1 350 387 399 548 14024 0 0 1 standing 
2 327 360 398 492 14005 0 0 1 standing 
2 324 361 394 494 14006 0 0 0 moving 
2 326 360 397 494 14007 0 0 1 moving 
2 328 360 401 494 14008 0 0 1 moving 
2 330 360 405 495 14009 0 0 0 moving 
2 338 362 411 495 14010 0 0 1 moving 
2 346 365 418 496 14011 0 0 1 moving 
2 355 367 425 497 14012 0 0 1 moving 
2 363 370 432 497 14013 0 0 1 moving 
2 371 372 439 498 14014 0 0 1 moving 
2 380 375 446 499 14015 0 0 0 moving 
2 394 375 462 502 14016 0 0 1 moving 
2 409 376 478 506 14017 0 0 1 moving 
2 423 377 495 509 14018 0 0 1 moving 
2 438 377 511 513 14019 0 0 1 moving 
2 452 378 528 516 14020 0 0 1 moving 
2 467 379 544 520 14021 0 0 1 moving 
2 482 380 561 524 14022 0 0 0 moving 
2 493 380 578 529 14023 0 0 1 moving 
2 504 380 595 535 14024 0 0 1 moving 
3 649 434 691 563 14005 0 1 0 moving 
3 650 431 694 561 14006 0 1 1 digging 
3 652 428 697 559 14007 0 1 1 digging 
3 653 425 700 558 14008 0 1 1 digging 
3 655 422 703 556 14009 0 1 1 digging 
3 657 420 707 555 14010 0 1 0 digging 
3 666 411 716 550 14011 0 1 1 digging 
3 675 403 725 545 14012 0 1 1 digging 
3 684 394 734 540 14013 0 1 1 digging 
3 693 386 743 535 14014 0 1 1 digging 
3 703 378 752 530 14015 0 1 0 digging 
3 714 377 765 526 14016 0 1 1 digging 
3 726 376 779 523 14017 0 1 1 digging 
3 738 375 793 519 14018 0 1 1 digging 
3 750 374 806 516 14019 0 1 1 digging 
3 762 373 820 512 14020 0 1 1 digging 
3 774 372 834 509 14021 0 1 1 digging 
3 786 371 848 506 14022 0 1 0 digging 
3 799 369 864 505 14023 0 1 1 digging 
3 812 368 880 504 14024 0 1 1 digging 
4 809 414 879 543 14005 0 0 1 digging 
4 801 414 866 543 14006 0 0 0 standing 
4 798 414 862 543 14007 0 0 1 standing 
4 796 415 858 544 14008 0 0 1 standing 
4 794 416 854 544 14009 0 0 1 standing 
4 792 417 850 545 14010 0 0 0 standing 
4 797 413 857 544 14011 0 0 1 standing 
4 803 410 865 544 14012 0 0 1 standing 
4 808 407 873 544 14013 0 0 1 standing 
4 814 404 880 544 14014 0 0 1 standing 
4 819 401 888 544 14015 0 0 1 standing 
4 825 398 896 544 14016 0 0 0 standing 
4 834 395 905 544 14017 0 0 1 standing 
4 843 393 915 544 14018 0 0 1 standing 
4 852 391 925 544 14019 0 0 1 standing 
4 862 389 935 545 14020 0 0 0 standing 
4 870 389 947 544 14021 0 0 1 standing 
4 879 389 959 543 14022 0 0 1 standing 
4 888 389 972 542 14023 0 0 1 standing 
4 897 389 984 541 14024 0 0 1 standing 
5 627 346 706 468 14005 0 0 0 standing 
5 618 345 694 468 14006 0 0 1 standing 
5 610 344 683 468 14007 0 0 1 standing 
5 601 344 671 468 14008 0 0 1 standing 
5 593 343 660 468 14009 0 0 1 standing 
5 585 343 649 469 14010 0 0 0 standing 
5 580 343 646 469 14011 0 0 1 standing 
5 576 343 643 470 14012 0 0 1 standing 
5 571 343 640 471 14013 0 0 1 standing 
5 567 343 638 472 14014 0 0 0 standing 
5 567 344 639 473 14015 0 0 1 standing 
5 568 346 640 474 14016 0 0 1 standing 
5 568 347 642 475 14017 0 0 1 standing 
5 569 349 643 476 14018 0 0 1 standing 
5 569 350 645 477 14019 0 0 1 standing 
5 570 352 646 478 14020 0 0 1 standing 
5 571 354 648 479 14021 0 0 0 standing 
5 578 357 653 480 14022 0 0 1 standing 
5 585 360 658 481 14023 0 0 1 standing 
5 592 363 663 482 14024 0 0 1 standing 
6 125 405 184 542 14005 0 0 0 standing 
6 125 406 185 543 14006 0 0 1 standing 
6 125 408 186 544 14007 0 0 1 standing 
6 126 410 187 545 14008 0 0 0 standing 
6 131 411 191 545 14009 0 0 1 standing 
6 136 413 196 545 14010 0 0 1 standing 
6 142 415 201 545 14011 0 0 0 standing 
6 152 414 211 545 14012 0 0 1 standing 
6 162 414 222 546 14013 0 0 1 standing 
6 172 413 233 547 14014 0 0 1 standing 
6 182 413 244 548 14015 0 0 1 standing 
6 193 413 255 549 14016 0 0 0 standing 
6 204 415 265 551 14017 0 0 1 standing 
6 216 417 275 554 14018 0 0 1 standing 
6 227 419 285 556 14019 0 0 1 standing 
6 239 421 295 559 14020 0 0 1 standing 
6 251 423 305 562 14021 0 0 0 standing 
6 264 422 315 564 14022 0 0 1 standing 
6 277 422 326 566 14023 0 0 1 standing 
6 290 422 336 568 14024 0 0 1 standing 
7 201 348 252 451 14005 0 0 0 standing 
7 200 348 253 450 14006 0 0 1 standing 
7 200 348 254 450 14007 0 0 1 standing 
7 200 349 256 450 14008 0 0 0 standing 
7 203 349 258 453 14009 0 0 1 standing 
7 206 349 261 456 14010 0 0 1 standing 
7 209 350 264 459 14011 0 0 0 standing 
7 217 348 272 459 14012 0 0 1 standing 
7 226 347 280 459 14013 0 0 1 standing 
7 234 346 289 459 14014 0 0 1 standing 
7 243 345 297 459 14015 0 0 1 standing 
7 252 344 306 459 14016 0 0 0 standing 
7 264 343 317 464 14017 0 0 1 standing 
7 277 342 328 470 14018 0 0 1 standing 
7 289 341 339 475 14019 0 0 1 standing 
7 302 340 351 481 14020 0 0 0 standing 
7 313 342 363 484 14021 0 0 1 standing 
7 324 344 376 488 14022 0 0 1 standing 
7 336 346 388 492 14023 0 0 1 standing 
7 347 348 401 496 14024 0 0 1 standing 
8 314 346 394 459 14005 0 0 0 standing 
8 327 342 406 457 14006 0 0 1 moving 
8 340 339 418 455 14007 0 0 1 moving 
8 353 336 430 453 14008 0 0 1 moving 
8 366 333 442 451 14009 0 0 1 moving 
8 380 330 454 449 14010 0 0 1 moving 
8 393 327 466 447 14011 0 0 1 moving 
8 406 324 478 445 14012 0 0 1 moving 
8 419 321 490 443 14013 0 0 1 moving 
8 433 318 503 441 14014 0 0 0 moving 
8 453 316 520 441 14015 0 0 1 moving 
8 473 314 537 441 14016 0 0 1 moving 
8 493 313 555 442 14017 0 0 0 moving 
8 512 311 573 440 14018 0 0 1 moving 
8 531 309 592 438 14019 0 0 1 moving 
8 550 307 611 436 14020 0 0 1 moving 
8 570 305 630 434 14021 0 0 0 moving 
8 587 304 650 433 14022 0 0 1 moving 
8 605 303 670 432 14023 0 0 1 moving 
8 623 302 690 431 14024 0 0 1 moving 
9 308 334 386 457 14005 0 0 0 moving 
9 311 333 384 461 14006 0 0 1 standing 
9 314 332 382 466 14007 0 0 1 standing 
9 318 332 380 471 14008 0 0 0 standing 
9 321 333 388 471 14009 0 0 1 standing 
9 324 335 396 472 14010 0 0 1 standing 
9 327 337 404 473 14011 0 0 1 standing 
9 330 339 412 474 14012 0 0 1 standing 
9 334 341 421 475 14013 0 0 0 standing 
9 343 339 433 473 14014 0 0 1 standing 
9 352 338 445 472 14015 0 0 1 standing 
9 361 337 457 471 14016 0 0 0 standing 
9 376 335 469 469 14017 0 0 1 standing 
9 392 333 482 468 14018 0 0 1 standing 
9 408 331 495 467 14019 0 0 1 standing 
9 424 329 508 465 14020 0 0 1 standing 
9 440 327 521 464 14021 0 0 1 standing 
9 456 325 534 463 14022 0 0 0 standing 
9 466 324 546 463 14023 0 0 1 standing 
9 476 324 558 464 14024 0 0 1 standing 
