0 1065 415 1132 555 101965 0 0 0 standing 
0 1074 416 1139 556 101966 0 0 1 standing 
0 1083 417 1147 557 101967 0 0 1 standing 
0 1092 418 1155 558 101968 0 0 1 standing 
0 1101 419 1163 559 101969 0 0 1 standing 
0 1111 420 1171 560 101970 0 0 0 standing 
0 1106 418 1170 557 101971 0 0 1 standing 
0 1101 416 1170 555 101972 0 0 1 standing 
0 1097 414 1170 553 101973 0 0 0 standing 
0 1091 411 1156 551 101974 0 0 1 standing 
0 1085 408 1142 550 101975 0 0 1 standing 
0 1079 405 1128 549 101976 0 0 1 standing 
0 1074 403 1115 548 101977 0 0 0 standing 
0 1058 404 1104 546 101978 0 0 1 standing 
0 1043 405 1094 545 101979 0 0 1 standing 
0 1028 406 1084 544 101980 0 0 1 standing 
0 1013 407 1074 542 101981 0 0 1 standing 
0 998 408 1064 541 101982 0 0 1 standing 
0 983 409 1054 540 101983 0 0 0 standing 
0 978 410 1049 538 101984 0 0 1 standing 
1 1015 483 1071 608 101965 0 0 0 standing 
1 1019 483 1076 608 101966 0 0 1 standing 
1 1024 484 1081 609 101967 0 0 1 standing 
1 1028 484 1086 609 101968 0 0 1 standing 
1 1033 485 1092 610 101969 0 0 1 standing 
1 1037 486 1097 610 101970 0 0 1 standing 
1 1042 486 1102 611 101971 0 0 1 standing 
1 1046 487 1108 611 101972 0 0 1 standing 
1 1051 487 1113 612 101973 0 0 1 standing 
1 1055 488 1118 612 101974 0 0 1 standing 
1 1060 489 1124 613 101975 0 0 0 standing 
1 1053 488 1117 612 101976 0 0 1 standing 
1 1047 488 1111 612 101977 0 0 1 standing 
1 1041 487 1105 611 101978 0 0 1 standing 
1 1035 487 1099 611 101979 0 0 1 standing 
1 1029 487 1093 611 101980 0 0 1 standing 
1 1022 486 1086 610 101981 0 0 1 standing 
1 1016 486 1080 610 101982 0 0 1 standing 
1 1010 485 1074 609 101983 0 0 1 standing 
1 1004 485 1068 609 101984 0 0 1 standing 
2 943 390 999 503 101965 0 0 0 standing 
2 953 389 1009 502 101966 0 0 1 standing 
2 963 388 1019 501 101967 0 0 1 standing 
2 973 387 1029 500 101968 0 0 1 standing 
2 983 387 1039 500 101969 0 0 0 standing 
2 983 386 1039 499 101970 0 0 1 standing 
2 984 386 1040 499 101971 0 0 1 standing 
2 984 385 1040 498 101972 0 0 1 standing 
2 985 385 1041 498 101973 0 0 1 standing 
2 986 385 1042 498 101974 0 0 0 standing 
2 980 385 1038 497 101975 0 0 1 standing 
2 974 385 1034 497 101976 0 0 1 standing 
2 969 385 1031 497 101977 0 0 1 standing 
2 963 385 1027 497 101978 0 0 1 standing 
2 958 385 1023 497 101979 0 0 1 standing 
2 952 385 1020 497 101980 0 0 1 standing 
2 947 385 1016 497 101981 0 0 1 standing 
2 941 385 1012 497 101982 0 0 1 standing 
2 936 385 1009 497 101983 0 0 1 standing 
2 930 385 1005 497 101984 0 0 1 standing 
3 737 360 813 482 101965 0 0 0 standing 
3 743 359 818 481 101966 0 0 1 standing 
3 750 359 823 481 101967 0 0 1 standing 
3 757 359 828 481 101968 0 0 1 standing 
3 764 359 833 481 101969 0 0 0 standing 
3 764 358 829 482 101970 0 0 1 standing 
3 764 358 825 483 101971 0 0 1 standing 
3 764 358 822 484 101972 0 0 1 standing 
3 764 358 818 485 101973 0 0 1 standing 
3 764 358 814 486 101974 0 0 1 standing 
3 765 358 811 487 101975 0 0 0 standing 
3 759 358 804 486 101976 0 0 1 standing 
3 753 358 798 486 101977 0 0 1 standing 
3 747 359 792 485 101978 0 0 1 standing 
3 741 359 786 485 101979 0 0 1 standing 
3 735 359 779 484 101980 0 0 1 standing 
3 729 360 773 484 101981 0 0 1 standing 
3 723 360 767 484 101982 0 0 1 standing 
3 717 360 761 483 101983 0 0 1 standing 
3 711 361 754 483 101984 0 0 1 standing 
4 723 418 796 568 101965 0 0 0 standing 
4 731 419 804 569 101966 0 0 1 standing 
4 739 421 812 571 101967 0 0 1 standing 
4 747 423 820 573 101968 0 0 1 standing 
4 755 425 828 575 101969 0 0 0 standing 
4 761 424 834 574 101970 0 0 1 standing 
4 767 423 840 573 101971 0 0 1 standing 
4 773 423 846 573 101972 0 0 0 standing 
4 763 422 836 572 101973 0 0 1 standing 
4 753 421 826 571 101974 0 0 1 standing 
4 743 420 816 570 101975 0 0 0 standing 
4 737 419 808 568 101976 0 0 1 standing 
4 732 418 800 566 101977 0 0 1 standing 
4 727 417 793 564 101978 0 0 1 standing 
4 722 417 785 562 101979 0 0 1 standing 
4 717 416 778 561 101980 0 0 1 standing 
4 711 415 770 559 101981 0 0 1 standing 
4 706 415 762 557 101982 0 0 1 standing 
4 701 414 755 555 101983 0 0 1 standing 
4 696 413 747 553 101984 0 0 1 standing 
5 715 440 769 587 101965 0 0 0 standing 
5 723 440 777 587 101966 0 0 1 standing 
5 731 440 785 587 101967 0 0 1 standing 
5 739 441 793 588 101968 0 0 1 standing 
5 747 441 801 588 101969 0 0 1 standing 
5 756 442 810 589 101970 0 0 0 standing 
5 757 442 811 589 101971 0 0 1 standing 
5 759 442 813 589 101972 0 0 1 standing 
5 760 443 814 590 101973 0 0 1 standing 
5 762 443 816 590 101974 0 0 1 standing 
5 764 444 818 591 101975 0 0 0 standing 
5 759 443 813 590 101976 0 0 1 standing 
5 754 443 808 590 101977 0 0 1 standing 
5 749 442 803 589 101978 0 0 1 standing 
5 745 442 799 589 101979 0 0 1 standing 
5 740 442 794 589 101980 0 0 1 standing 
5 735 441 789 588 101981 0 0 1 standing 
5 731 441 785 588 101982 0 0 1 standing 
5 726 440 780 587 101983 0 0 1 standing 
5 721 440 775 587 101984 0 0 1 standing 
6 592 363 671 462 101965 0 0 0 standing 
6 600 365 677 464 101966 0 0 1 falling 
6 609 367 683 466 101967 0 0 1 falling 
6 618 369 690 468 101968 0 0 1 falling 
6 626 371 696 470 101969 0 0 1 falling 
6 635 373 702 472 101970 0 0 1 falling 
6 644 375 709 474 101971 0 0 0 falling 
6 642 375 704 473 101972 0 0 1 falling 
6 640 375 700 473 101973 0 0 1 falling 
6 638 375 696 473 101974 0 0 1 falling 
6 637 375 692 473 101975 0 0 0 falling 
6 627 373 685 471 101976 0 0 1 falling 
6 618 372 678 469 101977 0 0 1 falling 
6 609 370 671 468 101978 0 0 1 falling 
6 600 369 665 466 101979 0 0 1 falling 
6 591 367 658 465 101980 0 0 1 falling 
6 582 366 651 463 101981 0 0 1 falling 
6 573 364 645 461 101982 0 0 1 falling 
6 564 363 638 460 101983 0 0 1 falling 
6 555 361 631 458 101984 0 0 1 falling 
7 349 446 438 524 101965 0 0 0 falling 
7 362 443 449 523 101966 0 0 1 falling 
7 375 440 460 522 101967 0 0 1 falling 
7 388 438 472 522 101968 0 0 0 falling 
7 392 435 474 521 101969 0 0 1 falling 
7 396 432 476 521 101970 0 0 1 falling 
7 400 429 478 520 101971 0 0 1 falling 
7 404 426 480 520 101972 0 0 1 falling 
7 408 423 482 519 101973 0 0 1 falling 
7 412 420 484 519 101974 0 0 1 falling 
7 416 417 487 519 101975 0 0 0 falling 
7 409 416 480 518 101976 0 0 1 falling 
7 403 415 474 518 101977 0 0 1 falling 
7 396 415 467 517 101978 0 0 1 falling 
7 390 414 461 517 101979 0 0 1 falling 
7 383 413 454 516 101980 0 0 1 falling 
7 377 413 448 516 101981 0 0 1 falling 
7 371 412 442 515 101982 0 0 1 falling 
7 364 411 435 515 101983 0 0 1 falling 
7 358 411 429 514 101984 0 0 1 falling 
8 624 430 698 553 101965 0 0 0 falling 
8 634 429 706 552 101966 0 0 1 standing 
8 645 429 714 552 101967 0 0 1 standing 
8 656 429 722 552 101968 0 0 0 standing 
8 661 426 725 549 101969 0 0 1 standing 
8 667 424 728 546 101970 0 0 1 standing 
8 673 421 731 543 101971 0 0 1 standing 
8 679 419 735 541 101972 0 0 0 standing 
8 677 419 731 541 101973 0 0 1 standing 
8 675 420 727 542 101974 0 0 1 standing 
8 673 421 723 543 101975 0 0 0 standing 
8 666 418 717 543 101976 0 0 1 standing 
8 660 416 712 543 101977 0 0 1 standing 
8 654 414 707 543 101978 0 0 1 standing 
8 648 412 702 543 101979 0 0 1 standing 
8 642 410 697 544 101980 0 0 1 standing 
8 636 408 691 544 101981 0 0 1 standing 
8 630 406 686 544 101982 0 0 1 standing 
8 624 404 681 544 101983 0 0 1 standing 
8 618 402 676 544 101984 0 0 1 standing 
9 521 400 574 529 101965 0 1 0 standing 
9 522 404 592 527 101966 0 1 1 digging 
9 523 409 610 525 101967 0 1 1 digging 
9 524 414 628 524 101968 0 1 0 digging 
9 536 412 640 522 101969 0 1 1 digging 
9 549 410 653 520 101970 0 1 1 digging 
9 562 408 666 518 101971 0 1 0 digging 
9 562 408 671 517 101972 0 1 1 digging 
9 562 408 676 517 101973 0 1 1 digging 
9 562 408 682 517 101974 0 1 0 digging 
9 559 410 682 508 101975 0 1 1 digging 
9 556 413 683 499 101976 0 1 1 digging 
9 554 416 684 491 101977 0 1 0 digging 
9 553 417 683 492 101978 0 1 1 digging 
9 552 418 682 493 101979 0 1 1 digging 
9 551 419 681 494 101980 0 1 1 digging 
9 550 420 680 495 101981 0 1 1 digging 
9 550 421 680 496 101982 0 1 0 digging 
9 548 424 678 498 101983 0 1 1 digging 
9 546 428 676 501 101984 0 1 1 digging 
10 541 421 594 542 101965 0 0 0 digging 
10 547 421 601 543 101966 0 0 1 standing 
10 554 421 608 545 101967 0 0 1 standing 
10 560 421 616 547 101968 0 0 1 standing 
10 567 421 623 549 101969 0 0 1 standing 
10 573 421 630 551 101970 0 0 1 standing 
10 580 422 638 553 101971 0 0 0 standing 
10 576 421 635 553 101972 0 0 1 standing 
10 572 420 632 554 101973 0 0 1 standing 
10 568 419 629 555 101974 0 0 1 standing 
10 565 418 626 556 101975 0 0 0 standing 
10 558 421 622 559 101976 0 0 1 standing 
10 552 425 619 562 101977 0 0 1 standing 
10 546 428 615 565 101978 0 0 1 standing 
10 540 432 612 569 101979 0 0 0 standing 
10 533 431 605 568 101980 0 0 1 standing 
10 526 430 598 567 101981 0 0 1 standing 
10 519 429 591 566 101982 0 0 1 standing 
10 512 428 584 565 101983 0 0 1 standing 
10 505 427 577 564 101984 0 0 1 standing 
11 490 487 585 616 101965 0 0 0 standing 
11 494 485 590 616 101966 0 0 1 standing 
11 499 483 596 616 101967 0 0 1 standing 
11 503 481 602 617 101968 0 0 1 standing 
11 508 479 608 617 101969 0 0 1 standing 
11 513 478 614 618 101970 0 0 0 standing 
11 508 475 601 617 101971 0 0 1 standing 
11 503 472 588 616 101972 0 0 1 standing 
11 498 469 575 616 101973 0 0 1 standing 
11 493 466 562 615 101974 0 0 1 standing 
11 488 463 549 615 101975 0 0 0 standing 
11 473 462 539 614 101976 0 0 1 standing 
11 458 462 529 613 101977 0 0 1 standing 
11 443 462 520 613 101978 0 0 0 standing 
11 429 462 505 613 101979 0 0 1 standing 
11 415 463 490 614 101980 0 0 1 standing 
11 402 464 476 615 101981 0 0 0 standing 
11 397 463 470 614 101982 0 0 1 standing 
11 393 462 465 613 101983 0 0 1 standing 
11 389 461 459 612 101984 0 0 1 standing 
