0 593 324 657 522 14935 1 0 1 setting 
0 593 324 657 522 14936 1 0 1 setting 
0 593 324 657 522 14937 0 1 0 setting 
0 598 316 662 516 14938 0 1 1 setting 
0 603 309 667 510 14939 0 1 1 setting 
0 608 302 672 504 14940 0 1 0 setting 
0 614 303 676 504 14941 0 1 1 setting 
0 621 304 681 504 14942 0 1 1 setting 
0 628 305 686 504 14943 0 1 1 setting 
0 635 307 691 504 14944 0 1 0 setting 
0 639 313 695 508 14945 0 1 1 setting 
0 643 319 699 512 14946 0 1 1 setting 
0 647 325 704 516 14947 0 1 1 setting 
0 651 331 708 520 14948 0 1 1 setting 
0 655 337 713 524 14949 0 1 0 setting 
0 655 337 713 524 14950 0 1 1 setting 
0 655 337 713 524 14951 0 1 1 setting 
0 655 337 713 524 14952 0 1 1 setting 
0 655 337 713 524 14953 0 1 1 setting 
0 655 337 713 524 14954 0 1 1 setting 
1 736 393 847 530 14935 1 0 1 setting 
1 736 393 847 530 14936 1 0 1 standing 
1 736 393 847 530 14937 0 1 0 standing 
1 733 390 838 531 14938 0 1 1 standing 
1 731 388 829 533 14939 0 1 1 standing 
1 728 385 820 535 14940 0 1 1 standing 
1 726 383 812 537 14941 0 1 0 standing 
1 732 371 811 535 14942 0 1 1 standing 
1 739 359 810 533 14943 0 1 1 standing 
1 745 347 809 531 14944 0 1 1 standing 
1 752 336 809 530 14945 0 1 0 standing 
1 747 332 813 516 14946 0 1 1 standing 
1 742 328 817 502 14947 0 1 1 standing 
1 738 324 822 488 14948 0 1 0 standing 
1 730 325 824 485 14949 0 1 1 standing 
1 722 327 826 482 14950 0 1 1 standing 
1 715 329 829 479 14951 0 1 0 standing 
1 715 329 829 479 14952 0 1 1 standing 
1 715 329 829 479 14953 0 1 1 standing 
1 715 329 829 479 14954 0 1 1 standing 
2 827 312 930 426 14935 1 0 1 standing 
2 827 312 930 426 14936 1 0 1 standing 
2 827 312 930 426 14937 0 1 0 standing 
2 830 312 932 426 14938 0 1 1 standing 
2 834 312 934 426 14939 0 1 1 standing 
2 838 312 936 426 14940 0 1 0 standing 
2 838 313 928 427 14941 0 1 1 standing 
2 839 314 921 428 14942 0 1 1 standing 
2 839 315 913 429 14943 0 1 1 standing 
2 840 317 906 431 14944 0 1 0 standing 
2 827 316 906 429 14945 0 1 1 standing 
2 815 315 907 428 14946 0 1 1 standing 
2 803 314 908 427 14947 0 1 1 standing 
2 791 313 909 426 14948 0 1 0 standing 
2 792 314 907 427 14949 0 1 1 standing 
2 793 316 905 428 14950 0 1 1 standing 
2 795 318 903 430 14951 0 1 0 standing 
2 795 318 903 430 14952 0 1 1 standing 
2 795 318 903 430 14953 0 1 1 standing 
2 795 318 903 430 14954 0 1 1 standing 
3 981 368 1083 502 14935 1 0 1 standing 
3 981 368 1082 502 14936 1 0 1 moving 
3 982 369 1081 503 14937 0 1 0 moving 
3 976 367 1078 502 14938 0 1 1 moving 
3 971 365 1075 501 14939 0 1 1 moving 
3 965 363 1072 501 14940 0 1 1 moving 
3 960 361 1069 500 14941 0 1 1 moving 
3 954 359 1066 500 14942 0 1 1 moving 
3 949 357 1063 499 14943 0 1 1 moving 
3 944 356 1060 499 14944 0 1 0 moving 
3 935 356 1053 497 14945 0 1 1 moving 
3 926 356 1046 495 14946 0 1 1 moving 
3 918 356 1039 494 14947 0 1 0 moving 
3 918 359 1030 499 14948 0 1 1 moving 
3 919 363 1022 504 14949 0 1 1 moving 
3 920 367 1014 509 14950 0 1 0 moving 
3 915 366 1006 509 14951 0 1 1 moving 
3 911 366 999 509 14952 0 1 1 moving 
3 906 365 992 509 14953 0 1 1 moving 
3 902 365 985 509 14954 0 1 1 moving 
4 762 534 872 714 14935 1 0 1 moving 
4 762 534 872 714 14936 1 0 1 standing 
4 762 534 872 714 14937 0 1 0 standing 
4 767 530 876 713 14938 0 1 1 standing 
4 772 526 881 713 14939 0 1 1 standing 
4 777 523 886 713 14940 0 1 0 standing 
4 779 521 880 709 14941 0 1 1 standing 
4 781 520 875 705 14942 0 1 1 standing 
4 784 519 870 702 14943 0 1 0 standing 
4 781 517 873 699 14944 0 1 1 standing 
4 779 516 876 697 14945 0 1 1 standing 
4 777 514 880 695 14946 0 1 1 standing 
4 775 513 883 693 14947 0 1 1 standing 
4 773 512 887 691 14948 0 1 0 standing 
4 767 510 881 685 14949 0 1 1 standing 
4 761 509 875 680 14950 0 1 1 standing 
4 756 507 869 675 14951 0 1 1 standing 
4 750 506 864 670 14952 0 1 1 standing 
4 744 505 858 665 14953 0 1 1 standing 
4 739 503 852 660 14954 0 1 1 standing 
5 1053 428 1149 583 14935 1 0 1 standing 
5 1053 428 1149 583 14936 1 0 1 standing 
5 1053 428 1149 583 14937 0 0 0 standing 
5 1062 429 1154 584 14938 0 0 1 standing 
5 1071 431 1159 585 14939 0 0 1 standing 
5 1080 433 1164 587 14940 0 0 0 standing 
5 1083 432 1161 586 14941 0 0 1 standing 
5 1086 431 1159 585 14942 0 0 1 standing 
5 1089 430 1157 584 14943 0 0 1 standing 
5 1092 429 1155 583 14944 0 0 1 standing 
5 1095 429 1153 582 14945 0 0 0 standing 
5 1088 431 1154 583 14946 0 0 1 standing 
5 1082 433 1156 585 14947 0 0 1 standing 
5 1076 435 1158 587 14948 0 0 1 standing 
5 1070 438 1160 589 14949 0 0 0 standing 
5 1069 438 1164 587 14950 0 0 1 standing 
5 1068 439 1168 585 14951 0 0 1 standing 
5 1068 440 1172 583 14952 0 0 0 standing 
5 1068 440 1172 583 14953 0 0 1 standing 
5 1068 440 1172 583 14954 0 0 1 standing 
6 493 434 544 582 14935 1 0 1 standing 
6 493 434 544 582 14936 1 0 1 standing 
6 493 434 544 582 14937 0 0 0 standing 
6 499 436 551 582 14938 0 0 1 standing 
6 506 438 559 582 14939 0 0 1 standing 
6 512 441 567 582 14940 0 0 1 standing 
6 519 443 575 582 14941 0 0 1 standing 
6 525 446 583 582 14942 0 0 1 standing 
6 532 448 590 582 14943 0 0 1 standing 
6 538 450 598 582 14944 0 0 1 standing 
6 545 453 606 582 14945 0 0 1 standing 
6 551 455 614 582 14946 0 0 1 standing 
6 558 458 622 582 14947 0 0 0 standing 
6 556 460 628 584 14948 0 0 1 standing 
6 554 462 634 586 14949 0 0 1 standing 
6 553 464 640 589 14950 0 0 0 standing 
6 563 466 645 593 14951 0 0 1 standing 
6 574 469 650 597 14952 0 0 1 standing 
6 585 472 655 601 14953 0 0 1 standing 
6 595 475 661 605 14954 0 0 1 standing 
7 519 378 583 537 14935 1 0 1 standing 
7 519 378 583 537 14936 1 0 1 standing 
7 519 378 583 537 14937 0 0 0 standing 
7 525 379 588 537 14938 0 0 1 standing 
7 531 380 594 537 14939 0 0 1 standing 
7 538 381 600 537 14940 0 0 1 standing 
7 544 382 606 537 14941 0 0 1 standing 
7 551 384 612 538 14942 0 0 0 standing 
7 558 370 618 536 14943 0 0 1 standing 
7 565 356 624 535 14944 0 0 1 standing 
7 572 342 630 533 14945 0 0 1 standing 
7 579 328 636 532 14946 0 0 1 standing 
7 587 315 642 531 14947 0 0 0 standing 
7 590 313 648 531 14948 0 0 1 standing 
7 593 312 654 532 14949 0 0 1 standing 
7 596 311 660 533 14950 0 0 0 standing 
7 599 311 665 533 14951 0 0 1 standing 
7 602 312 671 534 14952 0 0 1 standing 
7 606 313 677 535 14953 0 0 1 standing 
7 609 313 682 536 14954 0 0 1 standing 
8 519 349 582 516 14935 1 0 1 standing 
8 519 349 582 516 14936 1 0 1 standing 
8 519 349 582 516 14937 0 0 0 standing 
8 524 348 587 510 14938 0 0 1 standing 
8 529 347 593 505 14939 0 0 1 standing 
8 535 346 599 500 14940 0 0 0 standing 
8 541 344 605 496 14941 0 0 1 standing 
8 547 343 611 493 14942 0 0 1 standing 
8 553 341 617 489 14943 0 0 1 standing 
8 559 340 623 486 14944 0 0 1 standing 
8 566 339 630 483 14945 0 0 0 standing 
8 570 339 635 480 14946 0 0 1 standing 
8 575 339 641 478 14947 0 0 1 standing 
8 579 339 646 476 14948 0 0 1 standing 
8 584 339 652 474 14949 0 0 1 standing 
8 589 340 658 472 14950 0 0 0 standing 
8 588 342 658 471 14951 0 0 1 standing 
8 588 344 658 471 14952 0 0 1 standing 
8 587 347 658 471 14953 0 0 1 standing 
8 587 349 659 471 14954 0 0 1 standing 
9 333 349 415 473 14935 1 0 1 standing 
9 333 349 414 473 14936 1 0 1 standing 
9 333 349 414 473 14937 0 0 0 standing 
9 340 349 422 473 14938 0 0 1 standing 
9 348 350 431 474 14939 0 0 1 standing 
9 356 351 439 475 14940 0 0 1 standing 
9 364 352 448 476 14941 0 0 1 standing 
9 372 353 457 477 14942 0 0 0 standing 
9 374 353 463 477 14943 0 0 1 standing 
9 376 353 470 477 14944 0 0 1 standing 
9 378 353 476 477 14945 0 0 1 standing 
9 381 354 483 478 14946 0 0 0 standing 
9 383 354 485 478 14947 0 0 1 standing 
9 386 355 487 479 14948 0 0 1 standing 
9 389 356 489 480 14949 0 0 0 standing 
9 387 356 486 480 14950 0 0 1 standing 
9 386 357 483 480 14951 0 0 1 standing 
9 384 358 481 480 14952 0 0 1 standing 
9 383 359 478 480 14953 0 0 1 standing 
9 382 360 475 480 14954 0 0 1 standing 
10 205 455 272 609 14935 1 0 1 standing 
10 205 455 272 609 14936 1 0 1 standing 
10 206 456 273 610 14937 0 0 0 standing 
10 212 453 278 608 14938 0 0 1 standing 
10 218 451 284 607 14939 0 0 1 standing 
10 225 449 289 606 14940 0 0 1 standing 
10 231 447 295 605 14941 0 0 1 standing 
10 238 445 300 604 14942 0 0 1 standing 
10 244 443 306 603 14943 0 0 1 standing 
10 251 441 312 602 14944 0 0 0 standing 
10 253 440 315 601 14945 0 0 1 standing 
10 256 439 319 600 14946 0 0 1 standing 
10 259 438 322 600 14947 0 0 1 standing 
10 262 437 326 599 14948 0 0 1 standing 
10 265 437 330 599 14949 0 0 0 standing 
10 267 438 332 599 14950 0 0 1 standing 
10 270 440 334 599 14951 0 0 1 standing 
10 272 441 337 600 14952 0 0 1 standing 
10 275 443 339 600 14953 0 0 1 standing 
10 277 445 341 600 14954 0 0 1 standing 
11 133 394 206 547 14935 1 0 1 standing 
11 133 394 206 547 14936 1 0 1 standing 
11 133 394 206 547 14937 0 0 0 standing 
11 142 394 215 545 14938 0 0 1 standing 
11 152 394 224 543 14939 0 0 1 standing 
11 162 394 233 541 14940 0 0 1 standing 
11 172 394 242 539 14941 0 0 1 standing 
11 182 394 252 538 14942 0 0 0 standing 
11 186 394 257 538 14943 0 0 1 standing 
11 191 395 262 539 14944 0 0 1 standing 
11 196 395 267 539 14945 0 0 1 standing 
11 201 396 272 540 14946 0 0 0 standing 
11 205 400 274 540 14947 0 0 1 standing 
11 209 404 277 540 14948 0 0 1 standing 
11 213 408 280 541 14949 0 0 0 standing 
11 215 406 284 539 14950 0 0 1 standing 
11 217 405 289 538 14951 0 0 1 standing 
11 219 403 293 537 14952 0 0 1 standing 
11 221 402 298 536 14953 0 0 1 standing 
11 223 401 303 535 14954 0 0 1 standing 
