0 876 455 933 598 96100 0 0 0 standing 
0 880 455 943 598 96101 0 0 1 standing 
0 884 456 954 599 96102 0 0 1 standing 
0 888 457 964 599 96103 0 0 1 standing 
0 892 458 975 600 96104 0 0 0 standing 
0 896 459 974 601 96105 0 0 1 standing 
0 900 460 974 602 96106 0 0 1 standing 
0 904 461 974 603 96107 0 0 1 standing 
0 908 462 974 604 96108 0 0 1 standing 
0 912 463 974 605 96109 0 0 1 standing 
0 917 464 974 607 96110 0 0 0 standing 
0 918 465 979 607 96111 0 0 1 standing 
0 920 466 985 608 96112 0 0 1 standing 
0 921 467 991 609 96113 0 0 1 standing 
0 923 468 997 610 96114 0 0 1 standing 
0 924 469 1003 611 96115 0 0 1 standing 
0 926 470 1008 612 96116 0 0 1 standing 
0 927 471 1014 613 96117 0 0 1 standing 
0 929 472 1020 614 96118 0 0 1 standing 
0 930 473 1026 615 96119 0 0 1 standing 
1 834 357 879 483 96100 0 0 0 standing 
1 837 357 882 483 96101 0 0 1 standing 
1 840 357 885 483 96102 0 0 1 standing 
1 843 357 888 483 96103 0 0 1 standing 
1 846 357 891 483 96104 0 0 1 standing 
1 850 358 895 484 96105 0 0 1 standing 
1 853 358 898 484 96106 0 0 1 standing 
1 856 358 901 484 96107 0 0 1 standing 
1 859 358 904 484 96108 0 0 1 standing 
1 862 358 907 484 96109 0 0 1 standing 
1 866 359 911 485 96110 0 0 0 standing 
1 866 359 913 485 96111 0 0 1 standing 
1 866 360 915 486 96112 0 0 1 standing 
1 867 361 918 487 96113 0 0 1 standing 
1 867 362 920 488 96114 0 0 1 standing 
1 868 363 923 489 96115 0 0 1 standing 
1 868 364 925 489 96116 0 0 1 standing 
1 868 365 927 490 96117 0 0 1 standing 
1 869 366 930 491 96118 0 0 1 standing 
1 869 367 932 492 96119 0 0 1 standing 
2 864 385 914 519 96100 0 0 0 standing 
2 865 385 915 519 96101 0 0 1 standing 
2 866 386 916 520 96102 0 0 1 standing 
2 867 386 917 520 96103 0 0 1 standing 
2 868 387 918 521 96104 0 0 1 standing 
2 870 388 920 522 96105 0 0 1 standing 
2 871 388 921 522 96106 0 0 1 standing 
2 872 389 922 523 96107 0 0 1 standing 
2 873 389 923 523 96108 0 0 1 standing 
2 874 390 924 524 96109 0 0 1 standing 
2 876 391 926 525 96110 0 0 0 standing 
2 876 394 926 526 96111 0 0 1 standing 
2 876 397 926 528 96112 0 0 1 standing 
2 876 400 926 530 96113 0 0 1 standing 
2 876 403 926 531 96114 0 0 1 standing 
2 876 406 926 533 96115 0 0 1 standing 
2 876 409 926 535 96116 0 0 1 standing 
2 876 412 926 536 96117 0 0 1 standing 
2 876 415 926 538 96118 0 0 1 standing 
2 876 418 926 540 96119 0 0 1 standing 
3 654 348 701 477 96100 0 0 0 standing 
3 651 348 698 477 96101 0 0 1 standing 
3 649 348 696 477 96102 0 0 1 standing 
3 647 348 694 477 96103 0 0 1 standing 
3 644 348 691 477 96104 0 0 1 standing 
3 642 348 689 477 96105 0 0 1 standing 
3 640 348 687 477 96106 0 0 1 standing 
3 637 348 684 477 96107 0 0 1 standing 
3 635 348 682 477 96108 0 0 1 standing 
3 633 348 680 477 96109 0 0 1 standing 
3 631 348 678 477 96110 0 0 0 standing 
3 628 349 676 478 96111 0 0 1 standing 
3 625 350 674 479 96112 0 0 1 standing 
3 622 351 672 480 96113 0 0 1 standing 
3 619 353 670 481 96114 0 0 1 standing 
3 616 354 668 483 96115 0 0 1 standing 
3 613 355 666 484 96116 0 0 1 standing 
3 610 357 664 485 96117 0 0 1 standing 
3 607 358 662 486 96118 0 0 1 standing 
3 604 359 660 487 96119 0 0 1 standing 
4 637 454 689 595 96100 0 0 0 standing 
4 635 454 687 595 96101 0 0 1 standing 
4 634 454 686 595 96102 0 0 1 standing 
4 633 454 685 595 96103 0 0 1 standing 
4 632 454 684 595 96104 0 0 1 standing 
4 631 454 683 595 96105 0 0 1 standing 
4 629 454 681 595 96106 0 0 1 standing 
4 628 454 680 595 96107 0 0 1 standing 
4 627 454 679 595 96108 0 0 1 standing 
4 626 454 678 595 96109 0 0 1 standing 
4 625 455 677 596 96110 0 0 0 standing 
4 622 456 674 596 96111 0 0 1 standing 
4 620 458 671 597 96112 0 0 1 standing 
4 617 459 669 597 96113 0 0 1 standing 
4 615 461 666 598 96114 0 0 1 standing 
4 612 463 664 599 96115 0 0 1 standing 
4 610 464 661 599 96116 0 0 1 standing 
4 607 466 658 600 96117 0 0 1 standing 
4 605 467 656 600 96118 0 0 1 standing 
4 602 469 653 601 96119 0 0 1 standing 
5 674 403 727 531 96100 0 0 0 standing 
5 670 402 723 530 96101 0 0 1 standing 
5 667 402 720 530 96102 0 0 1 standing 
5 664 402 717 530 96103 0 0 1 standing 
5 660 401 713 529 96104 0 0 1 standing 
5 657 401 710 529 96105 0 0 1 standing 
5 654 401 707 529 96106 0 0 1 standing 
5 650 400 703 528 96107 0 0 1 standing 
5 647 400 700 528 96108 0 0 1 standing 
5 644 400 697 528 96109 0 0 1 standing 
5 641 400 694 528 96110 0 0 0 standing 
5 638 402 689 530 96111 0 0 1 standing 
5 635 405 685 533 96112 0 0 1 standing 
5 632 407 681 535 96113 0 0 1 standing 
5 629 410 677 538 96114 0 0 1 standing 
5 626 413 673 540 96115 0 0 1 standing 
5 623 415 669 543 96116 0 0 1 standing 
5 620 418 665 545 96117 0 0 1 standing 
5 617 420 661 548 96118 0 0 1 standing 
5 614 423 657 550 96119 0 0 1 standing 
6 532 361 595 477 96100 0 0 0 standing 
6 531 361 592 478 96101 0 0 1 standing 
6 531 362 590 480 96102 0 0 1 standing 
6 531 362 588 482 96103 0 0 1 standing 
6 531 363 585 484 96104 0 0 1 standing 
6 531 363 583 486 96105 0 0 1 standing 
6 531 364 581 487 96106 0 0 1 standing 
6 531 364 578 489 96107 0 0 1 standing 
6 531 365 576 491 96108 0 0 1 standing 
6 531 365 574 493 96109 0 0 1 standing 
6 531 366 572 495 96110 0 0 0 standing 
6 528 361 570 495 96111 0 0 1 standing 
6 526 356 569 495 96112 0 0 1 standing 
6 523 351 568 495 96113 0 0 1 standing 
6 521 346 567 495 96114 0 0 0 standing 
6 518 349 566 494 96115 0 0 1 standing 
6 516 352 566 494 96116 0 0 1 standing 
6 514 356 566 494 96117 0 0 1 standing 
6 512 359 565 494 96118 0 0 1 standing 
6 510 362 565 494 96119 0 0 1 standing 
7 415 347 495 445 96100 0 0 0 standing 
7 410 347 489 445 96101 0 0 1 moving 
7 405 348 483 446 96102 0 0 1 moving 
7 400 349 477 446 96103 0 0 1 moving 
7 396 349 471 447 96104 0 0 1 moving 
7 391 350 466 448 96105 0 0 1 moving 
7 386 351 460 448 96106 0 0 1 moving 
7 382 351 454 449 96107 0 0 1 moving 
7 377 352 448 449 96108 0 0 1 moving 
7 372 353 442 450 96109 0 0 1 moving 
7 368 354 437 451 96110 0 0 0 moving 
7 364 353 432 450 96111 0 0 1 moving 
7 361 353 427 450 96112 0 0 1 moving 
7 357 353 422 450 96113 0 0 1 moving 
7 354 353 417 450 96114 0 0 0 moving 
7 352 353 417 450 96115 0 0 1 moving 
7 350 353 418 450 96116 0 0 1 moving 
7 348 354 419 450 96117 0 0 1 moving 
7 346 354 420 450 96118 0 0 1 moving 
7 345 355 421 450 96119 0 0 0 moving 
8 145 421 195 568 96100 0 0 0 moving 
8 143 421 193 568 96101 0 0 1 standing 
8 142 421 192 568 96102 0 0 1 standing 
8 140 421 190 568 96103 0 0 1 standing 
8 139 421 189 568 96104 0 0 1 standing 
8 138 421 188 568 96105 0 0 1 standing 
8 136 421 186 568 96106 0 0 1 standing 
8 135 421 185 568 96107 0 0 1 standing 
8 133 421 183 568 96108 0 0 1 standing 
8 132 421 182 568 96109 0 0 1 standing 
8 131 422 181 569 96110 0 0 0 standing 
8 127 423 180 569 96111 0 0 1 standing 
8 124 425 179 569 96112 0 0 1 standing 
8 121 427 179 569 96113 0 0 1 standing 
8 118 428 178 569 96114 0 0 1 standing 
8 114 430 178 570 96115 0 0 1 standing 
8 111 432 177 570 96116 0 0 1 standing 
8 108 433 177 570 96117 0 0 1 standing 
8 105 435 176 570 96118 0 0 1 standing 
8 102 437 176 571 96119 0 0 0 standing 
9 444 472 564 527 96100 0 1 0 standing 
9 445 470 563 526 96101 0 1 1 falling 
9 447 469 563 526 96102 0 1 1 falling 
9 449 468 562 526 96103 0 1 1 falling 
9 450 466 562 525 96104 0 1 1 falling 
9 452 465 561 525 96105 0 1 1 falling 
9 454 464 561 525 96106 0 1 1 falling 
9 456 463 561 525 96107 0 1 0 falling 
9 458 462 553 525 96108 0 1 1 falling 
9 460 461 545 525 96109 0 1 1 falling 
9 462 460 537 526 96110 0 1 0 falling 
9 460 459 535 526 96111 0 1 1 falling 
9 459 459 534 527 96112 0 1 1 falling 
9 457 458 532 528 96113 0 1 1 falling 
9 456 458 531 529 96114 0 1 1 falling 
9 455 457 529 530 96115 0 1 1 falling 
9 453 457 528 531 96116 0 1 1 falling 
9 452 456 526 532 96117 0 1 1 falling 
9 450 456 525 533 96118 0 1 1 falling 
9 449 455 523 534 96119 0 1 1 falling 
10 349 431 461 561 96100 0 1 0 falling 
10 352 428 459 558 96101 0 1 1 digging 
10 355 425 458 555 96102 0 1 1 digging 
10 359 422 456 552 96103 0 1 1 digging 
10 362 420 455 549 96104 0 1 1 digging 
10 366 417 453 546 96105 0 1 1 digging 
10 369 414 452 543 96106 0 1 1 digging 
10 373 412 451 540 96107 0 1 0 digging 
10 376 409 451 538 96108 0 1 1 digging 
10 380 407 451 536 96109 0 1 1 digging 
10 384 405 452 534 96110 0 1 0 digging 
10 380 405 448 533 96111 0 1 1 digging 
10 377 405 444 533 96112 0 1 1 digging 
10 374 405 440 533 96113 0 1 1 digging 
10 371 405 436 533 96114 0 1 1 digging 
10 368 405 432 533 96115 0 1 1 digging 
10 364 405 428 533 96116 0 1 1 digging 
10 361 405 424 533 96117 0 1 1 digging 
10 358 405 420 533 96118 0 1 1 digging 
10 355 405 416 533 96119 0 1 1 digging 
11 392 457 473 601 96100 0 0 0 digging 
11 385 459 467 603 96101 0 0 1 moving 
11 378 462 462 606 96102 0 0 1 moving 
11 371 464 456 608 96103 0 0 1 moving 
11 364 467 451 611 96104 0 0 1 moving 
11 357 470 445 613 96105 0 0 1 moving 
11 350 472 440 616 96106 0 0 1 moving 
11 343 475 434 618 96107 0 0 1 moving 
11 336 477 429 621 96108 0 0 1 moving 
11 329 480 423 623 96109 0 0 1 moving 
11 322 483 418 626 96110 0 0 0 moving 
11 322 482 417 626 96111 0 0 1 moving 
11 322 482 417 626 96112 0 0 1 moving 
11 322 481 417 626 96113 0 0 1 moving 
11 322 481 417 626 96114 0 0 1 moving 
11 322 480 417 626 96115 0 0 1 moving 
11 322 480 417 626 96116 0 0 0 moving 
11 327 480 417 625 96117 0 0 1 moving 
11 333 480 417 625 96118 0 0 1 moving 
11 339 480 418 625 96119 0 0 0 moving 
