0 527 422 577 543 43745 0 1 0 standing 
0 530 422 580 543 43746 0 1 1 standing 
0 534 422 584 543 43747 0 1 1 standing 
0 538 422 588 543 43748 0 1 1 standing 
0 542 423 592 544 43749 0 1 1 standing 
0 546 423 596 544 43750 0 1 1 standing 
0 549 423 599 544 43751 0 1 1 standing 
0 553 424 603 545 43752 0 1 1 standing 
0 557 424 607 545 43753 0 1 1 standing 
0 561 424 611 545 43754 0 1 1 standing 
0 565 425 615 546 43755 0 1 0 standing 
0 568 424 618 545 43756 0 1 1 standing 
0 571 424 621 545 43757 0 1 1 standing 
0 574 424 624 545 43758 0 1 1 standing 
0 577 424 627 545 43759 0 1 1 standing 
0 580 424 630 545 43760 0 1 1 standing 
0 583 423 633 544 43761 0 1 1 standing 
0 586 423 636 544 43762 0 1 1 standing 
0 589 423 639 544 43763 0 1 1 standing 
0 592 423 642 544 43764 0 1 1 standing 
1 901 477 947 616 43745 0 1 0 standing 
1 901 477 947 618 43746 0 1 1 standing 
1 901 477 947 621 43747 0 1 1 standing 
1 901 477 947 624 43748 0 1 1 standing 
1 901 478 947 627 43749 0 1 1 standing 
1 901 478 947 630 43750 0 1 1 standing 
1 901 478 947 633 43751 0 1 1 standing 
1 901 479 947 636 43752 0 1 1 standing 
1 901 479 947 639 43753 0 1 1 standing 
1 901 479 947 642 43754 0 1 1 standing 
1 902 480 947 645 43755 0 1 0 standing 
1 899 483 944 648 43756 0 1 1 standing 
1 896 486 941 651 43757 0 1 1 standing 
1 893 490 938 655 43758 0 1 1 standing 
1 890 493 935 658 43759 0 1 1 standing 
1 888 497 933 662 43760 0 1 0 standing 
1 884 497 929 662 43761 0 1 1 standing 
1 881 498 926 663 43762 0 1 1 standing 
1 877 498 922 663 43763 0 1 1 standing 
1 874 499 919 664 43764 0 1 1 standing 
2 856 407 910 527 43745 0 1 0 standing 
2 859 406 913 527 43746 0 1 1 standing 
2 862 406 916 527 43747 0 1 1 standing 
2 866 406 919 528 43748 0 1 1 standing 
2 869 406 923 528 43749 0 1 1 standing 
2 873 406 926 529 43750 0 1 1 standing 
2 876 405 929 529 43751 0 1 1 standing 
2 879 405 933 529 43752 0 1 1 standing 
2 883 405 936 530 43753 0 1 1 standing 
2 886 405 939 530 43754 0 1 1 standing 
2 890 405 943 531 43755 0 1 0 standing 
2 888 405 941 531 43756 0 1 1 standing 
2 886 406 939 532 43757 0 1 1 standing 
2 884 406 937 532 43758 0 1 1 standing 
2 882 407 935 533 43759 0 1 1 standing 
2 881 408 934 534 43760 0 1 1 standing 
2 879 408 932 534 43761 0 1 1 standing 
2 877 409 930 535 43762 0 1 1 standing 
2 875 409 928 535 43763 0 1 1 standing 
2 873 410 926 536 43764 0 1 1 standing 
3 1053 429 1098 580 43745 0 0 0 standing 
3 1061 431 1106 582 43746 0 0 1 standing 
3 1069 433 1114 584 43747 0 0 1 standing 
3 1077 435 1122 586 43748 0 0 0 standing 
3 1080 435 1125 586 43749 0 0 1 standing 
3 1083 435 1128 586 43750 0 0 1 standing 
3 1086 435 1131 586 43751 0 0 1 standing 
3 1089 435 1134 586 43752 0 0 1 standing 
3 1092 435 1137 586 43753 0 0 1 standing 
3 1095 435 1140 586 43754 0 0 1 standing 
3 1099 436 1144 587 43755 0 0 0 standing 
3 1100 436 1145 587 43756 0 0 1 standing 
3 1101 436 1146 587 43757 0 0 1 standing 
3 1102 436 1147 587 43758 0 0 1 standing 
3 1103 436 1148 587 43759 0 0 1 standing 
3 1104 437 1149 588 43760 0 0 1 standing 
3 1105 437 1150 588 43761 0 0 1 standing 
3 1106 437 1151 588 43762 0 0 1 standing 
3 1107 437 1152 588 43763 0 0 1 standing 
3 1108 437 1153 588 43764 0 0 1 standing 
4 973 482 1007 625 43745 0 0 0 standing 
4 977 480 1011 623 43746 0 0 1 standing 
4 982 479 1016 622 43747 0 0 1 standing 
4 987 478 1021 621 43748 0 0 1 standing 
4 992 477 1026 620 43749 0 0 0 standing 
4 993 475 1027 618 43750 0 0 1 standing 
4 994 473 1028 616 43751 0 0 1 standing 
4 996 471 1030 614 43752 0 0 1 standing 
4 997 469 1031 612 43753 0 0 1 standing 
4 998 467 1032 610 43754 0 0 1 standing 
4 1000 465 1034 608 43755 0 0 0 standing 
4 1000 465 1034 608 43756 0 0 1 standing 
4 1001 465 1035 608 43757 0 0 1 standing 
4 1002 465 1036 608 43758 0 0 1 standing 
4 1002 465 1036 608 43759 0 0 1 standing 
4 1003 465 1037 608 43760 0 0 1 standing 
4 1004 465 1038 608 43761 0 0 1 standing 
4 1004 465 1038 608 43762 0 0 1 standing 
4 1005 465 1039 608 43763 0 0 1 standing 
4 1006 465 1040 608 43764 0 0 1 standing 
5 1015 368 1053 504 43745 0 0 0 standing 
5 1017 367 1055 503 43746 0 0 1 standing 
5 1019 367 1057 503 43747 0 0 1 standing 
5 1022 367 1060 503 43748 0 0 1 standing 
5 1024 367 1062 503 43749 0 0 1 standing 
5 1027 367 1065 503 43750 0 0 1 standing 
5 1029 366 1067 502 43751 0 0 1 standing 
5 1031 366 1069 502 43752 0 0 1 standing 
5 1034 366 1072 502 43753 0 0 1 standing 
5 1036 366 1074 502 43754 0 0 1 standing 
5 1039 366 1077 502 43755 0 0 0 standing 
5 1038 367 1076 503 43756 0 0 1 standing 
5 1038 369 1076 505 43757 0 0 1 standing 
5 1038 371 1076 507 43758 0 0 1 standing 
5 1038 372 1076 508 43759 0 0 1 standing 
5 1038 374 1076 510 43760 0 0 1 standing 
5 1038 376 1076 512 43761 0 0 1 standing 
5 1038 377 1076 513 43762 0 0 1 standing 
5 1038 379 1076 515 43763 0 0 1 standing 
5 1038 381 1076 517 43764 0 0 1 standing 
6 598 473 647 639 43745 0 1 0 standing 
6 600 472 649 638 43746 0 1 1 standing 
6 603 471 652 637 43747 0 1 1 standing 
6 606 470 655 636 43748 0 1 1 standing 
6 609 469 658 635 43749 0 1 1 standing 
6 612 468 661 634 43750 0 1 1 standing 
6 614 467 663 633 43751 0 1 1 standing 
6 617 466 666 632 43752 0 1 1 standing 
6 620 465 669 631 43753 0 1 1 standing 
6 623 464 672 630 43754 0 1 1 standing 
6 626 464 675 630 43755 0 1 0 standing 
6 626 462 675 628 43756 0 1 1 standing 
6 627 461 676 627 43757 0 1 1 standing 
6 628 460 677 626 43758 0 1 1 standing 
6 629 459 678 625 43759 0 1 1 standing 
6 630 458 679 624 43760 0 1 1 standing 
6 631 457 680 623 43761 0 1 1 standing 
6 632 456 681 622 43762 0 1 1 standing 
6 633 455 682 621 43763 0 1 1 standing 
6 634 454 683 620 43764 0 1 1 standing 
7 629 425 675 540 43745 0 1 0 standing 
7 633 426 680 541 43746 0 1 1 standing 
7 638 427 685 543 43747 0 1 1 standing 
7 643 428 690 545 43748 0 1 1 standing 
7 648 429 695 547 43749 0 1 1 standing 
7 653 431 700 549 43750 0 1 1 standing 
7 657 432 705 550 43751 0 1 1 standing 
7 662 433 710 552 43752 0 1 1 standing 
7 667 434 715 554 43753 0 1 1 standing 
7 672 435 720 556 43754 0 1 1 standing 
7 677 437 726 558 43755 0 1 0 standing 
7 681 439 730 560 43756 0 1 1 standing 
7 685 442 734 563 43757 0 1 1 standing 
7 689 445 738 566 43758 0 1 1 standing 
7 693 448 742 569 43759 0 1 1 standing 
7 697 451 746 572 43760 0 1 1 standing 
7 701 453 750 574 43761 0 1 1 standing 
7 705 456 754 577 43762 0 1 1 standing 
7 709 459 758 580 43763 0 1 1 standing 
7 713 462 762 583 43764 0 1 1 standing 
8 922 501 966 632 43745 0 0 0 standing 
8 925 502 969 633 43746 0 0 1 standing 
8 928 503 972 634 43747 0 0 1 standing 
8 931 504 975 635 43748 0 0 1 standing 
8 934 505 978 636 43749 0 0 1 standing 
8 937 507 981 638 43750 0 0 1 standing 
8 940 508 984 639 43751 0 0 1 standing 
8 943 509 987 640 43752 0 0 1 standing 
8 946 510 990 641 43753 0 0 1 standing 
8 949 511 993 642 43754 0 0 1 standing 
8 952 513 996 644 43755 0 0 0 standing 
8 952 513 996 644 43756 0 0 1 standing 
8 952 513 996 644 43757 0 0 1 standing 
8 952 513 996 644 43758 0 0 1 standing 
8 952 513 996 644 43759 0 0 1 standing 
8 952 513 996 644 43760 0 0 1 standing 
8 952 513 996 644 43761 0 0 1 standing 
8 952 513 996 644 43762 0 0 1 standing 
8 952 513 996 644 43763 0 0 1 standing 
8 952 513 996 644 43764 0 0 1 standing 
9 1063 368 1109 508 43745 0 0 0 standing 
9 1066 369 1112 509 43746 0 0 1 standing 
9 1070 371 1116 511 43747 0 0 1 standing 
9 1073 372 1119 512 43748 0 0 1 standing 
9 1077 374 1123 514 43749 0 0 1 standing 
9 1081 376 1127 516 43750 0 0 1 standing 
9 1084 377 1130 517 43751 0 0 1 standing 
9 1088 379 1134 519 43752 0 0 1 standing 
9 1091 380 1137 520 43753 0 0 1 standing 
9 1095 382 1141 522 43754 0 0 1 standing 
9 1099 384 1145 524 43755 0 0 0 standing 
9 1100 384 1146 524 43756 0 0 1 standing 
9 1101 385 1147 525 43757 0 0 1 standing 
9 1102 386 1148 526 43758 0 0 1 standing 
9 1103 387 1149 527 43759 0 0 1 standing 
9 1104 388 1150 528 43760 0 0 1 standing 
9 1105 388 1151 528 43761 0 0 1 standing 
9 1106 389 1152 529 43762 0 0 1 standing 
9 1107 390 1153 530 43763 0 0 1 standing 
9 1108 391 1154 531 43764 0 0 1 standing 
10 996 394 1034 538 43745 0 0 0 standing 
10 998 394 1036 538 43746 0 0 1 standing 
10 1001 395 1039 539 43747 0 0 1 standing 
10 1004 396 1042 540 43748 0 0 1 standing 
10 1007 397 1045 541 43749 0 0 1 standing 
10 1010 398 1048 542 43750 0 0 1 standing 
10 1013 399 1051 543 43751 0 0 1 standing 
10 1016 400 1054 544 43752 0 0 1 standing 
10 1019 401 1057 545 43753 0 0 1 standing 
10 1022 402 1060 546 43754 0 0 1 standing 
10 1025 403 1063 547 43755 0 0 0 standing 
10 1024 403 1062 547 43756 0 0 1 standing 
10 1024 404 1062 548 43757 0 0 1 standing 
10 1024 404 1062 548 43758 0 0 1 standing 
10 1023 405 1061 549 43759 0 0 1 standing 
10 1023 405 1061 549 43760 0 0 1 standing 
10 1023 406 1061 550 43761 0 0 1 standing 
10 1022 406 1060 550 43762 0 0 1 standing 
10 1022 407 1060 551 43763 0 0 1 standing 
10 1022 407 1060 551 43764 0 0 1 standing 
