0 197 450 253 571 64340 0 0 0 standing 
0 211 452 267 573 64341 0 0 1 standing 
0 225 454 281 576 64342 0 0 1 standing 
0 239 456 295 579 64343 0 0 1 standing 
0 253 458 309 581 64344 0 0 1 standing 
0 268 460 323 584 64345 0 0 1 standing 
0 282 462 337 587 64346 0 0 1 standing 
0 296 464 351 589 64347 0 0 1 standing 
0 310 466 365 592 64348 0 0 1 standing 
0 324 468 379 595 64349 0 0 1 standing 
0 339 470 394 598 64350 0 0 0 standing 
0 338 469 393 598 64351 0 0 1 standing 
0 337 468 393 598 64352 0 0 1 standing 
0 336 467 393 598 64353 0 0 1 standing 
0 335 466 392 598 64354 0 0 1 standing 
0 335 465 392 598 64355 0 0 1 standing 
0 334 464 392 598 64356 0 0 1 standing 
0 333 463 391 598 64357 0 0 1 standing 
0 332 462 391 598 64358 0 0 1 standing 
0 331 461 391 598 64359 0 0 1 standing 
1 278 434 333 557 64340 0 0 0 standing 
1 295 433 350 556 64341 0 0 1 setting 
1 313 433 368 556 64342 0 0 1 setting 
1 331 433 386 556 64343 0 0 1 setting 
1 348 433 404 556 64344 0 0 1 setting 
1 366 433 422 556 64345 0 0 1 setting 
1 384 432 440 555 64346 0 0 1 setting 
1 401 432 458 555 64347 0 0 1 setting 
1 419 432 476 555 64348 0 0 1 setting 
1 437 432 494 555 64349 0 0 1 setting 
1 455 432 512 555 64350 0 0 0 setting 
1 457 432 515 555 64351 0 0 1 setting 
1 459 432 518 555 64352 0 0 1 setting 
1 461 432 521 555 64353 0 0 1 setting 
1 464 433 524 555 64354 0 0 1 setting 
1 466 433 527 556 64355 0 0 1 setting 
1 468 433 530 556 64356 0 0 1 setting 
1 471 434 533 556 64357 0 0 1 setting 
1 473 434 536 556 64358 0 0 1 setting 
1 475 434 539 556 64359 0 0 1 setting 
2 349 492 422 616 64340 0 1 0 setting 
2 361 485 433 614 64341 0 1 1 setting 
2 374 479 444 612 64342 0 1 1 setting 
2 387 473 455 610 64343 0 1 1 setting 
2 399 467 466 609 64344 0 1 1 setting 
2 412 461 477 607 64345 0 1 1 setting 
2 425 454 488 605 64346 0 1 1 setting 
2 437 448 499 604 64347 0 1 1 setting 
2 450 442 510 602 64348 0 1 1 setting 
2 463 436 521 600 64349 0 1 1 setting 
2 476 430 532 599 64350 0 1 0 setting 
2 475 436 532 601 64351 0 1 1 setting 
2 475 442 532 604 64352 0 1 1 setting 
2 475 448 532 607 64353 0 1 1 setting 
2 474 454 532 610 64354 0 1 1 setting 
2 474 460 532 613 64355 0 1 1 setting 
2 474 466 532 615 64356 0 1 1 setting 
2 473 472 532 618 64357 0 1 1 setting 
2 473 478 532 621 64358 0 1 1 setting 
2 473 484 532 624 64359 0 1 1 setting 
3 485 477 579 618 64340 0 0 0 setting 
3 494 477 586 620 64341 0 0 1 standing 
3 504 478 594 622 64342 0 0 1 standing 
3 513 479 602 625 64343 0 0 1 standing 
3 523 480 610 627 64344 0 0 1 standing 
3 532 481 618 630 64345 0 0 1 standing 
3 542 482 625 632 64346 0 0 1 standing 
3 551 483 633 634 64347 0 0 1 standing 
3 561 484 641 637 64348 0 0 1 standing 
3 570 485 649 639 64349 0 0 1 standing 
3 580 486 657 642 64350 0 0 0 standing 
3 574 486 651 642 64351 0 0 1 standing 
3 569 487 646 643 64352 0 0 1 standing 
3 563 487 640 644 64353 0 0 1 standing 
3 558 488 635 644 64354 0 0 1 standing 
3 553 489 630 645 64355 0 0 1 standing 
3 547 489 624 646 64356 0 0 1 standing 
3 542 490 619 646 64357 0 0 1 standing 
3 536 490 613 647 64358 0 0 1 standing 
3 531 491 608 648 64359 0 0 1 standing 
4 516 434 605 563 64340 0 0 0 standing 
4 525 434 612 563 64341 0 0 1 moving 
4 534 434 619 563 64342 0 0 1 moving 
4 544 434 626 563 64343 0 0 1 moving 
4 553 434 633 563 64344 0 0 1 moving 
4 563 434 640 563 64345 0 0 1 moving 
4 572 434 647 563 64346 0 0 1 moving 
4 581 434 654 563 64347 0 0 1 moving 
4 591 434 661 563 64348 0 0 1 moving 
4 600 434 668 563 64349 0 0 1 moving 
4 610 435 676 563 64350 0 0 0 moving 
4 608 434 674 561 64351 0 0 1 moving 
4 606 433 673 560 64352 0 0 1 moving 
4 604 432 672 559 64353 0 0 1 moving 
4 602 431 670 558 64354 0 0 1 moving 
4 601 430 669 557 64355 0 0 1 moving 
4 599 429 668 556 64356 0 0 1 moving 
4 597 428 666 555 64357 0 0 1 moving 
4 595 427 665 554 64358 0 0 1 moving 
4 593 426 664 553 64359 0 0 1 moving 
5 501 394 580 494 64340 0 0 0 moving 
5 512 391 590 493 64341 0 0 1 standing 
5 523 389 600 492 64342 0 0 1 standing 
5 535 386 610 491 64343 0 0 1 standing 
5 546 384 621 490 64344 0 0 1 standing 
5 558 382 631 489 64345 0 0 1 standing 
5 569 379 641 488 64346 0 0 1 standing 
5 580 377 652 487 64347 0 0 1 standing 
5 592 374 662 486 64348 0 0 1 standing 
5 603 372 672 485 64349 0 0 1 standing 
5 615 370 683 485 64350 0 0 0 standing 
5 613 368 681 483 64351 0 0 1 standing 
5 611 366 679 482 64352 0 0 1 standing 
5 609 364 677 480 64353 0 0 1 standing 
5 608 363 676 479 64354 0 0 1 standing 
5 606 361 674 478 64355 0 0 1 standing 
5 604 359 672 476 64356 0 0 1 standing 
5 603 358 671 475 64357 0 0 1 standing 
5 601 356 669 473 64358 0 0 1 standing 
5 599 354 667 472 64359 0 0 1 standing 
6 724 417 791 554 64340 0 0 0 standing 
6 745 416 813 553 64341 0 0 1 standing 
6 767 415 835 553 64342 0 0 1 standing 
6 789 415 857 552 64343 0 0 1 standing 
6 811 414 879 552 64344 0 0 1 standing 
6 833 414 901 551 64345 0 0 1 standing 
6 855 413 923 551 64346 0 0 1 standing 
6 877 412 945 550 64347 0 0 1 standing 
6 899 412 967 550 64348 0 0 1 standing 
6 921 411 989 549 64349 0 0 1 standing 
6 943 411 1012 549 64350 0 0 0 standing 
6 953 410 1022 548 64351 0 0 1 standing 
6 963 410 1032 547 64352 0 0 1 standing 
6 973 409 1042 547 64353 0 0 1 standing 
6 983 409 1052 546 64354 0 0 1 standing 
6 993 408 1062 546 64355 0 0 1 standing 
6 1003 408 1072 545 64356 0 0 1 standing 
6 1013 407 1082 544 64357 0 0 1 standing 
6 1023 407 1092 544 64358 0 0 1 standing 
6 1033 406 1102 543 64359 0 0 1 standing 
7 771 469 856 605 64340 0 0 0 standing 
7 778 467 863 603 64341 0 0 1 moving 
7 786 465 871 602 64342 0 0 1 moving 
7 793 464 878 601 64343 0 0 1 moving 
7 801 462 886 599 64344 0 0 1 moving 
7 809 461 894 598 64345 0 0 1 moving 
7 816 459 901 597 64346 0 0 1 moving 
7 824 457 909 595 64347 0 0 1 moving 
7 831 456 916 594 64348 0 0 1 moving 
7 839 454 924 593 64349 0 0 1 moving 
7 847 453 932 592 64350 0 0 0 moving 
7 844 451 930 590 64351 0 0 1 moving 
7 842 449 928 588 64352 0 0 1 moving 
7 840 447 926 586 64353 0 0 1 moving 
7 838 445 924 584 64354 0 0 1 moving 
7 836 443 922 582 64355 0 0 1 moving 
7 834 441 920 580 64356 0 0 1 moving 
7 832 439 918 578 64357 0 0 1 moving 
7 830 437 916 576 64358 0 0 1 moving 
7 828 435 914 574 64359 0 0 1 moving 
8 938 388 1016 499 64340 0 0 0 moving 
8 944 386 1021 498 64341 0 0 1 moving 
8 951 385 1027 498 64342 0 0 1 moving 
8 958 384 1033 497 64343 0 0 1 moving 
8 965 382 1039 497 64344 0 0 1 moving 
8 972 381 1045 496 64345 0 0 1 moving 
8 978 380 1050 496 64346 0 0 1 moving 
8 985 378 1056 495 64347 0 0 1 moving 
8 992 377 1062 495 64348 0 0 1 moving 
8 999 376 1068 494 64349 0 0 1 moving 
8 1006 375 1074 494 64350 0 0 0 moving 
8 998 375 1066 494 64351 0 0 1 moving 
8 990 375 1058 494 64352 0 0 1 moving 
8 982 376 1050 495 64353 0 0 1 moving 
8 974 376 1042 495 64354 0 0 1 moving 
8 966 377 1034 496 64355 0 0 1 moving 
8 958 377 1026 496 64356 0 0 1 moving 
8 950 377 1018 496 64357 0 0 1 moving 
8 942 378 1010 497 64358 0 0 1 moving 
8 934 378 1002 497 64359 0 0 1 moving 
9 996 508 1090 644 64340 0 0 0 moving 
9 1001 506 1095 643 64341 0 0 1 standing 
9 1007 505 1100 642 64342 0 0 1 standing 
9 1012 504 1105 641 64343 0 0 1 standing 
9 1018 502 1110 641 64344 0 0 1 standing 
9 1024 501 1116 640 64345 0 0 1 standing 
9 1029 500 1121 639 64346 0 0 1 standing 
9 1035 498 1126 639 64347 0 0 1 standing 
9 1040 497 1131 638 64348 0 0 1 standing 
9 1046 496 1136 637 64349 0 0 1 standing 
9 1052 495 1142 637 64350 0 0 0 standing 
9 1043 493 1133 635 64351 0 0 1 standing 
9 1035 492 1125 634 64352 0 0 1 standing 
9 1027 491 1117 633 64353 0 0 1 standing 
9 1019 490 1109 632 64354 0 0 1 standing 
9 1011 489 1101 631 64355 0 0 1 standing 
9 1002 487 1092 630 64356 0 0 1 standing 
9 994 486 1084 629 64357 0 0 1 standing 
9 986 485 1076 628 64358 0 0 1 standing 
9 978 484 1068 627 64359 0 0 1 standing 
10 1089 449 1161 584 64340 0 0 0 standing 
10 1101 449 1172 585 64341 0 0 1 moving 
10 1113 450 1184 586 64342 0 0 1 moving 
10 1125 451 1195 588 64343 0 0 1 moving 
10 1137 451 1207 589 64344 0 0 1 moving 
10 1149 452 1219 591 64345 0 0 1 moving 
10 1161 453 1230 592 64346 0 0 1 moving 
10 1173 453 1242 593 64347 0 0 1 moving 
10 1185 454 1253 595 64348 0 0 1 moving 
10 1197 455 1265 596 64349 0 0 1 moving 
10 1209 456 1277 598 64350 0 0 0 moving 
10 1207 457 1275 600 64351 0 0 1 moving 
10 1205 459 1273 603 64352 0 0 1 moving 
10 1203 461 1271 606 64353 0 0 1 moving 
10 1202 463 1270 609 64354 0 0 1 moving 
10 1200 465 1268 612 64355 0 0 1 moving 
10 1198 467 1266 614 64356 0 0 1 moving 
10 1197 469 1265 617 64357 0 0 1 moving 
10 1195 471 1263 620 64358 0 0 1 moving 
10 1193 473 1261 623 64359 0 0 1 moving 
11 1071 432 1120 545 64340 0 0 0 moving 
11 1085 432 1134 545 64341 0 0 1 moving 
11 1099 432 1148 545 64342 0 0 1 moving 
11 1113 432 1162 545 64343 0 0 1 moving 
11 1127 432 1176 545 64344 0 0 1 moving 
11 1141 433 1190 546 64345 0 0 1 moving 
11 1155 433 1204 546 64346 0 0 1 moving 
11 1169 433 1218 546 64347 0 0 1 moving 
11 1183 433 1232 546 64348 0 0 1 moving 
11 1197 433 1246 546 64349 0 0 1 moving 
11 1212 434 1261 547 64350 0 0 0 moving 
11 1213 434 1262 548 64351 0 0 1 moving 
11 1215 434 1264 550 64352 0 0 1 moving 
11 1217 434 1265 551 64353 0 0 1 moving 
11 1219 434 1267 553 64354 0 0 1 moving 
11 1221 434 1269 555 64355 0 0 1 moving 
11 1223 434 1270 556 64356 0 0 1 moving 
11 1225 434 1272 558 64357 0 0 1 moving 
11 1227 434 1273 559 64358 0 0 1 moving 
11 1229 434 1275 561 64359 0 0 1 moving 
