0 1033 410 1111 543 51845 0 0 0 standing 
0 1043 407 1115 542 51846 0 0 1 standing 
0 1054 405 1119 541 51847 0 0 1 standing 
0 1065 403 1123 541 51848 1 0 0 standing 
0 1077 403 1135 541 51849 1 0 1 standing 
0 1089 403 1147 541 51850 1 0 1 standing 
0 1101 404 1159 542 51851 1 0 1 standing 
0 1113 404 1171 542 51852 1 0 1 standing 
0 1126 404 1183 542 51853 1 0 1 standing 
0 1138 405 1195 543 51854 1 0 1 standing 
0 1150 405 1207 543 51855 1 0 1 standing 
0 1162 406 1219 544 51856 1 0 1 standing 
0 1175 406 1231 544 51857 1 0 1 standing 
0 1187 406 1243 544 51858 1 0 1 standing 
0 1199 407 1255 545 51859 1 0 1 standing 
0 1211 407 1267 545 51860 1 0 1 standing 
0 1224 408 1279 546 51861 1 0 0 standing 
0 1224 408 1279 546 51862 1 0 1 standing 
0 1224 408 1279 546 51863 1 0 1 standing 
0 1224 408 1279 546 51864 1 0 1 standing 
1 992 464 1049 610 51845 1 0 0 standing 
1 1063 465 1125 611 51846 1 0 1 standing 
1 1134 467 1202 612 51847 1 0 1 standing 
1 1206 469 1279 614 51848 1 0 0 standing 
1 1206 469 1279 614 51849 1 0 1 standing 
1 1206 469 1279 614 51850 1 0 1 standing 
1 1206 469 1279 614 51851 1 0 1 standing 
1 1206 469 1279 614 51852 1 0 1 standing 
1 1206 469 1279 614 51853 1 0 1 standing 
1 1206 469 1279 614 51854 1 0 1 standing 
1 1206 469 1279 614 51855 1 0 1 standing 
1 1206 469 1279 614 51856 1 0 1 standing 
1 1206 469 1279 614 51857 1 0 1 standing 
1 1206 469 1279 614 51858 1 0 1 standing 
1 1206 469 1279 614 51859 1 0 1 standing 
1 1206 469 1279 614 51860 1 0 0 standing 
1 1206 469 1279 614 51861 1 0 1 standing 
1 1206 469 1279 614 51862 1 0 1 standing 
1 1206 469 1279 614 51863 1 0 1 standing 
1 1206 469 1279 614 51864 1 0 1 standing 
2 911 317 961 434 51845 0 0 0 standing 
2 911 320 968 436 51846 0 0 1 jumping 
2 911 323 975 439 51847 0 0 1 jumping 
2 912 327 982 442 51848 0 0 0 jumping 
2 915 334 991 449 51849 0 0 1 jumping 
2 918 341 1001 456 51850 0 0 1 jumping 
2 921 349 1011 463 51851 0 0 0 jumping 
2 933 352 1023 466 51852 0 0 1 jumping 
2 946 356 1036 470 51853 0 0 1 jumping 
2 959 360 1049 474 51854 0 0 1 jumping 
2 972 364 1062 478 51855 0 0 1 jumping 
2 985 367 1075 481 51856 0 0 1 jumping 
2 998 371 1088 485 51857 0 0 1 jumping 
2 1011 375 1101 489 51858 0 0 1 jumping 
2 1024 379 1114 493 51859 0 0 1 jumping 
2 1037 383 1127 497 51860 0 0 0 jumping 
2 1050 381 1132 495 51861 0 0 1 jumping 
2 1064 380 1137 493 51862 0 0 1 jumping 
2 1078 379 1143 492 51863 0 0 0 jumping 
2 1078 381 1143 494 51864 0 0 1 jumping 
3 609 474 717 597 51845 0 0 0 jumping 
3 620 474 726 597 51846 0 0 1 standing 
3 631 474 736 597 51847 0 0 1 standing 
3 643 474 746 597 51848 0 0 1 standing 
3 654 474 756 597 51849 0 0 1 standing 
3 666 474 766 597 51850 0 0 0 standing 
3 685 473 784 597 51851 0 0 1 standing 
3 704 473 802 597 51852 0 0 1 standing 
3 723 473 821 597 51853 0 0 1 standing 
3 742 473 839 597 51854 0 0 1 standing 
3 761 473 857 597 51855 0 0 1 standing 
3 780 473 876 597 51856 0 0 1 standing 
3 799 473 894 597 51857 0 0 1 standing 
3 819 473 913 597 51858 0 0 0 standing 
3 830 471 924 596 51859 0 0 1 standing 
3 841 470 936 595 51860 0 0 1 standing 
3 853 468 947 595 51861 0 0 1 standing 
3 864 467 959 594 51862 0 0 1 standing 
3 876 466 971 594 51863 0 0 0 standing 
3 879 461 967 594 51864 0 0 1 standing 
4 839 435 896 566 51845 0 0 0 standing 
4 845 435 908 567 51846 0 0 1 standing 
4 851 435 920 568 51847 0 0 1 standing 
4 858 436 932 569 51848 0 0 0 standing 
4 873 434 947 568 51849 0 0 1 standing 
4 888 432 962 567 51850 0 0 1 standing 
4 904 431 977 566 51851 0 0 0 standing 
4 923 430 994 565 51852 0 0 1 standing 
4 942 429 1011 565 51853 0 0 1 standing 
4 961 429 1029 565 51854 0 0 1 standing 
4 980 428 1046 565 51855 0 0 1 standing 
4 1000 427 1063 564 51856 0 0 1 standing 
4 1019 427 1081 564 51857 0 0 1 standing 
4 1038 426 1098 564 51858 0 0 1 standing 
4 1057 425 1115 564 51859 0 0 1 standing 
4 1077 425 1133 564 51860 0 0 0 standing 
4 1085 425 1141 564 51861 0 0 1 standing 
4 1094 426 1150 565 51862 0 0 1 standing 
4 1103 427 1159 566 51863 0 0 0 standing 
4 1103 427 1159 566 51864 0 0 1 standing 
5 906 428 974 556 51845 0 0 0 standing 
5 915 429 986 557 51846 0 0 1 standing 
5 924 430 999 558 51847 0 0 1 standing 
5 933 432 1011 559 51848 0 0 1 standing 
5 942 433 1024 560 51849 0 0 1 standing 
5 952 435 1037 561 51850 0 0 0 standing 
5 972 434 1057 561 51851 0 0 1 standing 
5 992 433 1077 561 51852 0 0 1 standing 
5 1012 432 1097 562 51853 0 0 1 standing 
5 1032 431 1117 562 51854 0 0 1 standing 
5 1052 430 1137 563 51855 0 0 1 standing 
5 1073 429 1157 563 51856 0 0 1 standing 
5 1093 428 1177 564 51857 0 0 1 standing 
5 1113 427 1197 564 51858 0 0 1 standing 
5 1133 426 1217 565 51859 0 0 1 standing 
5 1153 425 1237 565 51860 0 0 1 standing 
5 1174 425 1258 566 51861 0 0 0 standing 
5 1181 424 1265 565 51862 0 0 1 standing 
5 1188 423 1272 564 51863 0 0 1 standing 
5 1196 423 1279 564 51864 0 0 0 standing 
6 866 487 927 637 51845 0 0 0 standing 
6 871 488 936 634 51846 0 0 1 standing 
6 876 489 945 632 51847 0 0 1 standing 
6 882 490 955 630 51848 0 0 1 standing 
6 887 491 964 628 51849 0 0 1 standing 
6 893 493 974 626 51850 0 0 0 standing 
6 910 492 989 625 51851 0 0 1 standing 
6 928 491 1005 625 51852 0 0 1 standing 
6 946 491 1020 624 51853 0 0 1 standing 
6 963 490 1036 624 51854 0 0 1 standing 
6 981 489 1052 623 51855 0 0 1 standing 
6 999 489 1067 623 51856 0 0 1 standing 
6 1017 488 1083 622 51857 0 0 1 standing 
6 1034 487 1099 622 51858 0 0 1 standing 
6 1052 487 1114 621 51859 0 0 1 standing 
6 1070 486 1130 621 51860 0 0 1 standing 
6 1088 486 1146 621 51861 0 0 0 standing 
6 1092 485 1153 620 51862 0 0 1 standing 
6 1096 484 1161 619 51863 0 0 1 standing 
6 1100 484 1169 618 51864 0 0 0 standing 
7 356 381 405 480 51845 0 1 0 standing 
7 372 382 421 480 51846 0 1 1 standing 
7 388 383 437 480 51847 0 1 1 standing 
7 404 385 453 480 51848 0 1 1 standing 
7 420 386 469 480 51849 0 1 1 standing 
7 436 388 485 481 51850 0 1 1 standing 
7 452 389 501 481 51851 0 1 1 standing 
7 468 390 517 481 51852 0 1 1 standing 
7 484 392 533 481 51853 0 1 1 standing 
7 500 393 549 481 51854 0 1 1 standing 
7 517 395 565 482 51855 0 1 0 standing 
7 537 395 585 482 51856 0 1 1 standing 
7 558 395 606 482 51857 0 1 1 standing 
7 579 395 627 482 51858 0 1 0 standing 
7 594 394 642 481 51859 0 1 1 standing 
7 609 394 657 481 51860 0 1 1 standing 
7 624 394 672 481 51861 0 1 0 standing 
7 628 394 676 481 51862 0 1 1 standing 
7 632 395 680 482 51863 0 1 1 standing 
7 636 395 684 482 51864 0 1 1 standing 
8 290 438 341 555 51845 0 0 0 standing 
8 307 437 358 554 51846 0 0 1 standing 
8 325 437 376 554 51847 0 0 1 standing 
8 342 436 393 553 51848 0 0 1 standing 
8 360 436 411 553 51849 0 0 1 standing 
8 378 435 429 552 51850 0 0 1 standing 
8 395 435 446 552 51851 0 0 1 standing 
8 413 434 464 551 51852 0 0 1 standing 
8 430 434 481 551 51853 0 0 1 standing 
8 448 433 499 550 51854 0 0 1 standing 
8 466 433 517 550 51855 0 0 0 standing 
8 488 430 541 552 51856 0 0 1 standing 
8 511 427 565 554 51857 0 0 1 standing 
8 534 425 590 557 51858 0 0 0 standing 
8 548 428 603 558 51859 0 0 1 standing 
8 562 432 616 560 51860 0 0 1 standing 
8 576 436 630 562 51861 0 0 0 standing 
8 581 435 634 558 51862 0 0 1 standing 
8 586 434 639 555 51863 0 0 1 standing 
8 591 433 643 552 51864 0 0 1 standing 
9 374 462 449 605 51845 0 0 0 standing 
9 388 462 463 605 51846 0 0 1 standing 
9 403 462 478 605 51847 0 0 1 standing 
9 418 462 493 605 51848 0 0 1 standing 
9 432 462 507 605 51849 0 0 1 standing 
9 447 462 522 605 51850 0 0 1 standing 
9 462 462 537 605 51851 0 0 1 standing 
9 476 462 551 605 51852 0 0 1 standing 
9 491 462 566 605 51853 0 0 1 standing 
9 506 462 581 605 51854 0 0 1 standing 
9 521 463 596 606 51855 0 0 0 standing 
9 542 459 617 604 51856 0 0 1 standing 
9 563 455 638 603 51857 0 0 1 standing 
9 585 452 659 602 51858 0 0 0 standing 
9 599 453 674 602 51859 0 0 1 standing 
9 614 454 689 602 51860 0 0 1 standing 
9 629 456 704 603 51861 0 0 0 standing 
9 633 456 708 602 51862 0 0 1 standing 
9 637 456 712 601 51863 0 0 1 standing 
9 641 456 716 600 51864 0 0 1 standing 
10 745 304 785 487 51845 0 0 0 standing 
10 757 304 798 484 51846 0 0 1 jumping 
10 769 305 811 482 51847 0 0 1 jumping 
10 781 306 824 479 51848 0 0 1 jumping 
10 794 307 837 477 51849 0 0 0 jumping 
10 809 307 853 473 51850 0 0 1 jumping 
10 825 307 870 470 51851 0 0 1 jumping 
10 841 307 886 467 51852 0 0 1 jumping 
10 856 307 903 463 51853 0 0 1 jumping 
10 872 307 919 460 51854 0 0 1 jumping 
10 888 307 936 457 51855 0 0 0 jumping 
10 904 315 953 463 51856 0 0 1 jumping 
10 920 323 970 469 51857 0 0 1 jumping 
10 936 331 987 475 51858 0 0 1 jumping 
10 953 340 1005 481 51859 0 0 1 jumping 
10 969 348 1022 487 51860 0 0 1 jumping 
10 985 356 1039 493 51861 0 0 1 jumping 
10 1002 365 1057 500 51862 0 0 0 jumping 
10 1008 364 1058 496 51863 0 0 1 jumping 
10 1014 363 1059 492 51864 0 0 1 jumping 
11 736 327 778 501 51845 0 0 0 jumping 
11 746 323 795 497 51846 0 0 1 jumping 
11 757 320 813 493 51847 0 0 1 jumping 
11 768 317 831 489 51848 0 0 0 jumping 
11 779 314 845 486 51849 0 0 1 jumping 
11 790 311 859 483 51850 0 0 1 jumping 
11 801 308 873 481 51851 0 0 0 jumping 
11 819 312 889 485 51852 0 0 1 jumping 
11 838 317 905 490 51853 0 0 1 jumping 
11 857 322 921 494 51854 0 0 1 jumping 
11 875 326 937 499 51855 0 0 1 jumping 
11 894 331 953 503 51856 0 0 1 jumping 
11 913 336 969 508 51857 0 0 0 jumping 
11 920 339 975 507 51858 0 0 1 jumping 
11 927 343 981 506 51859 0 0 1 jumping 
11 934 347 987 506 51860 0 0 1 jumping 
11 941 350 993 505 51861 0 0 1 jumping 
11 949 354 1000 505 51862 0 0 1 jumping 
11 956 358 1006 504 51863 0 0 1 jumping 
11 963 361 1012 504 51864 0 0 1 jumping 
