0 293 440 349 615 52195 0 1 0 spiking 
0 294 432 350 608 52196 0 1 1 spiking 
0 295 424 351 601 52197 0 1 1 spiking 
0 296 417 352 594 52198 0 1 1 spiking 
0 297 409 354 588 52199 0 1 1 spiking 
0 299 402 355 581 52200 0 1 1 spiking 
0 300 394 356 574 52201 0 1 1 spiking 
0 301 386 358 568 52202 0 1 1 spiking 
0 302 379 359 561 52203 0 1 1 spiking 
0 303 371 360 554 52204 0 1 1 spiking 
0 305 364 362 548 52205 0 1 0 spiking 
0 306 370 363 550 52206 0 1 1 spiking 
0 308 377 365 553 52207 0 1 1 spiking 
0 310 383 367 555 52208 0 1 1 spiking 
0 312 390 369 558 52209 0 1 1 spiking 
0 314 397 371 560 52210 0 1 1 spiking 
0 315 403 372 563 52211 0 1 1 spiking 
0 317 410 374 565 52212 0 1 1 spiking 
0 319 416 376 568 52213 0 1 1 spiking 
0 321 423 378 570 52214 0 1 1 spiking 
1 573 455 627 583 52195 0 1 0 spiking 
1 568 444 622 578 52196 0 1 1 blocking 
1 563 433 617 573 52197 0 1 1 blocking 
1 558 422 612 568 52198 0 1 1 blocking 
1 554 411 607 564 52199 0 1 1 blocking 
1 549 400 603 559 52200 0 1 1 blocking 
1 544 389 598 554 52201 0 1 1 blocking 
1 540 378 593 550 52202 0 1 1 blocking 
1 535 367 588 545 52203 0 1 1 blocking 
1 530 356 583 540 52204 0 1 1 blocking 
1 526 346 579 536 52205 0 1 0 blocking 
1 523 352 579 534 52206 0 1 1 blocking 
1 521 358 580 533 52207 0 1 1 blocking 
1 519 364 581 532 52208 0 1 1 blocking 
1 516 370 581 531 52209 0 1 1 blocking 
1 514 376 582 530 52210 0 1 1 blocking 
1 512 382 583 528 52211 0 1 1 blocking 
1 509 388 583 527 52212 0 1 1 blocking 
1 507 394 584 526 52213 0 1 1 blocking 
1 505 400 585 525 52214 0 1 1 blocking 
2 569 414 619 569 52195 0 1 0 blocking 
2 565 407 614 563 52196 0 1 1 blocking 
2 561 400 610 558 52197 0 1 1 blocking 
2 557 393 606 553 52198 0 1 1 blocking 
2 553 387 602 548 52199 0 1 1 blocking 
2 549 380 598 543 52200 0 1 1 blocking 
2 545 373 593 537 52201 0 1 1 blocking 
2 541 367 589 532 52202 0 1 1 blocking 
2 537 360 585 527 52203 0 1 1 blocking 
2 533 353 581 522 52204 0 1 1 blocking 
2 530 347 577 517 52205 0 1 0 blocking 
2 528 351 574 518 52206 0 1 1 blocking 
2 526 355 572 520 52207 0 1 1 blocking 
2 524 360 570 521 52208 0 1 1 blocking 
2 522 364 568 523 52209 0 1 1 blocking 
2 520 369 566 525 52210 0 1 1 blocking 
2 518 373 564 526 52211 0 1 1 blocking 
2 516 377 562 528 52212 0 1 1 blocking 
2 514 382 560 529 52213 0 1 1 blocking 
2 512 386 558 531 52214 0 1 1 blocking 
3 143 373 202 506 52195 0 0 0 blocking 
3 137 372 195 506 52196 0 0 1 standing 
3 132 371 188 507 52197 0 0 1 standing 
3 127 371 181 508 52198 0 0 0 standing 
3 123 370 179 509 52199 0 0 1 standing 
3 120 369 177 511 52200 0 0 1 standing 
3 117 369 176 513 52201 0 0 0 standing 
3 114 372 176 513 52202 0 0 1 standing 
3 112 375 177 514 52203 0 0 1 standing 
3 110 378 178 515 52204 0 0 0 standing 
3 107 378 172 514 52205 0 0 1 standing 
3 104 378 167 513 52206 0 0 1 standing 
3 102 378 162 512 52207 0 0 0 standing 
3 100 374 157 512 52208 0 0 1 standing 
3 98 370 153 512 52209 0 0 1 standing 
3 96 367 149 512 52210 0 0 0 standing 
3 92 369 147 512 52211 0 0 1 standing 
3 88 371 145 513 52212 0 0 1 standing 
3 84 373 143 513 52213 0 0 1 standing 
3 80 375 141 514 52214 0 0 1 standing 
4 207 400 276 528 52195 0 0 0 standing 
4 206 400 279 528 52196 0 0 1 moving 
4 205 400 282 528 52197 0 0 1 moving 
4 204 401 286 528 52198 0 0 0 moving 
4 203 400 286 528 52199 0 0 1 moving 
4 202 399 286 528 52200 0 0 1 moving 
4 202 399 286 528 52201 0 0 0 moving 
4 202 397 282 527 52202 0 0 1 moving 
4 202 395 279 527 52203 0 0 1 moving 
4 203 393 276 527 52204 0 0 0 moving 
4 208 392 272 529 52205 0 0 1 moving 
4 213 391 269 531 52206 0 0 1 moving 
4 218 390 266 534 52207 0 0 0 moving 
4 220 391 268 534 52208 0 0 1 moving 
4 222 392 270 535 52209 0 0 1 moving 
4 225 393 272 536 52210 0 0 0 moving 
4 223 395 273 538 52211 0 0 1 moving 
4 222 397 274 540 52212 0 0 1 moving 
4 221 399 276 542 52213 0 0 1 moving 
4 220 401 277 544 52214 0 0 1 moving 
5 285 391 338 500 52195 0 0 0 moving 
5 286 394 342 500 52196 0 0 1 moving 
5 287 397 346 501 52197 0 0 1 moving 
5 288 401 350 501 52198 0 0 1 moving 
5 289 404 354 502 52199 0 0 1 moving 
5 291 408 358 502 52200 0 0 1 moving 
5 292 411 362 503 52201 0 0 1 moving 
5 293 415 366 503 52202 0 0 1 moving 
5 294 418 370 504 52203 0 0 1 moving 
5 296 422 374 505 52204 0 0 0 moving 
5 296 418 376 506 52205 0 0 1 moving 
5 296 414 378 507 52206 0 0 1 moving 
5 296 411 380 508 52207 0 0 0 moving 
5 294 407 374 514 52208 0 0 1 moving 
5 292 403 368 521 52209 0 0 1 moving 
5 290 399 362 528 52210 0 0 0 moving 
5 288 398 356 528 52211 0 0 1 moving 
5 287 397 351 528 52212 0 0 1 moving 
5 285 397 346 528 52213 0 0 1 moving 
5 284 396 341 528 52214 0 0 1 moving 
6 442 330 502 433 52195 0 0 0 moving 
6 441 329 506 433 52196 0 0 1 standing 
6 440 329 510 433 52197 0 0 1 standing 
6 440 329 514 433 52198 0 0 0 standing 
6 440 329 514 434 52199 0 0 1 standing 
6 441 329 514 435 52200 0 0 1 standing 
6 442 330 515 437 52201 0 0 0 standing 
6 439 329 511 436 52202 0 0 1 standing 
6 436 329 507 435 52203 0 0 1 standing 
6 434 329 503 434 52204 0 0 0 standing 
6 430 330 501 438 52205 0 0 1 standing 
6 427 332 499 443 52206 0 0 1 standing 
6 424 334 498 448 52207 0 0 0 standing 
6 422 333 497 448 52208 0 0 1 standing 
6 420 332 496 448 52209 0 0 1 standing 
6 418 332 496 449 52210 0 0 0 standing 
6 420 332 494 450 52211 0 0 1 standing 
6 422 332 493 451 52212 0 0 1 standing 
6 425 332 491 452 52213 0 0 1 standing 
6 427 332 490 453 52214 0 0 1 standing 
7 458 379 516 518 52195 0 0 0 standing 
7 456 380 516 519 52196 0 0 1 standing 
7 454 381 516 520 52197 0 0 1 standing 
7 453 382 516 521 52198 0 0 0 standing 
7 443 384 508 520 52199 0 0 1 standing 
7 433 387 500 519 52200 0 0 1 standing 
7 424 390 492 518 52201 0 0 0 standing 
7 418 390 487 520 52202 0 0 1 standing 
7 412 390 482 522 52203 0 0 1 standing 
7 406 391 478 524 52204 0 0 0 standing 
7 401 395 476 525 52205 0 0 1 standing 
7 396 399 474 526 52206 0 0 1 standing 
7 391 404 473 528 52207 0 0 0 standing 
7 387 405 468 526 52208 0 0 1 standing 
7 384 407 463 525 52209 0 0 1 standing 
7 381 409 459 524 52210 0 0 0 standing 
7 379 409 456 524 52211 0 0 1 standing 
7 377 409 453 525 52212 0 0 1 standing 
7 375 409 451 526 52213 0 0 1 standing 
7 373 409 448 527 52214 0 0 1 standing 
8 631 369 684 471 52195 0 0 0 standing 
8 632 371 690 473 52196 0 0 1 standing 
8 633 373 696 475 52197 0 0 1 standing 
8 635 376 703 478 52198 0 0 0 standing 
8 633 374 703 478 52199 0 0 1 standing 
8 632 373 703 478 52200 0 0 1 standing 
8 631 372 704 479 52201 0 0 0 standing 
8 637 370 701 479 52202 0 0 1 standing 
8 643 369 698 479 52203 0 0 1 standing 
8 649 368 696 480 52204 0 0 0 standing 
8 651 368 700 480 52205 0 0 1 standing 
8 653 368 704 481 52206 0 0 1 standing 
8 655 368 708 482 52207 0 0 0 standing 
8 656 371 712 485 52208 0 0 1 standing 
8 657 375 716 489 52209 0 0 1 standing 
8 658 379 721 493 52210 0 0 0 standing 
8 656 380 719 493 52211 0 0 1 standing 
8 655 381 717 494 52212 0 0 1 standing 
8 654 382 716 495 52213 0 0 0 standing 
8 653 382 715 495 52214 0 0 1 standing 
9 838 351 913 446 52195 0 0 0 standing 
9 833 351 911 446 52196 0 0 1 standing 
9 828 352 909 446 52197 0 0 1 standing 
9 823 353 907 447 52198 0 0 0 standing 
9 822 351 904 445 52199 0 0 1 standing 
9 821 349 902 443 52200 0 0 1 standing 
9 821 348 900 442 52201 0 0 0 standing 
9 827 347 897 443 52202 0 0 1 standing 
9 833 347 895 444 52203 0 0 1 standing 
9 840 347 893 446 52204 0 0 0 standing 
9 841 347 893 446 52205 0 0 1 standing 
9 843 348 894 447 52206 0 0 1 standing 
9 845 349 895 448 52207 0 0 0 standing 
9 843 349 900 451 52208 0 0 1 standing 
9 842 349 905 455 52209 0 0 1 standing 
9 841 350 910 459 52210 0 0 0 standing 
9 839 353 907 458 52211 0 0 1 standing 
9 837 356 905 458 52212 0 0 1 standing 
9 835 359 902 458 52213 0 0 1 standing 
9 833 362 900 458 52214 0 0 1 standing 
10 1017 387 1084 498 52195 0 0 0 standing 
10 1012 387 1081 496 52196 0 0 1 standing 
10 1007 387 1078 494 52197 0 0 1 standing 
10 1002 388 1076 492 52198 0 0 0 standing 
10 999 387 1073 491 52199 0 0 1 standing 
10 997 386 1070 490 52200 0 0 1 standing 
10 995 386 1067 490 52201 0 0 0 standing 
10 991 381 1062 485 52202 0 0 1 standing 
10 987 377 1057 480 52203 0 0 1 standing 
10 984 373 1052 476 52204 0 0 0 standing 
10 981 373 1050 477 52205 0 0 1 standing 
10 979 373 1048 478 52206 0 0 1 standing 
10 977 374 1046 479 52207 0 0 0 standing 
10 974 375 1040 479 52208 0 0 1 standing 
10 971 376 1034 480 52209 0 0 1 standing 
10 968 378 1028 481 52210 0 0 0 standing 
10 964 379 1025 482 52211 0 0 1 standing 
10 960 381 1023 484 52212 0 0 1 standing 
10 957 382 1021 486 52213 0 0 1 standing 
10 953 384 1019 488 52214 0 0 1 standing 
11 1065 470 1157 598 52195 0 0 0 standing 
11 1060 472 1153 597 52196 0 0 1 digging 
11 1056 475 1149 597 52197 0 0 1 digging 
11 1052 478 1146 597 52198 0 0 0 digging 
11 1048 477 1141 595 52199 0 0 1 digging 
11 1044 476 1137 594 52200 0 0 1 digging 
11 1041 476 1133 593 52201 0 0 0 digging 
11 1036 472 1123 591 52202 0 0 1 digging 
11 1031 468 1114 589 52203 0 0 1 digging 
11 1026 464 1105 588 52204 0 0 0 digging 
11 1018 462 1098 583 52205 0 0 1 digging 
11 1010 460 1092 578 52206 0 0 1 digging 
11 1003 459 1086 573 52207 0 0 0 digging 
11 992 459 1083 572 52208 0 0 1 digging 
11 981 460 1080 571 52209 0 0 1 digging 
11 971 461 1078 570 52210 0 0 0 digging 
11 963 459 1063 567 52211 0 0 1 digging 
11 956 457 1048 565 52212 0 0 1 digging 
11 948 455 1033 563 52213 0 0 1 digging 
11 941 453 1018 561 52214 0 0 1 digging 
