0 746 326 812 471 93505 0 1 0 spiking 
0 748 321 814 467 93506 0 1 1 spiking 
0 751 316 817 464 93507 0 1 1 spiking 
0 754 311 819 460 93508 0 1 1 spiking 
0 757 307 822 457 93509 0 1 0 spiking 
0 760 303 824 454 93510 0 1 1 spiking 
0 764 300 827 451 93511 0 1 1 spiking 
0 767 297 830 448 93512 0 1 1 spiking 
0 771 294 833 445 93513 0 1 1 spiking 
0 774 291 836 442 93514 0 1 1 spiking 
0 778 288 839 439 93515 0 1 0 spiking 
0 784 294 844 440 93516 0 1 1 spiking 
0 790 300 850 441 93517 0 1 1 spiking 
0 796 306 855 442 93518 0 1 1 spiking 
0 803 312 861 444 93519 0 1 0 spiking 
0 810 320 867 451 93520 0 1 1 spiking 
0 817 328 874 459 93521 0 1 1 spiking 
0 825 336 881 467 93522 0 1 0 spiking 
0 837 344 892 472 93523 0 1 1 spiking 
0 849 353 903 478 93524 0 1 1 spiking 
1 624 372 668 515 93505 0 1 0 spiking 
1 630 355 675 507 93506 0 1 1 blocking 
1 637 339 683 499 93507 0 1 1 blocking 
1 644 322 691 491 93508 0 1 1 blocking 
1 651 306 699 484 93509 0 1 0 blocking 
1 658 303 707 475 93510 0 1 1 blocking 
1 665 301 715 467 93511 0 1 1 blocking 
1 672 299 723 459 93512 0 1 1 blocking 
1 679 297 731 451 93513 0 1 1 blocking 
1 686 295 739 443 93514 0 1 1 blocking 
1 693 293 748 435 93515 0 1 0 blocking 
1 697 295 757 437 93516 0 1 1 blocking 
1 702 297 766 439 93517 0 1 1 blocking 
1 706 299 775 441 93518 0 1 1 blocking 
1 711 301 784 443 93519 0 1 1 blocking 
1 715 303 793 445 93520 0 1 1 blocking 
1 720 305 802 447 93521 0 1 1 blocking 
1 725 307 812 449 93522 0 1 0 blocking 
1 736 309 822 457 93523 0 1 1 blocking 
1 747 311 832 466 93524 0 1 1 blocking 
2 620 404 665 540 93505 0 1 0 blocking 
2 625 398 672 535 93506 0 1 1 blocking 
2 631 393 680 531 93507 0 1 1 blocking 
2 637 388 687 526 93508 0 1 1 blocking 
2 643 383 695 522 93509 0 1 0 blocking 
2 647 369 702 517 93510 0 1 1 blocking 
2 651 356 710 513 93511 0 1 1 blocking 
2 655 342 718 509 93512 0 1 1 blocking 
2 659 329 726 505 93513 0 1 0 blocking 
2 670 327 736 500 93514 0 1 1 blocking 
2 681 325 746 496 93515 0 1 1 blocking 
2 693 323 757 491 93516 0 1 1 blocking 
2 704 321 767 487 93517 0 1 1 blocking 
2 715 319 777 482 93518 0 1 1 blocking 
2 727 318 788 478 93519 0 1 0 blocking 
2 737 324 797 479 93520 0 1 1 blocking 
2 748 330 807 481 93521 0 1 1 blocking 
2 758 337 817 483 93522 0 1 1 blocking 
2 769 343 827 485 93523 0 1 1 blocking 
2 780 349 836 486 93524 0 1 1 blocking 
3 978 406 1039 535 93505 0 0 0 blocking 
3 977 406 1041 533 93506 0 0 1 standing 
3 976 406 1043 531 93507 0 0 1 standing 
3 976 406 1046 529 93508 0 0 0 standing 
3 981 405 1042 527 93509 0 0 1 standing 
3 987 404 1038 525 93510 0 0 1 standing 
3 993 404 1034 524 93511 0 0 0 standing 
3 995 404 1039 524 93512 0 0 1 standing 
3 997 405 1044 525 93513 0 0 1 standing 
3 999 406 1050 526 93514 0 0 0 standing 
3 1001 408 1055 526 93515 0 0 1 standing 
3 1004 410 1060 526 93516 0 0 1 standing 
3 1007 413 1066 526 93517 0 0 0 standing 
3 1016 415 1072 526 93518 0 0 1 standing 
3 1025 418 1078 527 93519 0 0 1 standing 
3 1034 421 1085 528 93520 0 0 0 standing 
3 1046 421 1097 528 93521 0 0 1 standing 
3 1059 421 1109 528 93522 0 0 1 standing 
3 1072 421 1122 528 93523 0 0 1 standing 
3 1085 421 1134 528 93524 0 0 1 standing 
4 716 406 785 535 93505 0 0 0 standing 
4 729 405 790 533 93506 0 0 1 standing 
4 742 404 796 532 93507 0 0 1 standing 
4 755 404 802 531 93508 0 0 0 standing 
4 763 404 807 528 93509 0 0 1 standing 
4 772 405 812 526 93510 0 0 1 standing 
4 781 406 818 524 93511 0 0 0 standing 
4 789 408 826 526 93512 0 0 1 standing 
4 797 410 834 529 93513 0 0 1 standing 
4 805 413 842 532 93514 0 0 0 standing 
4 815 415 852 533 93515 0 0 1 standing 
4 825 417 863 535 93516 0 0 1 standing 
4 835 420 874 537 93517 0 0 0 standing 
4 842 420 883 537 93518 0 0 1 standing 
4 849 420 893 538 93519 0 0 1 standing 
4 856 421 903 539 93520 0 0 0 standing 
4 869 421 916 538 93521 0 0 1 standing 
4 882 422 929 538 93522 0 0 1 standing 
4 896 423 943 538 93523 0 0 1 standing 
4 909 424 956 538 93524 0 0 1 standing 
5 872 442 942 564 93505 0 0 0 standing 
5 876 443 942 563 93506 0 0 1 standing 
5 880 444 942 562 93507 0 0 1 standing 
5 884 445 942 562 93508 0 0 0 standing 
5 887 443 945 563 93509 0 0 1 standing 
5 891 442 949 564 93510 0 0 1 standing 
5 895 441 953 566 93511 0 0 0 standing 
5 902 439 960 565 93512 0 0 1 standing 
5 909 437 968 565 93513 0 0 1 standing 
5 917 435 976 565 93514 0 0 0 standing 
5 921 435 982 566 93515 0 0 1 standing 
5 926 435 988 567 93516 0 0 1 standing 
5 931 436 995 568 93517 0 0 0 standing 
5 938 438 1003 570 93518 0 0 1 standing 
5 945 440 1012 573 93519 0 0 1 standing 
5 952 443 1021 576 93520 0 0 0 standing 
5 964 443 1033 576 93521 0 0 1 standing 
5 977 444 1046 576 93522 0 0 1 standing 
5 990 444 1059 576 93523 0 0 1 standing 
5 1003 445 1072 576 93524 0 0 1 standing 
6 695 376 769 516 93505 0 0 0 standing 
6 697 382 772 521 93506 0 0 1 standing 
6 700 388 775 526 93507 0 0 1 standing 
6 703 394 778 532 93508 0 0 0 standing 
6 705 400 779 535 93509 0 0 1 standing 
6 708 406 780 539 93510 0 0 1 standing 
6 711 412 781 543 93511 0 0 0 standing 
6 720 412 781 542 93512 0 0 1 standing 
6 729 412 781 542 93513 0 0 1 standing 
6 739 412 782 542 93514 0 0 0 standing 
6 748 412 790 543 93515 0 0 1 standing 
6 757 412 799 544 93516 0 0 1 standing 
6 767 413 808 545 93517 0 0 0 standing 
6 775 413 818 545 93518 0 0 1 standing 
6 784 413 828 546 93519 0 0 1 standing 
6 793 413 839 547 93520 0 0 0 standing 
6 804 412 852 546 93521 0 0 1 standing 
6 816 412 865 545 93522 0 0 1 standing 
6 828 412 878 545 93523 0 0 1 standing 
6 840 412 891 544 93524 0 0 1 standing 
7 760 506 829 650 93505 0 0 0 standing 
7 762 505 830 645 93506 0 0 1 moving 
7 765 504 831 640 93507 0 0 1 moving 
7 768 503 833 635 93508 0 0 0 moving 
7 765 501 834 634 93509 0 0 1 moving 
7 763 500 836 634 93510 0 0 1 moving 
7 761 499 838 634 93511 0 0 0 moving 
7 769 497 842 632 93512 0 0 1 moving 
7 777 495 846 630 93513 0 0 1 moving 
7 785 494 850 629 93514 0 0 0 moving 
7 795 491 854 625 93515 0 0 1 moving 
7 805 489 858 621 93516 0 0 1 moving 
7 816 487 863 617 93517 0 0 0 moving 
7 820 485 871 615 93518 0 0 1 moving 
7 824 483 879 614 93519 0 0 1 moving 
7 828 482 888 613 93520 0 0 0 moving 
7 837 483 901 613 93521 0 0 1 moving 
7 846 484 915 613 93522 0 0 1 moving 
7 855 485 928 613 93523 0 0 1 moving 
7 864 486 942 613 93524 0 0 1 moving 
8 318 503 396 616 93505 0 0 0 moving 
8 325 500 402 615 93506 0 0 1 standing 
8 332 497 408 614 93507 0 0 1 standing 
8 339 494 415 614 93508 0 0 0 standing 
8 342 490 416 612 93509 0 0 1 standing 
8 345 487 418 610 93510 0 0 1 standing 
8 349 484 420 608 93511 0 0 0 standing 
8 353 483 424 604 93512 0 0 1 standing 
8 357 482 428 600 93513 0 0 1 standing 
8 361 482 432 597 93514 0 0 0 standing 
8 365 482 437 596 93515 0 0 1 standing 
8 369 482 443 595 93516 0 0 1 standing 
8 373 482 449 595 93517 0 0 0 standing 
8 382 481 456 594 93518 0 0 1 standing 
8 391 480 463 593 93519 0 0 1 standing 
8 400 479 470 592 93520 0 0 0 standing 
8 412 477 481 591 93521 0 0 1 standing 
8 425 475 493 591 93522 0 0 1 standing 
8 437 473 504 591 93523 0 0 1 standing 
8 450 471 516 591 93524 0 0 1 standing 
9 303 412 362 494 93505 0 0 0 standing 
9 305 411 364 493 93506 0 0 1 digging 
9 308 410 367 493 93507 0 0 1 digging 
9 311 410 370 493 93508 0 0 0 digging 
9 308 409 371 492 93509 0 0 1 digging 
9 306 408 373 491 93510 0 0 1 digging 
9 304 408 375 491 93511 0 0 0 digging 
9 310 405 379 490 93512 0 0 1 digging 
9 316 403 383 490 93513 0 0 1 digging 
9 323 401 388 490 93514 0 0 0 digging 
9 329 399 391 490 93515 0 0 1 digging 
9 336 398 394 490 93516 0 0 1 digging 
9 343 397 397 491 93517 0 0 0 digging 
9 344 397 400 493 93518 0 0 1 digging 
9 345 397 403 495 93519 0 0 1 digging 
9 347 397 406 498 93520 0 0 0 digging 
9 359 397 418 497 93521 0 0 1 digging 
9 371 397 430 496 93522 0 0 1 digging 
9 383 398 442 495 93523 0 0 1 digging 
9 395 398 454 494 93524 0 0 1 digging 
10 576 493 629 605 93505 0 0 0 digging 
10 572 494 633 606 93506 0 0 1 standing 
10 568 495 638 608 93507 0 0 1 standing 
10 564 497 643 610 93508 0 0 0 standing 
10 561 494 646 611 93509 0 0 1 standing 
10 559 492 649 612 93510 0 0 1 standing 
10 557 490 652 614 93511 0 0 0 standing 
10 564 488 651 614 93512 0 0 1 standing 
10 571 486 651 615 93513 0 0 1 standing 
10 578 485 651 616 93514 0 0 0 standing 
10 573 487 651 614 93515 0 0 1 standing 
10 568 489 651 613 93516 0 0 1 standing 
10 564 492 652 612 93517 0 0 0 standing 
10 567 494 656 612 93518 0 0 1 standing 
10 571 497 660 612 93519 0 0 1 standing 
10 575 500 664 613 93520 0 0 0 standing 
10 587 500 675 612 93521 0 0 1 standing 
10 599 500 686 612 93522 0 0 1 standing 
10 611 500 697 612 93523 0 0 1 standing 
10 623 500 708 612 93524 0 0 1 standing 
11 175 455 235 567 93505 0 0 0 standing 
11 181 456 240 568 93506 0 0 1 waiting 
11 188 458 246 569 93507 0 0 1 waiting 
11 195 460 252 571 93508 0 0 0 waiting 
11 199 461 259 570 93509 0 0 1 waiting 
11 204 462 266 569 93510 0 0 1 waiting 
11 209 463 274 569 93511 0 0 0 waiting 
11 218 461 285 569 93512 0 0 1 waiting 
11 227 459 296 569 93513 0 0 1 waiting 
11 236 457 307 569 93514 0 0 0 waiting 
11 247 456 316 567 93515 0 0 1 waiting 
11 258 455 325 566 93516 0 0 1 waiting 
11 269 455 334 565 93517 0 0 0 waiting 
11 277 456 340 565 93518 0 0 1 waiting 
11 286 458 346 565 93519 0 0 1 waiting 
11 295 460 353 566 93520 0 0 0 waiting 
11 308 459 367 565 93521 0 0 1 waiting 
11 321 459 381 565 93522 0 0 1 waiting 
11 334 458 396 565 93523 0 0 1 waiting 
11 347 458 410 565 93524 0 0 1 waiting 
