0 516 419 609 552 20515 0 0 0 standing 
0 525 419 617 552 20516 0 0 1 standing 
0 534 419 625 553 20517 0 0 1 standing 
0 543 420 633 554 20518 0 0 1 standing 
0 552 420 641 554 20519 0 0 1 standing 
0 561 420 649 555 20520 0 0 1 standing 
0 570 421 658 556 20521 0 0 0 standing 
0 568 420 655 555 20522 0 0 1 standing 
0 567 420 653 555 20523 0 0 1 standing 
0 565 419 651 555 20524 0 0 1 standing 
0 564 419 649 555 20525 0 0 0 standing 
0 554 419 638 556 20526 0 0 1 standing 
0 544 419 628 558 20527 0 0 1 standing 
0 534 419 618 560 20528 0 0 1 standing 
0 524 419 608 562 20529 0 0 1 standing 
0 514 420 598 564 20530 0 0 1 standing 
0 504 420 588 566 20531 0 0 1 standing 
0 494 420 578 568 20532 0 0 1 standing 
0 484 420 568 570 20533 0 0 1 standing 
0 474 420 558 572 20534 0 0 1 standing 
1 379 422 485 534 20515 0 0 0 standing 
1 395 421 496 533 20516 0 0 1 standing 
1 412 420 508 533 20517 0 0 1 standing 
1 428 419 520 532 20518 0 0 1 standing 
1 445 418 532 532 20519 0 0 1 standing 
1 461 417 544 532 20520 0 0 1 standing 
1 478 416 556 531 20521 0 0 1 standing 
1 494 415 568 531 20522 0 0 1 standing 
1 511 414 580 531 20523 0 0 0 standing 
1 515 413 586 531 20524 0 0 1 standing 
1 519 412 592 532 20525 0 0 1 standing 
1 523 411 598 533 20526 0 0 1 standing 
1 527 411 604 534 20527 0 0 1 standing 
1 531 410 610 535 20528 0 0 1 standing 
1 535 409 617 536 20529 0 0 1 standing 
1 539 408 623 536 20530 0 0 1 standing 
1 543 408 629 537 20531 0 0 1 standing 
1 547 407 635 538 20532 0 0 1 standing 
1 551 406 641 539 20533 0 0 1 standing 
1 555 405 647 540 20534 0 0 1 standing 
2 176 412 253 546 20515 0 0 0 standing 
2 187 408 263 544 20516 0 0 1 standing 
2 198 405 274 543 20517 0 0 1 standing 
2 209 401 285 541 20518 0 0 1 standing 
2 220 398 296 540 20519 0 0 0 standing 
2 222 394 298 538 20520 0 0 1 standing 
2 225 391 301 537 20521 0 0 1 standing 
2 227 388 303 535 20522 0 0 1 standing 
2 230 384 306 534 20523 0 0 1 standing 
2 232 381 308 532 20524 0 0 1 standing 
2 235 378 311 531 20525 0 0 0 standing 
2 226 378 307 531 20526 0 0 1 standing 
2 218 379 304 532 20527 0 0 1 standing 
2 209 379 301 532 20528 0 0 1 standing 
2 201 380 298 533 20529 0 0 1 standing 
2 192 381 295 533 20530 0 0 1 standing 
2 184 381 291 534 20531 0 0 1 standing 
2 175 382 288 534 20532 0 0 1 standing 
2 167 382 285 535 20533 0 0 1 standing 
2 158 383 282 535 20534 0 0 1 standing 
3 856 397 962 549 20515 0 0 0 standing 
3 860 396 964 549 20516 0 0 1 standing 
3 865 395 966 549 20517 0 0 1 standing 
3 870 395 969 549 20518 0 0 1 standing 
3 874 394 971 550 20519 0 0 1 standing 
3 879 394 974 550 20520 0 0 1 standing 
3 884 393 976 550 20521 0 0 1 standing 
3 888 392 978 551 20522 0 0 1 standing 
3 893 392 981 551 20523 0 0 1 standing 
3 898 391 983 551 20524 0 0 1 standing 
3 903 391 986 552 20525 0 0 0 standing 
3 897 390 979 551 20526 0 0 1 standing 
3 892 390 973 551 20527 0 0 1 standing 
3 886 389 966 550 20528 0 0 1 standing 
3 881 389 960 550 20529 0 0 1 standing 
3 875 389 954 549 20530 0 0 1 standing 
3 870 388 947 549 20531 0 0 1 standing 
3 864 388 941 548 20532 0 0 1 standing 
3 859 387 934 548 20533 0 0 1 standing 
3 853 387 928 547 20534 0 0 1 standing 
4 1021 386 1137 519 20515 0 0 0 standing 
4 1027 386 1139 518 20516 0 0 1 standing 
4 1033 386 1142 518 20517 0 0 1 standing 
4 1040 386 1145 518 20518 0 0 1 standing 
4 1046 386 1148 517 20519 0 0 1 standing 
4 1053 386 1151 517 20520 0 0 1 standing 
4 1059 386 1153 517 20521 0 0 1 standing 
4 1065 386 1156 516 20522 0 0 1 standing 
4 1072 386 1159 516 20523 0 0 1 standing 
4 1078 386 1162 516 20524 0 0 1 standing 
4 1085 387 1165 516 20525 0 0 0 standing 
4 1082 386 1162 516 20526 0 0 1 standing 
4 1080 386 1160 516 20527 0 0 1 standing 
4 1077 385 1157 516 20528 0 0 1 standing 
4 1075 385 1155 517 20529 0 0 1 standing 
4 1073 385 1152 517 20530 0 0 1 standing 
4 1070 384 1150 517 20531 0 0 1 standing 
4 1068 384 1147 518 20532 0 0 1 standing 
4 1065 383 1145 518 20533 0 0 1 standing 
4 1063 383 1142 518 20534 0 0 1 standing 
5 413 324 518 438 20515 0 1 0 standing 
5 430 323 533 438 20516 0 1 1 setting 
5 448 323 548 438 20517 0 1 1 setting 
5 465 323 563 438 20518 0 1 1 setting 
5 483 323 578 438 20519 0 1 1 setting 
5 500 323 593 438 20520 0 1 1 setting 
5 518 323 609 438 20521 0 1 0 setting 
5 524 322 613 437 20522 0 1 1 setting 
5 531 322 617 437 20523 0 1 1 setting 
5 537 321 621 436 20524 0 1 1 setting 
5 544 321 625 436 20525 0 1 0 setting 
5 544 317 624 438 20526 0 1 1 setting 
5 544 313 624 441 20527 0 1 1 setting 
5 544 310 624 444 20528 0 1 0 setting 
5 544 319 624 446 20529 0 1 1 setting 
5 544 328 625 449 20530 0 1 1 setting 
5 545 337 626 452 20531 0 1 1 setting 
5 545 346 626 455 20532 0 1 1 setting 
5 546 355 627 458 20533 0 1 1 setting 
5 546 364 628 461 20534 0 1 1 setting 
6 759 283 835 420 20515 0 0 0 setting 
6 765 285 841 422 20516 0 0 1 moving 
6 772 288 848 425 20517 0 0 1 moving 
6 779 291 855 428 20518 0 0 1 moving 
6 785 294 861 431 20519 0 0 1 moving 
6 792 297 868 434 20520 0 0 1 moving 
6 799 300 875 437 20521 0 0 0 moving 
6 797 297 873 434 20522 0 0 1 moving 
6 795 295 871 432 20523 0 0 1 moving 
6 793 292 869 429 20524 0 0 1 moving 
6 791 290 867 427 20525 0 0 0 moving 
6 782 289 858 426 20526 0 0 1 moving 
6 774 288 850 425 20527 0 0 1 moving 
6 766 288 842 425 20528 0 0 1 moving 
6 758 287 834 424 20529 0 0 1 moving 
6 750 287 826 424 20530 0 0 1 moving 
6 742 286 818 423 20531 0 0 1 moving 
6 734 285 810 422 20532 0 0 1 moving 
6 726 285 802 422 20533 0 0 1 moving 
6 718 284 794 421 20534 0 0 1 moving 
7 879 302 956 428 20515 0 0 0 moving 
7 887 301 964 428 20516 0 0 1 standing 
7 896 301 972 429 20517 0 0 1 standing 
7 904 300 981 430 20518 0 0 1 standing 
7 913 300 989 431 20519 0 0 1 standing 
7 922 300 998 432 20520 0 0 0 standing 
7 921 299 997 433 20521 0 0 1 standing 
7 920 299 996 434 20522 0 0 1 standing 
7 919 299 995 435 20523 0 0 1 standing 
7 918 299 994 436 20524 0 0 1 standing 
7 918 299 993 437 20525 0 0 0 standing 
7 913 298 988 436 20526 0 0 1 standing 
7 908 298 983 436 20527 0 0 1 standing 
7 903 298 978 436 20528 0 0 1 standing 
7 898 297 973 436 20529 0 0 1 standing 
7 893 297 968 436 20530 0 0 1 standing 
7 888 297 963 435 20531 0 0 1 standing 
7 883 296 958 435 20532 0 0 1 standing 
7 878 296 953 435 20533 0 0 1 standing 
7 873 296 948 435 20534 0 0 1 standing 
8 765 266 826 413 20515 0 0 0 standing 
8 766 268 831 413 20516 0 0 1 moving 
8 768 271 836 414 20517 0 0 1 moving 
8 770 274 841 414 20518 0 0 1 moving 
8 772 277 846 415 20519 0 0 1 moving 
8 774 280 851 415 20520 0 0 1 moving 
8 776 283 856 416 20521 0 0 0 moving 
8 768 285 852 416 20522 0 0 1 moving 
8 761 288 848 416 20523 0 0 1 moving 
8 754 290 844 416 20524 0 0 1 moving 
8 747 293 840 416 20525 0 0 0 moving 
8 734 290 825 415 20526 0 0 1 moving 
8 722 288 811 414 20527 0 0 1 moving 
8 710 286 797 413 20528 0 0 1 moving 
8 698 283 782 412 20529 0 0 1 moving 
8 686 281 768 411 20530 0 0 1 moving 
8 674 279 754 410 20531 0 0 1 moving 
8 662 276 739 409 20532 0 0 1 moving 
8 650 274 725 408 20533 0 0 1 moving 
8 638 272 711 407 20534 0 0 1 moving 
9 853 336 934 476 20515 0 0 0 moving 
9 861 334 938 474 20516 0 0 1 standing 
9 869 333 943 472 20517 0 0 1 standing 
9 878 332 948 471 20518 0 0 1 standing 
9 886 330 952 469 20519 0 0 1 standing 
9 895 329 957 468 20520 0 0 1 standing 
9 903 328 962 466 20521 0 0 1 standing 
9 912 327 967 465 20522 0 0 0 standing 
9 908 326 971 464 20523 0 0 1 standing 
9 904 325 976 464 20524 0 0 1 standing 
9 900 324 981 464 20525 0 0 0 standing 
9 896 324 974 466 20526 0 0 1 standing 
9 892 325 967 469 20527 0 0 1 standing 
9 888 326 961 472 20528 0 0 1 standing 
9 884 326 954 475 20529 0 0 1 standing 
9 880 327 948 478 20530 0 0 1 standing 
9 876 328 941 481 20531 0 0 1 standing 
9 872 328 934 484 20532 0 0 1 standing 
9 868 329 928 487 20533 0 0 1 standing 
9 864 330 921 490 20534 0 0 1 standing 
10 1003 336 1085 462 20515 0 0 0 standing 
10 1014 335 1092 461 20516 0 0 1 standing 
10 1025 334 1100 461 20517 0 0 1 standing 
10 1036 334 1107 461 20518 0 0 1 standing 
10 1047 333 1115 461 20519 0 0 1 standing 
10 1058 333 1122 461 20520 0 0 1 standing 
10 1069 332 1130 461 20521 0 0 1 standing 
10 1080 332 1138 461 20522 0 0 0 standing 
10 1076 331 1142 459 20523 0 0 1 standing 
10 1072 331 1146 458 20524 0 0 1 standing 
10 1069 331 1151 457 20525 0 0 0 standing 
10 1068 329 1148 457 20526 0 0 1 standing 
10 1067 328 1146 457 20527 0 0 1 standing 
10 1066 327 1144 457 20528 0 0 1 standing 
10 1065 325 1142 457 20529 0 0 1 standing 
10 1064 324 1140 457 20530 0 0 1 standing 
10 1063 323 1138 457 20531 0 0 1 standing 
10 1062 321 1136 457 20532 0 0 1 standing 
10 1061 320 1134 457 20533 0 0 1 standing 
10 1060 319 1132 457 20534 0 0 1 standing 
