0 719 502 810 687 36125 0 1 0 moving 
0 727 504 820 689 36126 0 1 1 moving 
0 735 507 831 691 36127 0 1 1 moving 
0 744 509 842 693 36128 0 1 1 moving 
0 752 512 852 695 36129 0 1 1 moving 
0 760 514 863 697 36130 0 1 1 moving 
0 769 517 874 699 36131 0 1 0 moving 
0 770 520 874 700 36132 0 1 1 moving 
0 772 524 875 702 36133 0 1 1 moving 
0 774 527 875 704 36134 0 1 1 moving 
0 776 531 876 706 36135 0 1 0 moving 
0 772 528 871 705 36136 0 1 1 moving 
0 768 526 866 705 36137 0 1 1 moving 
0 764 523 861 704 36138 0 1 1 moving 
0 760 521 856 704 36139 0 1 1 moving 
0 756 519 851 704 36140 0 1 0 moving 
0 755 515 845 697 36141 0 1 1 moving 
0 755 511 839 691 36142 0 1 1 moving 
0 755 507 834 685 36143 0 1 1 moving 
0 755 503 828 679 36144 0 1 1 moving 
1 728 418 824 565 36125 0 1 0 moving 
1 723 415 817 562 36126 0 1 1 standing 
1 718 413 810 559 36127 0 1 1 standing 
1 713 410 803 556 36128 0 1 1 standing 
1 709 408 796 554 36129 0 1 0 standing 
1 702 410 787 556 36130 0 1 1 standing 
1 695 412 778 558 36131 0 1 1 standing 
1 688 414 769 560 36132 0 1 1 standing 
1 681 416 760 562 36133 0 1 1 standing 
1 674 418 751 564 36134 0 1 1 standing 
1 668 421 742 566 36135 0 1 0 standing 
1 666 410 740 563 36136 0 1 1 standing 
1 665 400 738 561 36137 0 1 1 standing 
1 663 389 736 558 36138 0 1 1 standing 
1 662 379 734 556 36139 0 1 1 standing 
1 661 369 733 554 36140 0 1 0 standing 
1 659 363 732 548 36141 0 1 1 standing 
1 658 357 731 542 36142 0 1 1 standing 
1 657 352 730 536 36143 0 1 1 standing 
1 656 346 729 530 36144 0 1 1 standing 
2 729 361 787 478 36125 0 1 0 standing 
2 728 359 787 484 36126 0 1 1 setting 
2 728 357 787 490 36127 0 1 1 setting 
2 728 355 787 496 36128 0 1 1 setting 
2 728 353 787 502 36129 0 1 1 setting 
2 728 352 787 509 36130 0 1 0 setting 
2 728 350 787 509 36131 0 1 1 setting 
2 728 348 788 509 36132 0 1 1 setting 
2 728 346 788 509 36133 0 1 1 setting 
2 728 344 789 509 36134 0 1 1 setting 
2 728 343 790 510 36135 0 1 0 setting 
2 729 343 791 509 36136 0 1 1 setting 
2 731 344 792 508 36137 0 1 1 setting 
2 732 344 793 507 36138 0 1 1 setting 
2 734 345 794 506 36139 0 1 1 setting 
2 736 346 795 506 36140 0 1 0 setting 
2 737 348 796 506 36141 0 1 1 setting 
2 739 350 797 507 36142 0 1 1 setting 
2 740 352 798 507 36143 0 1 1 setting 
2 742 354 799 508 36144 0 1 1 setting 
3 783 509 903 599 36125 0 0 0 setting 
3 799 503 910 598 36126 0 0 1 standing 
3 815 498 918 598 36127 0 0 1 standing 
3 832 493 926 598 36128 0 0 0 standing 
3 839 485 932 598 36129 0 0 1 standing 
3 846 477 939 599 36130 0 0 1 standing 
3 853 470 946 600 36131 0 0 0 standing 
3 858 468 960 598 36132 0 0 1 standing 
3 863 466 974 597 36133 0 0 1 standing 
3 869 464 988 596 36134 0 0 0 standing 
3 880 466 989 597 36135 0 0 1 standing 
3 891 468 991 598 36136 0 0 1 standing 
3 902 470 993 600 36137 0 0 0 standing 
3 904 465 996 599 36138 0 0 1 standing 
3 906 461 999 599 36139 0 0 1 standing 
3 908 457 1003 599 36140 0 0 0 standing 
3 907 456 998 596 36141 0 0 1 standing 
3 907 455 993 593 36142 0 0 1 standing 
3 907 454 988 590 36143 0 0 1 standing 
3 907 453 983 587 36144 0 0 1 standing 
4 927 402 989 551 36125 0 0 0 standing 
4 927 400 994 551 36126 0 0 1 standing 
4 927 398 999 551 36127 0 0 1 standing 
4 928 397 1004 551 36128 0 0 0 standing 
4 932 398 1015 548 36129 0 0 1 standing 
4 936 399 1027 545 36130 0 0 1 standing 
4 940 400 1039 543 36131 0 0 0 standing 
4 941 400 1048 542 36132 0 0 1 standing 
4 942 400 1057 542 36133 0 0 1 standing 
4 943 400 1067 542 36134 0 0 0 standing 
4 951 402 1065 542 36135 0 0 1 standing 
4 960 404 1064 542 36136 0 0 1 standing 
4 969 406 1063 542 36137 0 0 0 standing 
4 971 403 1064 541 36138 0 0 1 standing 
4 973 400 1066 540 36139 0 0 1 standing 
4 975 398 1068 540 36140 0 0 0 standing 
4 976 396 1064 540 36141 0 0 1 standing 
4 977 395 1061 540 36142 0 0 1 standing 
4 978 394 1057 540 36143 0 0 1 standing 
4 979 393 1054 540 36144 0 0 1 standing 
5 248 427 329 607 36125 0 0 0 standing 
5 246 426 322 606 36126 0 0 1 standing 
5 244 425 315 605 36127 0 0 1 standing 
5 243 425 309 604 36128 0 0 0 standing 
5 240 424 304 603 36129 0 0 1 standing 
5 237 423 299 602 36130 0 0 1 standing 
5 235 423 295 602 36131 0 0 0 standing 
5 225 424 295 602 36132 0 0 1 standing 
5 216 425 295 603 36133 0 0 1 standing 
5 207 426 296 604 36134 0 0 0 standing 
5 201 427 294 603 36135 0 0 1 standing 
5 196 428 293 603 36136 0 0 1 standing 
5 191 430 292 603 36137 0 0 0 standing 
5 193 429 294 602 36138 0 0 1 standing 
5 195 428 296 601 36139 0 0 1 standing 
5 197 428 298 601 36140 0 0 0 standing 
5 199 428 295 601 36141 0 0 1 standing 
5 201 428 293 601 36142 0 0 1 standing 
5 204 429 290 602 36143 0 0 1 standing 
5 206 429 288 602 36144 0 0 1 standing 
6 925 363 1001 511 36125 0 0 0 standing 
6 929 359 1000 508 36126 0 0 1 moving 
6 934 356 999 505 36127 0 0 1 moving 
6 939 353 999 502 36128 0 0 0 moving 
6 940 350 1002 491 36129 0 0 1 moving 
6 941 348 1006 481 36130 0 0 1 moving 
6 943 346 1010 471 36131 0 0 0 moving 
6 944 347 1012 472 36132 0 0 1 moving 
6 945 348 1014 473 36133 0 0 1 moving 
6 946 349 1016 475 36134 0 0 0 moving 
6 946 352 1013 477 36135 0 0 1 moving 
6 946 355 1010 479 36136 0 0 1 moving 
6 947 358 1007 482 36137 0 0 0 moving 
6 945 355 1007 479 36138 0 0 1 moving 
6 943 352 1008 477 36139 0 0 1 moving 
6 942 350 1009 475 36140 0 0 0 moving 
6 939 350 1004 474 36141 0 0 1 moving 
6 936 350 999 473 36142 0 0 1 moving 
6 933 351 994 472 36143 0 0 1 moving 
6 930 351 989 471 36144 0 0 1 moving 
7 521 403 572 561 36125 0 0 0 moving 
7 522 401 575 562 36126 0 0 1 standing 
7 523 399 578 563 36127 0 0 1 standing 
7 525 398 582 565 36128 0 0 0 standing 
7 524 398 583 567 36129 0 0 1 standing 
7 524 399 585 570 36130 0 0 1 standing 
7 524 400 587 573 36131 0 0 0 standing 
7 526 398 589 571 36132 0 0 1 standing 
7 528 396 591 569 36133 0 0 1 standing 
7 530 394 594 567 36134 0 0 0 standing 
7 530 395 594 568 36135 0 0 1 standing 
7 531 396 595 569 36136 0 0 1 standing 
7 532 397 596 570 36137 0 0 0 standing 
7 534 401 598 574 36138 0 0 1 standing 
7 537 405 601 578 36139 0 0 1 standing 
7 540 409 604 582 36140 0 0 0 standing 
7 542 409 603 575 36141 0 0 1 standing 
7 544 409 603 569 36142 0 0 1 standing 
7 546 409 603 562 36143 0 0 1 standing 
7 548 409 603 556 36144 0 0 1 standing 
8 493 376 551 521 36125 0 0 0 standing 
8 496 375 554 520 36126 0 0 1 standing 
8 499 374 558 519 36127 0 0 1 standing 
8 503 374 562 519 36128 0 0 0 standing 
8 503 374 562 519 36129 0 0 1 standing 
8 504 374 563 519 36130 0 0 1 standing 
8 505 374 564 519 36131 0 0 0 standing 
8 507 373 566 518 36132 0 0 1 standing 
8 510 372 569 517 36133 0 0 1 standing 
8 513 371 572 516 36134 0 0 0 standing 
8 513 371 572 516 36135 0 0 1 standing 
8 513 371 572 517 36136 0 0 1 standing 
8 514 372 573 518 36137 0 0 0 standing 
8 518 370 577 515 36138 0 0 1 standing 
8 522 368 581 513 36139 0 0 1 standing 
8 526 367 585 511 36140 0 0 0 standing 
8 528 370 587 514 36141 0 0 1 standing 
8 530 374 589 518 36142 0 0 1 standing 
8 533 377 592 521 36143 0 0 1 standing 
8 535 381 594 525 36144 0 0 1 standing 
9 454 434 525 614 36125 0 0 0 standing 
9 457 431 528 613 36126 0 0 1 standing 
9 460 428 531 612 36127 0 0 1 standing 
9 464 425 534 611 36128 0 0 0 standing 
9 470 424 536 609 36129 0 0 1 standing 
9 477 423 539 607 36130 0 0 1 standing 
9 484 422 542 606 36131 0 0 0 standing 
9 487 423 545 607 36132 0 0 1 standing 
9 490 424 548 608 36133 0 0 1 standing 
9 494 425 552 610 36134 0 0 0 standing 
9 495 425 553 610 36135 0 0 1 standing 
9 496 425 554 611 36136 0 0 1 standing 
9 498 426 556 612 36137 0 0 0 standing 
9 498 425 556 611 36138 0 0 1 standing 
9 499 425 557 611 36139 0 0 1 standing 
9 500 425 558 611 36140 0 0 0 standing 
9 502 428 562 610 36141 0 0 1 standing 
9 505 431 566 609 36142 0 0 1 standing 
9 507 434 570 608 36143 0 0 1 standing 
9 510 437 574 607 36144 0 0 1 standing 
10 137 360 219 499 36125 0 0 0 standing 
10 141 359 223 498 36126 0 0 1 standing 
10 145 358 227 498 36127 0 0 1 standing 
10 150 358 232 498 36128 0 0 0 standing 
10 155 357 229 496 36129 0 0 1 standing 
10 160 356 227 494 36130 0 0 1 standing 
10 165 356 225 493 36131 0 0 0 standing 
10 167 356 227 493 36132 0 0 1 standing 
10 170 356 230 493 36133 0 0 1 standing 
10 173 356 233 493 36134 0 0 0 standing 
10 177 353 233 492 36135 0 0 1 standing 
10 181 351 233 491 36136 0 0 1 standing 
10 185 349 234 490 36137 0 0 0 standing 
10 188 346 237 488 36138 0 0 1 standing 
10 191 343 240 486 36139 0 0 1 standing 
10 194 341 243 484 36140 0 0 0 standing 
10 192 341 246 480 36141 0 0 1 standing 
10 190 341 249 477 36142 0 0 1 standing 
10 188 341 253 473 36143 0 0 1 standing 
10 186 341 256 470 36144 0 0 1 standing 
11 0 416 35 499 36125 0 0 0 standing 
11 0 416 36 498 36126 0 0 1 standing 
11 0 416 38 497 36127 0 0 1 standing 
11 0 416 40 497 36128 0 0 0 standing 
11 0 415 40 519 36129 0 0 1 standing 
11 0 415 40 542 36130 0 0 1 standing 
11 0 415 40 565 36131 0 0 0 standing 
11 0 413 44 562 36132 0 0 1 standing 
11 0 411 48 559 36133 0 0 1 standing 
11 0 410 52 557 36134 0 0 0 standing 
11 0 409 52 565 36135 0 0 1 standing 
11 0 409 52 573 36136 0 0 1 standing 
11 0 409 52 581 36137 0 0 0 standing 
11 0 409 56 580 36138 0 0 1 standing 
11 0 409 60 580 36139 0 0 1 standing 
11 0 409 64 580 36140 0 0 0 standing 
11 0 409 67 577 36141 0 0 1 standing 
11 0 409 71 574 36142 0 0 1 standing 
11 0 409 75 572 36143 0 0 1 standing 
11 0 409 79 569 36144 0 0 1 standing 
