0 345 471 455 617 20555 0 1 0 standing 
0 350 471 461 617 20556 0 1 1 standing 
0 356 472 468 617 20557 0 1 1 standing 
0 361 472 475 617 20558 0 1 1 standing 
0 367 473 482 618 20559 0 1 1 standing 
0 373 473 489 618 20560 0 1 1 standing 
0 378 474 496 618 20561 0 1 1 standing 
0 384 474 503 619 20562 0 1 1 standing 
0 389 475 510 619 20563 0 1 1 standing 
0 395 475 517 619 20564 0 1 1 standing 
0 401 476 524 620 20565 0 1 0 standing 
0 408 474 527 619 20566 0 1 1 standing 
0 415 473 531 619 20567 0 1 1 standing 
0 423 472 535 618 20568 0 1 1 standing 
0 430 471 539 618 20569 0 1 1 standing 
0 438 470 543 618 20570 0 1 1 standing 
0 445 468 547 617 20571 0 1 1 standing 
0 452 467 551 617 20572 0 1 1 standing 
0 460 466 555 616 20573 0 1 1 standing 
0 467 465 559 616 20574 0 1 1 standing 
1 626 419 698 547 20555 0 1 0 standing 
1 623 411 695 543 20556 0 1 1 setting 
1 621 404 693 540 20557 0 1 1 setting 
1 619 396 691 537 20558 0 1 1 setting 
1 617 389 688 533 20559 0 1 1 setting 
1 615 382 686 530 20560 0 1 1 setting 
1 612 374 684 527 20561 0 1 1 setting 
1 610 367 681 523 20562 0 1 1 setting 
1 608 359 679 520 20563 0 1 1 setting 
1 606 352 677 517 20564 0 1 1 setting 
1 604 345 675 514 20565 0 1 0 setting 
1 598 352 669 518 20566 0 1 1 setting 
1 593 359 664 522 20567 0 1 1 setting 
1 588 366 659 526 20568 0 1 1 setting 
1 583 373 654 530 20569 0 1 1 setting 
1 578 380 649 535 20570 0 1 1 setting 
1 573 387 643 539 20571 0 1 1 setting 
1 568 394 638 543 20572 0 1 1 setting 
1 563 401 633 547 20573 0 1 1 setting 
1 558 408 628 551 20574 0 1 1 setting 
2 208 381 310 522 20555 0 1 0 setting 
2 215 381 317 522 20556 0 1 1 standing 
2 222 381 324 522 20557 0 1 1 standing 
2 229 382 331 522 20558 0 1 1 standing 
2 236 382 338 523 20559 0 1 1 standing 
2 243 383 345 523 20560 0 1 1 standing 
2 250 383 352 523 20561 0 1 1 standing 
2 257 383 359 524 20562 0 1 1 standing 
2 264 384 366 524 20563 0 1 1 standing 
2 271 384 373 524 20564 0 1 1 standing 
2 278 385 380 525 20565 0 1 0 standing 
2 289 384 388 524 20566 0 1 1 standing 
2 301 383 397 523 20567 0 1 1 standing 
2 312 383 406 522 20568 0 1 1 standing 
2 324 382 415 522 20569 0 1 1 standing 
2 335 382 424 521 20570 0 1 1 standing 
2 347 381 432 520 20571 0 1 1 standing 
2 358 380 441 520 20572 0 1 1 standing 
2 370 380 450 519 20573 0 1 1 standing 
2 381 379 459 518 20574 0 1 1 standing 
3 612 304 689 437 20555 0 1 0 standing 
3 613 306 690 438 20556 0 1 1 standing 
3 615 308 691 440 20557 0 1 1 standing 
3 617 310 692 442 20558 0 1 1 standing 
3 619 312 693 444 20559 0 1 1 standing 
3 621 314 694 446 20560 0 1 1 standing 
3 622 316 695 448 20561 0 1 1 standing 
3 624 318 696 450 20562 0 1 1 standing 
3 626 320 697 452 20563 0 1 1 standing 
3 628 322 698 454 20564 0 1 1 standing 
3 630 324 699 456 20565 0 1 0 standing 
3 624 317 694 451 20566 0 1 1 standing 
3 619 310 690 446 20567 0 1 1 standing 
3 613 304 686 441 20568 0 1 1 standing 
3 608 297 681 436 20569 0 1 1 standing 
3 603 291 677 431 20570 0 1 1 standing 
3 597 284 673 426 20571 0 1 1 standing 
3 592 277 668 421 20572 0 1 1 standing 
3 586 271 664 416 20573 0 1 1 standing 
3 581 264 660 411 20574 0 1 1 standing 
4 434 276 512 399 20555 0 1 0 standing 
4 434 276 513 399 20556 0 1 1 moving 
4 434 276 514 399 20557 0 1 1 moving 
4 434 277 515 400 20558 0 1 1 moving 
4 434 277 516 400 20559 0 1 1 moving 
4 435 278 517 400 20560 0 1 1 moving 
4 435 278 518 401 20561 0 1 1 moving 
4 435 278 519 401 20562 0 1 1 moving 
4 435 279 520 401 20563 0 1 1 moving 
4 435 279 521 402 20564 0 1 1 moving 
4 436 280 522 402 20565 0 1 1 moving 
4 436 280 523 402 20566 0 1 1 moving 
4 436 280 524 403 20567 0 1 1 moving 
4 436 281 525 403 20568 0 1 1 moving 
4 436 281 526 403 20569 0 1 1 moving 
4 437 282 527 404 20570 0 1 1 moving 
4 437 282 528 404 20571 0 1 1 moving 
4 437 282 529 404 20572 0 1 1 moving 
4 437 283 530 405 20573 0 1 1 moving 
4 437 283 531 405 20574 0 1 1 moving 
5 459 326 552 472 20555 0 0 0 moving 
5 454 325 546 470 20556 0 0 1 standing 
5 450 325 541 469 20557 0 0 1 standing 
5 445 325 535 468 20558 0 0 1 standing 
5 441 325 530 467 20559 0 0 1 standing 
5 437 325 525 466 20560 0 0 1 standing 
5 432 325 519 464 20561 0 0 1 standing 
5 428 325 514 463 20562 0 0 1 standing 
5 423 325 508 462 20563 0 0 1 standing 
5 419 325 503 461 20564 0 0 1 standing 
5 415 325 498 460 20565 0 0 0 standing 
5 407 326 492 461 20566 0 0 1 standing 
5 399 328 486 463 20567 0 0 1 standing 
5 392 330 480 465 20568 0 0 1 standing 
5 384 332 474 466 20569 0 0 1 standing 
5 377 334 468 468 20570 0 0 1 standing 
5 369 335 462 470 20571 0 0 1 standing 
5 361 337 456 471 20572 0 0 1 standing 
5 354 339 450 473 20573 0 0 1 standing 
5 346 341 444 475 20574 0 0 1 standing 
6 1101 402 1186 568 20555 0 0 0 standing 
6 1105 404 1190 570 20556 0 0 1 standing 
6 1109 406 1194 572 20557 0 0 1 standing 
6 1113 409 1198 575 20558 0 0 1 standing 
6 1117 411 1202 577 20559 0 0 1 standing 
6 1121 414 1206 580 20560 0 0 0 standing 
6 1122 416 1207 582 20561 0 0 1 standing 
6 1124 418 1209 584 20562 0 0 1 standing 
6 1126 420 1211 586 20563 0 0 0 standing 
6 1123 422 1207 586 20564 0 0 1 standing 
6 1120 424 1203 586 20565 0 0 1 standing 
6 1117 427 1199 586 20566 0 0 1 standing 
6 1114 429 1196 586 20567 0 0 1 standing 
6 1111 432 1192 586 20568 0 0 1 standing 
6 1108 434 1188 587 20569 0 0 1 standing 
6 1105 436 1184 587 20570 0 0 1 standing 
6 1102 439 1181 587 20571 0 0 1 standing 
6 1099 441 1177 587 20572 0 0 1 standing 
6 1096 444 1173 587 20573 0 0 1 standing 
6 1093 446 1169 587 20574 0 0 1 standing 
7 1056 321 1124 459 20555 0 0 0 standing 
7 1054 321 1122 459 20556 0 0 1 standing 
7 1053 321 1121 459 20557 0 0 1 standing 
7 1052 321 1120 459 20558 0 0 1 standing 
7 1051 321 1119 459 20559 0 0 1 standing 
7 1050 321 1118 459 20560 0 0 1 standing 
7 1048 321 1116 459 20561 0 0 1 standing 
7 1047 321 1115 459 20562 0 0 1 standing 
7 1046 321 1114 459 20563 0 0 1 standing 
7 1045 321 1113 459 20564 0 0 1 standing 
7 1044 321 1112 459 20565 0 0 0 standing 
7 1037 322 1105 460 20566 0 0 1 standing 
7 1031 323 1099 462 20567 0 0 1 standing 
7 1025 325 1092 463 20568 0 0 1 standing 
7 1018 326 1086 465 20569 0 0 1 standing 
7 1012 328 1080 466 20570 0 0 1 standing 
7 1006 329 1073 468 20571 0 0 1 standing 
7 999 330 1067 469 20572 0 0 1 standing 
7 993 332 1060 471 20573 0 0 1 standing 
7 987 333 1054 472 20574 0 0 1 standing 
8 1218 365 1278 520 20555 0 0 0 standing 
8 1216 365 1276 520 20556 0 0 1 standing 
8 1214 365 1274 520 20557 0 0 1 standing 
8 1212 365 1272 520 20558 0 0 1 standing 
8 1210 365 1270 520 20559 0 0 1 standing 
8 1208 365 1268 520 20560 0 0 1 standing 
8 1206 365 1266 520 20561 0 0 1 standing 
8 1204 365 1264 520 20562 0 0 1 standing 
8 1202 365 1262 520 20563 0 0 1 standing 
8 1200 365 1260 520 20564 0 0 1 standing 
8 1198 365 1258 520 20565 0 0 0 standing 
8 1193 365 1254 520 20566 0 0 1 standing 
8 1189 365 1251 520 20567 0 0 1 standing 
8 1185 365 1247 520 20568 0 0 1 standing 
8 1181 365 1244 520 20569 0 0 1 standing 
8 1177 366 1240 521 20570 0 0 1 standing 
8 1173 366 1237 521 20571 0 0 1 standing 
8 1169 366 1233 521 20572 0 0 1 standing 
8 1165 366 1230 521 20573 0 0 1 standing 
8 1161 366 1226 521 20574 0 0 1 standing 
9 769 397 840 560 20555 0 0 0 standing 
9 766 396 837 559 20556 0 0 1 standing 
9 764 396 835 559 20557 0 0 1 standing 
9 762 396 833 559 20558 0 0 1 standing 
9 759 396 830 559 20559 0 0 1 standing 
9 757 396 828 559 20560 0 0 1 standing 
9 755 395 826 558 20561 0 0 1 standing 
9 752 395 823 558 20562 0 0 1 standing 
9 750 395 821 558 20563 0 0 1 standing 
9 748 395 819 558 20564 0 0 1 standing 
9 746 395 817 558 20565 0 0 0 standing 
9 741 396 812 559 20566 0 0 1 standing 
9 737 398 808 561 20567 0 0 1 standing 
9 732 400 804 563 20568 0 0 1 standing 
9 728 402 800 565 20569 0 0 1 standing 
9 723 404 796 567 20570 0 0 1 standing 
9 719 406 791 568 20571 0 0 1 standing 
9 714 408 787 570 20572 0 0 1 standing 
9 710 410 783 572 20573 0 0 1 standing 
9 705 412 779 574 20574 0 0 1 standing 
10 797 305 858 458 20555 0 0 0 standing 
10 794 305 855 458 20556 0 0 1 standing 
10 791 305 852 458 20557 0 0 1 standing 
10 788 305 849 458 20558 0 0 1 standing 
10 785 305 846 458 20559 0 0 1 standing 
10 782 305 843 458 20560 0 0 1 standing 
10 779 305 840 458 20561 0 0 1 standing 
10 776 305 837 458 20562 0 0 1 standing 
10 773 305 834 458 20563 0 0 1 standing 
10 770 305 831 458 20564 0 0 1 standing 
10 768 305 829 458 20565 0 0 0 standing 
10 762 306 823 457 20566 0 0 1 standing 
10 757 307 818 457 20567 0 0 1 standing 
10 752 308 812 457 20568 0 0 1 standing 
10 746 309 807 457 20569 0 0 1 standing 
10 741 310 802 457 20570 0 0 1 standing 
10 736 311 796 457 20571 0 0 1 standing 
10 730 312 791 457 20572 0 0 1 standing 
10 725 313 785 457 20573 0 0 1 standing 
10 720 314 780 457 20574 0 0 1 standing 
11 771 355 840 506 20555 0 0 0 standing 
11 768 354 836 505 20556 0 0 1 standing 
11 765 354 832 505 20557 0 0 1 standing 
11 763 354 829 504 20558 0 0 1 standing 
11 760 353 825 504 20559 0 0 1 standing 
11 758 353 822 504 20560 0 0 1 standing 
11 755 353 818 503 20561 0 0 1 standing 
11 752 352 814 503 20562 0 0 1 standing 
11 750 352 811 502 20563 0 0 1 standing 
11 747 352 807 502 20564 0 0 1 standing 
11 745 352 804 502 20565 0 0 0 standing 
11 739 351 797 500 20566 0 0 1 standing 
11 734 351 791 498 20567 0 0 1 standing 
11 728 350 785 496 20568 0 0 1 standing 
11 723 350 778 494 20569 0 0 1 standing 
11 717 349 772 492 20570 0 0 1 standing 
11 712 349 766 490 20571 0 0 0 standing 
11 708 343 759 488 20572 0 0 1 standing 
11 704 337 753 487 20573 0 0 1 standing 
11 701 331 747 486 20574 0 0 1 standing 
