0 154 493 279 675 73395 0 1 0 moving 
0 154 494 282 674 73396 0 1 1 moving 
0 154 495 285 673 73397 0 1 1 moving 
0 154 496 288 672 73398 0 1 1 moving 
0 154 497 291 671 73399 0 1 1 moving 
0 154 498 294 670 73400 0 1 1 moving 
0 154 499 297 669 73401 0 1 1 moving 
0 155 501 301 668 73402 0 1 0 moving 
0 170 501 302 668 73403 0 1 1 moving 
0 185 501 304 668 73404 0 1 1 moving 
0 200 501 306 668 73405 0 1 0 moving 
0 206 497 315 666 73406 0 1 1 moving 
0 213 494 324 665 73407 0 1 1 moving 
0 220 491 333 664 73408 0 1 1 moving 
0 227 487 342 663 73409 0 1 1 moving 
0 234 484 351 662 73410 0 1 1 moving 
0 241 481 361 661 73411 0 1 0 moving 
0 255 479 366 659 73412 0 1 1 moving 
0 269 477 371 657 73413 0 1 1 moving 
0 284 476 377 655 73414 0 1 1 moving 
1 379 356 448 519 73395 0 1 0 moving 
1 378 346 445 513 73396 0 1 1 setting 
1 378 337 442 507 73397 0 1 1 setting 
1 378 328 440 502 73398 0 1 1 setting 
1 378 319 437 496 73399 0 1 1 setting 
1 378 310 435 491 73400 0 1 0 setting 
1 376 309 433 490 73401 0 1 1 setting 
1 375 308 432 490 73402 0 1 1 setting 
1 373 307 431 489 73403 0 1 1 setting 
1 372 306 430 489 73404 0 1 1 setting 
1 371 306 429 489 73405 0 1 0 setting 
1 371 315 428 493 73406 0 1 1 setting 
1 372 325 427 498 73407 0 1 1 setting 
1 373 335 426 502 73408 0 1 1 setting 
1 374 345 426 507 73409 0 1 0 setting 
1 372 348 423 506 73410 0 1 1 setting 
1 370 351 420 505 73411 0 1 1 setting 
1 368 354 418 505 73412 0 1 1 setting 
1 366 357 415 504 73413 0 1 1 setting 
1 364 360 413 504 73414 0 1 1 setting 
2 427 345 504 491 73395 0 1 0 setting 
2 433 345 509 489 73396 0 1 1 standing 
2 439 346 514 487 73397 0 1 1 standing 
2 445 346 519 485 73398 0 1 1 standing 
2 452 347 524 483 73399 0 1 1 standing 
2 458 347 529 481 73400 0 1 1 standing 
2 464 348 534 479 73401 0 1 1 standing 
2 471 349 540 478 73402 0 1 0 standing 
2 473 340 540 473 73403 0 1 1 standing 
2 475 332 540 468 73404 0 1 1 standing 
2 477 324 540 463 73405 0 1 1 standing 
2 480 315 541 458 73406 0 1 1 standing 
2 482 307 541 453 73407 0 1 1 standing 
2 484 299 541 448 73408 0 1 1 standing 
2 487 291 542 444 73409 0 1 0 standing 
2 490 288 544 443 73410 0 1 1 standing 
2 493 285 546 442 73411 0 1 1 standing 
2 496 283 548 441 73412 0 1 0 standing 
2 498 283 549 443 73413 0 1 1 standing 
2 500 284 550 446 73414 0 1 1 standing 
3 415 314 460 426 73395 0 1 0 standing 
3 414 313 459 425 73396 0 1 1 moving 
3 413 312 458 424 73397 0 1 1 moving 
3 413 312 458 424 73398 0 1 1 moving 
3 412 311 457 423 73399 0 1 1 moving 
3 412 311 457 423 73400 0 1 1 moving 
3 411 310 456 422 73401 0 1 1 moving 
3 410 309 455 421 73402 0 1 1 moving 
3 410 309 455 421 73403 0 1 1 moving 
3 409 308 454 420 73404 0 1 1 moving 
3 409 308 454 420 73405 0 1 0 moving 
3 408 306 456 420 73406 0 1 1 moving 
3 408 305 458 420 73407 0 1 1 moving 
3 407 304 460 420 73408 0 1 1 moving 
3 407 303 462 420 73409 0 1 1 moving 
3 406 302 464 420 73410 0 1 1 moving 
3 406 301 467 420 73411 0 1 0 moving 
3 410 303 467 423 73412 0 1 1 moving 
3 415 305 467 426 73413 0 1 1 moving 
3 419 307 467 429 73414 0 1 1 moving 
4 333 339 398 474 73395 0 0 0 moving 
4 332 337 397 473 73396 0 0 1 standing 
4 331 336 396 472 73397 0 0 1 standing 
4 330 335 396 472 73398 0 0 1 standing 
4 329 334 395 471 73399 0 0 1 standing 
4 328 333 395 471 73400 0 0 0 standing 
4 325 333 394 470 73401 0 0 1 standing 
4 322 334 394 470 73402 0 0 1 standing 
4 320 335 394 469 73403 0 0 1 standing 
4 317 336 394 469 73404 0 0 1 standing 
4 315 337 394 468 73405 0 0 1 standing 
4 312 338 394 468 73406 0 0 1 standing 
4 310 339 394 468 73407 0 0 0 standing 
4 311 338 396 467 73408 0 0 1 standing 
4 312 337 398 467 73409 0 0 1 standing 
4 313 336 400 467 73410 0 0 0 standing 
4 321 336 401 467 73411 0 0 1 standing 
4 329 336 403 468 73412 0 0 1 standing 
4 338 337 404 469 73413 0 0 1 standing 
4 346 337 406 470 73414 0 0 1 standing 
5 233 366 288 494 73395 0 0 0 standing 
5 229 364 286 493 73396 0 0 1 standing 
5 226 363 285 493 73397 0 0 1 standing 
5 223 362 283 493 73398 0 0 1 standing 
5 220 361 282 493 73399 0 0 1 standing 
5 217 360 281 493 73400 0 0 0 standing 
5 217 363 281 496 73401 0 0 1 standing 
5 217 367 281 500 73402 0 0 1 standing 
5 217 371 281 504 73403 0 0 1 standing 
5 217 375 281 508 73404 0 0 1 standing 
5 218 379 281 512 73405 0 0 0 standing 
5 219 377 281 512 73406 0 0 1 standing 
5 221 376 282 512 73407 0 0 1 standing 
5 222 375 283 513 73408 0 0 1 standing 
5 224 374 283 513 73409 0 0 1 standing 
5 225 373 284 513 73410 0 0 1 standing 
5 227 372 285 514 73411 0 0 0 standing 
5 233 377 288 516 73412 0 0 1 standing 
5 239 382 291 519 73413 0 0 1 standing 
5 245 387 294 521 73414 0 0 1 standing 
6 633 439 691 601 73395 0 0 0 standing 
6 631 440 690 601 73396 0 0 1 standing 
6 630 441 690 601 73397 0 0 1 standing 
6 629 443 690 601 73398 0 0 1 standing 
6 628 444 689 601 73399 0 0 1 standing 
6 627 446 689 601 73400 0 0 1 standing 
6 626 447 689 601 73401 0 0 1 standing 
6 624 448 688 601 73402 0 0 1 standing 
6 623 450 688 601 73403 0 0 1 standing 
6 622 451 688 601 73404 0 0 1 standing 
6 621 453 687 601 73405 0 0 1 standing 
6 620 454 687 601 73406 0 0 1 standing 
6 619 456 687 602 73407 0 0 0 standing 
6 620 458 687 600 73408 0 0 1 standing 
6 621 460 688 599 73409 0 0 1 standing 
6 622 463 689 597 73410 0 0 1 standing 
6 623 465 690 596 73411 0 0 1 standing 
6 625 468 691 595 73412 0 0 0 standing 
6 625 465 695 595 73413 0 0 1 standing 
6 625 462 700 595 73414 0 0 1 standing 
7 617 373 674 524 73395 0 0 0 standing 
7 617 370 673 521 73396 0 0 1 standing 
7 617 368 673 519 73397 0 0 1 standing 
7 617 366 672 516 73398 0 0 1 standing 
7 617 363 672 514 73399 0 0 1 standing 
7 617 361 671 512 73400 0 0 1 standing 
7 617 359 671 509 73401 0 0 1 standing 
7 617 356 670 507 73402 0 0 1 standing 
7 617 354 670 504 73403 0 0 1 standing 
7 617 352 669 502 73404 0 0 1 standing 
7 617 350 669 500 73405 0 0 0 standing 
7 615 346 667 495 73406 0 0 1 standing 
7 613 342 665 491 73407 0 0 1 standing 
7 611 338 663 486 73408 0 0 1 standing 
7 609 334 661 482 73409 0 0 1 standing 
7 608 331 659 478 73410 0 0 0 standing 
7 606 331 658 479 73411 0 0 1 standing 
7 605 331 657 480 73412 0 0 1 standing 
7 604 332 656 481 73413 0 0 1 standing 
7 603 332 655 482 73414 0 0 1 standing 
8 644 338 694 485 73395 0 0 0 standing 
8 640 337 692 484 73396 0 0 1 standing 
8 636 336 690 484 73397 0 0 1 standing 
8 633 336 688 484 73398 0 0 1 standing 
8 629 335 686 484 73399 0 0 1 standing 
8 626 335 685 484 73400 0 0 0 standing 
8 628 335 685 481 73401 0 0 1 standing 
8 630 335 685 479 73402 0 0 1 standing 
8 632 335 685 477 73403 0 0 1 standing 
8 634 335 685 475 73404 0 0 1 standing 
8 636 336 685 473 73405 0 0 0 standing 
8 634 334 683 471 73406 0 0 1 standing 
8 633 333 681 470 73407 0 0 1 standing 
8 631 332 679 469 73408 0 0 1 standing 
8 630 331 677 467 73409 0 0 1 standing 
8 628 330 676 466 73410 0 0 1 standing 
8 627 328 674 465 73411 0 0 1 standing 
8 625 327 672 463 73412 0 0 1 standing 
8 624 326 670 462 73413 0 0 1 standing 
8 622 325 668 461 73414 0 0 1 standing 
9 892 337 948 487 73395 0 0 0 standing 
9 893 336 949 485 73396 0 0 1 standing 
9 895 336 951 484 73397 0 0 1 standing 
9 896 335 952 483 73398 0 0 1 standing 
9 898 335 954 482 73399 0 0 1 standing 
9 900 335 955 481 73400 0 0 1 standing 
9 901 334 957 480 73401 0 0 1 standing 
9 903 334 958 479 73402 0 0 1 standing 
9 904 333 960 478 73403 0 0 1 standing 
9 906 333 961 477 73404 0 0 1 standing 
9 908 333 963 476 73405 0 0 0 standing 
9 908 333 963 475 73406 0 0 1 standing 
9 908 333 964 474 73407 0 0 1 standing 
9 908 333 965 473 73408 0 0 1 standing 
9 908 333 966 472 73409 0 0 1 standing 
9 908 333 967 472 73410 0 0 0 standing 
9 906 332 965 471 73411 0 0 1 standing 
9 904 332 964 470 73412 0 0 1 standing 
9 902 332 963 469 73413 0 0 1 standing 
9 900 332 962 468 73414 0 0 1 standing 
10 1009 455 1082 623 73395 0 0 0 standing 
10 1012 454 1084 622 73396 0 0 1 standing 
10 1015 453 1086 621 73397 0 0 1 standing 
10 1018 452 1088 620 73398 0 0 1 standing 
10 1021 451 1090 619 73399 0 0 1 standing 
10 1024 451 1093 619 73400 0 0 0 standing 
10 1025 453 1096 621 73401 0 0 1 standing 
10 1027 455 1099 623 73402 0 0 1 standing 
10 1029 457 1102 625 73403 0 0 1 standing 
10 1031 459 1106 628 73404 0 0 0 standing 
10 1031 458 1104 625 73405 0 0 1 standing 
10 1031 457 1103 623 73406 0 0 1 standing 
10 1031 456 1101 621 73407 0 0 1 standing 
10 1031 455 1100 619 73408 0 0 1 standing 
10 1031 454 1099 617 73409 0 0 1 standing 
10 1031 453 1097 615 73410 0 0 1 standing 
10 1031 452 1096 613 73411 0 0 1 standing 
10 1031 451 1095 611 73412 0 0 0 standing 
10 1028 450 1094 611 73413 0 0 1 standing 
10 1025 450 1093 612 73414 0 0 1 standing 
11 1106 378 1167 539 73395 0 0 0 standing 
11 1103 376 1166 537 73396 0 0 1 standing 
11 1101 375 1165 536 73397 0 0 1 standing 
11 1099 374 1165 534 73398 0 0 1 standing 
11 1097 373 1164 533 73399 0 0 1 standing 
11 1095 372 1164 532 73400 0 0 0 standing 
11 1093 371 1160 531 73401 0 0 1 standing 
11 1091 370 1157 531 73402 0 0 1 standing 
11 1090 370 1154 530 73403 0 0 1 standing 
11 1088 369 1151 530 73404 0 0 1 standing 
11 1087 369 1148 530 73405 0 0 0 standing 
11 1082 369 1145 527 73406 0 0 1 standing 
11 1078 369 1143 524 73407 0 0 1 standing 
11 1073 369 1140 522 73408 0 0 1 standing 
11 1069 369 1138 519 73409 0 0 1 standing 
11 1065 370 1136 517 73410 0 0 0 standing 
11 1063 375 1132 519 73411 0 0 1 standing 
11 1061 380 1128 521 73412 0 0 1 standing 
11 1059 385 1125 524 73413 0 0 0 standing 
11 1059 385 1124 523 73414 0 0 1 standing 
