0 315 472 398 630 32155 0 1 0 spiking 
0 316 458 398 623 32156 0 1 1 spiking 
0 317 444 399 616 32157 0 1 1 spiking 
0 318 430 400 610 32158 0 1 1 spiking 
0 319 416 401 603 32159 0 1 1 spiking 
0 321 403 402 597 32160 0 1 0 spiking 
0 326 404 403 595 32161 0 1 1 spiking 
0 331 405 404 594 32162 0 1 1 spiking 
0 336 407 405 593 32163 0 1 1 spiking 
0 341 408 406 592 32164 0 1 1 spiking 
0 346 409 408 591 32165 0 1 1 spiking 
0 351 411 409 590 32166 0 1 1 spiking 
0 356 412 410 589 32167 0 1 1 spiking 
0 361 413 411 588 32168 0 1 1 spiking 
0 366 415 413 587 32169 0 1 0 spiking 
0 359 423 412 595 32170 0 1 1 spiking 
0 352 432 411 603 32171 0 1 1 spiking 
0 345 440 410 611 32172 0 1 1 spiking 
0 338 449 409 619 32173 0 1 1 spiking 
0 331 457 408 627 32174 0 1 1 spiking 
1 678 472 747 606 32155 0 1 0 spiking 
1 672 464 741 603 32156 0 1 1 blocking 
1 666 456 735 601 32157 0 1 1 blocking 
1 660 448 729 598 32158 0 1 1 blocking 
1 654 440 723 596 32159 0 1 1 blocking 
1 648 432 717 593 32160 0 1 1 blocking 
1 642 424 711 591 32161 0 1 1 blocking 
1 636 416 705 588 32162 0 1 1 blocking 
1 630 408 699 586 32163 0 1 1 blocking 
1 624 400 693 583 32164 0 1 1 blocking 
1 619 392 687 581 32165 0 1 0 blocking 
1 604 390 672 578 32166 0 1 1 blocking 
1 590 388 657 576 32167 0 1 1 blocking 
1 575 387 642 574 32168 0 1 1 blocking 
1 561 385 628 572 32169 0 1 1 blocking 
1 547 383 613 569 32170 0 1 1 blocking 
1 532 382 598 567 32171 0 1 1 blocking 
1 518 380 583 565 32172 0 1 1 blocking 
1 504 379 569 563 32173 0 1 0 blocking 
1 501 378 566 564 32174 0 1 1 blocking 
2 670 422 734 572 32155 0 1 0 blocking 
2 665 416 729 570 32156 0 1 1 blocking 
2 660 410 724 569 32157 0 1 1 blocking 
2 655 405 719 567 32158 0 1 1 blocking 
2 651 399 714 566 32159 0 1 1 blocking 
2 646 394 710 565 32160 0 1 1 blocking 
2 641 388 705 563 32161 0 1 1 blocking 
2 637 382 700 562 32162 0 1 1 blocking 
2 632 377 695 560 32163 0 1 1 blocking 
2 627 371 690 559 32164 0 1 1 blocking 
2 623 366 686 558 32165 0 1 0 blocking 
2 607 365 675 555 32166 0 1 1 blocking 
2 592 365 664 553 32167 0 1 1 blocking 
2 577 364 653 551 32168 0 1 1 blocking 
2 561 364 643 548 32169 0 1 1 blocking 
2 546 364 632 546 32170 0 1 1 blocking 
2 531 363 621 544 32171 0 1 1 blocking 
2 515 363 611 541 32172 0 1 1 blocking 
2 500 362 600 539 32173 0 1 1 blocking 
2 485 362 589 537 32174 0 1 1 blocking 
3 382 450 457 573 32155 0 0 0 blocking 
3 384 450 457 573 32156 0 0 1 spiking 
3 387 450 457 573 32157 0 0 1 spiking 
3 389 451 457 573 32158 0 0 1 spiking 
3 392 451 457 574 32159 0 0 1 spiking 
3 394 451 457 574 32160 0 0 1 spiking 
3 397 452 457 574 32161 0 0 1 spiking 
3 399 452 457 574 32162 0 0 1 spiking 
3 402 453 457 575 32163 0 0 0 spiking 
3 392 452 450 574 32164 0 0 1 spiking 
3 382 452 444 574 32165 0 0 1 spiking 
3 372 451 437 573 32166 0 0 1 spiking 
3 363 451 431 573 32167 0 0 1 spiking 
3 353 450 424 572 32168 0 0 1 spiking 
3 343 450 418 572 32169 0 0 1 spiking 
3 333 449 412 571 32170 0 0 1 spiking 
3 324 449 405 571 32171 0 0 1 spiking 
3 314 448 399 570 32172 0 0 1 spiking 
3 304 448 392 570 32173 0 0 1 spiking 
3 294 447 386 569 32174 0 0 1 spiking 
4 470 425 536 555 32155 0 0 0 spiking 
4 465 426 533 555 32156 0 0 1 moving 
4 461 427 531 555 32157 0 0 1 moving 
4 457 428 529 555 32158 0 0 1 moving 
4 453 429 526 555 32159 0 0 1 moving 
4 449 430 524 556 32160 0 0 1 moving 
4 445 431 522 556 32161 0 0 1 moving 
4 441 432 519 556 32162 0 0 1 moving 
4 437 433 517 556 32163 0 0 1 moving 
4 433 434 515 556 32164 0 0 1 moving 
4 429 436 513 557 32165 0 0 0 moving 
4 415 437 499 558 32166 0 0 1 moving 
4 402 438 486 559 32167 0 0 1 moving 
4 388 440 472 561 32168 0 0 1 moving 
4 375 441 459 562 32169 0 0 1 moving 
4 361 443 445 564 32170 0 0 1 moving 
4 348 444 432 565 32171 0 0 1 moving 
4 334 445 418 566 32172 0 0 1 moving 
4 321 447 405 568 32173 0 0 1 moving 
4 307 448 391 569 32174 0 0 1 moving 
5 471 363 580 505 32155 0 0 0 moving 
5 462 360 568 502 32156 0 0 1 waiting 
5 454 358 557 500 32157 0 0 1 waiting 
5 445 356 545 498 32158 0 0 1 waiting 
5 437 354 534 496 32159 0 0 1 waiting 
5 429 352 522 493 32160 0 0 1 waiting 
5 420 350 511 491 32161 0 0 1 waiting 
5 412 348 499 489 32162 0 0 1 waiting 
5 404 346 488 487 32163 0 0 0 waiting 
5 383 349 469 490 32164 0 0 1 waiting 
5 362 352 451 493 32165 0 0 1 waiting 
5 341 356 432 497 32166 0 0 1 waiting 
5 320 359 414 500 32167 0 0 1 waiting 
5 299 363 395 503 32168 0 0 1 waiting 
5 278 366 377 507 32169 0 0 1 waiting 
5 257 369 359 510 32170 0 0 1 waiting 
5 236 373 340 513 32171 0 0 1 waiting 
5 215 376 322 517 32172 0 0 1 waiting 
5 194 380 303 520 32173 0 0 1 waiting 
5 173 383 285 523 32174 0 0 1 waiting 
6 387 321 477 450 32155 0 0 0 waiting 
6 380 322 469 451 32156 0 0 1 waiting 
6 374 324 462 453 32157 0 0 1 waiting 
6 368 326 455 454 32158 0 0 1 waiting 
6 362 327 448 456 32159 0 0 1 waiting 
6 356 329 441 458 32160 0 0 1 waiting 
6 349 331 433 459 32161 0 0 1 waiting 
6 343 332 426 461 32162 0 0 1 waiting 
6 337 334 419 462 32163 0 0 1 waiting 
6 331 336 412 464 32164 0 0 1 waiting 
6 325 338 405 466 32165 0 0 0 waiting 
6 311 338 393 466 32166 0 0 1 waiting 
6 297 338 381 466 32167 0 0 1 waiting 
6 283 339 369 466 32168 0 0 1 waiting 
6 269 339 357 467 32169 0 0 1 waiting 
6 255 340 345 467 32170 0 0 1 waiting 
6 241 340 333 467 32171 0 0 1 waiting 
6 227 340 321 468 32172 0 0 1 waiting 
6 213 341 309 468 32173 0 0 1 waiting 
6 199 341 297 468 32174 0 0 1 waiting 
7 125 412 185 560 32155 0 0 0 waiting 
7 121 411 182 559 32156 0 0 1 waiting 
7 118 411 180 558 32157 0 0 1 waiting 
7 114 411 177 558 32158 0 0 1 waiting 
7 111 410 175 557 32159 0 0 1 waiting 
7 108 410 172 556 32160 0 0 1 waiting 
7 104 410 170 556 32161 0 0 1 waiting 
7 101 410 167 555 32162 0 0 1 waiting 
7 98 409 165 554 32163 0 0 1 waiting 
7 94 409 162 554 32164 0 0 1 waiting 
7 91 409 160 553 32165 0 0 1 waiting 
7 88 409 158 553 32166 0 0 0 waiting 
7 78 409 145 550 32167 0 0 1 waiting 
7 68 410 133 548 32168 0 0 1 waiting 
7 58 411 121 545 32169 0 0 1 waiting 
7 48 412 108 543 32170 0 0 1 waiting 
7 39 412 96 540 32171 0 0 1 waiting 
7 29 413 84 538 32172 0 0 1 waiting 
7 19 414 71 535 32173 0 0 1 waiting 
7 9 415 59 533 32174 0 0 1 waiting 
8 981 350 1080 484 32155 0 0 0 waiting 
8 977 350 1075 483 32156 0 0 1 waiting 
8 973 351 1071 482 32157 0 0 1 waiting 
8 969 352 1067 481 32158 0 0 1 waiting 
8 965 353 1063 481 32159 0 0 1 waiting 
8 961 354 1059 480 32160 0 0 1 waiting 
8 957 354 1055 479 32161 0 0 1 waiting 
8 953 355 1051 479 32162 0 0 1 waiting 
8 949 356 1047 478 32163 0 0 1 waiting 
8 945 357 1043 477 32164 0 0 1 waiting 
8 941 358 1039 477 32165 0 0 0 waiting 
8 933 358 1029 477 32166 0 0 1 waiting 
8 925 358 1020 477 32167 0 0 1 waiting 
8 917 359 1011 477 32168 0 0 0 waiting 
8 902 359 995 477 32169 0 0 1 waiting 
8 888 359 980 477 32170 0 0 1 waiting 
8 874 360 965 477 32171 0 0 1 waiting 
8 860 360 949 477 32172 0 0 1 waiting 
8 846 361 934 477 32173 0 0 1 waiting 
8 832 361 919 477 32174 0 0 1 waiting 
9 773 363 835 492 32155 0 0 0 waiting 
9 773 365 836 494 32156 0 0 1 moving 
9 773 367 838 496 32157 0 0 1 moving 
9 773 370 840 499 32158 0 0 1 moving 
9 773 372 842 501 32159 0 0 1 moving 
9 773 375 844 503 32160 0 0 1 moving 
9 773 377 846 506 32161 0 0 1 moving 
9 773 380 848 508 32162 0 0 1 moving 
9 773 382 850 511 32163 0 0 1 moving 
9 773 385 852 513 32164 0 0 1 moving 
9 773 387 854 515 32165 0 0 1 moving 
9 773 390 856 518 32166 0 0 1 moving 
9 773 392 858 520 32167 0 0 1 moving 
9 774 395 860 523 32168 0 0 0 moving 
9 760 397 846 523 32169 0 0 1 moving 
9 746 399 832 523 32170 0 0 1 moving 
9 732 402 818 523 32171 0 0 1 moving 
9 718 404 804 523 32172 0 0 1 moving 
9 704 407 790 523 32173 0 0 1 moving 
9 690 409 776 523 32174 0 0 1 moving 
10 1189 479 1268 625 32155 0 0 0 moving 
10 1185 480 1264 624 32156 0 0 1 waiting 
10 1181 481 1260 624 32157 0 0 1 waiting 
10 1177 482 1256 624 32158 0 0 1 waiting 
10 1174 483 1252 624 32159 0 0 1 waiting 
10 1170 484 1249 624 32160 0 0 1 waiting 
10 1166 485 1245 623 32161 0 0 1 waiting 
10 1163 486 1241 623 32162 0 0 1 waiting 
10 1159 487 1237 623 32163 0 0 1 waiting 
10 1155 488 1233 623 32164 0 0 1 waiting 
10 1152 490 1230 623 32165 0 0 0 waiting 
10 1141 488 1218 621 32166 0 0 1 waiting 
10 1131 486 1206 619 32167 0 0 1 waiting 
10 1121 485 1194 618 32168 0 0 0 waiting 
10 1105 484 1176 617 32169 0 0 1 waiting 
10 1089 484 1158 617 32170 0 0 1 waiting 
10 1073 484 1140 617 32171 0 0 1 waiting 
10 1057 484 1122 616 32172 0 0 1 waiting 
10 1041 484 1104 616 32173 0 0 1 waiting 
10 1025 484 1086 616 32174 0 0 1 waiting 
11 1195 348 1269 467 32155 1 0 1 waiting 
11 1193 348 1268 467 32156 1 0 1 waiting 
11 1191 349 1268 468 32157 1 0 1 waiting 
11 1189 349 1267 468 32158 1 0 1 waiting 
11 1186 349 1266 468 32159 1 0 1 waiting 
11 1184 349 1265 468 32160 1 0 1 waiting 
11 1182 350 1265 469 32161 1 0 1 waiting 
11 1179 350 1264 469 32162 1 0 1 waiting 
11 1177 350 1263 469 32163 1 0 1 waiting 
11 1175 350 1262 469 32164 1 0 1 waiting 
11 1172 351 1262 470 32165 1 0 1 waiting 
11 1170 351 1261 470 32166 1 0 1 waiting 
11 1168 351 1260 470 32167 1 0 1 waiting 
11 1166 352 1260 471 32168 0 0 0 waiting 
11 1148 353 1241 470 32169 0 0 1 waiting 
11 1130 354 1222 470 32170 0 0 1 waiting 
11 1112 355 1203 470 32171 0 0 1 waiting 
11 1094 356 1184 469 32172 0 0 1 waiting 
11 1076 357 1165 469 32173 0 0 1 waiting 
11 1058 358 1146 469 32174 0 0 1 waiting 
