0 1043 462 1111 591 68150 0 0 0 standing 
0 1030 461 1096 593 68151 0 0 1 standing 
0 1017 460 1082 595 68152 0 0 1 standing 
0 1004 459 1067 597 68153 0 0 1 standing 
0 991 458 1053 599 68154 0 0 1 standing 
0 978 457 1039 602 68155 0 0 0 standing 
0 978 455 1040 603 68156 0 0 1 standing 
0 979 454 1042 604 68157 0 0 1 standing 
0 979 453 1044 605 68158 0 0 1 standing 
0 980 451 1046 606 68159 0 0 1 standing 
0 980 450 1048 607 68160 0 0 1 standing 
0 981 449 1050 608 68161 0 0 0 standing 
0 998 447 1065 607 68162 0 0 1 standing 
0 1015 446 1081 607 68163 0 0 1 standing 
0 1032 444 1096 607 68164 0 0 1 standing 
0 1049 443 1112 607 68165 0 0 1 standing 
0 1066 441 1127 607 68166 0 0 1 standing 
0 1084 440 1143 607 68167 0 0 0 standing 
0 1096 438 1155 607 68168 0 0 1 standing 
0 1109 437 1168 608 68169 0 0 1 standing 
1 935 351 1014 477 68150 0 0 0 standing 
1 916 349 995 477 68151 0 0 1 standing 
1 898 348 977 478 68152 0 0 1 standing 
1 880 347 959 479 68153 0 0 0 standing 
1 870 343 950 477 68154 0 0 1 standing 
1 861 339 942 475 68155 0 0 1 standing 
1 852 335 934 474 68156 0 0 0 standing 
1 854 330 933 473 68157 0 0 1 standing 
1 856 326 932 472 68158 0 0 1 standing 
1 858 322 931 471 68159 0 0 0 standing 
1 864 321 936 471 68160 0 0 1 standing 
1 871 321 942 471 68161 0 0 1 standing 
1 878 321 948 472 68162 0 0 0 standing 
1 889 321 958 473 68163 0 0 1 standing 
1 900 322 968 474 68164 0 0 1 standing 
1 911 323 978 476 68165 0 0 1 standing 
1 922 323 988 477 68166 0 0 1 standing 
1 933 324 998 479 68167 0 0 1 standing 
1 944 325 1009 480 68168 0 0 1 standing 
1 955 326 1019 482 68169 0 0 1 standing 
2 1003 378 1086 485 68150 0 0 0 standing 
2 987 379 1070 487 68151 0 0 1 standing 
2 972 381 1054 489 68152 0 0 1 standing 
2 956 383 1038 491 68153 0 0 1 standing 
2 941 385 1022 493 68154 0 0 1 standing 
2 926 387 1007 495 68155 0 0 0 standing 
2 924 385 1007 496 68156 0 0 1 standing 
2 923 384 1008 497 68157 0 0 1 standing 
2 921 382 1008 498 68158 0 0 1 standing 
2 920 381 1009 500 68159 0 0 0 standing 
2 930 378 1020 499 68160 0 0 1 standing 
2 940 376 1032 498 68161 0 0 1 standing 
2 951 374 1044 497 68162 0 0 1 standing 
2 961 371 1055 496 68163 0 0 1 standing 
2 972 369 1067 495 68164 0 0 1 standing 
2 982 367 1079 494 68165 0 0 1 standing 
2 993 365 1091 494 68166 0 0 0 standing 
2 1007 364 1098 497 68167 0 0 1 standing 
2 1021 363 1106 500 68168 0 0 1 standing 
2 1035 362 1114 503 68169 0 0 0 standing 
3 671 357 805 542 68150 0 0 0 standing 
3 663 359 794 551 68151 0 0 1 blocking 
3 655 362 783 561 68152 0 0 1 blocking 
3 647 365 773 571 68153 0 0 1 blocking 
3 639 368 762 581 68154 0 0 1 blocking 
3 632 371 752 591 68155 0 0 0 blocking 
3 631 375 749 593 68156 0 0 1 blocking 
3 630 379 747 595 68157 0 0 1 blocking 
3 630 383 745 597 68158 0 0 1 blocking 
3 629 387 742 599 68159 0 0 1 blocking 
3 628 391 740 601 68160 0 0 1 blocking 
3 628 396 738 604 68161 0 0 0 blocking 
3 641 398 743 603 68162 0 0 1 blocking 
3 654 400 749 602 68163 0 0 1 blocking 
3 668 403 755 602 68164 0 0 0 blocking 
3 681 405 766 601 68165 0 0 1 blocking 
3 695 408 777 601 68166 0 0 1 blocking 
3 709 411 789 601 68167 0 0 1 blocking 
3 723 414 800 601 68168 0 0 1 blocking 
3 736 416 812 600 68169 0 0 1 blocking 
4 665 375 753 567 68150 0 0 0 blocking 
4 656 374 740 571 68151 0 0 1 standing 
4 647 373 727 576 68152 0 0 1 standing 
4 638 373 714 581 68153 0 0 1 standing 
4 629 372 701 586 68154 0 0 1 standing 
4 621 372 688 591 68155 0 0 0 standing 
4 620 386 688 596 68156 0 0 1 standing 
4 619 400 688 601 68157 0 0 1 standing 
4 619 414 688 607 68158 0 0 1 standing 
4 618 428 688 612 68159 0 0 1 standing 
4 618 442 688 618 68160 0 0 0 standing 
4 633 443 705 617 68161 0 0 1 standing 
4 648 445 723 616 68162 0 0 1 standing 
4 664 446 740 615 68163 0 0 1 standing 
4 679 448 758 614 68164 0 0 1 standing 
4 694 449 775 613 68165 0 0 1 standing 
4 710 451 793 612 68166 0 0 1 standing 
4 725 453 810 611 68167 0 0 1 standing 
4 740 454 828 610 68168 0 0 1 standing 
4 756 456 845 609 68169 0 0 1 standing 
5 299 417 380 576 68150 0 0 0 standing 
5 284 420 365 575 68151 0 0 1 standing 
5 270 423 350 575 68152 0 0 1 standing 
5 255 426 335 574 68153 0 0 1 standing 
5 241 429 320 574 68154 0 0 1 standing 
5 227 433 306 574 68155 0 0 0 standing 
5 230 432 312 573 68156 0 0 1 standing 
5 234 432 318 572 68157 0 0 1 standing 
5 238 432 324 572 68158 0 0 1 standing 
5 242 432 330 571 68159 0 0 1 standing 
5 246 432 336 571 68160 0 0 0 standing 
5 257 429 346 571 68161 0 0 1 standing 
5 268 427 357 571 68162 0 0 1 standing 
5 279 425 368 572 68163 0 0 1 standing 
5 290 422 379 572 68164 0 0 1 standing 
5 301 420 390 573 68165 0 0 1 standing 
5 312 418 401 573 68166 0 0 1 standing 
5 323 416 412 574 68167 0 0 0 standing 
5 323 416 412 574 68168 0 0 1 standing 
5 323 416 412 574 68169 0 0 1 standing 
6 527 327 604 482 68150 0 1 0 standing 
6 513 330 590 485 68151 0 1 1 standing 
6 499 333 577 488 68152 0 1 1 standing 
6 486 336 563 492 68153 0 1 1 standing 
6 472 339 550 495 68154 0 1 1 standing 
6 458 342 536 498 68155 0 1 1 standing 
6 445 345 523 502 68156 0 1 0 standing 
6 440 343 531 500 68157 0 1 1 standing 
6 436 341 539 499 68158 0 1 1 standing 
6 432 340 547 498 68159 0 1 0 standing 
6 444 338 555 497 68160 0 1 1 standing 
6 457 337 564 497 68161 0 1 1 standing 
6 470 335 572 496 68162 0 1 1 standing 
6 483 334 581 496 68163 0 1 1 standing 
6 496 332 589 495 68164 0 1 1 standing 
6 509 331 598 495 68165 0 1 1 standing 
6 522 329 606 494 68166 0 1 1 standing 
6 535 328 615 494 68167 0 1 1 standing 
6 548 326 623 493 68168 0 1 1 standing 
6 561 325 632 493 68169 0 0 0 standing 
7 558 425 645 562 68150 0 0 0 standing 
7 544 423 630 560 68151 0 0 1 standing 
7 531 421 616 559 68152 0 0 1 standing 
7 518 419 601 557 68153 0 0 1 standing 
7 505 417 587 556 68154 0 0 1 standing 
7 492 415 572 554 68155 0 0 1 standing 
7 479 413 558 553 68156 0 0 0 standing 
7 480 410 559 551 68157 0 0 1 standing 
7 481 408 560 550 68158 0 0 1 standing 
7 482 406 561 548 68159 0 0 1 standing 
7 483 404 562 547 68160 0 0 0 standing 
7 494 403 573 547 68161 0 0 1 standing 
7 506 403 585 547 68162 0 0 1 standing 
7 517 402 596 547 68163 0 0 1 standing 
7 529 402 608 548 68164 0 0 1 standing 
7 541 402 620 548 68165 0 0 1 standing 
7 552 401 631 548 68166 0 0 1 standing 
7 564 401 643 548 68167 0 0 1 standing 
7 576 401 655 549 68168 0 0 0 standing 
7 576 401 655 549 68169 0 0 1 standing 
8 588 387 650 582 68150 0 0 0 standing 
8 578 395 643 587 68151 0 0 1 standing 
8 568 404 637 593 68152 0 0 1 standing 
8 558 413 630 599 68153 0 0 1 standing 
8 548 422 624 605 68154 0 0 1 standing 
8 539 431 618 611 68155 0 0 0 standing 
8 544 430 623 610 68156 0 0 1 standing 
8 550 429 628 609 68157 0 0 1 standing 
8 555 429 633 608 68158 0 0 1 standing 
8 561 428 638 607 68159 0 0 1 standing 
8 567 428 644 607 68160 0 0 0 standing 
8 579 426 655 605 68161 0 0 1 standing 
8 591 425 666 604 68162 0 0 1 standing 
8 603 424 677 603 68163 0 0 1 standing 
8 615 422 688 601 68164 0 0 1 standing 
8 628 421 700 600 68165 0 0 1 standing 
8 640 420 711 599 68166 0 0 1 standing 
8 652 418 722 597 68167 0 0 1 standing 
8 664 417 733 596 68168 0 0 1 standing 
8 676 416 744 595 68169 0 0 1 standing 
9 484 433 554 587 68150 0 0 0 standing 
9 474 434 544 589 68151 0 0 1 standing 
9 465 435 534 591 68152 0 0 1 standing 
9 455 437 525 593 68153 0 0 1 standing 
9 446 438 515 595 68154 0 0 1 standing 
9 436 440 506 597 68155 0 0 1 standing 
9 427 441 496 599 68156 0 0 1 standing 
9 418 443 487 601 68157 0 0 0 standing 
9 426 440 495 598 68158 0 0 1 standing 
9 434 438 503 596 68159 0 0 1 standing 
9 442 436 511 594 68160 0 0 1 standing 
9 450 434 519 592 68161 0 0 0 standing 
9 458 434 529 592 68162 0 0 1 standing 
9 467 435 540 593 68163 0 0 1 standing 
9 475 436 551 593 68164 0 0 1 standing 
9 484 437 562 594 68165 0 0 1 standing 
9 493 437 572 595 68166 0 0 1 standing 
9 501 438 583 595 68167 0 0 1 standing 
9 510 439 594 596 68168 0 0 1 standing 
9 519 440 605 597 68169 0 0 0 standing 
