0 678 347 739 490 20450 1 0 1 setting 
0 678 347 739 490 20451 1 0 1 setting 
0 678 347 739 491 20452 0 1 0 setting 
0 679 343 740 491 20453 0 1 1 setting 
0 680 339 741 491 20454 0 1 1 setting 
0 681 335 742 491 20455 0 1 0 setting 
0 684 330 745 490 20456 0 1 1 setting 
0 688 325 749 490 20457 0 1 1 setting 
0 692 320 753 490 20458 0 1 1 setting 
0 695 315 756 490 20459 0 1 1 setting 
0 699 310 760 490 20460 0 1 1 setting 
0 703 306 764 490 20461 0 1 0 setting 
0 707 306 768 489 20462 0 1 1 setting 
0 711 306 773 489 20463 0 1 1 setting 
0 715 307 778 489 20464 0 1 0 setting 
0 719 312 783 489 20465 0 1 1 setting 
0 724 317 788 489 20466 0 1 1 setting 
0 729 323 793 490 20467 0 1 0 setting 
0 732 328 797 490 20468 0 1 1 setting 
0 736 333 801 491 20469 0 1 1 setting 
1 721 293 812 401 20450 1 0 1 setting 
1 721 293 812 401 20451 1 0 1 standing 
1 721 293 812 401 20452 0 1 0 standing 
1 725 292 815 400 20453 0 1 1 standing 
1 729 291 819 400 20454 0 1 1 standing 
1 733 290 822 400 20455 0 1 1 standing 
1 737 289 826 400 20456 0 1 1 standing 
1 741 288 829 400 20457 0 1 1 standing 
1 746 287 833 400 20458 0 1 0 standing 
1 748 285 834 399 20459 0 1 1 standing 
1 751 284 836 399 20460 0 1 1 standing 
1 754 283 838 398 20461 0 1 1 standing 
1 757 282 840 398 20462 0 1 0 standing 
1 757 281 843 396 20463 0 1 1 standing 
1 758 280 846 395 20464 0 1 1 standing 
1 759 279 849 393 20465 0 1 1 standing 
1 760 278 852 392 20466 0 1 1 standing 
1 761 277 855 391 20467 0 1 0 standing 
1 761 278 853 392 20468 0 1 1 standing 
1 762 279 852 393 20469 0 1 1 standing 
2 719 460 832 621 20450 1 0 1 standing 
2 719 460 832 621 20451 1 0 1 moving 
2 719 460 832 621 20452 0 1 0 moving 
2 727 463 840 624 20453 0 1 1 moving 
2 735 466 849 627 20454 0 1 1 moving 
2 744 470 858 631 20455 0 1 0 moving 
2 751 472 865 633 20456 0 1 1 moving 
2 758 474 872 636 20457 0 1 1 moving 
2 765 477 879 639 20458 0 1 0 moving 
2 767 475 881 637 20459 0 1 1 moving 
2 769 473 883 636 20460 0 1 1 moving 
2 772 471 886 634 20461 0 1 1 moving 
2 774 469 888 633 20462 0 1 1 moving 
2 776 467 890 631 20463 0 1 1 moving 
2 779 466 893 630 20464 0 1 0 moving 
2 780 466 891 630 20465 0 1 1 moving 
2 782 467 890 630 20466 0 1 1 moving 
2 783 467 889 631 20467 0 1 1 moving 
2 785 468 888 631 20468 0 1 1 moving 
2 787 469 886 631 20469 0 1 1 moving 
3 561 365 626 536 20450 1 0 1 moving 
3 561 365 626 536 20451 1 0 1 standing 
3 561 365 626 536 20452 0 0 0 standing 
3 564 365 628 535 20453 0 0 1 standing 
3 568 365 631 534 20454 0 0 1 standing 
3 572 365 634 533 20455 0 0 1 standing 
3 576 365 636 533 20456 0 0 1 standing 
3 580 365 639 532 20457 0 0 1 standing 
3 584 365 642 531 20458 0 0 1 standing 
3 588 365 645 531 20459 0 0 0 standing 
3 592 361 648 526 20460 0 0 1 standing 
3 596 357 651 521 20461 0 0 1 standing 
3 600 353 654 517 20462 0 0 0 standing 
3 605 352 659 516 20463 0 0 1 standing 
3 611 351 665 515 20464 0 0 1 standing 
3 617 350 671 514 20465 0 0 1 standing 
3 623 350 677 514 20466 0 0 1 standing 
3 629 349 683 513 20467 0 0 1 standing 
3 634 348 688 512 20468 0 0 1 standing 
3 640 348 694 512 20469 0 0 1 standing 
4 780 313 832 463 20450 1 0 1 standing 
4 780 313 832 463 20451 1 0 1 standing 
4 780 313 832 463 20452 0 0 0 standing 
4 784 313 836 463 20453 0 0 1 standing 
4 788 313 840 463 20454 0 0 1 standing 
4 792 313 844 463 20455 0 0 1 standing 
4 796 314 848 464 20456 0 0 1 standing 
4 800 314 852 464 20457 0 0 1 standing 
4 804 314 856 464 20458 0 0 1 standing 
4 808 315 860 465 20459 0 0 1 standing 
4 812 315 864 465 20460 0 0 1 standing 
4 816 315 868 465 20461 0 0 1 standing 
4 820 316 872 466 20462 0 0 0 standing 
4 823 316 876 466 20463 0 0 1 standing 
4 826 316 881 466 20464 0 0 1 standing 
4 829 316 886 466 20465 0 0 1 standing 
4 832 316 891 466 20466 0 0 1 standing 
4 835 316 896 466 20467 0 0 1 standing 
4 838 316 901 466 20468 0 0 1 standing 
4 841 316 906 466 20469 0 0 1 standing 
5 972 335 1083 493 20450 1 0 1 standing 
5 972 335 1083 493 20451 1 0 1 standing 
5 972 335 1083 493 20452 0 0 0 standing 
5 975 334 1082 493 20453 0 0 1 standing 
5 978 334 1082 494 20454 0 0 1 standing 
5 981 334 1081 495 20455 0 0 1 standing 
5 984 334 1081 496 20456 0 0 1 standing 
5 987 334 1080 497 20457 0 0 1 standing 
5 990 334 1080 497 20458 0 0 1 standing 
5 993 334 1079 498 20459 0 0 1 standing 
5 996 334 1079 499 20460 0 0 1 standing 
5 999 334 1078 500 20461 0 0 1 standing 
5 1003 334 1078 501 20462 0 0 0 standing 
5 1007 335 1082 502 20463 0 0 1 standing 
5 1011 336 1086 503 20464 0 0 1 standing 
5 1016 337 1090 504 20465 0 0 1 standing 
5 1020 339 1095 506 20466 0 0 1 standing 
5 1025 340 1099 507 20467 0 0 1 standing 
5 1029 341 1103 508 20468 0 0 1 standing 
5 1033 343 1108 510 20469 0 0 1 standing 
6 168 336 214 480 20450 1 0 1 standing 
6 168 336 214 480 20451 1 0 1 standing 
6 168 336 214 480 20452 0 0 0 standing 
6 167 334 215 477 20453 0 0 1 standing 
6 167 333 217 475 20454 0 0 1 standing 
6 167 332 218 473 20455 0 0 1 standing 
6 167 330 220 470 20456 0 0 1 standing 
6 167 329 222 468 20457 0 0 1 standing 
6 166 328 223 466 20458 0 0 1 standing 
6 166 326 225 463 20459 0 0 1 standing 
6 166 325 226 461 20460 0 0 1 standing 
6 166 324 228 459 20461 0 0 1 standing 
6 166 323 230 457 20462 0 0 0 standing 
6 167 321 232 455 20463 0 0 1 standing 
6 168 320 235 454 20464 0 0 1 standing 
6 169 319 238 453 20465 0 0 1 standing 
6 170 318 241 451 20466 0 0 1 standing 
6 171 317 244 450 20467 0 0 1 standing 
6 172 315 246 449 20468 0 0 1 standing 
6 173 314 249 447 20469 0 0 1 standing 
7 105 429 169 588 20450 1 0 1 standing 
7 105 429 169 588 20451 1 0 1 standing 
7 105 429 169 588 20452 0 0 0 standing 
7 107 429 172 587 20453 0 0 1 standing 
7 109 429 175 587 20454 0 0 1 standing 
7 111 429 178 587 20455 0 0 1 standing 
7 113 429 181 586 20456 0 0 1 standing 
7 115 430 184 586 20457 0 0 1 standing 
7 117 430 187 586 20458 0 0 1 standing 
7 119 430 190 585 20459 0 0 1 standing 
7 121 430 193 585 20460 0 0 1 standing 
7 123 430 196 585 20461 0 0 1 standing 
7 126 431 200 585 20462 0 0 0 standing 
7 131 430 205 584 20463 0 0 1 standing 
7 136 430 210 584 20464 0 0 1 standing 
7 141 430 215 584 20465 0 0 1 standing 
7 146 430 220 584 20466 0 0 1 standing 
7 152 430 226 584 20467 0 0 1 standing 
7 157 430 231 584 20468 0 0 1 standing 
7 162 430 236 584 20469 0 0 1 standing 
8 403 385 449 543 20450 1 0 1 standing 
8 403 385 449 543 20451 1 0 1 standing 
8 403 385 449 543 20452 0 0 0 standing 
8 407 384 453 542 20453 0 0 1 standing 
8 411 384 457 542 20454 0 0 1 standing 
8 416 384 462 542 20455 0 0 1 standing 
8 420 384 466 542 20456 0 0 1 standing 
8 424 383 470 541 20457 0 0 1 standing 
8 429 383 475 541 20458 0 0 1 standing 
8 433 383 479 541 20459 0 0 1 standing 
8 437 383 483 541 20460 0 0 1 standing 
8 442 383 488 541 20461 0 0 0 standing 
8 444 385 496 540 20462 0 0 1 standing 
8 446 387 504 540 20463 0 0 1 standing 
8 449 389 513 540 20464 0 0 0 standing 
8 447 391 516 539 20465 0 0 1 standing 
8 446 393 520 539 20466 0 0 1 standing 
8 445 395 524 539 20467 0 0 1 standing 
8 443 398 528 539 20468 0 0 1 standing 
8 442 400 532 539 20469 0 0 1 standing 
9 391 353 444 519 20450 1 0 1 standing 
9 391 353 444 519 20451 1 0 1 standing 
9 391 353 444 519 20452 0 0 0 standing 
9 395 352 448 518 20453 0 0 1 standing 
9 400 352 453 518 20454 0 0 1 standing 
9 405 352 458 518 20455 0 0 1 standing 
9 409 352 463 518 20456 0 0 1 standing 
9 414 352 467 518 20457 0 0 1 standing 
9 419 352 472 518 20458 0 0 1 standing 
9 423 352 477 518 20459 0 0 1 standing 
9 428 352 482 518 20460 0 0 1 standing 
9 433 352 487 518 20461 0 0 0 standing 
9 436 354 491 516 20462 0 0 1 standing 
9 439 357 496 515 20463 0 0 1 standing 
9 443 360 501 514 20464 0 0 0 standing 
9 448 358 506 514 20465 0 0 1 standing 
9 454 357 511 515 20466 0 0 1 standing 
9 460 356 516 515 20467 0 0 1 standing 
9 466 355 522 516 20468 0 0 1 standing 
9 472 354 527 516 20469 0 0 1 standing 
10 393 331 447 473 20450 1 0 1 standing 
10 393 331 447 473 20451 1 0 1 standing 
10 393 331 447 473 20452 0 0 0 standing 
10 397 331 451 473 20453 0 0 1 standing 
10 402 331 456 473 20454 0 0 1 standing 
10 407 331 461 473 20455 0 0 1 standing 
10 411 331 465 473 20456 0 0 1 standing 
10 416 331 470 473 20457 0 0 1 standing 
10 421 331 475 473 20458 0 0 1 standing 
10 425 331 479 473 20459 0 0 1 standing 
10 430 331 484 473 20460 0 0 1 standing 
10 435 332 489 474 20461 0 0 0 standing 
10 440 330 494 472 20462 0 0 1 standing 
10 446 328 500 470 20463 0 0 1 standing 
10 452 326 506 468 20464 0 0 1 standing 
10 458 324 512 466 20465 0 0 1 standing 
10 464 322 518 464 20466 0 0 1 standing 
10 469 320 523 462 20467 0 0 1 standing 
10 475 318 529 460 20468 0 0 1 standing 
10 481 316 535 458 20469 0 0 1 standing 
