0 1046 372 1089 515 38015 0 1 0 standing 
0 1046 373 1089 516 38016 0 1 1 standing 
0 1047 374 1090 518 38017 0 1 1 standing 
0 1048 375 1090 519 38018 0 1 1 standing 
0 1049 376 1091 521 38019 0 1 1 standing 
0 1050 377 1092 523 38020 0 1 1 standing 
0 1050 378 1092 524 38021 0 1 1 standing 
0 1051 379 1093 526 38022 0 1 1 standing 
0 1052 380 1093 527 38023 0 1 1 standing 
0 1053 381 1094 529 38024 0 1 1 standing 
0 1054 382 1095 531 38025 0 1 0 standing 
0 1054 383 1095 532 38026 0 1 1 standing 
0 1054 384 1095 533 38027 0 1 1 standing 
0 1055 385 1096 534 38028 0 1 1 standing 
0 1055 386 1096 535 38029 0 1 1 standing 
0 1055 387 1096 536 38030 0 1 1 standing 
0 1056 388 1097 537 38031 0 1 1 standing 
0 1056 389 1097 538 38032 0 1 1 standing 
0 1056 390 1097 539 38033 0 1 1 standing 
0 1057 392 1098 541 38034 1 1 0 standing 
1 1185 373 1222 510 38015 0 1 0 standing 
1 1183 373 1221 511 38016 0 1 1 standing 
1 1182 374 1221 512 38017 0 1 1 standing 
1 1180 375 1221 513 38018 0 1 1 standing 
1 1179 376 1221 514 38019 0 1 1 standing 
1 1178 377 1221 515 38020 0 1 1 standing 
1 1176 377 1220 516 38021 0 1 1 standing 
1 1175 378 1220 517 38022 0 1 1 standing 
1 1173 379 1220 518 38023 0 1 1 standing 
1 1172 380 1220 519 38024 0 1 1 standing 
1 1171 381 1220 521 38025 0 1 0 standing 
1 1169 382 1218 522 38026 0 1 1 standing 
1 1168 383 1217 524 38027 0 1 1 standing 
1 1167 385 1216 525 38028 0 1 1 standing 
1 1166 386 1215 527 38029 0 1 1 standing 
1 1165 388 1214 528 38030 0 1 1 standing 
1 1164 389 1213 530 38031 0 1 1 standing 
1 1163 391 1212 531 38032 0 1 1 standing 
1 1162 392 1211 533 38033 0 1 1 standing 
1 1161 394 1210 535 38034 1 1 0 standing 
2 1014 553 1066 701 38015 0 1 0 standing 
2 1019 553 1068 705 38016 0 1 1 standing 
2 1024 553 1071 709 38017 0 1 1 standing 
2 1029 553 1074 713 38018 0 1 0 standing 
2 1029 554 1077 713 38019 0 1 1 standing 
2 1030 556 1080 713 38020 0 1 1 standing 
2 1031 558 1084 713 38021 0 1 1 standing 
2 1032 560 1087 714 38022 0 1 1 standing 
2 1033 562 1091 714 38023 0 1 1 standing 
2 1034 564 1094 714 38024 0 1 1 standing 
2 1035 566 1098 715 38025 0 1 0 standing 
2 1040 566 1101 714 38026 0 1 1 standing 
2 1045 566 1104 714 38027 0 1 1 standing 
2 1050 567 1108 713 38028 0 1 1 standing 
2 1055 567 1111 713 38029 0 1 1 standing 
2 1061 568 1115 713 38030 0 1 0 standing 
2 1061 568 1121 713 38031 0 1 1 standing 
2 1062 569 1128 714 38032 0 1 1 standing 
2 1062 570 1134 715 38033 0 1 1 standing 
2 1063 571 1141 716 38034 1 1 0 standing 
3 1047 527 1112 689 38015 0 1 0 standing 
3 1047 527 1120 688 38016 0 1 1 standing 
3 1048 528 1129 687 38017 0 1 1 standing 
3 1048 528 1137 686 38018 0 1 1 standing 
3 1049 529 1146 686 38019 0 1 0 standing 
3 1057 527 1147 685 38020 0 1 1 standing 
3 1066 526 1148 685 38021 0 1 1 standing 
3 1074 524 1149 685 38022 0 1 1 standing 
3 1083 523 1150 685 38023 0 1 1 standing 
3 1091 521 1151 685 38024 0 1 1 standing 
3 1100 520 1153 685 38025 0 1 0 standing 
3 1106 519 1160 686 38026 0 1 1 standing 
3 1112 519 1167 687 38027 0 1 1 standing 
3 1119 519 1175 688 38028 0 1 1 standing 
3 1125 519 1182 689 38029 0 1 1 standing 
3 1132 519 1190 690 38030 0 1 0 standing 
3 1134 519 1193 690 38031 0 1 1 standing 
3 1136 520 1197 690 38032 0 1 1 standing 
3 1138 521 1200 690 38033 0 1 1 standing 
3 1140 522 1204 691 38034 1 1 0 standing 
4 1168 463 1245 600 38015 0 1 0 standing 
4 1166 463 1244 600 38016 0 1 1 standing 
4 1165 464 1244 600 38017 0 1 1 standing 
4 1163 464 1243 600 38018 0 1 1 standing 
4 1162 465 1243 601 38019 0 1 0 standing 
4 1162 464 1241 601 38020 0 1 1 standing 
4 1163 464 1240 601 38021 0 1 1 standing 
4 1164 464 1238 602 38022 0 1 1 standing 
4 1164 463 1237 602 38023 0 1 1 standing 
4 1165 463 1235 602 38024 0 1 1 standing 
4 1166 463 1234 603 38025 0 1 0 standing 
4 1166 463 1233 606 38026 0 1 1 standing 
4 1166 463 1232 609 38027 0 1 1 standing 
4 1167 463 1232 612 38028 0 1 0 standing 
4 1167 462 1230 613 38029 0 1 1 standing 
4 1167 461 1229 614 38030 0 1 1 standing 
4 1167 460 1228 615 38031 0 1 1 standing 
4 1167 459 1226 616 38032 0 1 1 standing 
4 1167 458 1225 617 38033 0 1 1 standing 
4 1168 458 1224 619 38034 1 1 0 standing 
5 1259 414 1276 559 38015 1 0 1 standing 
5 1262 414 1277 559 38016 1 0 1 standing 
5 1265 414 1277 559 38017 1 0 1 standing 
5 1269 414 1278 559 38018 0 1 0 standing 
5 1266 414 1278 558 38019 0 1 1 standing 
5 1263 414 1278 557 38020 0 1 1 standing 
5 1261 414 1278 557 38021 0 1 1 standing 
5 1258 414 1278 556 38022 0 1 1 standing 
5 1256 414 1278 556 38023 0 1 1 standing 
5 1253 414 1278 555 38024 0 1 1 standing 
5 1251 414 1278 555 38025 0 1 0 standing 
5 1248 413 1277 555 38026 0 1 1 standing 
5 1246 413 1277 556 38027 0 1 1 standing 
5 1243 413 1277 557 38028 0 1 1 standing 
5 1241 412 1276 557 38029 0 1 1 standing 
5 1238 412 1276 558 38030 0 1 1 standing 
5 1236 412 1276 559 38031 0 1 0 standing 
5 1232 412 1276 559 38032 0 1 1 standing 
5 1229 413 1277 559 38033 0 1 1 standing 
5 1226 414 1278 559 38034 1 1 0 standing 
6 636 411 686 543 38015 0 0 0 standing 
6 636 411 686 544 38016 0 0 1 standing 
6 636 412 687 545 38017 0 0 1 standing 
6 636 412 688 546 38018 0 0 1 standing 
6 636 413 688 547 38019 0 0 1 standing 
6 637 413 689 548 38020 0 0 1 standing 
6 637 414 690 549 38021 0 0 1 standing 
6 637 414 690 550 38022 0 0 1 standing 
6 637 415 691 551 38023 0 0 1 standing 
6 637 415 692 552 38024 0 0 1 standing 
6 638 416 693 553 38025 0 0 0 standing 
6 634 416 694 553 38026 0 0 1 standing 
6 630 416 695 553 38027 0 0 1 standing 
6 626 416 696 553 38028 0 0 1 standing 
6 623 417 697 554 38029 0 0 0 standing 
6 619 417 691 553 38030 0 0 1 standing 
6 616 417 685 552 38031 0 0 1 standing 
6 612 418 679 552 38032 0 0 1 standing 
6 609 418 673 551 38033 0 0 1 standing 
6 606 419 667 551 38034 1 0 0 standing 
7 738 406 798 541 38015 0 0 0 standing 
7 732 406 791 543 38016 0 0 1 standing 
7 727 407 784 546 38017 0 0 1 standing 
7 722 408 778 549 38018 0 0 0 standing 
7 716 408 777 549 38019 0 0 1 standing 
7 711 409 776 550 38020 0 0 1 standing 
7 706 409 775 550 38021 0 0 1 standing 
7 701 410 775 551 38022 0 0 0 standing 
7 696 411 771 551 38023 0 0 1 standing 
7 691 412 767 552 38024 0 0 1 standing 
7 686 413 763 553 38025 0 0 0 standing 
7 684 413 757 553 38026 0 0 1 standing 
7 683 413 751 553 38027 0 0 1 standing 
7 681 414 745 553 38028 0 0 1 standing 
7 680 414 739 553 38029 0 0 1 standing 
7 678 414 733 553 38030 0 0 1 standing 
7 677 415 728 554 38031 0 0 0 standing 
7 665 415 725 555 38032 0 0 1 standing 
7 653 416 722 556 38033 0 0 1 standing 
7 642 417 719 557 38034 1 0 0 standing 
8 540 438 586 570 38015 0 0 0 standing 
8 534 437 583 569 38016 0 0 1 standing 
8 528 437 580 569 38017 0 0 1 standing 
8 522 437 577 568 38018 0 0 1 standing 
8 516 437 575 568 38019 0 0 1 standing 
8 510 437 572 567 38020 0 0 1 standing 
8 504 437 569 567 38021 0 0 1 standing 
8 498 437 567 567 38022 0 0 0 standing 
8 496 436 565 567 38023 0 0 1 standing 
8 494 436 563 567 38024 0 0 1 standing 
8 493 436 562 567 38025 0 0 0 standing 
8 492 436 557 566 38026 0 0 1 standing 
8 491 436 552 566 38027 0 0 1 standing 
8 490 436 547 566 38028 0 0 1 standing 
8 489 437 542 566 38029 0 0 0 standing 
8 483 436 537 566 38030 0 0 1 standing 
8 478 436 532 566 38031 0 0 1 standing 
8 472 436 527 566 38032 0 0 1 standing 
8 467 436 522 566 38033 0 0 1 standing 
8 462 436 517 566 38034 1 0 0 standing 
9 646 390 688 516 38015 0 0 0 standing 
9 642 390 687 517 38016 0 0 1 standing 
9 638 390 687 518 38017 0 0 1 standing 
9 634 390 687 520 38018 0 0 1 standing 
9 630 390 687 521 38019 0 0 1 standing 
9 626 390 687 522 38020 0 0 1 standing 
9 622 391 687 524 38021 0 0 0 standing 
9 618 391 683 524 38022 0 0 1 standing 
9 614 392 680 525 38023 0 0 1 standing 
9 610 392 676 525 38024 0 0 1 standing 
9 607 393 673 526 38025 0 0 0 standing 
9 607 393 670 526 38026 0 0 1 standing 
9 608 393 668 526 38027 0 0 1 standing 
9 609 393 666 526 38028 0 0 0 standing 
9 604 393 663 526 38029 0 0 1 standing 
9 600 393 660 526 38030 0 0 1 standing 
9 596 394 658 527 38031 0 0 1 standing 
9 592 394 655 527 38032 0 0 1 standing 
9 588 394 652 527 38033 0 0 1 standing 
9 584 395 650 528 38034 1 0 0 standing 
10 606 350 674 471 38015 0 0 0 standing 
10 603 350 670 471 38016 0 0 1 standing 
10 601 350 667 472 38017 0 0 1 standing 
10 598 350 664 473 38018 0 0 1 standing 
10 596 350 661 474 38019 0 0 1 standing 
10 594 350 658 475 38020 0 0 0 standing 
10 593 350 652 475 38021 0 0 1 standing 
10 592 350 646 475 38022 0 0 1 standing 
10 591 350 640 475 38023 0 0 1 standing 
10 590 350 634 475 38024 0 0 1 standing 
10 590 350 629 475 38025 0 0 0 standing 
10 584 350 626 475 38026 0 0 1 standing 
10 578 351 624 476 38027 0 0 1 standing 
10 572 351 622 477 38028 0 0 1 standing 
10 566 352 619 477 38029 0 0 1 standing 
10 560 352 617 478 38030 0 0 1 standing 
10 554 353 615 479 38031 0 0 0 standing 
10 553 353 612 480 38032 0 0 1 standing 
10 552 354 610 481 38033 0 0 1 standing 
10 551 355 608 483 38034 1 0 0 standing 
11 748 355 799 495 38015 0 0 0 standing 
11 744 355 797 495 38016 0 0 1 standing 
11 740 356 796 496 38017 0 0 1 standing 
11 736 357 795 497 38018 0 0 1 standing 
11 732 358 793 497 38019 0 0 1 standing 
11 729 359 792 498 38020 0 0 1 standing 
11 725 359 791 499 38021 0 0 1 standing 
11 721 360 789 499 38022 0 0 1 standing 
11 717 361 788 500 38023 0 0 1 standing 
11 713 362 787 501 38024 0 0 1 standing 
11 710 363 786 502 38025 0 0 0 standing 
11 709 363 781 501 38026 0 0 1 standing 
11 709 363 776 501 38027 0 0 1 standing 
11 709 363 772 501 38028 0 0 1 standing 
11 708 363 767 501 38029 0 0 1 standing 
11 708 363 762 500 38030 0 0 1 standing 
11 708 363 758 500 38031 0 0 1 standing 
11 707 363 753 500 38032 0 0 1 standing 
11 707 363 748 500 38033 0 0 1 standing 
11 707 363 744 500 38034 1 0 0 standing 
