0 907 405 951 543 93575 0 0 0 standing 
0 902 405 946 543 93576 0 0 1 standing 
0 898 405 942 543 93577 0 0 1 standing 
0 894 405 938 543 93578 0 0 0 standing 
0 902 407 946 545 93579 0 0 1 standing 
0 910 409 954 547 93580 0 0 1 standing 
0 918 411 962 549 93581 0 0 1 standing 
0 927 413 971 551 93582 0 0 1 standing 
0 935 415 979 553 93583 0 0 1 standing 
0 943 417 987 555 93584 0 0 1 standing 
0 952 419 996 557 93585 0 0 0 standing 
0 960 418 1004 556 93586 0 0 1 standing 
0 969 418 1013 556 93587 0 0 1 standing 
0 977 418 1021 556 93588 0 0 1 standing 
0 986 417 1030 555 93589 0 0 1 standing 
0 994 417 1038 555 93590 0 0 1 standing 
0 1003 417 1047 555 93591 0 0 1 standing 
0 1011 416 1055 554 93592 0 0 1 standing 
0 1020 416 1064 554 93593 0 0 1 standing 
0 1028 416 1072 554 93594 0 0 1 standing 
1 901 448 960 601 93575 0 0 0 standing 
1 900 448 959 601 93576 0 0 1 standing 
1 900 449 959 602 93577 0 0 1 standing 
1 900 450 959 603 93578 0 0 1 standing 
1 900 451 959 604 93579 0 0 1 standing 
1 900 452 959 605 93580 0 0 0 standing 
1 909 450 968 603 93581 0 0 1 standing 
1 918 448 977 601 93582 0 0 1 standing 
1 928 447 987 600 93583 0 0 1 standing 
1 937 445 996 598 93584 0 0 1 standing 
1 947 444 1006 597 93585 0 0 0 standing 
1 958 445 1015 596 93586 0 0 1 standing 
1 970 446 1025 596 93587 0 0 1 standing 
1 982 447 1035 595 93588 0 0 1 standing 
1 994 448 1045 595 93589 0 0 1 standing 
1 1006 450 1055 595 93590 0 0 0 standing 
1 1007 451 1061 594 93591 0 0 1 standing 
1 1008 452 1067 594 93592 0 0 1 standing 
1 1009 453 1073 594 93593 0 0 1 standing 
1 1010 454 1079 594 93594 0 0 1 standing 
2 839 383 897 507 93575 0 0 0 standing 
2 835 386 895 510 93576 0 0 1 standing 
2 831 389 893 513 93577 0 0 1 standing 
2 827 393 892 516 93578 0 0 0 standing 
2 837 392 903 515 93579 0 0 1 standing 
2 847 392 914 515 93580 0 0 1 standing 
2 858 392 925 515 93581 0 0 1 standing 
2 868 391 936 514 93582 0 0 1 standing 
2 879 391 947 514 93583 0 0 1 standing 
2 889 391 958 514 93584 0 0 1 standing 
2 900 391 969 514 93585 0 0 0 standing 
2 912 390 981 513 93586 0 0 1 standing 
2 924 389 993 512 93587 0 0 1 standing 
2 936 388 1005 511 93588 0 0 1 standing 
2 948 388 1017 511 93589 0 0 0 standing 
2 955 388 1024 511 93590 0 0 1 standing 
2 963 388 1032 511 93591 0 0 1 standing 
2 970 388 1039 511 93592 0 0 1 standing 
2 978 388 1047 511 93593 0 0 1 standing 
2 985 388 1054 511 93594 0 0 1 standing 
3 738 348 810 486 93575 0 0 0 standing 
3 739 347 811 484 93576 0 0 1 standing 
3 740 347 812 483 93577 0 0 1 standing 
3 741 347 813 482 93578 0 0 1 standing 
3 742 347 814 481 93579 0 0 1 standing 
3 743 347 815 480 93580 0 0 1 standing 
3 744 347 816 479 93581 0 0 0 standing 
3 755 347 827 478 93582 0 0 1 standing 
3 767 348 838 478 93583 0 0 1 standing 
3 778 348 849 477 93584 0 0 1 standing 
3 790 349 861 477 93585 0 0 0 standing 
3 802 349 873 477 93586 0 0 1 standing 
3 814 350 885 478 93587 0 0 1 standing 
3 826 351 897 478 93588 0 0 1 standing 
3 839 352 909 479 93589 0 0 0 standing 
3 845 352 915 479 93590 0 0 1 standing 
3 852 352 921 479 93591 0 0 1 standing 
3 859 353 928 479 93592 0 0 1 standing 
3 865 353 934 479 93593 0 0 1 standing 
3 872 353 940 479 93594 0 0 1 standing 
4 437 373 494 475 93575 0 0 0 standing 
4 427 373 493 475 93576 0 0 1 standing 
4 418 374 493 475 93577 0 0 1 standing 
4 408 374 493 476 93578 0 0 1 standing 
4 399 375 493 476 93579 0 0 1 standing 
4 390 376 493 477 93580 0 0 0 standing 
4 402 375 503 476 93581 0 0 1 standing 
4 414 374 513 475 93582 0 0 1 standing 
4 426 373 523 474 93583 0 0 1 standing 
4 438 372 533 473 93584 0 0 1 standing 
4 451 371 543 472 93585 0 0 0 standing 
4 462 367 550 470 93586 0 0 1 standing 
4 473 364 558 469 93587 0 0 1 standing 
4 484 361 566 468 93588 0 0 0 standing 
4 488 361 570 467 93589 0 0 1 standing 
4 493 362 575 467 93590 0 0 1 standing 
4 497 363 579 467 93591 0 0 1 standing 
4 502 364 584 467 93592 0 0 1 standing 
4 506 365 588 467 93593 0 0 1 standing 
4 511 366 593 467 93594 0 0 1 standing 
5 416 427 469 537 93575 0 1 0 standing 
5 413 428 467 538 93576 0 1 1 falling 
5 411 429 466 539 93577 0 1 1 falling 
5 409 430 464 540 93578 0 1 1 falling 
5 407 431 463 541 93579 0 1 1 falling 
5 405 433 462 542 93580 0 1 0 falling 
5 418 432 474 541 93581 0 1 1 falling 
5 431 432 487 541 93582 0 1 1 falling 
5 445 431 499 541 93583 0 1 1 falling 
5 458 431 512 541 93584 0 1 1 falling 
5 472 431 525 541 93585 0 1 0 falling 
5 487 440 542 545 93586 0 1 1 falling 
5 502 449 559 549 93587 0 1 1 falling 
5 517 458 577 554 93588 0 1 0 falling 
5 523 463 585 554 93589 0 1 1 falling 
5 529 469 593 555 93590 0 1 1 falling 
5 535 475 601 556 93591 0 1 1 falling 
5 541 480 610 557 93592 0 1 1 falling 
5 547 486 618 558 93593 0 1 1 falling 
5 553 492 626 559 93594 0 1 1 falling 
6 357 497 414 627 93575 0 0 0 falling 
6 356 494 413 626 93576 0 0 1 standing 
6 356 492 413 626 93577 0 0 1 standing 
6 356 489 413 625 93578 0 0 1 standing 
6 356 487 413 625 93579 0 0 1 standing 
6 356 485 413 625 93580 0 0 0 standing 
6 366 483 423 625 93581 0 0 1 standing 
6 377 481 434 625 93582 0 0 1 standing 
6 388 479 444 625 93583 0 0 1 standing 
6 399 477 455 625 93584 0 0 1 standing 
6 410 476 466 626 93585 0 0 0 standing 
6 417 475 479 625 93586 0 0 1 standing 
6 425 475 492 625 93587 0 0 1 standing 
6 432 475 505 624 93588 0 0 1 standing 
6 440 475 518 624 93589 0 0 1 standing 
6 448 475 531 624 93590 0 0 0 standing 
6 457 473 540 622 93591 0 0 1 standing 
6 466 472 550 621 93592 0 0 1 standing 
6 476 471 560 620 93593 0 0 0 standing 
6 484 470 568 619 93594 0 0 1 standing 
7 264 477 319 601 93575 0 0 0 standing 
7 259 474 314 598 93576 0 0 1 standing 
7 255 472 310 596 93577 0 0 1 standing 
7 251 470 306 594 93578 0 0 0 standing 
7 262 469 317 593 93579 0 0 1 standing 
7 273 469 328 593 93580 0 0 1 standing 
7 285 468 340 592 93581 0 0 1 standing 
7 296 468 351 592 93582 0 0 1 standing 
7 308 467 363 591 93583 0 0 1 standing 
7 319 467 374 591 93584 0 0 1 standing 
7 331 467 386 591 93585 0 0 0 standing 
7 343 466 401 590 93586 0 0 1 standing 
7 355 465 416 589 93587 0 0 1 standing 
7 368 464 432 589 93588 0 0 0 standing 
7 375 463 444 589 93589 0 0 1 standing 
7 382 463 456 589 93590 0 0 1 standing 
7 389 463 468 589 93591 0 0 1 standing 
7 397 463 481 590 93592 0 0 0 standing 
7 403 461 481 589 93593 0 0 1 standing 
7 409 459 482 588 93594 0 0 1 standing 
8 628 399 682 547 93575 0 0 0 standing 
8 624 402 681 547 93576 0 0 1 standing 
8 620 405 680 548 93577 0 0 1 standing 
8 616 408 680 548 93578 0 0 1 standing 
8 612 411 679 549 93579 0 0 1 standing 
8 608 415 679 550 93580 0 0 0 standing 
8 618 416 687 550 93581 0 0 1 standing 
8 628 417 695 550 93582 0 0 1 standing 
8 638 418 703 551 93583 0 0 1 standing 
8 649 419 711 551 93584 0 0 1 standing 
8 659 420 719 552 93585 0 0 1 standing 
8 669 421 727 552 93586 0 0 1 standing 
8 680 422 735 553 93587 0 0 0 standing 
8 692 420 749 550 93588 0 0 1 standing 
8 705 418 763 547 93589 0 0 1 standing 
8 718 416 778 544 93590 0 0 0 standing 
8 721 418 783 545 93591 0 0 1 standing 
8 725 420 788 546 93592 0 0 1 standing 
8 729 422 793 547 93593 0 0 1 standing 
8 733 424 798 548 93594 0 0 1 standing 
9 611 400 668 584 93575 0 0 0 standing 
9 611 400 662 581 93576 0 0 1 standing 
9 611 401 657 578 93577 0 0 1 standing 
9 612 402 652 575 93578 0 0 0 standing 
9 619 405 663 575 93579 0 0 1 standing 
9 626 409 674 575 93580 0 0 1 standing 
9 633 412 685 575 93581 0 0 1 standing 
9 641 416 696 576 93582 0 0 0 standing 
9 652 419 707 577 93583 0 0 1 standing 
9 663 423 718 578 93584 0 0 1 standing 
9 674 427 730 579 93585 0 0 0 standing 
9 685 428 741 578 93586 0 0 1 standing 
9 696 429 752 577 93587 0 0 1 standing 
9 707 431 763 576 93588 0 0 1 standing 
9 718 432 774 575 93589 0 0 1 standing 
9 729 434 786 575 93590 0 0 0 standing 
9 730 436 793 575 93591 0 0 1 standing 
9 731 438 800 576 93592 0 0 1 standing 
9 732 441 808 576 93593 0 0 1 standing 
9 733 443 815 577 93594 0 0 1 standing 
10 718 400 762 551 93575 0 0 0 standing 
10 724 400 771 550 93576 0 0 1 standing 
10 730 400 780 550 93577 0 0 1 standing 
10 737 400 789 550 93578 0 0 1 standing 
10 743 400 799 550 93579 0 0 1 standing 
10 749 400 808 550 93580 0 0 1 standing 
10 756 400 817 550 93581 0 0 1 standing 
10 762 400 826 550 93582 0 0 1 standing 
10 768 400 836 550 93583 0 0 1 standing 
10 775 400 845 550 93584 0 0 1 standing 
10 781 400 854 550 93585 0 0 1 standing 
10 787 400 863 550 93586 0 0 1 standing 
10 794 401 873 550 93587 0 0 0 standing 
10 807 401 886 550 93588 0 0 1 standing 
10 820 401 899 550 93589 0 0 1 standing 
10 834 402 913 551 93590 0 0 0 standing 
10 845 401 917 550 93591 0 0 1 standing 
10 857 401 921 549 93592 0 0 1 standing 
10 869 401 925 549 93593 0 0 0 standing 
10 868 401 924 549 93594 0 0 1 standing 
11 703 399 751 557 93575 0 0 0 standing 
11 698 405 746 563 93576 0 0 1 standing 
11 694 411 742 569 93577 0 0 1 standing 
11 690 418 738 576 93578 0 0 0 standing 
11 695 424 743 572 93579 0 0 1 standing 
11 701 431 748 568 93580 0 0 1 standing 
11 707 438 754 565 93581 0 0 0 standing 
11 720 438 767 568 93582 0 0 1 standing 
11 733 439 780 571 93583 0 0 1 standing 
11 746 440 793 574 93584 0 0 1 standing 
11 759 440 806 577 93585 0 0 1 standing 
11 772 441 819 580 93586 0 0 1 standing 
11 785 442 832 584 93587 0 0 0 standing 
11 797 441 844 585 93588 0 0 1 standing 
11 810 441 857 587 93589 0 0 1 standing 
11 822 440 870 588 93590 0 0 1 standing 
11 835 440 883 590 93591 0 0 1 standing 
11 848 439 895 591 93592 0 0 1 standing 
11 860 439 908 593 93593 0 0 1 standing 
11 873 438 921 594 93594 0 0 1 standing 
