0 169 454 243 598 68055 0 1 0 digging 
0 184 454 257 596 68056 0 1 1 digging 
0 199 455 271 595 68057 0 1 1 digging 
0 214 455 286 594 68058 0 1 1 digging 
0 229 456 300 593 68059 0 1 1 digging 
0 244 457 315 592 68060 0 1 0 digging 
0 264 457 334 591 68061 0 1 1 digging 
0 284 458 354 590 68062 0 1 1 digging 
0 305 459 374 589 68063 0 1 1 digging 
0 325 460 394 588 68064 0 1 1 digging 
0 346 461 414 588 68065 0 1 0 digging 
0 363 463 431 584 68066 0 1 1 digging 
0 381 466 449 581 68067 0 1 1 digging 
0 399 468 466 578 68068 0 1 1 digging 
0 417 471 484 575 68069 0 1 0 digging 
0 428 473 495 572 68070 0 1 1 digging 
0 440 476 507 570 68071 0 1 1 digging 
0 451 479 518 568 68072 0 1 1 digging 
0 463 481 530 565 68073 0 1 1 digging 
0 474 484 541 563 68074 0 1 1 digging 
1 66 433 126 564 68055 0 1 0 digging 
1 82 435 143 562 68056 0 1 1 digging 
1 98 438 161 560 68057 0 1 1 digging 
1 114 441 178 559 68058 0 1 1 digging 
1 130 444 196 557 68059 0 1 1 digging 
1 146 447 214 556 68060 0 1 0 digging 
1 170 450 240 554 68061 0 1 1 digging 
1 194 453 266 553 68062 0 1 1 digging 
1 219 456 292 552 68063 0 1 1 digging 
1 243 459 318 551 68064 0 1 1 digging 
1 268 463 345 550 68065 0 1 0 digging 
1 289 461 364 550 68066 0 1 1 digging 
1 311 460 383 551 68067 0 1 1 digging 
1 332 459 402 551 68068 0 1 1 digging 
1 354 458 421 552 68069 0 1 0 digging 
1 368 457 432 553 68070 0 1 1 digging 
1 382 456 444 554 68071 0 1 1 digging 
1 397 456 456 555 68072 0 1 1 digging 
1 411 455 467 556 68073 0 1 1 digging 
1 425 454 479 557 68074 0 1 1 digging 
2 135 350 204 470 68055 0 0 0 digging 
2 149 351 216 471 68056 0 0 1 digging 
2 164 352 228 472 68057 0 0 1 digging 
2 179 353 240 473 68058 0 0 0 digging 
2 198 354 257 471 68059 0 0 1 digging 
2 217 355 275 469 68060 0 0 1 digging 
2 237 356 293 467 68061 0 0 0 digging 
2 258 356 315 467 68062 0 0 1 digging 
2 280 356 337 467 68063 0 0 1 digging 
2 302 356 360 467 68064 0 0 0 digging 
2 324 352 383 466 68065 0 0 1 digging 
2 346 349 406 465 68066 0 0 1 digging 
2 369 346 430 465 68067 0 0 0 digging 
2 388 347 453 463 68068 0 0 1 digging 
2 407 348 477 461 68069 0 0 1 digging 
2 426 350 501 460 68070 0 0 0 digging 
2 434 350 512 460 68071 0 0 1 digging 
2 443 351 524 460 68072 0 0 1 digging 
2 452 351 536 461 68073 0 0 1 digging 
2 461 352 548 461 68074 0 0 1 digging 
3 387 432 488 585 68055 0 0 0 digging 
3 393 435 499 586 68056 0 0 1 standing 
3 399 438 510 588 68057 0 0 1 standing 
3 406 441 522 590 68058 0 0 0 standing 
3 425 440 541 588 68059 0 0 1 standing 
3 444 440 561 586 68060 0 0 1 standing 
3 464 440 581 585 68061 0 0 0 standing 
3 485 440 602 585 68062 0 0 1 standing 
3 506 440 623 586 68063 0 0 1 standing 
3 528 441 645 587 68064 0 0 0 standing 
3 551 439 666 585 68065 0 0 1 standing 
3 574 438 688 583 68066 0 0 1 standing 
3 598 437 710 582 68067 0 0 0 standing 
3 611 438 726 584 68068 0 0 1 standing 
3 624 439 742 586 68069 0 0 1 standing 
3 638 441 759 588 68070 0 0 0 standing 
3 643 440 757 589 68071 0 0 1 standing 
3 649 439 756 591 68072 0 0 1 standing 
3 654 439 754 592 68073 0 0 1 standing 
3 660 438 753 594 68074 0 0 1 standing 
4 589 286 673 470 68055 0 0 0 standing 
4 598 283 685 467 68056 0 0 1 standing 
4 608 280 697 464 68057 0 0 1 standing 
4 618 278 710 461 68058 0 0 0 standing 
4 633 280 728 463 68059 0 0 1 standing 
4 649 283 747 465 68060 0 0 1 standing 
4 665 286 766 467 68061 0 0 0 standing 
4 685 291 786 472 68062 0 0 1 standing 
4 705 296 806 477 68063 0 0 1 standing 
4 725 302 826 483 68064 0 0 0 standing 
4 746 307 846 488 68065 0 0 1 standing 
4 767 312 867 493 68066 0 0 1 standing 
4 788 318 888 499 68067 0 0 0 standing 
4 808 323 908 500 68068 0 0 1 standing 
4 829 329 928 501 68069 0 0 1 standing 
4 850 335 948 502 68070 0 0 0 standing 
4 862 334 954 501 68071 0 0 1 standing 
4 875 333 961 500 68072 0 0 1 standing 
4 887 332 968 500 68073 0 0 1 standing 
4 900 331 975 499 68074 0 0 1 standing 
5 589 281 659 461 68055 0 0 0 standing 
5 596 282 669 461 68056 0 0 1 standing 
5 604 283 679 462 68057 0 0 1 standing 
5 612 285 689 463 68058 0 0 0 standing 
5 630 288 707 466 68059 0 0 1 standing 
5 649 291 726 469 68060 0 0 1 standing 
5 668 295 745 473 68061 0 0 0 standing 
5 687 298 764 476 68062 0 0 1 standing 
5 706 302 783 480 68063 0 0 1 standing 
5 726 306 803 484 68064 0 0 0 standing 
5 758 312 827 490 68065 0 0 1 standing 
5 791 319 851 497 68066 0 0 1 standing 
5 824 326 876 504 68067 0 0 0 standing 
5 840 332 892 504 68068 0 0 1 standing 
5 857 339 908 505 68069 0 0 1 standing 
5 874 346 924 506 68070 0 0 0 standing 
5 884 345 934 505 68071 0 0 1 standing 
5 895 345 944 504 68072 0 0 1 standing 
5 905 344 955 504 68073 0 0 1 standing 
5 916 344 965 503 68074 0 0 1 standing 
6 1028 405 1090 576 68055 0 0 0 standing 
6 1036 405 1098 576 68056 0 0 1 standing 
6 1044 405 1106 576 68057 0 0 1 standing 
6 1053 405 1115 576 68058 0 0 0 standing 
6 1071 405 1133 576 68059 0 0 1 standing 
6 1089 405 1151 576 68060 0 0 1 standing 
6 1107 405 1169 576 68061 0 0 0 standing 
6 1132 406 1194 577 68062 0 0 1 standing 
6 1157 407 1219 578 68063 0 0 1 standing 
6 1183 408 1245 579 68064 1 0 0 standing 
6 1183 408 1245 579 68065 1 0 1 standing 
6 1183 408 1245 579 68066 1 0 1 standing 
6 1183 408 1245 579 68067 1 0 0 standing 
6 1183 408 1245 579 68068 1 0 1 standing 
6 1183 408 1245 579 68069 1 0 1 standing 
6 1183 408 1245 579 68070 1 0 1 standing 
6 1183 408 1245 579 68071 1 0 1 standing 
6 1183 408 1245 579 68072 1 0 1 standing 
6 1183 408 1245 579 68073 1 0 1 standing 
6 1183 408 1245 579 68074 1 0 1 standing 
7 797 424 876 567 68055 0 0 0 standing 
7 803 422 882 566 68056 0 0 1 standing 
7 809 421 888 566 68057 0 0 1 standing 
7 816 420 894 566 68058 0 0 0 standing 
7 830 420 910 564 68059 0 0 1 standing 
7 844 420 927 563 68060 0 0 1 standing 
7 859 421 944 562 68061 0 0 0 standing 
7 879 421 965 562 68062 0 0 1 standing 
7 899 421 986 562 68063 0 0 1 standing 
7 920 421 1008 563 68064 0 0 0 standing 
7 944 420 1032 565 68065 0 0 1 standing 
7 969 420 1057 567 68066 0 0 1 standing 
7 994 420 1082 569 68067 0 0 0 standing 
7 1010 420 1101 569 68068 0 0 1 standing 
7 1027 420 1121 570 68069 0 0 1 standing 
7 1044 421 1141 571 68070 0 0 0 standing 
7 1056 421 1153 573 68071 0 0 1 standing 
7 1068 421 1165 575 68072 0 0 1 standing 
7 1080 421 1177 577 68073 0 0 1 standing 
7 1092 421 1189 579 68074 0 0 1 standing 
8 981 271 1026 377 68055 0 0 0 standing 
8 994 272 1039 378 68056 0 0 1 standing 
8 1007 273 1052 379 68057 0 0 1 standing 
8 1021 275 1066 381 68058 0 0 0 standing 
8 1038 276 1084 382 68059 0 0 1 standing 
8 1055 277 1102 383 68060 0 0 1 standing 
8 1073 278 1120 384 68061 0 0 0 standing 
8 1096 279 1143 386 68062 0 0 1 standing 
8 1119 280 1167 388 68063 0 0 1 standing 
8 1142 282 1191 390 68064 0 0 0 standing 
8 1164 282 1213 390 68065 0 0 1 standing 
8 1186 283 1235 391 68066 0 0 1 standing 
8 1209 284 1258 392 68067 1 0 0 standing 
8 1209 284 1258 392 68068 1 0 1 standing 
8 1209 284 1258 392 68069 1 0 1 standing 
8 1209 284 1258 392 68070 1 0 0 standing 
8 1209 284 1258 392 68071 1 0 1 standing 
8 1209 284 1258 392 68072 1 0 1 standing 
8 1209 284 1258 392 68073 1 0 1 standing 
8 1209 284 1258 392 68074 1 0 1 standing 
9 837 306 917 427 68055 0 0 0 standing 
9 848 309 921 433 68056 0 0 1 standing 
9 860 312 926 439 68057 0 0 1 standing 
9 872 315 931 445 68058 0 0 0 standing 
9 888 319 943 448 68059 0 0 1 standing 
9 904 323 956 452 68060 0 0 1 standing 
9 921 328 969 456 68061 0 0 0 standing 
9 939 339 987 467 68062 0 0 1 standing 
9 957 351 1005 479 68063 0 0 1 standing 
9 975 363 1023 491 68064 0 0 0 standing 
9 993 364 1041 492 68065 0 0 1 standing 
9 1012 366 1060 494 68066 0 0 1 standing 
9 1031 368 1079 496 68067 0 0 0 standing 
9 1050 370 1098 498 68068 0 0 1 standing 
9 1069 372 1117 500 68069 0 0 1 standing 
9 1088 374 1136 502 68070 0 0 0 standing 
9 1100 372 1148 500 68071 0 0 1 standing 
9 1112 371 1161 498 68072 0 0 1 standing 
9 1124 369 1173 497 68073 0 0 1 standing 
9 1136 368 1186 495 68074 0 0 1 standing 
10 768 307 838 449 68055 0 0 0 standing 
10 782 306 849 445 68056 0 0 1 standing 
10 796 305 860 441 68057 0 0 1 standing 
10 811 305 871 437 68058 0 0 0 standing 
10 832 310 892 438 68059 0 0 1 standing 
10 853 315 913 439 68060 0 0 1 standing 
10 875 320 934 441 68061 0 0 0 standing 
10 898 322 957 443 68062 0 0 1 standing 
10 921 324 980 445 68063 0 0 1 standing 
10 945 326 1004 448 68064 0 0 0 standing 
10 969 327 1028 448 68065 0 0 1 standing 
10 994 328 1053 449 68066 0 0 1 standing 
10 1019 330 1078 450 68067 0 0 0 standing 
10 1040 328 1099 448 68068 0 0 1 standing 
10 1061 326 1120 446 68069 0 0 1 standing 
10 1082 324 1141 444 68070 0 0 0 standing 
10 1095 322 1155 447 68071 0 0 1 standing 
10 1109 320 1169 451 68072 0 0 1 standing 
10 1123 318 1183 455 68073 0 0 1 standing 
10 1137 316 1197 459 68074 0 0 1 standing 
11 679 323 768 462 68055 0 0 0 standing 
11 692 325 775 460 68056 0 0 1 standing 
11 705 327 782 458 68057 0 0 1 standing 
11 718 330 789 456 68058 0 0 0 standing 
11 735 328 805 456 68059 0 0 1 standing 
11 752 327 821 456 68060 0 0 1 standing 
11 770 326 838 457 68061 0 0 0 standing 
11 792 324 860 457 68062 0 0 1 standing 
11 815 322 882 457 68063 0 0 1 standing 
11 838 321 905 458 68064 0 0 0 standing 
11 860 319 930 457 68065 0 0 1 standing 
11 882 318 955 457 68066 0 0 1 standing 
11 904 317 981 457 68067 0 0 0 standing 
11 926 319 999 459 68068 0 0 1 standing 
11 948 321 1017 461 68069 0 0 1 standing 
11 970 323 1036 463 68070 0 0 0 standing 
11 982 326 1047 463 68071 0 0 1 standing 
11 994 329 1058 463 68072 0 0 1 standing 
11 1007 332 1069 464 68073 0 0 1 standing 
11 1019 335 1080 464 68074 0 0 1 standing 
