0 415 421 475 575 99555 0 1 0 setting 
0 412 418 472 575 99556 0 1 1 setting 
0 410 416 470 576 99557 0 1 1 setting 
0 407 413 467 576 99558 0 1 1 setting 
0 405 411 465 577 99559 0 1 1 setting 
0 403 409 462 578 99560 0 1 1 setting 
0 400 406 460 578 99561 0 1 1 setting 
0 398 404 457 579 99562 0 1 1 setting 
0 395 401 455 579 99563 0 1 1 setting 
0 393 399 452 580 99564 0 1 1 setting 
0 391 397 450 581 99565 0 1 0 setting 
0 386 400 446 583 99566 0 1 1 setting 
0 381 404 442 585 99567 0 1 1 setting 
0 376 407 439 588 99568 0 1 1 setting 
0 371 411 435 590 99569 0 1 1 setting 
0 366 415 432 593 99570 0 1 1 setting 
0 361 418 428 595 99571 0 1 1 setting 
0 356 422 425 598 99572 0 1 1 setting 
0 351 426 421 600 99573 0 1 1 setting 
0 346 429 418 603 99574 0 1 1 setting 
1 544 463 618 640 99555 0 1 0 setting 
1 539 465 615 642 99556 0 1 1 standing 
1 534 468 612 644 99557 0 1 1 standing 
1 530 471 609 646 99558 0 1 1 standing 
1 525 474 606 649 99559 0 1 1 standing 
1 521 477 603 651 99560 0 1 1 standing 
1 516 480 600 653 99561 0 1 1 standing 
1 511 483 597 656 99562 0 1 1 standing 
1 507 486 594 658 99563 0 1 1 standing 
1 502 489 591 660 99564 0 1 1 standing 
1 498 492 589 663 99565 0 1 0 standing 
1 498 498 589 668 99566 0 1 1 standing 
1 498 504 589 674 99567 0 1 1 standing 
1 498 510 589 680 99568 0 1 1 standing 
1 498 517 589 686 99569 0 1 0 standing 
1 498 516 589 684 99570 0 1 1 standing 
1 498 515 589 683 99571 0 1 1 standing 
1 498 515 589 682 99572 0 1 1 standing 
1 498 514 589 680 99573 0 1 1 standing 
1 498 513 589 679 99574 0 1 1 standing 
2 517 324 586 455 99555 0 1 0 standing 
2 515 323 584 454 99556 0 1 1 moving 
2 514 322 583 453 99557 0 1 1 moving 
2 512 321 582 452 99558 0 1 1 moving 
2 511 320 580 451 99559 0 1 1 moving 
2 510 319 579 450 99560 0 1 1 moving 
2 508 318 578 449 99561 0 1 1 moving 
2 507 317 576 448 99562 0 1 1 moving 
2 505 316 575 447 99563 0 1 1 moving 
2 504 315 574 446 99564 0 1 1 moving 
2 503 315 573 446 99565 0 1 0 moving 
2 504 315 575 445 99566 0 1 1 moving 
2 506 315 577 444 99567 0 1 1 moving 
2 508 315 579 444 99568 0 1 1 moving 
2 510 315 582 443 99569 0 1 1 moving 
2 512 315 584 443 99570 0 1 1 moving 
2 513 315 586 442 99571 0 1 1 moving 
2 515 315 589 441 99572 0 1 1 moving 
2 517 315 591 441 99573 0 1 1 moving 
2 519 315 593 440 99574 0 1 1 moving 
3 255 406 311 551 99555 0 0 0 moving 
3 258 405 314 551 99556 0 0 1 standing 
3 262 405 318 551 99557 0 0 1 standing 
3 265 405 321 551 99558 0 0 1 standing 
3 269 405 325 551 99559 0 0 1 standing 
3 273 405 329 551 99560 0 0 1 standing 
3 276 404 332 551 99561 0 0 1 standing 
3 280 404 336 551 99562 0 0 1 standing 
3 283 404 339 551 99563 0 0 1 standing 
3 287 404 343 551 99564 0 0 1 standing 
3 291 404 347 551 99565 0 0 0 standing 
3 292 403 348 550 99566 0 0 1 standing 
3 294 402 350 549 99567 0 0 1 standing 
3 295 402 351 549 99568 0 0 1 standing 
3 297 401 353 548 99569 0 0 1 standing 
3 298 401 354 548 99570 0 0 1 standing 
3 300 400 356 547 99571 0 0 1 standing 
3 301 399 357 546 99572 0 0 1 standing 
3 303 399 359 546 99573 0 0 1 standing 
3 304 398 360 545 99574 0 0 1 standing 
4 618 353 674 508 99555 0 0 0 standing 
4 619 353 675 508 99556 0 0 1 standing 
4 621 353 677 508 99557 0 0 1 standing 
4 622 353 678 508 99558 0 0 1 standing 
4 624 354 680 509 99559 0 0 1 standing 
4 625 354 681 509 99560 0 0 1 standing 
4 627 354 683 509 99561 0 0 1 standing 
4 628 355 684 510 99562 0 0 1 standing 
4 630 355 686 510 99563 0 0 1 standing 
4 631 355 687 510 99564 0 0 1 standing 
4 633 356 689 511 99565 0 0 0 standing 
4 633 356 689 511 99566 0 0 1 standing 
4 633 356 689 511 99567 0 0 1 standing 
4 633 356 689 511 99568 0 0 1 standing 
4 633 356 689 511 99569 0 0 1 standing 
4 633 356 689 511 99570 0 0 1 standing 
4 633 356 689 511 99571 0 0 1 standing 
4 633 356 689 511 99572 0 0 1 standing 
4 633 356 689 511 99573 0 0 1 standing 
4 633 356 689 511 99574 0 0 1 standing 
5 748 444 832 591 99555 0 0 0 standing 
5 749 444 831 589 99556 0 0 1 standing 
5 751 444 831 588 99557 0 0 1 standing 
5 753 444 830 587 99558 0 0 1 standing 
5 754 444 830 585 99559 0 0 1 standing 
5 756 444 829 584 99560 0 0 1 standing 
5 758 444 829 583 99561 0 0 0 standing 
5 759 444 828 585 99562 0 0 1 standing 
5 761 444 828 587 99563 0 0 1 standing 
5 763 444 828 589 99564 0 0 1 standing 
5 765 444 828 591 99565 0 0 0 standing 
5 764 440 827 587 99566 0 0 1 standing 
5 764 436 827 584 99567 0 0 1 standing 
5 764 432 827 581 99568 0 0 1 standing 
5 764 429 827 578 99569 0 0 1 standing 
5 764 425 827 575 99570 0 0 1 standing 
5 764 421 826 572 99571 0 0 1 standing 
5 764 418 826 569 99572 0 0 1 standing 
5 764 414 826 566 99573 0 0 1 standing 
5 764 410 826 563 99574 0 0 1 standing 
6 1063 463 1130 632 99555 0 0 0 standing 
6 1063 462 1130 631 99556 0 0 1 standing 
6 1064 462 1131 631 99557 0 0 1 standing 
6 1064 462 1131 631 99558 0 0 1 standing 
6 1065 462 1132 631 99559 0 0 1 standing 
6 1066 462 1133 631 99560 0 0 1 standing 
6 1066 461 1133 630 99561 0 0 1 standing 
6 1067 461 1134 630 99562 0 0 1 standing 
6 1067 461 1134 630 99563 0 0 1 standing 
6 1068 461 1135 630 99564 0 0 1 standing 
6 1069 461 1136 630 99565 0 0 0 standing 
6 1069 461 1136 630 99566 0 0 1 standing 
6 1069 461 1136 630 99567 0 0 1 standing 
6 1069 461 1136 630 99568 0 0 1 standing 
6 1069 461 1136 630 99569 0 0 1 standing 
6 1069 461 1136 630 99570 0 0 1 standing 
6 1069 461 1136 630 99571 0 0 1 standing 
6 1069 461 1136 630 99572 0 0 1 standing 
6 1069 461 1136 630 99573 0 0 1 standing 
6 1069 461 1136 630 99574 0 0 1 standing 
7 946 345 1020 495 99555 0 0 0 standing 
7 953 344 1030 494 99556 0 0 1 standing 
7 960 344 1041 494 99557 0 0 1 standing 
7 968 344 1052 493 99558 0 0 1 standing 
7 975 344 1062 493 99559 0 0 1 standing 
7 983 344 1073 493 99560 0 0 1 standing 
7 990 344 1084 492 99561 0 0 1 standing 
7 997 344 1094 492 99562 0 0 1 standing 
7 1005 344 1105 491 99563 0 0 1 standing 
7 1012 344 1116 491 99564 0 0 1 standing 
7 1020 344 1127 491 99565 0 0 0 standing 
7 1026 343 1130 490 99566 0 0 1 standing 
7 1032 342 1134 489 99567 0 0 1 standing 
7 1038 341 1137 488 99568 0 0 1 standing 
7 1045 341 1141 487 99569 0 0 1 standing 
7 1051 340 1145 487 99570 0 0 1 standing 
7 1057 339 1148 486 99571 0 0 1 standing 
7 1064 339 1152 485 99572 0 0 1 standing 
7 1070 338 1155 484 99573 0 0 1 standing 
7 1076 337 1159 483 99574 0 0 1 standing 
8 782 339 843 487 99555 0 0 0 standing 
8 782 339 843 487 99556 0 0 1 standing 
8 782 339 843 487 99557 0 0 1 standing 
8 782 339 843 487 99558 0 0 1 standing 
8 782 339 843 487 99559 0 0 1 standing 
8 782 339 843 487 99560 0 0 1 standing 
8 782 339 843 487 99561 0 0 1 standing 
8 782 339 843 487 99562 0 0 1 standing 
8 782 339 843 487 99563 0 0 1 standing 
8 782 339 843 487 99564 0 0 1 standing 
8 782 339 843 487 99565 0 0 1 standing 
8 782 339 843 487 99566 0 0 1 standing 
8 782 339 843 487 99567 0 0 1 standing 
8 782 339 843 487 99568 0 0 1 standing 
8 782 339 843 487 99569 0 0 1 standing 
8 782 339 843 487 99570 0 0 1 standing 
8 782 339 843 487 99571 0 0 1 standing 
8 782 339 843 487 99572 0 0 1 standing 
8 782 339 843 487 99573 0 0 1 standing 
8 782 339 843 487 99574 0 0 1 standing 
9 1015 401 1103 532 99555 0 0 0 standing 
9 1025 400 1111 533 99556 0 0 1 standing 
9 1036 400 1119 534 99557 0 0 1 standing 
9 1046 400 1128 535 99558 0 0 1 standing 
9 1057 400 1136 537 99559 0 0 1 standing 
9 1067 400 1145 538 99560 0 0 1 standing 
9 1078 399 1153 539 99561 0 0 1 standing 
9 1088 399 1161 541 99562 0 0 1 standing 
9 1099 399 1170 542 99563 0 0 1 standing 
9 1109 399 1178 543 99564 0 0 1 standing 
9 1120 399 1187 545 99565 0 0 0 standing 
9 1128 400 1195 546 99566 0 0 1 standing 
9 1137 401 1204 548 99567 0 0 1 standing 
9 1146 402 1213 550 99568 0 0 1 standing 
9 1155 403 1222 552 99569 0 0 1 standing 
9 1164 404 1231 554 99570 0 0 1 standing 
9 1172 405 1239 556 99571 0 0 1 standing 
9 1181 406 1248 558 99572 0 0 1 standing 
9 1190 407 1257 560 99573 0 0 1 standing 
9 1199 408 1266 562 99574 0 0 1 standing 
10 698 366 768 513 99555 0 0 0 standing 
10 701 367 770 513 99556 0 0 1 standing 
10 704 368 773 514 99557 0 0 1 standing 
10 707 369 776 515 99558 0 0 1 standing 
10 711 370 778 516 99559 0 0 1 standing 
10 714 371 781 517 99560 0 0 1 standing 
10 717 372 784 518 99561 0 0 1 standing 
10 721 373 786 519 99562 0 0 1 standing 
10 724 374 789 520 99563 0 0 1 standing 
10 727 375 792 521 99564 0 0 1 standing 
10 731 376 795 522 99565 0 0 0 standing 
10 731 376 795 522 99566 0 0 1 standing 
10 731 377 795 523 99567 0 0 1 standing 
10 732 377 796 524 99568 0 0 1 standing 
10 732 378 796 524 99569 0 0 1 standing 
10 733 378 797 525 99570 0 0 1 standing 
10 733 379 797 526 99571 0 0 1 standing 
10 734 380 798 527 99572 0 0 0 standing 
10 734 378 798 525 99573 0 0 1 standing 
10 734 376 798 523 99574 0 0 1 standing 
11 452 354 542 519 99555 0 0 0 standing 
11 451 354 540 518 99556 0 0 1 standing 
11 451 354 538 518 99557 0 0 1 standing 
11 451 354 537 518 99558 0 0 1 standing 
11 451 354 535 518 99559 0 0 1 standing 
11 451 354 534 518 99560 0 0 1 standing 
11 451 354 532 518 99561 0 0 1 standing 
11 451 354 530 518 99562 0 0 1 standing 
11 451 354 529 518 99563 0 0 1 standing 
11 451 354 527 518 99564 0 0 1 standing 
11 451 354 526 518 99565 0 0 0 standing 
11 449 353 524 517 99566 0 0 1 standing 
11 447 353 522 517 99567 0 0 1 standing 
11 445 353 520 516 99568 0 0 1 standing 
11 443 352 518 516 99569 0 0 1 standing 
11 441 352 516 516 99570 0 0 1 standing 
11 439 352 514 515 99571 0 0 1 standing 
11 437 351 512 515 99572 0 0 1 standing 
11 435 351 510 514 99573 0 0 1 standing 
11 433 351 508 514 99574 0 0 1 standing 
