0 617 394 687 556 99480 0 1 0 setting 
0 611 388 679 552 99481 0 1 1 setting 
0 605 382 672 549 99482 0 1 1 setting 
0 599 377 665 546 99483 0 1 1 setting 
0 593 371 658 543 99484 0 1 1 setting 
0 588 366 651 540 99485 0 1 1 setting 
0 582 360 643 537 99486 0 1 1 setting 
0 576 354 636 534 99487 0 1 1 setting 
0 570 349 629 531 99488 0 1 1 setting 
0 564 343 622 528 99489 0 1 1 setting 
0 559 338 615 525 99490 0 1 0 setting 
0 555 344 611 527 99491 0 1 1 setting 
0 551 351 607 530 99492 0 1 1 setting 
0 547 358 603 533 99493 0 1 1 setting 
0 543 364 600 535 99494 0 1 1 setting 
0 539 371 596 538 99495 0 1 1 setting 
0 535 378 592 541 99496 0 1 1 setting 
0 531 384 589 543 99497 0 1 1 setting 
0 527 391 585 546 99498 0 1 1 setting 
0 523 398 581 549 99499 0 1 1 setting 
1 513 342 611 481 99480 0 1 0 setting 
1 517 342 611 480 99481 0 1 1 standing 
1 522 342 611 480 99482 0 1 1 standing 
1 526 342 611 480 99483 0 1 1 standing 
1 531 342 611 480 99484 0 1 1 standing 
1 535 342 611 480 99485 0 1 1 standing 
1 540 342 611 480 99486 0 1 0 standing 
1 539 337 610 478 99487 0 1 1 standing 
1 538 332 610 477 99488 0 1 1 standing 
1 538 327 610 476 99489 0 1 1 standing 
1 537 322 610 474 99490 0 1 1 standing 
1 536 317 610 473 99491 0 1 1 standing 
1 536 313 610 472 99492 0 1 0 standing 
1 535 306 609 466 99493 0 1 1 standing 
1 535 299 609 460 99494 0 1 1 standing 
1 534 292 609 454 99495 0 1 1 standing 
1 534 285 609 448 99496 0 1 0 standing 
1 535 278 605 443 99497 0 1 1 standing 
1 536 271 602 439 99498 0 1 1 standing 
1 537 264 598 435 99499 0 1 1 standing 
2 394 304 493 441 99480 0 1 0 standing 
2 399 303 494 440 99481 0 1 1 moving 
2 404 303 495 440 99482 0 1 1 moving 
2 410 303 496 439 99483 0 1 1 moving 
2 415 303 497 439 99484 0 1 1 moving 
2 420 303 498 438 99485 0 1 1 moving 
2 426 303 500 438 99486 0 1 0 moving 
2 425 303 508 438 99487 0 1 1 moving 
2 424 303 516 438 99488 0 1 1 moving 
2 423 303 524 438 99489 0 1 1 moving 
2 423 303 533 439 99490 0 1 0 moving 
2 431 305 535 439 99491 0 1 1 moving 
2 439 307 537 439 99492 0 1 1 moving 
2 447 309 539 439 99493 0 1 1 moving 
2 456 312 541 439 99494 0 1 1 moving 
2 464 314 543 439 99495 0 1 1 moving 
2 472 316 545 439 99496 0 1 1 moving 
2 481 319 548 439 99497 0 1 0 moving 
2 489 318 551 439 99498 0 1 1 moving 
2 498 317 554 439 99499 0 1 1 moving 
3 323 467 407 639 99480 0 1 0 moving 
3 319 468 409 638 99481 0 1 1 moving 
3 316 470 411 638 99482 0 1 1 moving 
3 313 472 413 638 99483 0 1 1 moving 
3 310 474 415 637 99484 0 1 1 moving 
3 307 476 417 637 99485 0 1 1 moving 
3 304 478 419 637 99486 0 1 0 moving 
3 305 480 419 637 99487 0 1 1 moving 
3 306 482 419 638 99488 0 1 1 moving 
3 307 484 419 638 99489 0 1 1 moving 
3 308 486 419 639 99490 0 1 0 moving 
3 317 486 426 639 99491 0 1 1 moving 
3 326 486 433 639 99492 0 1 1 moving 
3 335 486 441 639 99493 0 1 1 moving 
3 344 487 448 639 99494 0 1 1 moving 
3 353 487 456 640 99495 0 1 1 moving 
3 362 487 463 640 99496 0 1 1 moving 
3 371 488 470 640 99497 0 1 1 moving 
3 380 488 478 640 99498 0 1 1 moving 
3 389 488 485 640 99499 0 1 1 moving 
4 180 401 282 537 99480 0 1 0 moving 
4 183 400 287 536 99481 0 1 1 moving 
4 187 399 292 535 99482 0 1 1 moving 
4 191 399 297 534 99483 0 1 1 moving 
4 194 398 302 534 99484 0 1 1 moving 
4 198 398 307 533 99485 0 1 1 moving 
4 202 397 312 532 99486 0 1 1 moving 
4 205 396 317 532 99487 0 1 1 moving 
4 209 396 322 531 99488 0 1 1 moving 
4 213 395 327 530 99489 0 1 1 moving 
4 217 395 332 530 99490 0 1 0 moving 
4 228 394 339 529 99491 0 1 1 moving 
4 239 394 347 529 99492 0 1 1 moving 
4 251 394 355 529 99493 0 1 1 moving 
4 262 394 363 528 99494 0 1 1 moving 
4 274 394 371 528 99495 0 1 1 moving 
4 285 393 379 528 99496 0 1 1 moving 
4 296 393 387 527 99497 0 1 1 moving 
4 308 393 395 527 99498 0 1 1 moving 
4 319 393 403 527 99499 0 1 1 moving 
5 278 405 337 559 99480 0 0 0 moving 
5 271 405 330 559 99481 0 0 1 moving 
5 265 405 324 559 99482 0 0 1 moving 
5 259 405 318 559 99483 0 0 1 moving 
5 253 405 312 559 99484 0 0 1 moving 
5 247 406 306 560 99485 0 0 1 moving 
5 241 406 300 560 99486 0 0 1 moving 
5 235 406 294 560 99487 0 0 1 moving 
5 229 406 288 560 99488 0 0 1 moving 
5 223 406 282 560 99489 0 0 1 moving 
5 217 407 276 561 99490 0 0 0 moving 
5 213 407 272 561 99491 0 0 1 moving 
5 209 408 268 562 99492 0 0 1 moving 
5 205 408 264 562 99493 0 0 1 moving 
5 201 409 260 563 99494 0 0 1 moving 
5 197 409 256 564 99495 0 0 1 moving 
5 193 410 252 564 99496 0 0 1 moving 
5 189 410 248 565 99497 0 0 1 moving 
5 185 411 244 565 99498 0 0 1 moving 
5 181 411 240 566 99499 0 0 1 moving 
6 756 426 826 583 99480 0 0 0 moving 
6 749 426 819 582 99481 0 0 1 standing 
6 743 427 812 581 99482 0 0 1 standing 
6 736 428 806 581 99483 0 0 1 standing 
6 730 429 799 580 99484 0 0 1 standing 
6 724 430 793 580 99485 0 0 1 standing 
6 717 430 786 579 99486 0 0 1 standing 
6 711 431 779 578 99487 0 0 1 standing 
6 704 432 773 578 99488 0 0 1 standing 
6 698 433 766 577 99489 0 0 1 standing 
6 692 434 760 577 99490 0 0 0 standing 
6 686 436 754 579 99491 0 0 1 standing 
6 680 438 748 582 99492 0 0 1 standing 
6 674 440 742 585 99493 0 0 1 standing 
6 668 442 736 587 99494 0 0 1 standing 
6 663 444 730 590 99495 0 0 1 standing 
6 657 446 724 593 99496 0 0 1 standing 
6 651 448 718 595 99497 0 0 1 standing 
6 645 450 712 598 99498 0 0 1 standing 
6 639 452 706 601 99499 0 0 1 standing 
7 930 463 1008 608 99480 0 0 0 standing 
7 926 463 1003 608 99481 0 0 1 standing 
7 923 463 998 608 99482 0 0 1 standing 
7 919 463 994 608 99483 0 0 1 standing 
7 916 464 989 608 99484 0 0 1 standing 
7 912 464 985 609 99485 0 0 1 standing 
7 909 464 980 609 99486 0 0 1 standing 
7 905 465 975 609 99487 0 0 1 standing 
7 902 465 971 609 99488 0 0 1 standing 
7 898 465 966 609 99489 0 0 1 standing 
7 895 466 962 610 99490 0 0 0 standing 
7 893 466 960 610 99491 0 0 1 standing 
7 892 466 959 610 99492 0 0 1 standing 
7 891 466 958 611 99493 0 0 1 standing 
7 890 466 957 611 99494 0 0 1 standing 
7 889 467 956 612 99495 0 0 1 standing 
7 887 467 954 612 99496 0 0 1 standing 
7 886 467 953 612 99497 0 0 1 standing 
7 885 467 952 613 99498 0 0 1 standing 
7 884 467 951 613 99499 0 0 1 standing 
8 1127 399 1202 548 99480 0 0 0 standing 
8 1121 398 1195 546 99481 0 0 1 standing 
8 1115 397 1188 545 99482 0 0 1 standing 
8 1109 396 1181 544 99483 0 0 1 standing 
8 1103 395 1174 543 99484 0 0 1 standing 
8 1097 394 1167 542 99485 0 0 1 standing 
8 1091 393 1160 541 99486 0 0 1 standing 
8 1085 392 1153 540 99487 0 0 1 standing 
8 1079 391 1146 539 99488 0 0 1 standing 
8 1073 390 1139 538 99489 0 0 1 standing 
8 1068 390 1132 537 99490 0 0 0 standing 
8 1061 388 1125 535 99491 0 0 1 standing 
8 1055 387 1119 534 99492 0 0 1 standing 
8 1048 386 1112 533 99493 0 0 1 standing 
8 1042 385 1106 532 99494 0 0 1 standing 
8 1035 384 1099 531 99495 0 0 1 standing 
8 1029 382 1093 529 99496 0 0 1 standing 
8 1022 381 1086 528 99497 0 0 1 standing 
8 1016 380 1080 527 99498 0 0 1 standing 
8 1009 379 1073 526 99499 0 0 1 standing 
9 1030 348 1119 491 99480 0 0 0 standing 
9 1023 348 1110 490 99481 0 0 1 standing 
9 1017 348 1102 489 99482 0 0 1 standing 
9 1010 348 1094 488 99483 0 0 1 standing 
9 1004 349 1085 488 99484 0 0 1 standing 
9 997 349 1077 487 99485 0 0 1 standing 
9 991 349 1069 486 99486 0 0 1 standing 
9 984 350 1060 486 99487 0 0 1 standing 
9 978 350 1052 485 99488 0 0 1 standing 
9 971 350 1044 484 99489 0 0 1 standing 
9 965 351 1036 484 99490 0 0 0 standing 
9 962 351 1032 484 99491 0 0 1 standing 
9 959 351 1028 484 99492 0 0 1 standing 
9 956 351 1024 484 99493 0 0 1 standing 
9 953 352 1020 484 99494 0 0 1 standing 
9 951 352 1016 485 99495 0 0 1 standing 
9 948 352 1012 485 99496 0 0 1 standing 
9 945 353 1008 485 99497 0 0 1 standing 
9 942 353 1004 485 99498 0 0 1 standing 
9 939 353 1000 485 99499 0 0 1 standing 
10 762 356 817 504 99480 0 0 0 standing 
10 755 356 810 503 99481 0 0 1 jumping 
10 748 356 803 503 99482 0 0 1 jumping 
10 741 357 796 503 99483 0 0 1 jumping 
10 735 357 789 503 99484 0 0 1 jumping 
10 728 358 783 503 99485 0 0 1 jumping 
10 721 358 776 502 99486 0 0 1 jumping 
10 715 358 769 502 99487 0 0 1 jumping 
10 708 359 762 502 99488 0 0 1 jumping 
10 701 359 755 502 99489 0 0 1 jumping 
10 695 360 749 502 99490 0 0 0 jumping 
10 689 359 744 499 99491 0 0 1 jumping 
10 684 359 739 497 99492 0 0 1 jumping 
10 679 359 734 495 99493 0 0 1 jumping 
10 674 358 729 493 99494 0 0 1 jumping 
10 669 358 724 491 99495 0 0 1 jumping 
10 663 358 719 489 99496 0 0 1 jumping 
10 658 357 714 487 99497 0 0 1 jumping 
10 653 357 709 485 99498 0 0 1 jumping 
10 648 357 704 483 99499 0 0 1 jumping 
11 731 377 792 536 99480 0 0 0 jumping 
11 724 376 785 533 99481 0 0 1 jumping 
11 718 375 778 530 99482 0 0 1 jumping 
11 711 375 772 527 99483 0 0 1 jumping 
11 705 374 765 524 99484 0 0 1 jumping 
11 699 374 759 521 99485 0 0 1 jumping 
11 692 373 752 518 99486 0 0 1 jumping 
11 686 372 745 515 99487 0 0 1 jumping 
11 679 372 739 512 99488 0 0 1 jumping 
11 673 371 732 509 99489 0 0 1 jumping 
11 667 371 726 506 99490 0 0 0 jumping 
11 661 363 721 503 99491 0 0 1 jumping 
11 655 355 716 500 99492 0 0 1 jumping 
11 650 347 711 497 99493 0 0 1 jumping 
11 644 339 706 494 99494 0 0 1 jumping 
11 639 331 701 492 99495 0 0 1 jumping 
11 633 323 696 489 99496 0 0 1 jumping 
11 627 315 691 486 99497 0 0 1 jumping 
11 622 307 686 483 99498 0 0 1 jumping 
11 616 299 681 480 99499 0 0 1 jumping 
