0 212 398 297 519 14960 0 0 0 standing 
0 215 398 300 519 14961 0 0 1 standing 
0 218 398 303 519 14962 0 0 1 standing 
0 221 398 306 519 14963 0 0 1 standing 
0 225 398 310 519 14964 0 0 1 standing 
0 228 398 313 519 14965 0 0 1 standing 
0 231 398 316 519 14966 0 0 1 standing 
0 235 398 320 519 14967 0 0 1 standing 
0 238 398 323 519 14968 0 0 1 standing 
0 241 398 326 519 14969 0 0 1 standing 
0 245 399 330 519 14970 0 0 0 standing 
0 253 398 338 518 14971 0 0 1 standing 
0 261 397 346 517 14972 0 0 1 standing 
0 269 397 354 517 14973 0 0 1 standing 
0 277 396 362 516 14974 0 0 1 standing 
0 285 396 370 516 14975 0 0 1 standing 
0 293 395 378 515 14976 0 0 1 standing 
0 301 394 386 514 14977 0 0 1 standing 
0 309 394 394 514 14978 0 0 1 standing 
0 317 393 402 513 14979 0 0 1 standing 
1 291 457 366 601 14960 0 0 0 standing 
1 292 458 367 602 14961 0 0 1 standing 
1 293 459 369 603 14962 0 0 1 standing 
1 295 460 370 604 14963 0 0 1 standing 
1 296 461 372 605 14964 0 0 1 standing 
1 298 462 374 606 14965 0 0 1 standing 
1 299 463 375 607 14966 0 0 1 standing 
1 300 464 377 608 14967 0 0 1 standing 
1 302 465 378 609 14968 0 0 1 standing 
1 303 466 380 610 14969 0 0 1 standing 
1 305 467 382 612 14970 0 0 0 standing 
1 310 466 387 611 14971 0 0 1 standing 
1 316 465 393 610 14972 0 0 1 standing 
1 321 464 398 609 14973 0 0 1 standing 
1 327 464 404 609 14974 0 0 1 standing 
1 333 463 410 608 14975 0 0 1 standing 
1 338 462 415 607 14976 0 0 1 standing 
1 344 462 421 607 14977 0 0 1 standing 
1 349 461 426 606 14978 0 0 1 standing 
1 355 460 432 605 14979 0 0 1 standing 
2 392 381 480 487 14960 0 0 0 standing 
2 394 381 482 487 14961 0 0 1 standing 
2 396 382 484 488 14962 0 0 1 standing 
2 398 383 486 489 14963 0 0 1 standing 
2 401 384 489 490 14964 0 0 1 standing 
2 403 385 491 491 14965 0 0 1 standing 
2 405 385 493 492 14966 0 0 1 standing 
2 408 386 496 493 14967 0 0 1 standing 
2 410 387 498 494 14968 0 0 1 standing 
2 412 388 500 495 14969 0 0 1 standing 
2 415 389 503 496 14970 0 0 0 standing 
2 420 386 508 496 14971 0 0 1 standing 
2 426 384 514 496 14972 0 0 1 standing 
2 431 382 519 496 14973 0 0 1 standing 
2 437 380 525 497 14974 0 0 1 standing 
2 443 378 530 497 14975 0 0 1 standing 
2 448 375 536 497 14976 0 0 1 standing 
2 454 373 541 498 14977 0 0 1 standing 
2 459 371 547 498 14978 0 0 1 standing 
2 465 369 552 498 14979 0 0 1 standing 
3 572 363 647 469 14960 0 0 0 standing 
3 566 362 641 469 14961 0 0 1 standing 
3 560 362 636 470 14962 0 0 1 standing 
3 555 361 630 471 14963 0 0 1 standing 
3 549 361 625 472 14964 0 0 1 standing 
3 544 361 619 473 14965 0 0 1 standing 
3 538 360 614 474 14966 0 0 1 standing 
3 532 360 608 475 14967 0 0 1 standing 
3 527 359 603 476 14968 0 0 1 standing 
3 521 359 597 477 14969 0 0 1 standing 
3 516 359 592 478 14970 0 0 0 standing 
3 519 359 595 478 14971 0 0 1 standing 
3 523 360 599 479 14972 0 0 1 standing 
3 527 360 603 480 14973 0 0 1 standing 
3 530 361 607 480 14974 0 0 1 standing 
3 534 362 611 481 14975 0 0 1 standing 
3 538 362 614 482 14976 0 0 1 standing 
3 541 363 618 482 14977 0 0 1 standing 
3 545 363 622 483 14978 0 0 1 standing 
3 549 364 626 484 14979 0 0 1 standing 
4 630 359 691 523 14960 0 0 0 standing 
4 634 360 694 524 14961 0 0 1 blocking 
4 638 362 698 525 14962 0 0 1 blocking 
4 642 363 702 527 14963 0 0 1 blocking 
4 646 365 706 528 14964 0 0 1 blocking 
4 650 367 710 530 14965 0 0 1 blocking 
4 654 368 713 531 14966 0 0 1 blocking 
4 658 370 717 532 14967 0 0 1 blocking 
4 662 371 721 534 14968 0 0 1 blocking 
4 666 373 725 535 14969 0 0 1 blocking 
4 670 375 729 537 14970 0 0 0 blocking 
4 673 375 732 537 14971 0 0 1 blocking 
4 677 375 736 537 14972 0 0 1 blocking 
4 681 375 740 537 14973 0 0 1 blocking 
4 685 375 744 537 14974 0 0 1 blocking 
4 689 376 748 538 14975 0 0 1 blocking 
4 693 376 752 538 14976 0 0 1 blocking 
4 697 376 756 538 14977 0 0 1 blocking 
4 701 376 760 538 14978 0 0 1 blocking 
4 705 376 764 538 14979 0 0 1 blocking 
5 639 451 690 613 14960 0 1 0 blocking 
5 642 444 693 607 14961 0 1 1 blocking 
5 646 438 697 601 14962 0 1 1 blocking 
5 649 432 700 595 14963 0 1 1 blocking 
5 653 426 704 589 14964 0 1 1 blocking 
5 657 420 708 583 14965 0 1 1 blocking 
5 660 414 711 577 14966 0 1 1 blocking 
5 664 408 715 571 14967 0 1 1 blocking 
5 667 402 718 565 14968 0 1 1 blocking 
5 671 396 722 559 14969 0 1 1 blocking 
5 675 390 726 553 14970 0 1 0 blocking 
5 681 397 732 560 14971 0 1 1 blocking 
5 688 405 739 568 14972 0 1 1 blocking 
5 694 413 745 576 14973 0 1 1 blocking 
5 701 421 752 584 14974 0 1 1 blocking 
5 708 429 759 592 14975 0 1 1 blocking 
5 714 437 765 600 14976 0 1 1 blocking 
5 721 445 772 608 14977 0 1 1 blocking 
5 727 453 778 616 14978 0 1 1 blocking 
5 734 461 785 624 14979 0 1 1 blocking 
6 746 438 821 636 14960 0 1 0 blocking 
6 748 433 823 631 14961 0 1 1 spiking 
6 751 429 826 627 14962 0 1 1 spiking 
6 754 425 829 623 14963 0 1 1 spiking 
6 756 421 832 619 14964 0 1 1 spiking 
6 759 417 835 615 14965 0 1 1 spiking 
6 762 413 838 611 14966 0 1 1 spiking 
6 764 409 841 607 14967 0 1 1 spiking 
6 767 405 844 603 14968 0 1 1 spiking 
6 770 401 847 599 14969 0 1 1 spiking 
6 773 397 850 595 14970 0 1 0 spiking 
6 779 399 856 597 14971 0 1 1 spiking 
6 786 401 863 599 14972 0 1 1 spiking 
6 793 404 870 601 14973 0 1 1 spiking 
6 800 406 877 603 14974 0 1 1 spiking 
6 807 408 884 605 14975 0 1 1 spiking 
6 814 411 891 608 14976 0 0 0 spiking 
6 820 418 897 615 14977 0 0 1 spiking 
6 827 426 904 623 14978 0 0 1 spiking 
6 833 433 910 630 14979 0 0 1 spiking 
7 722 377 836 537 14960 0 0 0 spiking 
7 724 378 831 538 14961 0 0 1 standing 
7 726 380 827 540 14962 0 0 1 standing 
7 728 381 823 541 14963 0 0 1 standing 
7 730 383 818 543 14964 0 0 1 standing 
7 733 384 814 544 14965 0 0 1 standing 
7 735 386 810 546 14966 0 0 1 standing 
7 737 387 805 547 14967 0 0 1 standing 
7 739 389 801 549 14968 0 0 1 standing 
7 741 390 797 550 14969 0 0 1 standing 
7 744 392 793 552 14970 0 0 0 standing 
7 751 392 800 553 14971 0 0 1 standing 
7 758 393 807 554 14972 0 0 1 standing 
7 765 394 814 555 14973 0 0 1 standing 
7 772 395 821 556 14974 0 0 1 standing 
7 779 396 828 557 14975 0 0 1 standing 
7 786 397 835 558 14976 0 0 1 standing 
7 793 398 842 559 14977 0 0 1 standing 
7 800 399 849 560 14978 0 0 1 standing 
7 807 400 856 561 14979 0 0 1 standing 
8 698 377 762 517 14960 0 0 0 standing 
8 704 375 768 515 14961 0 0 1 spiking 
8 710 373 774 513 14962 0 0 1 spiking 
8 716 371 780 512 14963 0 0 1 spiking 
8 722 369 786 510 14964 0 0 1 spiking 
8 728 368 792 509 14965 0 0 1 spiking 
8 734 366 798 507 14966 0 0 1 spiking 
8 740 364 804 505 14967 0 0 1 spiking 
8 746 362 810 504 14968 0 0 1 spiking 
8 752 360 816 502 14969 0 0 1 spiking 
8 759 359 823 501 14970 0 0 0 spiking 
8 769 358 833 500 14971 0 0 1 spiking 
8 780 357 844 499 14972 0 0 1 spiking 
8 791 356 855 498 14973 0 0 1 spiking 
8 802 355 866 497 14974 0 0 1 spiking 
8 813 354 877 497 14975 0 0 1 spiking 
8 823 353 887 496 14976 0 0 1 spiking 
8 834 352 898 495 14977 0 0 1 spiking 
8 845 351 909 494 14978 0 0 1 spiking 
8 856 350 920 493 14979 0 0 1 spiking 
9 795 314 847 462 14960 0 0 0 spiking 
9 797 313 849 461 14961 0 0 1 jumping 
9 799 312 851 460 14962 0 0 1 jumping 
9 802 311 854 459 14963 0 0 1 jumping 
9 804 310 856 458 14964 0 0 1 jumping 
9 807 309 859 458 14965 0 0 1 jumping 
9 809 308 861 457 14966 0 0 1 jumping 
9 811 307 863 456 14967 0 0 1 jumping 
9 814 306 866 455 14968 0 0 1 jumping 
9 816 305 868 454 14969 0 0 1 jumping 
9 819 305 871 454 14970 0 0 0 jumping 
9 826 308 878 457 14971 0 0 1 jumping 
9 834 311 886 460 14972 0 0 1 jumping 
9 841 314 893 463 14973 0 0 1 jumping 
9 849 317 901 466 14974 0 0 1 jumping 
9 856 320 908 469 14975 0 0 1 jumping 
9 864 323 916 472 14976 0 0 1 jumping 
9 871 326 923 475 14977 0 0 1 jumping 
9 879 329 931 478 14978 0 0 1 jumping 
9 886 332 938 481 14979 0 0 1 jumping 
10 903 362 969 517 14960 0 0 0 jumping 
10 905 363 971 518 14961 0 0 1 standing 
10 908 364 974 519 14962 0 0 1 standing 
10 910 365 976 520 14963 0 0 1 standing 
10 913 366 979 521 14964 0 0 1 standing 
10 916 368 982 523 14965 0 0 1 standing 
10 918 369 984 524 14966 0 0 1 standing 
10 921 370 987 525 14967 0 0 1 standing 
10 923 371 989 526 14968 0 0 1 standing 
10 926 372 992 527 14969 0 0 1 standing 
10 929 374 995 529 14970 0 0 0 standing 
10 936 375 1002 530 14971 0 0 1 standing 
10 943 376 1009 531 14972 0 0 1 standing 
10 950 377 1016 532 14973 0 0 1 standing 
10 958 378 1024 534 14974 0 0 1 standing 
10 965 380 1031 535 14975 0 0 1 standing 
10 972 381 1038 536 14976 0 0 1 standing 
10 980 382 1046 538 14977 0 0 1 standing 
10 987 383 1053 539 14978 0 0 1 standing 
10 994 384 1060 540 14979 0 0 1 standing 
11 1075 428 1125 576 14960 0 0 0 standing 
11 1073 427 1123 575 14961 0 0 1 standing 
11 1071 427 1121 575 14962 0 0 1 standing 
11 1069 427 1119 575 14963 0 0 1 standing 
11 1067 426 1118 575 14964 0 0 1 standing 
11 1066 426 1116 575 14965 0 0 1 standing 
11 1064 426 1114 574 14966 0 0 1 standing 
11 1062 425 1113 574 14967 0 0 1 standing 
11 1060 425 1111 574 14968 0 0 1 standing 
11 1058 425 1109 574 14969 0 0 1 standing 
11 1057 425 1108 574 14970 0 0 0 standing 
11 1060 424 1111 573 14971 0 0 1 standing 
11 1064 424 1115 573 14972 0 0 1 standing 
11 1068 424 1119 573 14973 0 0 1 standing 
11 1071 424 1122 572 14974 0 0 1 standing 
11 1075 424 1126 572 14975 0 0 1 standing 
11 1079 423 1130 572 14976 0 0 1 standing 
11 1082 423 1133 571 14977 0 0 1 standing 
11 1086 423 1137 571 14978 0 0 1 standing 
11 1090 423 1141 571 14979 0 0 1 standing 
