0 393 425 452 507 99440 0 1 0 digging 
0 398 423 456 506 99441 0 1 1 digging 
0 404 421 460 506 99442 0 1 1 digging 
0 410 419 464 505 99443 0 1 1 digging 
0 416 417 468 505 99444 0 1 0 digging 
0 416 415 467 504 99445 0 1 1 digging 
0 417 414 466 504 99446 0 1 1 digging 
0 418 412 465 504 99447 0 1 1 digging 
0 418 411 464 504 99448 0 1 1 digging 
0 419 409 463 504 99449 0 1 1 digging 
0 420 408 462 504 99450 0 1 0 digging 
0 415 405 457 505 99451 0 1 1 digging 
0 411 403 453 506 99452 0 1 1 digging 
0 406 401 449 507 99453 0 1 1 digging 
0 402 399 445 509 99454 0 1 0 digging 
0 393 397 436 509 99455 0 1 1 digging 
0 384 395 428 510 99456 0 1 1 digging 
0 375 393 420 510 99457 0 1 1 digging 
0 366 392 411 511 99458 0 1 1 digging 
0 357 390 403 511 99459 0 1 1 digging 
1 434 337 481 467 99440 0 0 0 digging 
1 442 333 489 462 99441 0 0 1 standing 
1 451 329 497 457 99442 0 0 1 standing 
1 460 325 506 453 99443 0 0 0 standing 
1 462 323 508 451 99444 0 0 1 standing 
1 465 322 511 449 99445 0 0 1 standing 
1 468 321 514 447 99446 0 0 1 standing 
1 471 320 517 446 99447 0 0 0 standing 
1 473 321 519 446 99448 0 0 1 standing 
1 475 322 521 446 99449 0 0 1 standing 
1 478 323 524 447 99450 0 0 0 standing 
1 479 322 525 446 99451 0 0 1 standing 
1 480 321 527 446 99452 0 0 1 standing 
1 481 321 529 446 99453 0 0 0 standing 
1 478 319 527 444 99454 0 0 1 standing 
1 476 317 525 443 99455 0 0 1 standing 
1 473 315 524 441 99456 0 0 1 standing 
1 471 314 522 440 99457 0 0 1 standing 
1 468 312 521 438 99458 0 0 1 standing 
1 466 310 519 437 99459 0 0 1 standing 
2 626 342 675 475 99440 0 0 0 standing 
2 631 340 680 474 99441 0 0 1 standing 
2 637 338 686 473 99442 0 0 1 standing 
2 643 337 692 473 99443 0 0 0 standing 
2 642 338 691 475 99444 0 0 1 standing 
2 641 340 690 478 99445 0 0 1 standing 
2 640 342 689 481 99446 0 0 1 standing 
2 639 344 688 484 99447 0 0 1 standing 
2 638 346 687 487 99448 0 0 1 standing 
2 637 348 686 490 99449 0 0 1 standing 
2 637 350 685 493 99450 0 0 0 standing 
2 634 349 682 493 99451 0 0 1 standing 
2 631 348 679 493 99452 0 0 1 standing 
2 629 348 677 493 99453 0 0 1 standing 
2 626 347 674 493 99454 0 0 1 standing 
2 624 347 672 493 99455 0 0 0 standing 
2 618 346 666 492 99456 0 0 1 standing 
2 612 345 660 492 99457 0 0 1 standing 
2 607 345 654 492 99458 0 0 1 standing 
2 601 344 648 492 99459 0 0 1 standing 
3 742 405 795 559 99440 0 0 0 standing 
3 751 406 804 560 99441 0 0 1 standing 
3 761 408 814 562 99442 0 0 1 standing 
3 770 410 823 564 99443 0 0 1 standing 
3 780 412 833 566 99444 0 0 0 standing 
3 782 411 835 565 99445 0 0 1 standing 
3 785 411 838 565 99446 0 0 1 standing 
3 788 411 841 565 99447 0 0 1 standing 
3 791 411 844 565 99448 0 0 1 standing 
3 794 411 847 565 99449 0 0 1 standing 
3 797 411 850 565 99450 0 0 0 standing 
3 797 411 850 564 99451 0 0 1 standing 
3 797 411 850 563 99452 0 0 1 standing 
3 797 411 850 562 99453 0 0 1 standing 
3 798 412 850 562 99454 0 0 0 standing 
3 792 411 844 561 99455 0 0 1 standing 
3 787 410 839 561 99456 0 0 1 standing 
3 782 410 834 560 99457 0 0 1 standing 
3 777 409 829 560 99458 0 0 1 standing 
3 772 408 824 559 99459 0 0 1 standing 
4 917 378 959 539 99440 0 0 0 standing 
4 923 377 964 537 99441 0 0 1 blocking 
4 929 376 969 536 99442 0 0 1 blocking 
4 935 375 974 535 99443 0 0 1 blocking 
4 942 374 979 534 99444 0 0 0 blocking 
4 941 374 977 534 99445 0 0 1 blocking 
4 941 374 976 534 99446 0 0 1 blocking 
4 940 374 975 534 99447 0 0 1 blocking 
4 940 374 974 534 99448 0 0 1 blocking 
4 940 374 972 534 99449 0 0 1 blocking 
4 939 374 971 534 99450 0 0 1 blocking 
4 939 374 970 534 99451 0 0 1 blocking 
4 939 375 969 535 99452 0 0 0 blocking 
4 933 375 964 535 99453 0 0 1 blocking 
4 927 375 959 536 99454 0 0 1 blocking 
4 921 376 954 536 99455 0 0 1 blocking 
4 916 376 949 537 99456 0 0 1 blocking 
4 910 376 944 537 99457 0 0 1 blocking 
4 904 377 939 538 99458 0 0 1 blocking 
4 898 377 934 538 99459 0 0 1 blocking 
5 961 417 1012 561 99440 0 0 0 blocking 
5 963 418 1014 563 99441 0 0 1 standing 
5 965 419 1016 566 99442 0 0 1 standing 
5 967 421 1018 569 99443 0 0 1 standing 
5 969 422 1020 571 99444 0 0 1 standing 
5 971 423 1022 574 99445 0 0 1 standing 
5 974 425 1024 577 99446 0 0 0 standing 
5 972 425 1022 579 99447 0 0 1 standing 
5 971 426 1021 581 99448 0 0 1 standing 
5 970 427 1020 583 99449 0 0 1 standing 
5 969 428 1019 585 99450 0 0 0 standing 
5 965 429 1015 585 99451 0 0 1 standing 
5 961 430 1011 586 99452 0 0 1 standing 
5 957 431 1007 586 99453 0 0 1 standing 
5 953 432 1003 587 99454 0 0 1 standing 
5 949 433 999 587 99455 0 0 1 standing 
5 946 435 996 588 99456 0 0 0 standing 
5 939 435 989 587 99457 0 0 1 standing 
5 932 435 982 586 99458 0 0 1 standing 
5 925 435 975 585 99459 0 0 1 standing 
6 1163 379 1218 503 99440 0 0 0 standing 
6 1167 382 1222 504 99441 0 0 1 standing 
6 1171 386 1226 506 99442 0 0 1 standing 
6 1175 389 1230 507 99443 0 0 1 standing 
6 1179 393 1234 509 99444 0 0 1 standing 
6 1184 397 1238 511 99445 0 0 0 standing 
6 1182 397 1236 513 99446 0 0 1 standing 
6 1180 398 1235 516 99447 0 0 1 standing 
6 1179 398 1233 518 99448 0 0 1 standing 
6 1177 399 1232 521 99449 0 0 1 standing 
6 1176 400 1231 524 99450 0 0 0 standing 
6 1172 402 1227 528 99451 0 0 1 standing 
6 1168 404 1223 532 99452 0 0 1 standing 
6 1164 406 1219 536 99453 0 0 1 standing 
6 1161 408 1215 540 99454 0 0 0 standing 
6 1153 409 1207 543 99455 0 0 1 standing 
6 1145 411 1199 547 99456 0 0 1 standing 
6 1138 413 1191 551 99457 0 0 1 standing 
6 1130 414 1183 554 99458 0 0 1 standing 
6 1122 416 1175 558 99459 0 0 1 standing 
7 416 459 467 623 99440 0 0 0 standing 
7 422 459 473 623 99441 0 0 1 standing 
7 428 459 479 623 99442 0 0 1 standing 
7 434 459 485 623 99443 0 0 1 standing 
7 440 459 491 623 99444 0 0 1 standing 
7 446 459 497 623 99445 0 0 0 standing 
7 446 458 497 622 99446 0 0 1 standing 
7 446 458 497 622 99447 0 0 1 standing 
7 446 457 497 621 99448 0 0 1 standing 
7 446 457 497 621 99449 0 0 1 standing 
7 446 457 497 621 99450 0 0 0 standing 
7 444 456 495 620 99451 0 0 1 standing 
7 443 456 494 620 99452 0 0 1 standing 
7 442 456 493 620 99453 0 0 1 standing 
7 441 456 492 620 99454 0 0 0 standing 
7 436 455 487 619 99455 0 0 1 standing 
7 431 455 482 619 99456 0 0 1 standing 
7 426 455 477 619 99457 0 0 1 standing 
7 421 454 472 618 99458 0 0 1 standing 
7 416 454 467 618 99459 0 0 1 standing 
8 954 382 997 529 99440 0 0 0 standing 
8 958 382 1001 529 99441 0 0 1 standing 
8 963 382 1006 529 99442 0 0 1 standing 
8 967 382 1010 529 99443 0 0 1 standing 
8 972 382 1015 529 99444 0 0 0 standing 
8 971 381 1014 528 99445 0 0 1 standing 
8 970 380 1013 527 99446 0 0 1 standing 
8 969 379 1012 526 99447 0 0 1 standing 
8 968 378 1011 525 99448 0 0 1 standing 
8 967 377 1010 524 99449 0 0 1 standing 
8 966 376 1009 523 99450 0 0 0 standing 
8 962 375 1004 522 99451 0 0 1 standing 
8 958 375 1000 521 99452 0 0 1 standing 
8 955 374 996 521 99453 0 0 1 standing 
8 951 374 992 520 99454 0 0 1 standing 
8 947 373 988 519 99455 0 0 1 standing 
8 944 373 984 519 99456 0 0 0 standing 
8 938 372 977 518 99457 0 0 1 standing 
8 932 371 971 517 99458 0 0 1 standing 
8 926 370 965 516 99459 0 0 1 standing 
9 408 428 460 567 99440 0 0 0 standing 
9 418 427 469 565 99441 0 0 1 digging 
9 428 426 478 564 99442 0 0 1 digging 
9 438 425 488 563 99443 0 0 0 digging 
9 438 424 488 562 99444 0 0 1 digging 
9 439 424 488 562 99445 0 0 1 digging 
9 440 424 488 562 99446 0 0 1 digging 
9 440 424 488 562 99447 0 0 1 digging 
9 441 424 488 562 99448 0 0 1 digging 
9 442 424 488 562 99449 0 0 1 digging 
9 443 424 488 562 99450 0 0 0 digging 
9 439 423 485 561 99451 0 0 1 digging 
9 436 423 482 561 99452 0 0 1 digging 
9 433 423 479 560 99453 0 0 1 digging 
9 430 422 476 560 99454 0 0 1 digging 
9 427 422 473 559 99455 0 0 1 digging 
9 424 422 470 559 99456 0 0 0 digging 
9 419 421 465 558 99457 0 0 1 digging 
9 414 421 461 557 99458 0 0 1 digging 
9 409 420 457 556 99459 0 0 1 digging 
