0 203 534 267 632 42950 0 1 0 standing 
0 201 532 265 631 42951 0 1 1 standing 
0 199 530 263 631 42952 0 1 1 standing 
0 197 528 261 631 42953 0 1 1 standing 
0 196 526 259 630 42954 0 1 1 standing 
0 194 524 258 630 42955 0 1 1 standing 
0 192 522 256 630 42956 0 1 1 standing 
0 191 520 254 629 42957 0 1 1 standing 
0 189 518 252 629 42958 0 1 1 standing 
0 187 516 250 629 42959 0 1 1 standing 
0 186 515 249 629 42960 0 1 0 standing 
0 182 513 245 627 42961 0 1 1 standing 
0 179 511 242 626 42962 0 1 1 standing 
0 176 509 239 624 42963 0 1 1 standing 
0 173 507 236 623 42964 0 1 1 standing 
0 170 505 233 621 42965 0 1 1 standing 
0 167 503 229 620 42966 0 1 1 standing 
0 164 501 226 618 42967 0 1 1 standing 
0 161 499 223 617 42968 0 1 1 standing 
0 158 497 220 615 42969 0 1 1 standing 
1 304 402 347 551 42950 0 1 0 standing 
1 302 402 345 551 42951 0 1 1 standing 
1 301 403 344 552 42952 0 1 1 standing 
1 299 403 342 552 42953 0 1 1 standing 
1 298 404 341 553 42954 0 1 1 standing 
1 296 405 339 554 42955 0 1 1 standing 
1 295 405 338 554 42956 0 1 1 standing 
1 293 406 336 555 42957 0 1 1 standing 
1 292 406 335 555 42958 0 1 1 standing 
1 290 407 333 556 42959 0 1 1 standing 
1 289 408 332 557 42960 0 1 0 standing 
1 286 408 329 557 42961 0 1 1 standing 
1 284 408 327 557 42962 0 1 1 standing 
1 281 408 324 557 42963 0 1 1 standing 
1 279 408 322 557 42964 0 1 1 standing 
1 277 409 320 558 42965 0 1 1 standing 
1 274 409 317 558 42966 0 1 1 standing 
1 272 409 315 558 42967 0 1 1 standing 
1 269 409 312 558 42968 0 1 1 standing 
1 267 409 310 558 42969 0 1 1 standing 
2 253 405 298 538 42950 0 1 0 standing 
2 250 406 295 539 42951 0 1 1 standing 
2 248 407 293 540 42952 0 1 1 standing 
2 246 408 291 541 42953 0 1 1 standing 
2 244 409 289 542 42954 0 1 1 standing 
2 242 410 287 543 42955 0 1 1 standing 
2 240 411 285 544 42956 0 1 1 standing 
2 238 412 283 545 42957 0 1 1 standing 
2 236 413 281 546 42958 0 1 1 standing 
2 234 414 279 547 42959 0 1 1 standing 
2 232 416 277 549 42960 0 1 0 standing 
2 229 417 274 550 42961 0 1 1 standing 
2 227 418 272 551 42962 0 1 1 standing 
2 224 420 269 553 42963 0 1 1 standing 
2 222 421 267 554 42964 0 1 1 standing 
2 219 423 264 556 42965 0 1 1 standing 
2 217 424 262 557 42966 0 1 1 standing 
2 214 425 259 558 42967 0 1 1 standing 
2 212 427 257 560 42968 0 1 1 standing 
2 209 428 254 561 42969 0 1 1 standing 
3 489 458 532 609 42950 0 0 0 standing 
3 492 458 535 609 42951 0 0 1 standing 
3 495 458 538 609 42952 0 0 1 standing 
3 498 458 541 609 42953 0 0 1 standing 
3 501 458 544 609 42954 0 0 1 standing 
3 504 458 547 609 42955 0 0 1 standing 
3 507 458 550 609 42956 0 0 1 standing 
3 510 458 553 609 42957 0 0 1 standing 
3 513 458 556 609 42958 0 0 1 standing 
3 516 458 559 609 42959 0 0 1 standing 
3 519 459 562 610 42960 0 0 0 standing 
3 522 459 565 610 42961 0 0 1 standing 
3 525 459 568 610 42962 0 0 1 standing 
3 528 459 571 610 42963 0 0 1 standing 
3 531 459 574 610 42964 0 0 1 standing 
3 535 460 578 611 42965 0 0 1 standing 
3 538 460 581 611 42966 0 0 1 standing 
3 541 460 584 611 42967 0 0 1 standing 
3 544 460 587 611 42968 0 0 1 standing 
3 547 460 590 611 42969 0 0 1 standing 
4 656 389 697 531 42950 0 0 0 standing 
4 656 389 697 531 42951 0 0 1 standing 
4 656 389 697 531 42952 0 0 1 standing 
4 656 390 697 532 42953 0 0 1 standing 
4 656 390 697 532 42954 0 0 1 standing 
4 656 391 697 533 42955 0 0 1 standing 
4 656 391 697 533 42956 0 0 1 standing 
4 656 391 697 533 42957 0 0 1 standing 
4 656 392 697 534 42958 0 0 1 standing 
4 656 392 697 534 42959 0 0 1 standing 
4 656 393 697 535 42960 0 0 0 standing 
4 655 393 696 535 42961 0 0 1 standing 
4 655 393 696 535 42962 0 0 1 standing 
4 655 393 696 535 42963 0 0 1 standing 
4 655 394 696 536 42964 0 0 1 standing 
4 655 394 696 536 42965 0 0 1 standing 
4 655 394 696 536 42966 0 0 1 standing 
4 655 395 696 537 42967 0 0 1 standing 
4 655 395 696 537 42968 0 0 1 standing 
4 655 395 696 537 42969 0 0 1 standing 
5 842 477 889 619 42950 0 0 0 standing 
5 843 477 890 619 42951 0 0 1 standing 
5 844 477 891 619 42952 0 0 1 standing 
5 845 477 892 619 42953 0 0 1 standing 
5 846 478 893 620 42954 0 0 1 standing 
5 847 478 894 620 42955 0 0 1 standing 
5 848 478 895 620 42956 0 0 1 standing 
5 849 479 896 621 42957 0 0 1 standing 
5 850 479 897 621 42958 0 0 1 standing 
5 851 479 898 621 42959 0 0 1 standing 
5 852 480 899 622 42960 0 0 0 standing 
5 853 481 900 623 42961 0 0 1 standing 
5 855 482 902 624 42962 0 0 1 standing 
5 856 483 903 625 42963 0 0 1 standing 
5 858 484 905 626 42964 0 0 1 standing 
5 860 485 907 627 42965 0 0 1 standing 
5 861 486 908 628 42966 0 0 1 standing 
5 863 487 910 629 42967 0 0 1 standing 
5 864 488 911 630 42968 0 0 1 standing 
5 866 489 913 631 42969 0 0 1 standing 
6 246 470 294 606 42950 0 1 0 standing 
6 245 470 293 606 42951 0 1 1 standing 
6 245 470 293 606 42952 0 1 1 standing 
6 245 470 293 606 42953 0 1 1 standing 
6 245 470 293 606 42954 0 1 1 standing 
6 245 470 293 606 42955 0 1 1 standing 
6 244 470 292 606 42956 0 1 1 standing 
6 244 470 292 606 42957 0 1 1 standing 
6 244 470 292 606 42958 0 1 1 standing 
6 244 470 292 606 42959 0 1 1 standing 
6 244 471 292 607 42960 0 1 0 standing 
6 244 471 292 607 42961 0 1 1 standing 
6 244 471 292 607 42962 0 1 1 standing 
6 244 471 292 607 42963 0 1 1 standing 
6 245 472 293 608 42964 0 1 1 standing 
6 245 472 293 608 42965 0 1 1 standing 
6 245 472 293 608 42966 0 1 1 standing 
6 246 473 294 609 42967 0 1 1 standing 
6 246 473 294 609 42968 0 1 1 standing 
6 246 473 294 609 42969 0 1 1 standing 
7 323 496 374 639 42950 0 1 0 standing 
7 320 495 371 638 42951 0 1 1 standing 
7 318 494 369 638 42952 0 1 1 standing 
7 315 493 366 637 42953 0 1 1 standing 
7 313 492 364 637 42954 0 1 1 standing 
7 311 491 361 636 42955 0 1 1 standing 
7 308 490 359 636 42956 0 1 1 standing 
7 306 489 356 635 42957 0 1 1 standing 
7 303 488 354 635 42958 0 1 1 standing 
7 301 487 351 634 42959 0 1 1 standing 
7 299 487 349 634 42960 0 1 0 standing 
7 296 485 346 632 42961 0 1 1 standing 
7 294 483 344 630 42962 0 1 1 standing 
7 291 482 341 629 42963 0 1 1 standing 
7 289 480 339 627 42964 0 1 1 standing 
7 287 479 337 626 42965 0 1 1 standing 
7 284 477 334 624 42966 0 1 1 standing 
7 282 475 332 622 42967 0 1 1 standing 
7 279 474 329 621 42968 0 1 1 standing 
7 277 472 327 619 42969 0 1 1 standing 
8 410 519 462 669 42950 0 0 0 standing 
8 412 520 464 670 42951 0 0 1 standing 
8 415 521 467 671 42952 0 0 1 standing 
8 418 522 470 672 42953 0 0 1 standing 
8 420 523 472 673 42954 0 0 1 standing 
8 423 525 475 675 42955 0 0 1 standing 
8 426 526 478 676 42956 0 0 1 standing 
8 428 527 480 677 42957 0 0 1 standing 
8 431 528 483 678 42958 0 0 1 standing 
8 434 529 486 679 42959 0 0 1 standing 
8 437 531 489 681 42960 0 0 0 standing 
8 439 531 491 681 42961 0 0 1 standing 
8 441 532 493 682 42962 0 0 1 standing 
8 443 532 495 682 42963 0 0 1 standing 
8 445 533 497 683 42964 0 0 1 standing 
8 447 533 499 683 42965 0 0 1 standing 
8 449 534 501 684 42966 0 0 1 standing 
8 451 534 503 684 42967 0 0 1 standing 
8 453 535 505 685 42968 0 0 1 standing 
8 455 535 507 685 42969 0 0 1 standing 
9 556 380 606 517 42950 0 0 0 standing 
9 558 381 608 518 42951 0 0 1 standing 
9 560 382 610 519 42952 0 0 1 standing 
9 562 383 612 520 42953 0 0 1 standing 
9 564 385 614 522 42954 0 0 1 standing 
9 567 386 617 523 42955 0 0 1 standing 
9 569 387 619 524 42956 0 0 1 standing 
9 571 389 621 526 42957 0 0 1 standing 
9 573 390 623 527 42958 0 0 1 standing 
9 575 391 625 528 42959 0 0 1 standing 
9 578 393 628 530 42960 0 0 0 standing 
9 579 393 629 530 42961 0 0 1 standing 
9 580 394 630 531 42962 0 0 1 standing 
9 582 395 632 532 42963 0 0 1 standing 
9 583 395 633 532 42964 0 0 1 standing 
9 585 396 635 533 42965 0 0 1 standing 
9 586 397 636 534 42966 0 0 1 standing 
9 587 397 637 534 42967 0 0 1 standing 
9 589 398 639 535 42968 0 0 1 standing 
9 590 399 640 536 42969 0 0 1 standing 
10 823 409 867 552 42950 0 0 0 standing 
10 821 409 865 552 42951 0 0 1 standing 
10 819 410 863 553 42952 0 0 1 standing 
10 817 411 861 554 42953 0 0 1 standing 
10 815 412 859 555 42954 0 0 1 standing 
10 814 413 858 556 42955 0 0 1 standing 
10 812 413 856 556 42956 0 0 1 standing 
10 810 414 854 557 42957 0 0 1 standing 
10 808 415 852 558 42958 0 0 1 standing 
10 806 416 850 559 42959 0 0 1 standing 
10 805 417 849 560 42960 0 0 0 standing 
10 802 417 846 560 42961 0 0 1 standing 
10 799 417 843 560 42962 0 0 1 standing 
10 796 417 840 560 42963 0 0 1 standing 
10 794 417 838 560 42964 0 0 1 standing 
10 791 417 835 560 42965 0 0 1 standing 
10 788 417 832 560 42966 0 0 1 standing 
10 786 417 830 560 42967 0 0 1 standing 
10 783 417 827 560 42968 0 0 1 standing 
10 780 417 824 560 42969 0 0 1 standing 
