0 267 350 346 471 46275 0 1 0 digging 
0 294 347 373 470 46276 0 1 1 digging 
0 321 345 400 469 46277 0 1 1 digging 
0 348 343 427 469 46278 0 1 0 digging 
0 367 341 445 467 46279 0 1 1 digging 
0 386 340 464 465 46280 0 1 1 digging 
0 405 339 483 463 46281 0 1 1 digging 
0 424 338 502 461 46282 0 1 0 digging 
0 429 331 505 460 46283 0 1 1 digging 
0 435 325 509 459 46284 0 1 1 digging 
0 440 319 512 458 46285 0 1 1 digging 
0 446 313 516 457 46286 0 1 1 digging 
0 452 307 520 457 46287 0 1 0 digging 
0 439 303 510 456 46288 0 1 1 digging 
0 426 300 500 456 46289 0 1 1 digging 
0 413 296 490 455 46290 0 1 1 digging 
0 400 293 480 455 46291 0 1 1 digging 
0 387 290 471 455 46292 0 1 0 digging 
0 375 297 462 454 46293 0 1 1 digging 
0 363 304 453 453 46294 0 1 1 digging 
1 490 404 572 540 46275 0 0 0 digging 
1 521 405 597 539 46276 0 0 1 standing 
1 552 406 622 539 46277 0 0 1 standing 
1 583 408 647 539 46278 0 0 0 standing 
1 608 407 672 538 46279 0 0 1 standing 
1 633 406 697 537 46280 0 0 1 standing 
1 659 405 723 536 46281 0 0 0 standing 
1 676 406 743 539 46282 0 0 1 standing 
1 693 407 764 542 46283 0 0 1 standing 
1 710 408 785 546 46284 0 0 0 standing 
1 718 412 793 550 46285 0 0 1 standing 
1 726 416 801 554 46286 0 0 1 standing 
1 735 420 810 558 46287 0 0 0 standing 
1 735 420 812 557 46288 0 0 1 standing 
1 735 420 815 557 46289 0 0 1 standing 
1 735 420 818 557 46290 0 0 0 standing 
1 735 417 813 553 46291 0 0 1 standing 
1 736 414 808 549 46292 0 0 1 standing 
1 737 412 803 545 46293 0 0 1 standing 
1 738 409 798 541 46294 0 0 1 standing 
2 196 447 249 627 46275 0 0 0 standing 
2 220 447 276 627 46276 0 0 1 standing 
2 244 448 304 627 46277 0 0 1 standing 
2 268 449 332 628 46278 0 0 0 standing 
2 288 450 354 628 46279 0 0 1 standing 
2 308 451 376 629 46280 0 0 1 standing 
2 328 452 398 630 46281 0 0 0 standing 
2 341 451 414 629 46282 0 0 1 standing 
2 354 451 430 628 46283 0 0 1 standing 
2 367 451 446 628 46284 0 0 0 standing 
2 372 451 451 628 46285 0 0 1 standing 
2 377 451 456 628 46286 0 0 1 standing 
2 382 451 461 628 46287 0 0 0 standing 
2 380 451 457 626 46288 0 0 1 standing 
2 379 452 453 625 46289 0 0 1 standing 
2 378 453 450 624 46290 0 0 0 standing 
2 372 454 444 625 46291 0 0 1 standing 
2 366 455 439 627 46292 0 0 1 standing 
2 361 456 434 629 46293 0 0 1 standing 
2 355 457 429 631 46294 0 0 1 standing 
3 88 435 160 578 46275 0 0 0 standing 
3 116 433 188 576 46276 0 0 1 standing 
3 144 431 216 574 46277 0 0 1 standing 
3 172 429 244 572 46278 0 0 0 standing 
3 192 427 267 569 46279 0 0 1 standing 
3 212 425 290 567 46280 0 0 1 standing 
3 233 423 314 565 46281 0 0 0 standing 
3 247 422 330 562 46282 0 0 1 standing 
3 261 421 346 559 46283 0 0 1 standing 
3 276 420 362 557 46284 0 0 0 standing 
3 281 420 367 557 46285 0 0 1 standing 
3 286 420 372 557 46286 0 0 1 standing 
3 291 421 377 558 46287 0 0 0 standing 
3 289 421 375 558 46288 0 0 1 standing 
3 287 421 373 558 46289 0 0 1 standing 
3 286 422 372 559 46290 0 0 0 standing 
3 279 423 369 559 46291 0 0 1 standing 
3 273 424 366 559 46292 0 0 1 standing 
3 266 425 363 560 46293 0 0 1 standing 
3 260 426 360 560 46294 0 0 1 standing 
4 150 360 208 494 46275 0 0 0 standing 
4 174 359 234 491 46276 0 0 1 standing 
4 198 358 260 489 46277 0 0 1 standing 
4 223 357 286 487 46278 0 0 0 standing 
4 246 355 309 485 46279 0 0 1 standing 
4 269 354 332 484 46280 0 0 1 standing 
4 293 353 356 483 46281 0 0 0 standing 
4 305 352 366 481 46282 0 0 1 standing 
4 317 351 377 480 46283 0 0 1 standing 
4 330 350 388 479 46284 0 0 0 standing 
4 333 349 391 479 46285 0 0 1 standing 
4 337 348 394 479 46286 0 0 1 standing 
4 341 347 398 479 46287 0 0 0 standing 
4 339 347 396 479 46288 0 0 1 standing 
4 337 347 394 479 46289 0 0 1 standing 
4 335 347 392 479 46290 0 0 0 standing 
4 325 346 385 479 46291 0 0 1 standing 
4 316 345 378 479 46292 0 0 1 standing 
4 307 344 371 480 46293 0 0 1 standing 
4 298 343 364 480 46294 0 0 1 standing 
5 396 329 499 457 46275 0 0 0 standing 
5 426 327 526 453 46276 0 0 1 standing 
5 456 325 554 449 46277 0 0 1 standing 
5 487 324 582 445 46278 0 0 0 standing 
5 511 322 606 443 46279 0 0 1 standing 
5 535 321 630 442 46280 0 0 1 standing 
5 559 320 654 441 46281 0 0 0 standing 
5 576 316 670 441 46282 0 0 1 standing 
5 593 312 687 442 46283 0 0 1 standing 
5 610 309 704 443 46284 0 0 0 standing 
5 616 308 709 442 46285 0 0 1 standing 
5 622 307 714 441 46286 0 0 1 standing 
5 628 307 719 440 46287 0 0 0 standing 
5 626 307 717 440 46288 0 0 1 standing 
5 624 308 715 441 46289 0 0 1 standing 
5 622 309 713 442 46290 0 0 0 standing 
5 616 310 708 440 46291 0 0 1 standing 
5 610 312 704 438 46292 0 0 1 standing 
5 605 313 700 437 46293 0 0 1 standing 
5 599 315 696 435 46294 0 0 1 standing 
6 993 417 1035 573 46275 0 0 0 standing 
6 1019 417 1061 573 46276 0 0 1 standing 
6 1045 417 1087 573 46277 0 0 1 standing 
6 1072 418 1114 574 46278 0 0 0 standing 
6 1096 420 1138 576 46279 0 0 1 standing 
6 1120 422 1162 578 46280 0 0 1 standing 
6 1145 424 1187 580 46281 0 0 0 standing 
6 1162 425 1207 581 46282 0 0 1 standing 
6 1179 426 1227 582 46283 0 0 1 standing 
6 1197 428 1248 583 46284 0 0 0 standing 
6 1201 428 1256 583 46285 0 0 1 standing 
6 1205 428 1264 583 46286 0 0 1 standing 
6 1210 429 1272 583 46287 0 0 0 standing 
6 1210 429 1274 582 46288 0 0 1 standing 
6 1211 429 1276 582 46289 0 0 1 standing 
6 1212 429 1279 582 46290 0 0 0 standing 
6 1210 429 1279 581 46291 0 0 1 standing 
6 1208 429 1279 581 46292 0 0 1 standing 
6 1206 429 1279 581 46293 0 0 1 standing 
6 1204 429 1279 581 46294 0 0 1 standing 
7 1188 458 1257 621 46275 0 0 0 standing 
7 1206 468 1264 631 46276 0 0 1 standing 
7 1224 478 1271 641 46277 0 0 1 standing 
7 1242 488 1279 651 46278 0 0 0 standing 
7 1247 488 1279 651 46279 0 0 1 standing 
7 1252 488 1279 651 46280 0 0 1 standing 
7 1257 488 1279 651 46281 0 0 0 standing 
7 1257 488 1279 651 46282 0 0 1 standing 
7 1257 488 1279 651 46283 0 0 1 standing 
7 1257 488 1279 651 46284 0 0 1 standing 
7 1257 488 1279 651 46285 0 0 1 standing 
7 1257 488 1279 651 46286 0 0 1 standing 
7 1257 488 1279 651 46287 0 0 1 standing 
7 1257 488 1279 651 46288 0 0 1 standing 
7 1257 488 1279 651 46289 0 0 1 standing 
7 1257 488 1279 651 46290 0 0 1 standing 
7 1257 488 1279 651 46291 0 0 1 standing 
7 1257 488 1279 651 46292 0 0 1 standing 
7 1257 488 1279 651 46293 0 0 1 standing 
7 1257 488 1279 651 46294 0 0 1 standing 
8 690 335 736 489 46275 0 0 0 standing 
8 713 333 758 486 46276 0 0 1 standing 
8 736 332 781 483 46277 0 0 1 standing 
8 759 331 804 480 46278 0 0 0 standing 
8 779 331 824 480 46279 0 0 1 standing 
8 800 331 845 480 46280 0 0 1 standing 
8 821 332 866 481 46281 0 0 0 standing 
8 837 332 882 481 46282 0 0 1 standing 
8 853 332 898 481 46283 0 0 1 standing 
8 869 332 914 481 46284 0 0 0 standing 
8 874 332 919 481 46285 0 0 1 standing 
8 879 332 924 481 46286 0 0 1 standing 
8 885 332 930 481 46287 0 0 0 standing 
8 881 332 926 481 46288 0 0 1 standing 
8 877 332 922 481 46289 0 0 1 standing 
8 873 332 918 481 46290 0 0 0 standing 
8 869 332 914 481 46291 0 0 1 standing 
8 865 332 910 481 46292 0 0 1 standing 
8 862 332 907 481 46293 0 0 1 standing 
8 858 332 903 481 46294 0 0 1 standing 
9 634 332 726 504 46275 0 0 0 standing 
9 662 332 752 504 46276 0 0 1 blocking 
9 690 333 778 504 46277 0 0 1 blocking 
9 719 334 804 505 46278 0 0 0 blocking 
9 742 333 826 503 46279 0 0 1 blocking 
9 765 332 848 502 46280 0 0 1 blocking 
9 788 331 870 501 46281 0 0 0 blocking 
9 806 332 884 501 46282 0 0 1 blocking 
9 824 333 898 502 46283 0 0 1 blocking 
9 842 334 913 503 46284 0 0 0 blocking 
9 846 334 917 503 46285 0 0 1 blocking 
9 851 335 922 504 46286 0 0 1 blocking 
9 856 336 927 505 46287 0 0 0 blocking 
9 857 337 925 505 46288 0 0 1 blocking 
9 858 338 923 506 46289 0 0 1 blocking 
9 859 339 921 507 46290 0 0 0 blocking 
9 854 341 917 506 46291 0 0 1 blocking 
9 849 343 914 506 46292 0 0 1 blocking 
9 844 345 911 506 46293 0 0 1 blocking 
9 839 347 908 506 46294 0 0 1 blocking 
10 627 353 693 525 46275 0 0 0 blocking 
10 654 353 720 525 46276 0 0 1 blocking 
10 681 353 747 525 46277 0 0 1 blocking 
10 709 353 775 525 46278 0 0 0 blocking 
10 734 352 796 523 46279 0 0 1 blocking 
10 759 351 817 522 46280 0 0 1 blocking 
10 784 350 838 521 46281 0 0 0 blocking 
10 799 350 855 521 46282 0 0 1 blocking 
10 814 350 872 521 46283 0 0 1 blocking 
10 830 351 890 521 46284 0 0 0 blocking 
10 836 352 895 525 46285 0 0 1 blocking 
10 842 353 901 529 46286 0 0 1 blocking 
10 848 354 907 534 46287 0 0 0 blocking 
10 848 355 907 534 46288 0 0 1 blocking 
10 848 356 907 534 46289 0 0 1 blocking 
10 849 358 907 535 46290 0 0 0 blocking 
10 846 362 904 535 46291 0 0 1 blocking 
10 843 366 901 535 46292 0 0 1 blocking 
10 840 370 898 535 46293 0 0 1 blocking 
10 837 374 895 535 46294 0 0 1 blocking 
11 963 306 1012 465 46275 0 0 0 blocking 
11 991 307 1040 466 46276 0 0 1 standing 
11 1019 308 1068 467 46277 0 0 1 standing 
11 1047 309 1096 468 46278 0 0 0 standing 
11 1070 309 1119 468 46279 0 0 1 standing 
11 1093 310 1142 469 46280 0 0 1 standing 
11 1117 311 1166 470 46281 0 0 0 standing 
11 1134 312 1183 471 46282 0 0 1 standing 
11 1151 313 1200 472 46283 0 0 1 standing 
11 1169 314 1218 473 46284 0 0 0 standing 
11 1175 314 1225 472 46285 0 0 1 standing 
11 1182 314 1233 472 46286 0 0 1 standing 
11 1189 314 1241 472 46287 0 0 0 standing 
11 1187 314 1239 472 46288 0 0 1 standing 
11 1185 314 1237 472 46289 0 0 1 standing 
11 1183 315 1235 473 46290 0 0 0 standing 
11 1181 314 1231 472 46291 0 0 1 standing 
11 1179 314 1227 472 46292 0 0 1 standing 
11 1177 314 1223 472 46293 0 0 1 standing 
11 1175 314 1219 472 46294 0 0 1 standing 
