0 69 508 138 667 13800 0 0 0 standing 
0 111 505 182 663 13801 0 0 1 standing 
0 153 502 226 660 13802 0 0 1 standing 
0 196 499 270 657 13803 0 0 1 standing 
0 238 496 314 654 13804 0 0 1 standing 
0 281 493 358 651 13805 0 0 1 standing 
0 323 490 402 647 13806 0 0 1 standing 
0 365 487 446 644 13807 0 0 1 standing 
0 408 484 490 641 13808 0 0 1 standing 
0 450 481 534 638 13809 0 0 1 standing 
0 493 479 579 635 13810 0 0 0 standing 
0 520 479 607 638 13811 0 0 1 standing 
0 547 479 635 641 13812 0 0 1 standing 
0 575 480 664 645 13813 0 0 0 standing 
0 578 478 667 642 13814 0 0 1 standing 
0 582 476 671 639 13815 0 0 1 standing 
0 586 475 674 637 13816 0 0 1 standing 
0 589 473 678 634 13817 0 0 1 standing 
0 593 472 681 632 13818 0 0 1 standing 
0 597 470 685 629 13819 0 0 1 standing 
1 289 460 357 613 13800 0 0 0 standing 
1 332 458 397 611 13801 0 0 1 standing 
1 375 457 437 609 13802 0 0 1 standing 
1 419 456 477 608 13803 0 0 0 standing 
1 466 456 525 605 13804 0 0 1 standing 
1 514 456 573 603 13805 0 0 1 standing 
1 561 456 621 601 13806 0 0 1 standing 
1 609 456 669 599 13807 0 0 1 standing 
1 657 456 718 597 13808 0 0 0 standing 
1 693 457 755 596 13809 0 0 1 standing 
1 730 459 793 595 13810 0 0 1 standing 
1 767 460 830 594 13811 0 0 1 standing 
1 804 462 868 594 13812 0 0 0 standing 
1 826 464 889 596 13813 0 0 1 standing 
1 848 466 910 598 13814 0 0 1 standing 
1 870 468 931 600 13815 0 0 0 standing 
1 874 467 933 599 13816 0 0 1 standing 
1 878 466 936 598 13817 0 0 1 standing 
1 882 466 939 598 13818 0 0 1 standing 
1 886 465 942 597 13819 0 0 1 standing 
2 413 410 471 569 13800 0 0 0 standing 
2 456 408 514 567 13801 0 0 1 standing 
2 499 407 557 566 13802 0 0 1 standing 
2 542 406 600 565 13803 0 0 1 standing 
2 585 404 643 563 13804 0 0 1 standing 
2 628 403 686 562 13805 0 0 1 standing 
2 672 402 730 561 13806 0 0 0 standing 
2 720 402 773 561 13807 0 0 1 standing 
2 768 402 817 561 13808 0 0 1 standing 
2 816 402 860 561 13809 0 0 1 standing 
2 864 403 904 561 13810 0 0 0 standing 
2 888 404 929 562 13811 0 0 1 standing 
2 913 405 954 563 13812 0 0 1 standing 
2 937 406 979 564 13813 0 0 1 standing 
2 962 407 1004 565 13814 0 0 1 standing 
2 987 408 1029 566 13815 0 0 0 standing 
2 988 408 1031 566 13816 0 0 1 standing 
2 989 408 1034 566 13817 0 0 1 standing 
2 991 408 1036 566 13818 0 0 1 standing 
2 992 408 1039 566 13819 0 0 1 standing 
3 438 403 495 553 13800 0 0 0 standing 
3 481 401 538 551 13801 0 0 1 standing 
3 524 400 581 550 13802 0 0 1 standing 
3 567 399 624 549 13803 0 0 1 standing 
3 610 397 667 547 13804 0 0 1 standing 
3 653 396 710 546 13805 0 0 1 standing 
3 696 395 753 545 13806 0 0 0 standing 
3 741 395 795 545 13807 0 0 1 standing 
3 786 396 837 545 13808 0 0 1 standing 
3 831 396 879 545 13809 0 0 1 standing 
3 876 397 921 546 13810 0 0 0 standing 
3 899 397 944 546 13811 0 0 1 standing 
3 922 397 967 546 13812 0 0 1 standing 
3 945 397 990 546 13813 0 0 1 standing 
3 968 397 1013 546 13814 0 0 1 standing 
3 991 398 1037 547 13815 0 0 0 standing 
3 992 398 1039 547 13816 0 0 1 standing 
3 994 398 1041 547 13817 0 0 1 standing 
3 996 398 1043 547 13818 0 0 1 standing 
3 998 398 1045 547 13819 0 0 1 standing 
4 477 414 530 580 13800 0 0 0 standing 
4 517 415 570 579 13801 0 0 1 standing 
4 558 417 610 578 13802 0 0 1 standing 
4 598 419 651 577 13803 0 0 1 standing 
4 639 421 691 576 13804 0 0 1 standing 
4 680 423 732 576 13805 0 0 0 standing 
4 722 422 774 577 13806 0 0 1 standing 
4 765 421 816 578 13807 0 0 1 standing 
4 807 421 858 579 13808 0 0 1 standing 
4 850 420 900 580 13809 0 0 1 standing 
4 893 420 943 581 13810 0 0 0 standing 
4 918 422 968 584 13811 0 0 1 standing 
4 944 424 993 588 13812 0 0 1 standing 
4 970 426 1018 591 13813 0 0 1 standing 
4 996 428 1044 595 13814 0 0 0 standing 
4 997 429 1045 596 13815 0 0 1 standing 
4 999 430 1047 597 13816 0 0 1 standing 
4 1001 432 1049 599 13817 0 0 1 standing 
4 1003 433 1051 600 13818 0 0 1 standing 
4 1005 435 1053 602 13819 0 0 0 standing 
5 784 469 835 613 13800 0 0 0 standing 
5 825 469 876 613 13801 0 0 1 standing 
5 867 470 918 614 13802 0 0 1 standing 
5 909 471 959 615 13803 0 0 1 standing 
5 951 472 1001 616 13804 0 0 1 standing 
5 993 473 1043 617 13805 0 0 0 standing 
5 1040 476 1090 620 13806 0 0 1 standing 
5 1087 479 1137 623 13807 0 0 1 standing 
5 1134 483 1184 627 13808 0 0 1 standing 
5 1181 486 1231 630 13809 0 0 1 standing 
5 1228 490 1278 634 13810 1 0 0 standing 
5 1228 490 1278 634 13811 1 0 1 standing 
5 1228 490 1278 634 13812 1 0 1 standing 
5 1228 490 1278 634 13813 1 0 1 standing 
5 1228 490 1278 634 13814 1 0 1 standing 
5 1228 490 1278 634 13815 1 0 1 standing 
5 1228 490 1278 634 13816 1 0 1 standing 
5 1228 490 1278 634 13817 1 0 1 standing 
5 1228 490 1278 634 13818 1 0 1 standing 
5 1228 490 1278 634 13819 1 0 1 standing 
6 961 430 1015 595 13800 0 0 0 standing 
6 1004 431 1058 596 13801 0 0 1 standing 
6 1048 432 1102 597 13802 0 0 1 standing 
6 1092 433 1146 598 13803 0 0 1 standing 
6 1135 434 1189 599 13804 0 0 1 standing 
6 1179 435 1233 600 13805 0 0 1 standing 
6 1223 437 1277 602 13806 1 0 0 standing 
6 1223 437 1277 602 13807 1 0 1 standing 
6 1223 437 1277 602 13808 1 0 1 standing 
6 1223 437 1277 602 13809 1 0 1 standing 
6 1223 437 1277 602 13810 1 0 0 standing 
6 1223 437 1277 602 13811 1 0 1 standing 
6 1223 437 1277 602 13812 1 0 1 standing 
6 1223 437 1277 602 13813 1 0 1 standing 
6 1223 437 1277 602 13814 1 0 1 standing 
6 1223 437 1277 602 13815 1 0 1 standing 
6 1223 437 1277 602 13816 1 0 1 standing 
6 1223 437 1277 602 13817 1 0 1 standing 
6 1223 437 1277 602 13818 1 0 1 standing 
6 1223 437 1277 602 13819 1 0 1 standing 
7 13 385 65 520 13800 1 0 1 standing 
7 13 385 65 520 13801 1 0 1 standing 
7 13 385 65 520 13802 0 0 0 standing 
7 65 379 117 514 13803 0 0 1 standing 
7 117 373 169 508 13804 0 0 1 standing 
7 170 368 222 503 13805 0 0 0 standing 
7 215 362 266 498 13806 0 0 1 standing 
7 261 356 311 494 13807 0 0 1 standing 
7 307 350 356 490 13808 0 0 1 standing 
7 353 344 401 486 13809 0 0 1 standing 
7 399 339 446 482 13810 0 0 0 standing 
7 429 341 478 481 13811 0 0 1 standing 
7 460 343 510 480 13812 0 0 1 standing 
7 491 345 543 480 13813 0 0 0 standing 
7 494 344 551 477 13814 0 0 1 standing 
7 498 344 560 474 13815 0 0 1 standing 
7 502 343 568 471 13816 0 0 1 standing 
7 505 343 577 469 13817 0 0 1 standing 
7 509 342 585 466 13818 0 0 1 standing 
7 513 342 594 463 13819 0 0 1 standing 
8 24 514 86 639 13800 1 1 0 standing 
8 24 514 86 639 13801 1 1 1 standing 
8 24 514 86 639 13802 1 1 1 standing 
8 24 514 86 639 13803 1 1 1 standing 
8 24 514 86 639 13804 0 1 0 standing 
8 71 509 134 637 13805 0 1 1 standing 
8 119 505 182 636 13806 0 1 1 standing 
8 166 501 231 634 13807 0 1 1 standing 
8 214 496 279 633 13808 0 1 1 standing 
8 261 492 327 631 13809 0 1 1 standing 
8 309 488 376 630 13810 0 1 0 standing 
8 332 481 402 628 13811 0 1 1 standing 
8 355 474 429 626 13812 0 1 1 standing 
8 379 467 456 625 13813 0 1 0 standing 
8 387 471 463 629 13814 0 1 1 standing 
8 396 476 470 634 13815 0 1 1 standing 
8 404 481 477 638 13816 0 1 1 standing 
8 413 486 485 643 13817 0 1 0 standing 
8 412 485 483 642 13818 0 1 1 standing 
8 412 484 482 641 13819 0 1 1 standing 
9 63 473 118 584 13800 1 1 1 standing 
9 66 472 121 584 13801 1 1 1 standing 
9 69 472 124 584 13802 1 1 1 standing 
9 72 472 127 584 13803 1 1 1 standing 
9 75 472 130 584 13804 1 1 1 standing 
9 78 472 133 584 13805 1 1 1 standing 
9 81 472 136 584 13806 0 1 0 standing 
9 128 469 184 582 13807 0 1 1 standing 
9 175 466 232 580 13808 0 1 1 standing 
9 222 463 280 578 13809 0 1 0 standing 
9 246 461 312 576 13810 0 1 1 standing 
9 271 460 344 575 13811 0 1 1 standing 
9 296 458 376 574 13812 0 1 1 standing 
9 321 457 408 573 13813 0 1 0 standing 
9 326 458 409 575 13814 0 1 1 standing 
9 332 460 411 577 13815 0 1 1 standing 
9 338 461 413 579 13816 0 1 1 standing 
9 344 463 415 582 13817 0 1 0 standing 
9 337 462 407 581 13818 0 1 1 standing 
9 331 462 400 581 13819 0 1 1 standing 
10 7 489 60 663 13800 1 0 1 standing 
10 7 489 60 663 13801 1 0 1 standing 
10 7 489 60 663 13802 1 0 1 standing 
10 7 489 60 663 13803 1 0 1 standing 
10 7 489 60 663 13804 1 0 1 standing 
10 7 489 60 663 13805 1 0 1 standing 
10 7 489 60 663 13806 1 0 1 standing 
10 7 489 60 663 13807 1 0 1 standing 
10 7 489 60 663 13808 0 0 0 standing 
10 45 490 98 662 13809 0 0 1 standing 
10 83 491 136 661 13810 0 0 1 standing 
10 121 492 174 660 13811 0 0 1 standing 
10 159 493 212 659 13812 0 0 1 standing 
10 197 495 251 659 13813 0 0 0 standing 
10 212 496 266 658 13814 0 0 1 standing 
10 228 497 282 657 13815 0 0 1 standing 
10 244 498 298 656 13816 0 0 1 standing 
10 260 499 314 655 13817 0 0 0 standing 
10 258 500 318 659 13818 0 0 1 standing 
10 256 501 322 663 13819 0 0 1 standing 
11 951 421 1004 539 13800 0 0 0 standing 
11 993 423 1046 541 13801 0 0 1 standing 
11 1036 426 1089 544 13802 0 0 1 standing 
11 1078 429 1131 547 13803 0 0 1 standing 
11 1121 432 1174 550 13804 0 0 1 standing 
11 1163 435 1216 553 13805 0 0 1 standing 
11 1206 438 1259 556 13806 1 0 0 standing 
11 1142 433 1195 551 13807 1 0 1 standing 
11 1078 429 1131 547 13808 1 0 1 standing 
11 1014 425 1067 543 13809 1 0 1 standing 
11 951 421 1004 539 13810 1 0 0 standing 
11 951 421 1004 539 13811 1 0 1 standing 
11 951 421 1004 539 13812 1 0 1 standing 
11 951 421 1004 539 13813 1 0 1 standing 
11 951 421 1004 539 13814 1 0 1 standing 
11 951 421 1004 539 13815 1 0 1 standing 
11 951 421 1004 539 13816 1 0 1 standing 
11 951 421 1004 539 13817 1 0 1 standing 
11 951 421 1004 539 13818 1 0 1 standing 
11 951 421 1004 539 13819 1 0 1 standing 
