0 127 415 219 576 44855 0 1 0 standing 
0 123 414 214 575 44856 0 1 1 standing 
0 120 413 209 574 44857 0 1 1 standing 
0 117 413 204 573 44858 0 1 1 standing 
0 114 412 200 573 44859 0 1 1 standing 
0 111 412 195 572 44860 0 1 1 standing 
0 107 411 190 571 44861 0 1 1 standing 
0 104 410 186 571 44862 0 1 1 standing 
0 101 410 181 570 44863 0 1 1 standing 
0 98 409 176 569 44864 0 1 1 standing 
0 95 409 172 569 44865 0 1 0 standing 
0 92 408 169 568 44866 0 1 1 standing 
0 90 408 167 568 44867 0 1 1 standing 
0 87 407 164 567 44868 0 1 1 standing 
0 85 407 162 567 44869 0 1 1 standing 
0 83 406 160 566 44870 0 1 1 standing 
0 80 406 157 566 44871 0 1 1 standing 
0 78 405 155 565 44872 0 1 1 standing 
0 75 405 152 565 44873 0 1 1 standing 
0 73 404 150 564 44874 0 1 1 standing 
1 171 401 254 561 44855 0 1 0 standing 
1 174 399 257 559 44856 0 1 1 standing 
1 178 398 261 558 44857 0 1 1 standing 
1 182 397 265 557 44858 0 1 1 standing 
1 186 396 269 556 44859 0 1 1 standing 
1 190 395 273 555 44860 0 1 1 standing 
1 193 393 276 554 44861 0 1 1 standing 
1 197 392 280 553 44862 0 1 1 standing 
1 201 391 284 552 44863 0 1 1 standing 
1 205 390 288 551 44864 0 1 1 standing 
1 209 389 292 550 44865 0 1 0 standing 
1 211 389 294 550 44866 0 1 1 standing 
1 214 389 297 550 44867 0 1 1 standing 
1 217 389 300 550 44868 0 1 1 standing 
1 220 389 303 550 44869 0 1 1 standing 
1 223 389 306 550 44870 0 1 1 standing 
1 226 389 309 550 44871 0 1 1 standing 
1 229 389 312 550 44872 0 1 1 standing 
1 232 389 315 550 44873 0 1 1 standing 
1 235 389 318 550 44874 0 1 1 standing 
2 233 389 337 539 44855 0 1 0 standing 
2 234 389 339 539 44856 0 1 1 standing 
2 236 389 341 539 44857 0 1 1 standing 
2 238 389 343 539 44858 0 1 1 standing 
2 240 389 345 539 44859 0 1 1 standing 
2 242 389 347 539 44860 0 1 1 standing 
2 244 389 349 539 44861 0 1 1 standing 
2 246 389 351 539 44862 0 1 1 standing 
2 248 389 353 539 44863 0 1 1 standing 
2 250 389 355 539 44864 0 1 1 standing 
2 252 389 358 540 44865 0 1 0 standing 
2 251 389 358 540 44866 0 1 1 standing 
2 251 389 358 540 44867 0 1 1 standing 
2 251 389 358 540 44868 0 1 1 standing 
2 251 389 358 540 44869 0 1 1 standing 
2 251 389 358 540 44870 0 1 1 standing 
2 251 389 358 540 44871 0 1 1 standing 
2 251 389 358 540 44872 0 1 1 standing 
2 251 389 358 540 44873 0 1 1 standing 
2 251 389 358 540 44874 0 1 1 standing 
3 335 423 410 588 44855 0 1 0 standing 
3 332 423 407 588 44856 0 1 1 standing 
3 329 424 404 589 44857 0 1 1 standing 
3 326 425 401 590 44858 0 1 1 standing 
3 323 426 398 591 44859 0 1 1 standing 
3 320 427 395 592 44860 0 1 1 standing 
3 317 427 392 593 44861 0 1 1 standing 
3 315 428 390 593 44862 0 1 1 standing 
3 312 429 387 594 44863 0 1 1 standing 
3 309 430 384 595 44864 0 1 1 standing 
3 306 431 381 596 44865 0 1 1 standing 
3 303 431 378 597 44866 0 1 1 standing 
3 300 432 375 598 44867 0 1 1 standing 
3 297 433 372 599 44868 0 1 1 standing 
3 295 434 370 599 44869 0 1 1 standing 
3 292 435 367 600 44870 0 1 1 standing 
3 289 435 364 601 44871 0 1 1 standing 
3 286 436 361 602 44872 0 1 1 standing 
3 283 437 358 603 44873 0 1 1 standing 
3 280 438 355 604 44874 0 1 1 standing 
4 384 371 453 522 44855 0 1 0 standing 
4 383 371 452 522 44856 0 1 1 standing 
4 382 371 451 522 44857 0 1 1 standing 
4 381 371 450 522 44858 0 1 1 standing 
4 380 371 449 522 44859 0 1 1 standing 
4 379 371 448 522 44860 0 1 1 standing 
4 378 371 447 522 44861 0 1 1 standing 
4 377 371 446 522 44862 0 1 1 standing 
4 376 371 445 522 44863 0 1 1 standing 
4 375 371 444 522 44864 0 1 1 standing 
4 375 371 444 522 44865 0 1 0 standing 
4 371 372 440 523 44866 0 1 1 standing 
4 367 373 436 524 44867 0 1 1 standing 
4 364 374 433 526 44868 0 1 1 standing 
4 360 376 429 527 44869 0 1 1 standing 
4 357 377 426 529 44870 0 1 1 standing 
4 353 378 422 530 44871 0 1 1 standing 
4 349 380 418 531 44872 0 1 1 standing 
4 346 381 415 533 44873 0 1 1 standing 
4 342 382 411 534 44874 0 1 1 standing 
5 407 356 470 493 44855 0 1 0 standing 
5 404 356 467 493 44856 0 1 1 standing 
5 402 357 465 494 44857 0 1 1 standing 
5 400 357 463 494 44858 0 1 1 standing 
5 398 358 461 495 44859 0 1 1 standing 
5 395 359 458 496 44860 0 1 1 standing 
5 393 359 456 496 44861 0 1 1 standing 
5 391 360 454 497 44862 0 1 1 standing 
5 389 360 452 497 44863 0 1 1 standing 
5 386 361 449 498 44864 0 1 1 standing 
5 384 362 447 499 44865 0 1 1 standing 
5 382 362 445 499 44866 0 1 1 standing 
5 380 363 443 500 44867 0 1 1 standing 
5 377 363 440 500 44868 0 1 1 standing 
5 375 364 438 501 44869 0 1 1 standing 
5 373 365 436 502 44870 0 1 1 standing 
5 371 365 434 502 44871 0 1 1 standing 
5 368 366 431 503 44872 0 1 1 standing 
5 366 366 429 503 44873 0 1 1 standing 
5 364 367 427 504 44874 0 1 1 standing 
6 602 455 677 608 44855 0 0 0 standing 
6 610 455 685 608 44856 0 0 1 standing 
6 619 456 694 609 44857 0 0 1 standing 
6 627 456 702 610 44858 0 0 1 standing 
6 636 457 711 611 44859 0 0 1 standing 
6 644 458 719 612 44860 0 0 1 standing 
6 653 458 728 612 44861 0 0 1 standing 
6 661 459 736 613 44862 0 0 1 standing 
6 670 459 745 614 44863 0 0 1 standing 
6 678 460 753 615 44864 0 0 1 standing 
6 687 461 762 616 44865 0 0 0 standing 
6 692 459 767 615 44866 0 0 1 standing 
6 698 457 773 615 44867 0 0 1 standing 
6 703 455 779 615 44868 0 0 1 standing 
6 709 453 785 615 44869 0 0 1 standing 
6 715 451 791 615 44870 0 0 1 standing 
6 720 449 796 615 44871 0 0 1 standing 
6 726 447 802 615 44872 0 0 1 standing 
6 731 445 808 615 44873 0 0 1 standing 
6 737 443 814 615 44874 0 0 1 standing 
7 614 416 678 563 44855 0 0 0 standing 
7 619 415 683 562 44856 0 0 1 standing 
7 625 415 689 562 44857 0 0 1 standing 
7 631 414 695 561 44858 0 0 1 standing 
7 636 414 701 561 44859 0 0 1 standing 
7 642 413 707 561 44860 0 0 1 standing 
7 648 413 712 560 44861 0 0 1 standing 
7 653 412 718 560 44862 0 0 1 standing 
7 659 412 724 559 44863 0 0 1 standing 
7 665 411 730 559 44864 0 0 1 standing 
7 671 411 736 559 44865 0 0 0 standing 
7 676 410 741 558 44866 0 0 1 standing 
7 682 409 747 558 44867 0 0 1 standing 
7 688 408 752 558 44868 0 0 1 standing 
7 693 407 758 558 44869 0 0 1 standing 
7 699 407 764 558 44870 0 0 1 standing 
7 705 406 769 558 44871 0 0 1 standing 
7 710 405 775 558 44872 0 0 1 standing 
7 716 404 780 558 44873 0 0 1 standing 
7 722 403 786 558 44874 0 0 1 standing 
8 738 347 793 462 44855 0 0 0 standing 
8 742 347 797 463 44856 0 0 1 standing 
8 746 347 801 464 44857 0 0 1 standing 
8 750 347 805 466 44858 0 0 1 standing 
8 754 347 809 467 44859 0 0 1 standing 
8 759 348 813 469 44860 0 0 1 standing 
8 763 348 817 470 44861 0 0 1 standing 
8 767 348 821 471 44862 0 0 1 standing 
8 771 348 825 473 44863 0 0 1 standing 
8 775 348 829 474 44864 0 0 1 standing 
8 780 349 834 476 44865 0 0 0 standing 
8 784 350 838 477 44866 0 0 1 standing 
8 788 351 842 478 44867 0 0 1 standing 
8 792 352 846 479 44868 0 0 1 standing 
8 796 353 850 480 44869 0 0 1 standing 
8 801 354 855 481 44870 0 0 1 standing 
8 805 355 859 482 44871 0 0 1 standing 
8 809 356 863 483 44872 0 0 1 standing 
8 813 357 867 484 44873 0 0 1 standing 
8 817 358 871 485 44874 0 0 1 standing 
9 863 344 913 468 44855 0 0 0 standing 
9 868 343 918 467 44856 0 0 1 standing 
9 873 342 923 466 44857 0 0 1 standing 
9 878 342 928 466 44858 0 0 1 standing 
9 883 341 933 465 44859 0 0 1 standing 
9 888 341 938 465 44860 0 0 1 standing 
9 893 340 943 464 44861 0 0 1 standing 
9 898 339 948 463 44862 0 0 1 standing 
9 903 339 953 463 44863 0 0 1 standing 
9 908 338 958 462 44864 0 0 1 standing 
9 914 338 963 462 44865 0 0 0 standing 
9 916 337 965 461 44866 0 0 1 standing 
9 918 337 967 461 44867 0 0 1 standing 
9 920 337 969 461 44868 0 0 1 standing 
9 922 336 971 461 44869 0 0 1 standing 
9 924 336 973 461 44870 0 0 1 standing 
9 926 336 975 460 44871 0 0 1 standing 
9 928 335 977 460 44872 0 0 1 standing 
9 930 335 979 460 44873 0 0 1 standing 
9 932 335 981 460 44874 0 0 1 standing 
10 965 433 1010 588 44855 0 0 0 standing 
10 964 432 1010 587 44856 0 0 1 standing 
10 964 432 1010 587 44857 0 0 1 standing 
10 964 432 1010 587 44858 0 0 1 standing 
10 964 432 1011 586 44859 0 0 1 standing 
10 963 431 1011 586 44860 0 0 1 standing 
10 963 431 1011 586 44861 0 0 1 standing 
10 963 431 1011 585 44862 0 0 1 standing 
10 963 431 1012 585 44863 0 0 1 standing 
10 962 430 1012 585 44864 0 0 1 standing 
10 962 430 1012 585 44865 0 0 1 standing 
10 962 430 1012 584 44866 0 0 1 standing 
10 962 430 1013 584 44867 0 0 1 standing 
10 961 429 1013 584 44868 0 0 1 standing 
10 961 429 1013 583 44869 0 0 1 standing 
10 961 429 1013 583 44870 0 0 1 standing 
10 961 429 1014 583 44871 0 0 1 standing 
10 960 428 1014 582 44872 0 0 1 standing 
10 960 428 1014 582 44873 0 0 1 standing 
10 960 428 1014 582 44874 0 0 1 standing 
11 983 395 1059 493 44855 0 0 0 standing 
11 987 394 1060 492 44856 0 0 1 falling 
11 991 393 1061 492 44857 0 0 1 falling 
11 996 393 1063 492 44858 0 0 1 falling 
11 1000 392 1064 491 44859 0 0 1 falling 
11 1005 392 1066 491 44860 0 0 1 falling 
11 1009 391 1067 491 44861 0 0 1 falling 
11 1013 390 1068 490 44862 0 0 1 falling 
11 1018 390 1070 490 44863 0 0 1 falling 
11 1022 389 1071 490 44864 0 0 1 falling 
11 1027 389 1073 490 44865 0 0 0 falling 
11 1026 387 1075 489 44866 0 0 1 falling 
11 1026 385 1077 489 44867 0 0 1 falling 
11 1026 383 1079 489 44868 0 0 1 falling 
11 1026 381 1082 489 44869 0 0 1 falling 
11 1026 379 1084 489 44870 0 0 1 falling 
11 1025 377 1086 488 44871 0 0 1 falling 
11 1025 375 1089 488 44872 0 0 1 falling 
11 1025 373 1091 488 44873 0 0 1 falling 
11 1025 371 1093 488 44874 0 0 1 falling 
