0 1040 420 1090 527 93520 0 0 0 standing 
0 1054 418 1104 527 93521 0 0 1 standing 
0 1069 417 1118 528 93522 0 0 1 standing 
0 1083 416 1133 529 93523 0 0 1 standing 
0 1098 414 1147 530 93524 0 0 1 standing 
0 1112 413 1162 531 93525 0 0 1 standing 
0 1127 412 1176 531 93526 0 0 1 standing 
0 1141 410 1190 532 93527 0 0 1 standing 
0 1156 409 1205 533 93528 0 0 1 standing 
0 1170 408 1219 534 93529 0 0 1 standing 
0 1185 407 1234 535 93530 1 0 0 standing 
0 1191 404 1238 532 93531 1 0 1 standing 
0 1197 402 1243 530 93532 1 0 1 standing 
0 1203 400 1247 528 93533 1 0 1 standing 
0 1210 398 1252 526 93534 1 0 1 standing 
0 1216 396 1256 524 93535 1 0 1 standing 
0 1222 393 1261 521 93536 1 0 1 standing 
0 1229 391 1265 519 93537 1 0 1 standing 
0 1235 389 1270 517 93538 1 0 1 standing 
0 1241 387 1274 515 93539 1 0 1 standing 
1 953 444 1021 578 93520 0 0 0 standing 
1 964 444 1032 578 93521 0 0 1 standing 
1 975 444 1043 578 93522 0 0 1 standing 
1 986 444 1054 578 93523 0 0 1 standing 
1 998 444 1066 578 93524 0 0 0 standing 
1 1014 443 1083 577 93525 0 0 1 standing 
1 1030 443 1100 577 93526 0 0 1 standing 
1 1047 443 1118 577 93527 0 0 1 standing 
1 1063 443 1135 577 93528 0 0 1 standing 
1 1079 443 1152 576 93529 0 0 1 standing 
1 1096 443 1170 576 93530 0 0 1 standing 
1 1112 443 1187 576 93531 0 0 1 standing 
1 1129 443 1205 576 93532 0 0 0 standing 
1 1138 444 1213 577 93533 0 0 1 standing 
1 1148 446 1222 579 93534 0 0 1 standing 
1 1158 448 1231 581 93535 0 0 1 standing 
1 1168 450 1240 583 93536 0 0 1 standing 
1 1178 452 1249 585 93537 0 0 0 standing 
1 1177 452 1250 585 93538 0 0 1 standing 
1 1176 452 1252 585 93539 0 0 1 standing 
2 574 496 665 615 93520 0 0 0 standing 
2 583 495 674 614 93521 0 0 1 standing 
2 593 495 684 614 93522 0 0 1 standing 
2 603 495 694 614 93523 0 0 1 standing 
2 613 495 704 614 93524 0 0 0 standing 
2 629 493 720 612 93525 0 0 1 standing 
2 645 492 736 611 93526 0 0 1 standing 
2 661 490 752 609 93527 0 0 1 standing 
2 677 489 768 608 93528 0 0 1 standing 
2 693 487 784 606 93529 0 0 1 standing 
2 710 486 801 605 93530 0 0 0 standing 
2 722 486 815 605 93531 0 0 1 standing 
2 734 486 830 605 93532 0 0 1 standing 
2 746 486 845 605 93533 0 0 1 standing 
2 758 486 860 605 93534 0 0 1 standing 
2 771 487 875 606 93535 0 0 0 standing 
2 765 485 871 605 93536 0 0 1 standing 
2 759 483 867 604 93537 0 0 1 standing 
2 753 481 863 603 93538 0 0 1 standing 
2 747 479 859 602 93539 0 0 1 standing 
3 400 478 471 600 93520 0 0 0 standing 
3 410 475 481 598 93521 0 0 1 standing 
3 421 472 492 597 93522 0 0 1 standing 
3 432 470 503 596 93523 0 0 1 standing 
3 443 467 514 595 93524 0 0 1 standing 
3 454 465 525 594 93525 0 0 0 standing 
3 471 464 543 593 93526 0 0 1 standing 
3 489 463 562 593 93527 0 0 1 standing 
3 506 462 581 593 93528 0 0 1 standing 
3 524 461 600 593 93529 0 0 1 standing 
3 541 460 618 593 93530 0 0 1 standing 
3 559 459 637 593 93531 0 0 1 standing 
3 576 458 656 593 93532 0 0 1 standing 
3 594 457 675 593 93533 0 0 1 standing 
3 612 457 694 593 93534 0 0 0 standing 
3 617 460 707 596 93535 0 0 1 standing 
3 623 464 720 599 93536 0 0 1 standing 
3 629 468 733 603 93537 0 0 0 standing 
3 628 466 730 601 93538 0 0 1 standing 
3 628 464 728 599 93539 0 0 1 standing 
4 352 399 409 499 93520 0 0 0 standing 
4 363 398 419 499 93521 0 0 1 standing 
4 374 397 430 500 93522 0 0 1 standing 
4 385 396 441 500 93523 0 0 1 standing 
4 396 395 452 501 93524 0 0 1 standing 
4 407 395 463 502 93525 0 0 0 standing 
4 424 392 480 500 93526 0 0 1 standing 
4 442 390 498 498 93527 0 0 1 standing 
4 459 387 515 496 93528 0 0 1 standing 
4 477 385 533 494 93529 0 0 1 standing 
4 495 383 551 493 93530 0 0 0 standing 
4 508 382 568 492 93531 0 0 1 standing 
4 521 381 585 491 93532 0 0 1 standing 
4 534 381 602 490 93533 0 0 0 standing 
4 543 383 609 492 93534 0 0 1 standing 
4 552 385 616 494 93535 0 0 1 standing 
4 561 388 624 497 93536 0 0 0 standing 
4 561 386 622 496 93537 0 0 1 standing 
4 561 385 621 495 93538 0 0 1 standing 
4 561 384 619 494 93539 0 0 1 standing 
5 298 455 355 576 93520 0 1 0 standing 
5 309 454 369 574 93521 0 1 1 standing 
5 321 453 383 573 93522 0 1 1 standing 
5 333 452 397 572 93523 0 1 1 standing 
5 345 451 411 571 93524 0 1 1 standing 
5 357 450 426 570 93525 0 1 0 standing 
5 375 449 444 569 93526 0 1 1 standing 
5 393 448 462 568 93527 0 1 1 standing 
5 411 447 480 567 93528 0 1 1 standing 
5 429 446 498 566 93529 0 1 1 standing 
5 447 445 516 565 93530 0 1 1 standing 
5 465 444 534 564 93531 0 1 1 standing 
5 484 444 553 564 93532 0 1 0 standing 
5 484 445 559 564 93533 0 1 1 standing 
5 484 446 565 564 93534 0 1 1 standing 
5 484 447 572 565 93535 0 1 1 standing 
5 484 448 578 565 93536 0 1 1 standing 
5 484 449 585 566 93537 0 1 0 standing 
5 484 450 585 567 93538 0 1 1 standing 
5 484 451 585 568 93539 0 1 1 standing 
6 858 427 908 543 93520 0 0 0 standing 
6 871 427 921 543 93521 0 0 1 standing 
6 884 427 934 543 93522 0 0 1 standing 
6 897 427 947 543 93523 0 0 1 standing 
6 911 428 961 544 93524 0 0 1 standing 
6 924 428 974 544 93525 0 0 1 standing 
6 937 428 987 544 93526 0 0 1 standing 
6 951 429 1001 545 93527 0 0 0 standing 
6 969 428 1019 544 93528 0 0 1 standing 
6 987 428 1037 544 93529 0 0 1 standing 
6 1005 427 1055 543 93530 0 0 1 standing 
6 1024 427 1074 543 93531 0 0 0 standing 
6 1037 426 1087 543 93532 0 0 1 standing 
6 1050 425 1100 543 93533 0 0 1 standing 
6 1063 424 1113 543 93534 0 0 1 standing 
6 1077 423 1127 543 93535 0 0 0 standing 
6 1082 422 1132 544 93536 0 0 1 standing 
6 1087 422 1137 545 93537 0 0 1 standing 
6 1092 422 1142 546 93538 0 0 0 standing 
6 1091 421 1140 546 93539 0 0 1 standing 
7 826 484 892 619 93520 0 0 0 standing 
7 835 483 906 618 93521 0 0 1 standing 
7 844 483 920 617 93522 0 0 1 standing 
7 853 482 934 616 93523 0 0 1 standing 
7 863 482 948 616 93524 0 0 0 standing 
7 878 481 961 615 93525 0 0 1 standing 
7 893 480 974 614 93526 0 0 1 standing 
7 909 480 988 613 93527 0 0 0 standing 
7 924 479 1002 613 93528 0 0 1 standing 
7 940 479 1017 613 93529 0 0 1 standing 
7 955 479 1032 613 93530 0 0 1 standing 
7 971 479 1047 613 93531 0 0 0 standing 
7 984 478 1057 613 93532 0 0 1 standing 
7 998 478 1068 613 93533 0 0 1 standing 
7 1012 477 1078 613 93534 0 0 1 standing 
7 1026 477 1089 614 93535 0 0 0 standing 
7 1025 476 1085 614 93536 0 0 1 standing 
7 1024 476 1081 614 93537 0 0 1 standing 
7 1023 475 1077 615 93538 0 0 1 standing 
7 1022 475 1073 615 93539 0 0 1 standing 
8 822 319 871 451 93520 0 0 0 standing 
8 828 327 879 457 93521 0 0 1 standing 
8 834 335 887 463 93522 0 0 1 standing 
8 841 344 896 470 93523 0 0 1 standing 
8 847 352 904 476 93524 0 0 1 standing 
8 854 361 913 483 93525 0 0 0 standing 
8 868 362 931 483 93526 0 0 1 standing 
8 882 363 949 483 93527 0 0 1 standing 
8 897 364 968 483 93528 0 0 1 standing 
8 911 366 986 483 93529 0 0 1 standing 
8 926 367 1005 483 93530 0 0 1 standing 
8 940 368 1023 483 93531 0 0 1 standing 
8 955 370 1042 483 93532 0 0 0 standing 
8 972 368 1057 482 93533 0 0 1 standing 
8 990 367 1072 482 93534 0 0 1 standing 
8 1007 365 1087 481 93535 0 0 1 standing 
8 1025 364 1102 481 93536 0 0 0 standing 
8 1031 362 1106 480 93537 0 0 1 standing 
8 1038 361 1110 480 93538 0 0 1 standing 
8 1044 359 1114 479 93539 0 0 1 standing 
9 797 403 843 543 93520 0 0 0 standing 
9 808 404 856 544 93521 0 0 1 standing 
9 820 405 869 545 93522 0 0 1 standing 
9 832 406 883 546 93523 0 0 1 standing 
9 843 407 896 547 93524 0 0 1 standing 
9 855 408 909 548 93525 0 0 1 standing 
9 867 410 923 549 93526 0 0 0 standing 
9 885 408 942 547 93527 0 0 1 standing 
9 903 407 962 546 93528 0 0 1 standing 
9 921 405 982 544 93529 0 0 1 standing 
9 940 404 1002 543 93530 0 0 0 standing 
9 954 404 1016 543 93531 0 0 1 standing 
9 968 404 1030 543 93532 0 0 1 standing 
9 983 404 1045 543 93533 0 0 1 standing 
9 997 404 1059 543 93534 0 0 1 standing 
9 1012 404 1074 543 93535 0 0 0 standing 
9 1012 404 1072 543 93536 0 0 1 standing 
9 1013 404 1071 543 93537 0 0 1 standing 
9 1014 404 1070 543 93538 0 0 1 standing 
9 1015 404 1069 543 93539 0 0 1 standing 
10 735 287 786 481 93520 0 0 0 standing 
10 748 293 799 480 93521 0 0 1 standing 
10 761 300 812 480 93522 0 0 1 standing 
10 774 306 825 479 93523 0 0 1 standing 
10 787 313 838 479 93524 0 0 1 standing 
10 800 319 851 479 93525 0 0 1 standing 
10 813 326 865 478 93526 0 0 1 standing 
10 826 332 878 478 93527 0 0 1 standing 
10 839 339 891 478 93528 0 0 1 standing 
10 852 345 904 477 93529 0 0 1 standing 
10 865 352 917 477 93530 0 0 1 standing 
10 879 359 931 477 93531 0 0 0 standing 
10 892 357 945 482 93532 0 0 1 standing 
10 905 355 960 488 93533 0 0 1 standing 
10 918 353 975 494 93534 0 0 0 standing 
10 916 352 975 489 93535 0 0 1 standing 
10 914 352 976 485 93536 0 0 1 standing 
10 912 352 976 481 93537 0 0 1 standing 
10 910 352 977 476 93538 0 0 1 standing 
10 908 352 977 472 93539 0 0 1 standing 
11 739 330 799 488 93520 0 0 0 standing 
11 750 333 810 487 93521 0 0 1 standing 
11 761 337 821 487 93522 0 0 1 standing 
11 772 340 832 487 93523 0 0 1 standing 
11 783 344 843 487 93524 0 0 1 standing 
11 794 348 854 487 93525 0 0 1 standing 
11 805 351 865 486 93526 0 0 1 standing 
11 816 355 876 486 93527 0 0 1 standing 
11 827 358 887 486 93528 0 0 1 standing 
11 838 362 898 486 93529 0 0 1 standing 
11 850 366 909 486 93530 0 0 0 standing 
11 865 366 925 486 93531 0 0 1 standing 
11 880 366 941 486 93532 0 0 1 standing 
11 895 367 958 487 93533 0 0 0 standing 
11 895 367 960 486 93534 0 0 1 standing 
11 896 367 962 486 93535 0 0 1 standing 
11 897 367 964 486 93536 0 0 1 standing 
11 898 367 966 486 93537 0 0 0 standing 
11 889 368 957 487 93538 0 0 1 standing 
11 880 369 949 488 93539 0 0 1 standing 
