0 673 441 747 554 81915 0 1 0 setting 
0 676 437 749 553 81916 0 1 1 setting 
0 680 433 752 553 81917 0 1 1 setting 
0 684 429 754 552 81918 0 1 1 setting 
0 688 425 757 552 81919 0 1 1 setting 
0 692 421 759 552 81920 0 1 1 setting 
0 696 417 762 551 81921 0 1 1 setting 
0 700 413 764 551 81922 0 1 1 setting 
0 704 409 767 550 81923 0 1 1 setting 
0 708 405 769 550 81924 0 1 1 setting 
0 712 402 772 550 81925 0 1 0 setting 
0 713 406 776 552 81926 0 1 1 setting 
0 714 410 780 555 81927 0 1 1 setting 
0 715 414 784 557 81928 0 1 1 setting 
0 716 418 789 560 81929 0 1 1 setting 
0 718 422 793 562 81930 0 1 1 setting 
0 719 426 797 565 81931 0 1 1 setting 
0 720 430 802 567 81932 0 1 1 setting 
0 721 434 806 570 81933 0 1 1 setting 
0 722 438 810 572 81934 0 1 1 setting 
1 644 496 716 645 81915 0 1 0 setting 
1 656 499 728 647 81916 0 1 1 moving 
1 668 503 740 649 81917 0 1 1 moving 
1 681 506 752 651 81918 0 1 1 moving 
1 693 510 765 653 81919 0 1 1 moving 
1 706 513 777 656 81920 0 1 1 moving 
1 718 517 789 658 81921 0 1 1 moving 
1 730 520 802 660 81922 0 1 1 moving 
1 743 524 814 662 81923 0 1 1 moving 
1 755 527 826 664 81924 0 1 1 moving 
1 768 531 839 667 81925 0 1 0 moving 
1 771 531 843 667 81926 0 1 1 moving 
1 774 531 848 667 81927 0 1 1 moving 
1 777 532 852 667 81928 0 1 1 moving 
1 780 532 857 668 81929 0 1 1 moving 
1 784 533 861 668 81930 0 1 1 moving 
1 787 533 866 668 81931 0 1 1 moving 
1 790 533 870 669 81932 0 1 1 moving 
1 793 534 875 669 81933 0 1 1 moving 
1 796 534 879 669 81934 0 1 1 moving 
2 401 370 440 487 81915 0 0 0 moving 
2 412 371 455 488 81916 0 0 1 standing 
2 424 373 470 489 81917 0 0 1 standing 
2 436 375 485 490 81918 0 0 0 standing 
2 447 377 496 493 81919 0 0 1 standing 
2 458 379 507 496 81920 0 0 1 standing 
2 470 381 518 499 81921 0 0 0 standing 
2 480 381 528 501 81922 0 0 1 standing 
2 491 381 538 503 81923 0 0 1 standing 
2 502 381 549 505 81924 0 0 0 standing 
2 513 381 560 505 81925 0 0 1 standing 
2 525 381 572 505 81926 0 0 1 standing 
2 537 382 584 506 81927 0 0 0 standing 
2 547 383 595 506 81928 0 0 1 standing 
2 557 384 606 506 81929 0 0 1 standing 
2 567 385 617 507 81930 0 0 0 standing 
2 576 388 626 510 81931 0 0 1 standing 
2 585 391 636 514 81932 0 0 1 standing 
2 594 394 646 517 81933 0 0 1 standing 
2 603 397 656 521 81934 0 0 1 standing 
3 433 353 491 483 81915 0 0 0 standing 
3 447 353 508 483 81916 0 0 1 standing 
3 462 353 525 483 81917 0 0 1 standing 
3 477 354 542 483 81918 0 0 0 standing 
3 492 352 552 480 81919 0 0 1 standing 
3 507 350 562 478 81920 0 0 1 standing 
3 523 349 573 476 81921 0 0 0 standing 
3 535 347 585 475 81922 0 0 1 standing 
3 547 345 597 474 81923 0 0 1 standing 
3 560 343 609 474 81924 0 0 0 standing 
3 572 344 621 475 81925 0 0 1 standing 
3 584 345 633 476 81926 0 0 1 standing 
3 596 346 645 477 81927 0 0 0 standing 
3 606 348 655 477 81928 0 0 1 standing 
3 617 351 665 477 81929 0 0 1 standing 
3 628 354 676 478 81930 0 0 0 standing 
3 636 354 684 477 81931 0 0 1 standing 
3 644 355 693 477 81932 0 0 1 standing 
3 652 355 701 477 81933 0 0 1 standing 
3 660 356 710 477 81934 0 0 1 standing 
4 691 490 748 602 81915 0 0 0 standing 
4 699 490 760 601 81916 0 0 1 falling 
4 708 490 773 600 81917 0 0 1 falling 
4 717 491 786 600 81918 0 0 0 falling 
4 727 491 795 599 81919 0 0 1 falling 
4 737 491 805 598 81920 0 0 1 falling 
4 748 491 815 597 81921 0 0 0 falling 
4 758 489 824 595 81922 0 0 1 falling 
4 768 487 833 593 81923 0 0 1 falling 
4 778 486 843 592 81924 0 0 0 falling 
4 783 487 850 590 81925 0 0 1 falling 
4 788 489 858 589 81926 0 0 1 falling 
4 793 491 866 588 81927 0 0 0 falling 
4 802 492 876 588 81928 0 0 1 falling 
4 811 493 886 589 81929 0 0 1 falling 
4 820 494 897 590 81930 0 0 0 falling 
4 826 493 907 592 81931 0 0 1 falling 
4 832 493 917 594 81932 0 0 1 falling 
4 838 493 927 596 81933 0 0 1 falling 
4 844 493 937 598 81934 0 0 1 falling 
5 721 357 797 469 81915 0 0 0 falling 
5 737 358 818 469 81916 0 0 1 moving 
5 753 359 839 470 81917 0 0 1 moving 
5 770 361 861 471 81918 0 0 0 moving 
5 783 360 871 472 81919 0 0 1 moving 
5 796 360 881 473 81920 0 0 1 moving 
5 810 360 892 474 81921 0 0 0 moving 
5 820 360 902 474 81922 0 0 1 moving 
5 831 361 912 475 81923 0 0 1 moving 
5 842 362 922 476 81924 0 0 0 moving 
5 849 362 929 476 81925 0 0 1 moving 
5 857 362 937 476 81926 0 0 1 moving 
5 865 362 945 476 81927 0 0 0 moving 
5 872 362 954 475 81928 0 0 1 moving 
5 879 362 964 475 81929 0 0 1 moving 
5 886 362 974 475 81930 0 0 0 moving 
5 891 361 978 474 81931 0 0 1 moving 
5 897 361 982 474 81932 0 0 1 moving 
5 903 361 987 473 81933 0 0 1 moving 
5 909 361 991 473 81934 0 0 1 moving 
6 310 471 376 606 81915 0 0 0 moving 
6 323 470 389 606 81916 0 0 1 standing 
6 337 469 402 606 81917 0 0 1 standing 
6 351 468 416 606 81918 0 0 0 standing 
6 361 465 425 605 81919 0 0 1 standing 
6 372 463 434 604 81920 0 0 1 standing 
6 383 461 444 603 81921 0 0 0 standing 
6 392 460 453 602 81922 0 0 1 standing 
6 401 460 462 602 81923 0 0 1 standing 
6 410 460 471 602 81924 0 0 0 standing 
6 419 460 479 606 81925 0 0 1 standing 
6 428 460 488 610 81926 0 0 1 standing 
6 437 461 497 614 81927 0 0 0 standing 
6 447 463 507 616 81928 0 0 1 standing 
6 457 465 517 618 81929 0 0 1 standing 
6 467 467 527 620 81930 0 0 0 standing 
6 475 468 535 620 81931 0 0 1 standing 
6 483 469 544 620 81932 0 0 1 standing 
6 491 470 553 620 81933 0 0 1 standing 
6 499 471 562 620 81934 0 0 1 standing 
7 330 423 376 568 81915 0 0 0 standing 
7 343 424 389 569 81916 0 0 1 standing 
7 356 425 402 570 81917 0 0 1 standing 
7 370 426 416 571 81918 0 0 0 standing 
7 378 427 425 572 81919 0 0 1 standing 
7 387 428 434 573 81920 0 0 1 standing 
7 396 429 443 574 81921 0 0 0 standing 
7 405 429 452 574 81922 0 0 1 standing 
7 414 429 461 574 81923 0 0 1 standing 
7 424 429 471 574 81924 0 0 0 standing 
7 434 429 480 574 81925 0 0 1 standing 
7 445 429 490 574 81926 0 0 1 standing 
7 456 430 500 574 81927 0 0 0 standing 
7 463 432 507 576 81928 0 0 1 standing 
7 471 434 515 578 81929 0 0 1 standing 
7 479 437 523 581 81930 0 0 0 standing 
7 486 439 531 579 81931 0 0 1 standing 
7 494 441 540 577 81932 0 0 1 standing 
7 502 443 548 575 81933 0 0 1 standing 
7 510 445 557 573 81934 0 0 1 standing 
8 189 421 250 530 81915 0 0 0 standing 
8 196 420 261 535 81916 0 0 1 standing 
8 203 420 273 541 81917 0 0 1 standing 
8 210 420 285 547 81918 0 0 0 standing 
8 213 422 288 549 81919 0 0 1 standing 
8 216 424 291 552 81920 0 0 1 standing 
8 220 427 295 555 81921 0 0 0 standing 
8 214 426 291 554 81922 0 0 1 standing 
8 208 425 288 553 81923 0 0 1 standing 
8 203 425 285 552 81924 0 0 0 standing 
8 203 425 291 552 81925 0 0 1 standing 
8 203 425 297 552 81926 0 0 1 standing 
8 203 425 303 552 81927 0 0 0 standing 
8 212 422 301 550 81928 0 0 1 standing 
8 221 419 299 549 81929 0 0 1 standing 
8 231 416 297 548 81930 0 0 0 standing 
8 235 414 300 548 81931 0 0 1 standing 
8 240 412 304 548 81932 0 0 1 standing 
8 244 410 307 549 81933 0 0 1 standing 
8 249 408 311 549 81934 0 0 1 standing 
9 98 461 186 602 81915 0 0 0 standing 
9 110 461 186 601 81916 0 0 1 standing 
9 122 462 186 600 81917 0 0 1 standing 
9 135 463 186 599 81918 0 0 0 standing 
9 141 461 191 598 81919 0 0 1 standing 
9 147 459 196 597 81920 0 0 1 standing 
9 153 458 202 597 81921 0 0 0 standing 
9 153 458 205 597 81922 0 0 1 standing 
9 153 458 209 597 81923 0 0 1 standing 
9 153 458 213 598 81924 0 0 0 standing 
9 157 461 214 601 81925 0 0 1 standing 
9 162 464 216 605 81926 0 0 1 standing 
9 167 468 218 609 81927 0 0 0 standing 
9 166 470 223 612 81928 0 0 1 standing 
9 166 472 228 616 81929 0 0 1 standing 
9 166 474 233 620 81930 0 0 0 standing 
9 171 475 240 620 81931 0 0 1 standing 
9 176 476 248 620 81932 0 0 1 standing 
9 181 477 255 620 81933 0 0 1 standing 
9 186 478 263 620 81934 0 0 1 standing 
10 303 364 361 478 81915 0 0 0 standing 
10 312 364 370 478 81916 0 0 1 standing 
10 321 364 379 478 81917 0 0 1 standing 
10 330 365 388 479 81918 0 0 0 standing 
10 342 364 396 481 81919 0 0 1 standing 
10 354 363 405 484 81920 0 0 1 standing 
10 366 362 414 487 81921 0 0 0 standing 
10 374 363 423 486 81922 0 0 1 standing 
10 383 364 432 486 81923 0 0 1 standing 
10 392 366 441 486 81924 0 0 0 standing 
10 400 367 451 485 81925 0 0 1 standing 
10 409 368 461 485 81926 0 0 1 standing 
10 418 370 471 485 81927 0 0 0 standing 
10 427 371 483 485 81928 0 0 1 standing 
10 436 373 496 485 81929 0 0 1 standing 
10 446 375 509 486 81930 0 0 0 standing 
10 453 377 518 488 81931 0 0 1 standing 
10 460 380 527 490 81932 0 0 1 standing 
10 467 383 536 492 81933 0 0 1 standing 
10 474 386 545 494 81934 0 0 1 standing 
11 0 431 71 559 81915 0 0 0 standing 
11 7 432 76 560 81916 0 0 1 standing 
11 15 433 81 561 81917 0 0 1 standing 
11 23 435 86 562 81918 0 0 0 standing 
11 24 436 95 562 81919 0 0 1 standing 
11 25 437 105 562 81920 0 0 1 standing 
11 26 438 115 563 81921 0 0 0 standing 
11 32 436 118 562 81922 0 0 1 standing 
11 39 435 121 561 81923 0 0 1 standing 
11 46 434 125 561 81924 0 0 0 standing 
11 50 431 123 562 81925 0 0 1 standing 
11 55 429 121 564 81926 0 0 1 standing 
11 60 427 119 566 81927 0 0 0 standing 
11 62 427 117 566 81928 0 0 1 standing 
11 64 427 116 566 81929 0 0 1 standing 
11 67 427 115 566 81930 0 0 0 standing 
11 64 427 119 565 81931 0 0 1 standing 
11 61 427 123 564 81932 0 0 1 standing 
11 58 428 127 564 81933 0 0 1 standing 
11 55 428 131 563 81934 0 0 1 standing 
