0 49 428 104 565 57215 0 0 0 standing 
0 45 429 101 566 57216 0 0 1 standing 
0 41 431 99 568 57217 0 0 1 standing 
0 37 432 96 569 57218 0 0 1 standing 
0 33 434 94 571 57219 0 0 1 standing 
0 29 435 92 572 57220 0 0 1 standing 
0 25 437 89 574 57221 0 0 1 standing 
0 21 438 87 575 57222 0 0 1 standing 
0 17 440 84 577 57223 0 0 1 standing 
0 13 441 82 578 57224 0 0 1 standing 
0 9 443 80 580 57225 0 0 0 standing 
0 9 444 80 581 57226 0 0 1 standing 
0 10 445 81 582 57227 0 0 1 standing 
0 10 446 81 583 57228 0 0 1 standing 
0 11 447 82 584 57229 0 0 1 standing 
0 12 448 83 585 57230 0 0 1 standing 
0 12 449 83 586 57231 0 0 1 standing 
0 13 450 84 587 57232 0 0 1 standing 
0 13 451 84 588 57233 0 0 1 standing 
0 14 452 85 589 57234 0 0 1 standing 
1 151 359 218 485 57215 0 0 0 standing 
1 155 359 222 485 57216 0 0 1 standing 
1 159 359 226 485 57217 0 0 1 standing 
1 163 359 230 485 57218 0 0 1 standing 
1 167 359 234 485 57219 0 0 1 standing 
1 172 359 239 485 57220 0 0 1 standing 
1 176 359 243 485 57221 0 0 1 standing 
1 180 359 247 485 57222 0 0 1 standing 
1 184 359 251 485 57223 0 0 1 standing 
1 188 359 255 485 57224 0 0 1 standing 
1 193 359 260 485 57225 0 0 0 standing 
1 204 359 270 485 57226 0 0 1 standing 
1 215 359 281 485 57227 0 0 1 standing 
1 226 359 292 485 57228 0 0 1 standing 
1 237 360 303 486 57229 0 0 1 standing 
1 248 360 314 486 57230 0 0 1 standing 
1 259 360 325 486 57231 0 0 1 standing 
1 270 361 336 487 57232 0 0 1 standing 
1 281 361 347 487 57233 0 0 1 standing 
1 292 361 358 487 57234 0 0 1 standing 
2 207 447 283 617 57215 0 0 0 standing 
2 214 448 291 616 57216 0 0 1 standing 
2 221 449 300 615 57217 0 0 1 standing 
2 229 451 309 615 57218 0 0 1 standing 
2 236 452 317 614 57219 0 0 1 standing 
2 244 454 326 614 57220 0 0 1 standing 
2 251 455 335 613 57221 0 0 1 standing 
2 258 456 343 612 57222 0 0 1 standing 
2 266 458 352 612 57223 0 0 1 standing 
2 273 459 361 611 57224 0 0 1 standing 
2 281 461 370 611 57225 0 0 0 standing 
2 295 461 384 611 57226 0 0 1 standing 
2 309 462 398 612 57227 0 0 1 standing 
2 323 463 412 613 57228 0 0 1 standing 
2 338 464 427 614 57229 0 0 1 standing 
2 352 465 441 615 57230 0 0 1 standing 
2 366 466 455 616 57231 0 0 1 standing 
2 381 467 470 617 57232 0 0 1 standing 
2 395 468 484 618 57233 0 0 1 standing 
2 409 469 498 619 57234 0 0 1 standing 
3 498 447 561 589 57215 0 0 0 standing 
3 497 445 560 585 57216 0 0 1 standing 
3 496 443 559 582 57217 0 0 1 standing 
3 495 442 558 579 57218 0 0 1 standing 
3 494 440 557 576 57219 0 0 1 standing 
3 493 439 556 573 57220 0 0 1 standing 
3 492 437 555 569 57221 0 0 1 standing 
3 491 435 554 566 57222 0 0 1 standing 
3 490 434 553 563 57223 0 0 1 standing 
3 489 432 552 560 57224 0 0 1 standing 
3 488 431 551 557 57225 0 0 0 standing 
3 492 430 556 555 57226 0 0 1 standing 
3 496 429 561 554 57227 0 0 1 standing 
3 500 428 567 553 57228 0 0 1 standing 
3 504 427 572 552 57229 0 0 1 standing 
3 508 426 578 551 57230 0 0 1 standing 
3 512 425 583 550 57231 0 0 1 standing 
3 516 424 588 549 57232 0 0 1 standing 
3 520 423 594 548 57233 0 0 1 standing 
3 524 422 599 547 57234 0 0 1 standing 
4 554 369 612 511 57215 0 1 0 standing 
4 557 361 615 507 57216 0 1 1 blocking 
4 561 353 619 504 57217 0 1 1 blocking 
4 564 345 622 501 57218 0 1 1 blocking 
4 568 337 626 498 57219 0 1 1 blocking 
4 572 329 629 495 57220 0 1 1 blocking 
4 575 321 633 492 57221 0 1 1 blocking 
4 579 313 636 489 57222 0 1 1 blocking 
4 582 305 640 486 57223 0 1 1 blocking 
4 586 297 643 483 57224 0 1 1 blocking 
4 590 289 647 480 57225 0 1 0 blocking 
4 598 284 655 475 57226 0 1 1 blocking 
4 606 280 663 471 57227 0 1 1 blocking 
4 614 276 671 466 57228 0 1 1 blocking 
4 622 271 680 462 57229 0 1 1 blocking 
4 631 267 688 458 57230 0 1 1 blocking 
4 639 263 696 453 57231 0 1 1 blocking 
4 647 258 705 449 57232 0 1 1 blocking 
4 655 254 713 444 57233 0 1 1 blocking 
4 663 250 721 440 57234 0 1 1 blocking 
5 582 368 631 494 57215 0 1 0 blocking 
5 584 359 633 492 57216 0 1 1 blocking 
5 587 350 636 491 57217 0 1 1 blocking 
5 590 341 639 489 57218 0 1 1 blocking 
5 593 332 641 488 57219 0 1 1 blocking 
5 596 323 644 486 57220 0 1 1 blocking 
5 599 314 647 485 57221 0 1 1 blocking 
5 602 305 649 483 57222 0 1 1 blocking 
5 605 296 652 482 57223 0 1 1 blocking 
5 608 287 655 480 57224 0 1 1 blocking 
5 611 278 658 479 57225 0 1 0 blocking 
5 616 275 663 475 57226 0 1 1 blocking 
5 622 272 669 471 57227 0 1 1 blocking 
5 628 269 675 467 57228 0 1 1 blocking 
5 634 266 680 463 57229 0 1 1 blocking 
5 640 264 686 460 57230 0 1 1 blocking 
5 645 261 692 456 57231 0 1 1 blocking 
5 651 258 697 452 57232 0 1 1 blocking 
5 657 255 703 448 57233 0 1 1 blocking 
5 663 252 709 444 57234 0 1 1 blocking 
6 689 327 761 450 57215 0 1 0 blocking 
6 688 319 759 448 57216 0 1 1 spiking 
6 688 311 757 447 57217 0 1 1 spiking 
6 687 303 756 446 57218 0 1 1 spiking 
6 687 295 754 445 57219 0 1 1 spiking 
6 687 287 753 444 57220 0 1 1 spiking 
6 686 279 751 442 57221 0 1 1 spiking 
6 686 271 749 441 57222 0 1 1 spiking 
6 685 263 748 440 57223 0 1 1 spiking 
6 685 255 746 439 57224 0 1 1 spiking 
6 685 247 745 438 57225 0 1 0 spiking 
6 689 248 749 437 57226 0 1 1 spiking 
6 693 249 753 436 57227 0 1 1 spiking 
6 697 250 757 436 57228 0 1 1 spiking 
6 701 251 761 435 57229 0 1 1 spiking 
6 706 253 765 435 57230 0 1 1 spiking 
6 710 254 769 434 57231 0 1 1 spiking 
6 714 255 773 433 57232 0 1 1 spiking 
6 718 256 777 433 57233 0 1 1 spiking 
6 722 257 781 432 57234 0 1 1 spiking 
7 817 407 870 523 57215 0 0 0 spiking 
7 811 405 864 521 57216 0 0 1 standing 
7 805 404 858 519 57217 0 0 1 standing 
7 799 402 852 518 57218 0 0 1 standing 
7 793 401 846 516 57219 0 0 1 standing 
7 787 399 840 515 57220 0 0 1 standing 
7 781 398 834 513 57221 0 0 1 standing 
7 775 396 828 511 57222 0 0 1 standing 
7 769 395 822 510 57223 0 0 1 standing 
7 763 393 816 508 57224 0 0 1 standing 
7 757 392 810 507 57225 0 0 0 standing 
7 757 391 811 506 57226 0 0 1 standing 
7 758 391 813 505 57227 0 0 1 standing 
7 758 390 814 505 57228 0 0 1 standing 
7 759 390 816 504 57229 0 0 1 standing 
7 759 390 818 504 57230 0 0 1 standing 
7 760 389 819 503 57231 0 0 1 standing 
7 760 389 821 502 57232 0 0 1 standing 
7 761 388 822 502 57233 0 0 1 standing 
7 761 388 824 501 57234 0 0 1 standing 
8 818 500 882 657 57215 0 0 0 standing 
8 817 498 881 655 57216 0 0 1 standing 
8 816 496 880 653 57217 0 0 1 standing 
8 815 494 879 651 57218 0 0 1 standing 
8 814 492 878 649 57219 0 0 1 standing 
8 813 490 877 647 57220 0 0 1 standing 
8 812 488 876 645 57221 0 0 1 standing 
8 811 486 875 643 57222 0 0 1 standing 
8 810 484 874 641 57223 0 0 1 standing 
8 809 482 873 639 57224 0 0 1 standing 
8 808 480 872 637 57225 0 0 0 standing 
8 812 478 876 635 57226 0 0 1 standing 
8 816 477 880 633 57227 0 0 1 standing 
8 820 475 884 631 57228 0 0 1 standing 
8 824 474 888 630 57229 0 0 1 standing 
8 828 472 892 628 57230 0 0 1 standing 
8 832 471 896 626 57231 0 0 1 standing 
8 836 469 900 625 57232 0 0 1 standing 
8 840 468 904 623 57233 0 0 1 standing 
8 844 466 908 621 57234 0 0 1 standing 
9 918 365 989 505 57215 0 0 0 standing 
9 913 365 984 505 57216 0 0 1 standing 
9 909 365 980 505 57217 0 0 1 standing 
9 904 365 975 505 57218 0 0 1 standing 
9 900 366 971 505 57219 0 0 1 standing 
9 896 366 967 506 57220 0 0 1 standing 
9 891 366 962 506 57221 0 0 1 standing 
9 887 367 958 506 57222 0 0 1 standing 
9 882 367 953 506 57223 0 0 1 standing 
9 878 367 949 506 57224 0 0 1 standing 
9 874 368 945 507 57225 0 0 0 standing 
9 877 366 947 507 57226 0 0 1 standing 
9 880 365 950 508 57227 0 0 1 standing 
9 884 364 952 509 57228 0 0 1 standing 
9 887 363 955 510 57229 0 0 1 standing 
9 891 362 958 511 57230 0 0 1 standing 
9 894 360 960 512 57231 0 0 1 standing 
9 897 359 963 513 57232 0 0 1 standing 
9 901 358 965 514 57233 0 0 1 standing 
9 904 357 968 515 57234 0 0 1 standing 
10 890 341 949 471 57215 0 0 0 standing 
10 899 341 958 471 57216 0 0 1 standing 
10 908 341 967 471 57217 0 0 1 standing 
10 917 341 976 471 57218 0 0 1 standing 
10 926 342 985 471 57219 0 0 1 standing 
10 936 342 994 472 57220 0 0 1 standing 
10 945 342 1003 472 57221 0 0 1 standing 
10 954 343 1012 472 57222 0 0 1 standing 
10 963 343 1021 472 57223 0 0 1 standing 
10 972 343 1030 472 57224 0 0 1 standing 
10 982 344 1040 473 57225 0 0 0 standing 
10 991 344 1049 473 57226 0 0 1 standing 
10 1001 344 1059 473 57227 0 0 1 standing 
10 1010 344 1068 473 57228 0 0 1 standing 
10 1020 344 1078 473 57229 0 0 1 standing 
10 1030 344 1088 473 57230 0 0 1 standing 
10 1039 344 1097 473 57231 0 0 1 standing 
10 1049 344 1107 473 57232 0 0 1 standing 
10 1058 344 1116 473 57233 0 0 1 standing 
10 1068 344 1126 473 57234 0 0 1 standing 
11 1064 421 1130 558 57215 0 0 0 standing 
11 1065 420 1131 557 57216 0 0 1 standing 
11 1067 419 1133 556 57217 0 0 1 standing 
11 1068 418 1134 555 57218 0 0 1 standing 
11 1070 417 1136 554 57219 0 0 1 standing 
11 1072 417 1138 554 57220 0 0 1 standing 
11 1073 416 1139 553 57221 0 0 1 standing 
11 1075 415 1141 552 57222 0 0 1 standing 
11 1076 414 1142 551 57223 0 0 1 standing 
11 1078 413 1144 550 57224 0 0 1 standing 
11 1080 413 1146 550 57225 0 0 0 standing 
11 1086 412 1152 549 57226 0 0 1 standing 
11 1092 412 1158 549 57227 0 0 1 standing 
11 1098 411 1164 548 57228 0 0 1 standing 
11 1104 411 1170 548 57229 0 0 1 standing 
11 1111 410 1177 548 57230 0 0 1 standing 
11 1117 410 1183 547 57231 0 0 1 standing 
11 1123 409 1189 547 57232 0 0 1 standing 
11 1129 409 1195 546 57233 0 0 1 standing 
11 1135 408 1201 546 57234 0 0 1 standing 
