0 723 486 805 673 36150 0 1 0 spiking 
0 722 472 804 661 36151 0 1 1 spiking 
0 721 458 803 649 36152 0 1 1 spiking 
0 720 445 802 638 36153 0 1 1 spiking 
0 719 431 801 626 36154 0 1 1 spiking 
0 718 417 800 614 36155 0 1 1 spiking 
0 717 404 800 603 36156 0 1 0 spiking 
0 714 401 797 598 36157 0 1 1 spiking 
0 712 399 795 593 36158 0 1 1 spiking 
0 710 397 792 588 36159 0 1 1 spiking 
0 708 395 790 583 36160 0 1 0 spiking 
0 709 401 789 585 36161 0 1 1 spiking 
0 710 407 789 587 36162 0 1 1 spiking 
0 711 413 789 589 36163 0 1 1 spiking 
0 713 420 788 592 36164 0 1 1 spiking 
0 714 426 788 594 36165 0 1 1 spiking 
0 715 432 788 596 36166 0 1 1 spiking 
0 717 439 787 599 36167 0 1 1 spiking 
0 718 445 787 601 36168 0 1 1 spiking 
0 719 451 787 603 36169 0 1 1 spiking 
1 550 444 611 601 36150 0 1 0 spiking 
1 555 435 614 598 36151 0 1 1 blocking 
1 560 426 617 595 36152 0 1 1 blocking 
1 565 417 620 593 36153 0 1 1 blocking 
1 571 408 624 590 36154 0 1 1 blocking 
1 576 400 627 588 36155 0 1 1 blocking 
1 581 391 630 585 36156 0 1 1 blocking 
1 587 382 634 582 36157 0 1 1 blocking 
1 592 373 637 580 36158 0 1 1 blocking 
1 597 364 640 577 36159 0 1 1 blocking 
1 603 356 644 575 36160 0 1 0 blocking 
1 606 354 648 573 36161 0 1 1 blocking 
1 609 353 652 572 36162 0 1 1 blocking 
1 612 352 656 570 36163 0 1 1 blocking 
1 615 351 660 569 36164 0 1 1 blocking 
1 619 350 664 568 36165 0 1 1 blocking 
1 622 348 668 566 36166 0 1 1 blocking 
1 625 347 672 565 36167 0 1 1 blocking 
1 628 346 676 563 36168 0 1 1 blocking 
1 631 345 680 562 36169 0 1 1 blocking 
2 571 395 625 568 36150 0 1 0 blocking 
2 573 391 627 568 36151 0 1 1 blocking 
2 576 388 630 569 36152 0 1 1 blocking 
2 578 385 632 570 36153 0 1 1 blocking 
2 581 381 635 570 36154 0 1 1 blocking 
2 584 378 637 571 36155 0 1 1 blocking 
2 586 375 640 572 36156 0 1 1 blocking 
2 589 371 642 572 36157 0 1 1 blocking 
2 591 368 645 573 36158 0 1 1 blocking 
2 594 365 647 574 36159 0 1 1 blocking 
2 597 362 650 575 36160 0 1 0 blocking 
2 601 360 654 573 36161 0 1 1 blocking 
2 605 359 658 572 36162 0 1 1 blocking 
2 609 357 662 571 36163 0 1 1 blocking 
2 613 356 666 569 36164 0 1 1 blocking 
2 617 354 670 568 36165 0 1 1 blocking 
2 621 353 674 567 36166 0 1 1 blocking 
2 625 351 678 565 36167 0 1 1 blocking 
2 629 350 682 564 36168 0 1 1 blocking 
2 633 348 686 563 36169 0 1 1 blocking 
3 22 422 99 563 36150 0 0 0 blocking 
3 22 422 99 564 36151 0 0 1 standing 
3 22 422 99 566 36152 0 0 1 standing 
3 22 422 99 567 36153 0 0 1 standing 
3 22 422 99 569 36154 0 0 1 standing 
3 22 422 99 571 36155 0 0 1 standing 
3 22 422 99 572 36156 0 0 1 standing 
3 22 422 99 574 36157 0 0 1 standing 
3 22 422 99 575 36158 0 0 1 standing 
3 22 422 99 577 36159 0 0 1 standing 
3 23 422 99 579 36160 0 0 0 standing 
3 24 424 100 579 36161 0 0 1 standing 
3 26 426 102 580 36162 0 0 1 standing 
3 28 428 104 581 36163 0 0 1 standing 
3 30 430 106 582 36164 0 0 1 standing 
3 32 433 108 583 36165 0 0 1 standing 
3 34 435 109 584 36166 0 0 1 standing 
3 36 437 111 585 36167 0 0 1 standing 
3 38 439 113 586 36168 0 0 1 standing 
3 40 441 115 587 36169 0 0 1 standing 
4 199 343 285 470 36150 0 0 0 standing 
4 206 343 292 470 36151 0 0 1 standing 
4 213 343 299 470 36152 0 0 1 standing 
4 220 343 306 470 36153 0 0 1 standing 
4 227 343 313 470 36154 0 0 1 standing 
4 234 343 320 470 36155 0 0 1 standing 
4 241 343 327 470 36156 0 0 1 standing 
4 248 343 334 470 36157 0 0 1 standing 
4 255 343 341 470 36158 0 0 1 standing 
4 262 343 348 470 36159 0 0 1 standing 
4 270 343 355 470 36160 0 0 0 standing 
4 267 343 352 470 36161 0 0 1 standing 
4 265 343 350 471 36162 0 0 1 standing 
4 262 344 347 471 36163 0 0 1 standing 
4 260 344 345 472 36164 0 0 1 standing 
4 257 345 342 472 36165 0 0 1 standing 
4 255 345 340 473 36166 0 0 1 standing 
4 252 345 337 473 36167 0 0 1 standing 
4 250 346 335 474 36168 0 0 1 standing 
4 247 346 332 474 36169 0 0 1 standing 
5 209 437 292 596 36150 0 0 0 standing 
5 214 437 297 595 36151 0 0 1 standing 
5 220 437 302 594 36152 0 0 1 standing 
5 225 437 308 593 36153 0 0 1 standing 
5 231 438 313 592 36154 0 0 1 standing 
5 236 438 319 591 36155 0 0 1 standing 
5 242 438 324 590 36156 0 0 1 standing 
5 247 439 329 589 36157 0 0 1 standing 
5 253 439 335 588 36158 0 0 1 standing 
5 258 439 340 587 36159 0 0 1 standing 
5 264 440 346 587 36160 0 0 0 standing 
5 272 440 353 587 36161 0 0 1 standing 
5 280 441 360 588 36162 0 0 1 standing 
5 288 442 367 589 36163 0 0 1 standing 
5 296 442 374 590 36164 0 0 1 standing 
5 304 443 381 591 36165 0 0 1 standing 
5 312 444 388 592 36166 0 0 1 standing 
5 320 444 395 593 36167 0 0 1 standing 
5 328 445 402 594 36168 0 0 1 standing 
5 336 446 409 595 36169 0 0 1 standing 
6 534 384 601 510 36150 0 0 0 standing 
6 533 384 600 510 36151 0 0 1 standing 
6 532 384 599 510 36152 0 0 1 standing 
6 531 384 598 510 36153 0 0 1 standing 
6 530 385 597 511 36154 0 0 1 standing 
6 530 385 597 511 36155 0 0 1 standing 
6 529 385 596 511 36156 0 0 1 standing 
6 528 386 595 512 36157 0 0 1 standing 
6 527 386 594 512 36158 0 0 1 standing 
6 526 386 593 512 36159 0 0 1 standing 
6 526 387 593 513 36160 0 0 0 standing 
6 524 388 592 514 36161 0 0 1 standing 
6 522 390 592 516 36162 0 0 1 standing 
6 520 392 592 518 36163 0 0 1 standing 
6 518 394 591 519 36164 0 0 1 standing 
6 516 396 591 521 36165 0 0 1 standing 
6 514 398 591 523 36166 0 0 1 standing 
6 512 400 590 524 36167 0 0 1 standing 
6 510 402 590 526 36168 0 0 1 standing 
6 508 404 590 528 36169 0 0 1 standing 
7 652 356 711 523 36150 0 0 0 standing 
7 652 360 711 527 36151 0 0 1 standing 
7 653 364 712 531 36152 0 0 1 standing 
7 653 368 712 535 36153 0 0 1 standing 
7 654 372 713 539 36154 0 0 1 standing 
7 654 376 713 543 36155 0 0 1 standing 
7 655 380 714 547 36156 0 0 1 standing 
7 655 384 714 551 36157 0 0 1 standing 
7 656 388 715 555 36158 0 0 1 standing 
7 656 392 715 559 36159 0 0 1 standing 
7 657 396 716 564 36160 0 0 0 standing 
7 660 398 719 562 36161 0 0 1 standing 
7 664 400 723 560 36162 0 0 1 standing 
7 668 402 727 559 36163 0 0 1 standing 
7 672 404 731 557 36164 0 0 1 standing 
7 676 406 735 556 36165 0 0 1 standing 
7 680 408 738 554 36166 0 0 1 standing 
7 684 410 742 552 36167 0 0 1 standing 
7 688 412 746 551 36168 0 0 1 standing 
7 692 414 750 549 36169 0 0 1 standing 
8 751 354 811 497 36150 0 0 0 standing 
8 752 353 812 496 36151 0 0 1 standing 
8 754 353 814 496 36152 0 0 1 standing 
8 755 353 815 496 36153 0 0 1 standing 
8 757 353 817 496 36154 0 0 1 standing 
8 758 353 818 496 36155 0 0 1 standing 
8 760 353 820 496 36156 0 0 0 standing 
8 759 352 819 496 36157 0 0 1 standing 
8 758 352 818 496 36158 0 0 1 standing 
8 757 352 817 496 36159 0 0 1 standing 
8 757 352 817 496 36160 0 0 0 standing 
8 756 354 818 496 36161 0 0 1 standing 
8 756 357 819 496 36162 0 0 1 standing 
8 755 359 820 496 36163 0 0 1 standing 
8 755 362 821 496 36164 0 0 1 standing 
8 754 364 823 496 36165 0 0 1 standing 
8 754 367 824 496 36166 0 0 1 standing 
8 753 369 825 496 36167 0 0 1 standing 
8 753 372 826 496 36168 0 0 1 standing 
8 752 374 827 496 36169 0 0 1 standing 
9 881 449 975 589 36150 0 0 0 standing 
9 873 449 967 588 36151 0 0 1 standing 
9 866 449 959 587 36152 0 0 1 standing 
9 859 449 951 586 36153 0 0 1 standing 
9 852 450 943 585 36154 0 0 1 standing 
9 845 450 935 584 36155 0 0 1 standing 
9 837 450 927 583 36156 0 0 1 standing 
9 830 451 919 582 36157 0 0 1 standing 
9 823 451 911 581 36158 0 0 1 standing 
9 816 451 903 580 36159 0 0 1 standing 
9 809 452 896 579 36160 0 0 0 standing 
9 809 452 894 580 36161 0 0 1 standing 
9 810 453 893 582 36162 0 0 1 standing 
9 811 454 892 584 36163 0 0 1 standing 
9 812 455 890 586 36164 0 0 1 standing 
9 813 456 889 588 36165 0 0 1 standing 
9 814 457 888 590 36166 0 0 1 standing 
9 815 458 886 592 36167 0 0 1 standing 
9 816 459 885 594 36168 0 0 1 standing 
9 817 460 884 596 36169 0 0 1 standing 
10 919 348 990 473 36150 0 0 0 standing 
10 917 348 986 474 36151 0 0 1 moving 
10 916 349 983 476 36152 0 0 1 moving 
10 915 349 979 478 36153 0 0 1 moving 
10 914 350 976 479 36154 0 0 1 moving 
10 913 350 972 481 36155 0 0 1 moving 
10 911 351 969 483 36156 0 0 1 moving 
10 910 351 965 484 36157 0 0 1 moving 
10 909 352 962 486 36158 0 0 1 moving 
10 908 352 958 488 36159 0 0 1 moving 
10 907 353 955 490 36160 0 0 0 moving 
10 906 355 956 492 36161 0 0 1 moving 
10 906 357 958 494 36162 0 0 1 moving 
10 905 360 960 497 36163 0 0 1 moving 
10 905 362 962 499 36164 0 0 1 moving 
10 904 365 964 502 36165 0 0 1 moving 
10 904 367 965 504 36166 0 0 1 moving 
10 903 369 967 506 36167 0 0 1 moving 
10 903 372 969 509 36168 0 0 1 moving 
10 902 374 971 511 36169 0 0 1 moving 
11 971 390 1048 537 36150 0 0 0 moving 
11 971 391 1046 538 36151 0 0 1 standing 
11 971 392 1045 539 36152 0 0 1 standing 
11 971 394 1044 540 36153 0 0 1 standing 
11 971 395 1043 541 36154 0 0 1 standing 
11 971 397 1042 543 36155 0 0 1 standing 
11 971 398 1041 544 36156 0 0 1 standing 
11 971 399 1040 545 36157 0 0 1 standing 
11 971 401 1039 546 36158 0 0 1 standing 
11 971 402 1038 547 36159 0 0 1 standing 
11 971 404 1037 549 36160 0 0 0 standing 
11 973 405 1039 549 36161 0 0 1 standing 
11 976 406 1042 550 36162 0 0 1 standing 
11 979 407 1044 551 36163 0 0 1 standing 
11 981 408 1047 552 36164 0 0 1 standing 
11 984 409 1050 553 36165 0 0 1 standing 
11 987 410 1052 554 36166 0 0 1 standing 
11 989 411 1055 555 36167 0 0 1 standing 
11 992 412 1057 556 36168 0 0 1 standing 
11 995 413 1060 557 36169 0 0 1 standing 
