0 927 409 983 537 64545 0 1 0 digging 
0 919 408 977 537 64546 0 1 1 digging 
0 912 408 972 538 64547 0 1 1 digging 
0 904 407 967 538 64548 0 1 1 digging 
0 897 407 962 539 64549 0 1 0 digging 
0 884 405 952 538 64550 0 1 1 digging 
0 872 403 942 537 64551 0 1 1 digging 
0 860 401 932 536 64552 0 1 1 digging 
0 848 399 922 535 64553 0 1 1 digging 
0 836 397 912 534 64554 0 1 1 digging 
0 824 396 903 534 64555 0 1 0 digging 
0 814 396 894 532 64556 0 1 1 digging 
0 804 397 885 530 64557 0 1 1 digging 
0 794 398 876 528 64558 0 1 1 digging 
0 784 399 867 526 64559 0 1 0 digging 
0 780 400 865 524 64560 0 1 1 digging 
0 776 401 863 523 64561 0 1 1 digging 
0 772 402 861 521 64562 0 1 1 digging 
0 768 403 859 520 64563 0 1 1 digging 
0 764 404 857 518 64564 0 1 1 digging 
1 1142 483 1219 599 64545 0 0 0 digging 
1 1136 481 1213 597 64546 0 0 1 standing 
1 1131 480 1208 596 64547 0 0 1 standing 
1 1126 479 1203 594 64548 0 0 1 standing 
1 1121 478 1198 593 64549 0 0 1 standing 
1 1116 477 1193 592 64550 0 0 0 standing 
1 1104 475 1178 590 64551 0 0 1 standing 
1 1092 474 1163 589 64552 0 0 1 standing 
1 1081 473 1148 588 64553 0 0 1 standing 
1 1069 472 1133 587 64554 0 0 1 standing 
1 1058 471 1118 586 64555 0 0 0 standing 
1 1046 470 1106 587 64556 0 0 1 standing 
1 1034 469 1094 588 64557 0 0 1 standing 
1 1023 469 1083 589 64558 0 0 1 standing 
1 1011 468 1071 590 64559 0 0 1 standing 
1 1000 468 1060 591 64560 0 0 0 standing 
1 995 466 1055 591 64561 0 0 1 standing 
1 990 465 1050 591 64562 0 0 1 standing 
1 985 464 1045 591 64563 0 0 1 standing 
1 980 463 1040 591 64564 0 0 1 standing 
2 1030 477 1084 623 64545 0 0 0 standing 
2 1024 473 1076 619 64546 0 0 1 standing 
2 1019 470 1069 616 64547 0 0 1 standing 
2 1014 467 1062 612 64548 0 0 1 standing 
2 1009 464 1055 609 64549 0 0 1 standing 
2 1004 461 1048 606 64550 0 0 0 standing 
2 989 461 1035 607 64551 0 0 1 standing 
2 975 462 1023 608 64552 0 0 1 standing 
2 960 463 1010 609 64553 0 0 1 standing 
2 946 464 998 610 64554 0 0 1 standing 
2 932 465 986 611 64555 0 0 0 standing 
2 918 465 975 607 64556 0 0 1 standing 
2 904 465 964 604 64557 0 0 1 standing 
2 891 465 953 600 64558 0 0 1 standing 
2 877 465 942 597 64559 0 0 1 standing 
2 864 465 932 594 64560 0 0 0 standing 
2 853 466 927 595 64561 0 0 1 standing 
2 843 467 922 596 64562 0 0 1 standing 
2 832 468 917 597 64563 0 0 1 standing 
2 822 469 912 598 64564 0 0 1 standing 
3 862 501 908 624 64545 0 0 0 standing 
3 855 499 903 621 64546 0 0 1 standing 
3 849 498 898 619 64547 0 0 1 standing 
3 843 497 894 617 64548 0 0 1 standing 
3 837 496 889 615 64549 0 0 1 standing 
3 831 495 885 613 64550 0 0 0 standing 
3 817 494 875 612 64551 0 0 1 standing 
3 803 494 865 611 64552 0 0 1 standing 
3 789 493 855 610 64553 0 0 1 standing 
3 775 493 845 609 64554 0 0 1 standing 
3 761 493 835 608 64555 0 0 0 standing 
3 753 493 829 608 64556 0 0 1 standing 
3 746 494 823 608 64557 0 0 1 standing 
3 739 494 818 609 64558 0 0 1 standing 
3 732 495 812 609 64559 0 0 1 standing 
3 725 496 807 610 64560 0 0 0 standing 
3 726 497 806 611 64561 0 0 1 standing 
3 727 498 806 612 64562 0 0 1 standing 
3 729 499 806 614 64563 0 0 1 standing 
3 730 500 806 615 64564 0 0 1 standing 
4 884 441 965 584 64545 0 0 0 standing 
4 878 440 957 583 64546 0 0 1 standing 
4 872 440 950 583 64547 0 0 1 standing 
4 867 439 942 582 64548 0 0 1 standing 
4 861 439 935 582 64549 0 0 1 standing 
4 856 439 928 582 64550 0 0 0 standing 
4 842 438 912 581 64551 0 0 1 standing 
4 828 437 896 580 64552 0 0 1 standing 
4 815 436 881 579 64553 0 0 1 standing 
4 801 435 865 578 64554 0 0 1 standing 
4 788 435 850 577 64555 0 0 0 standing 
4 778 434 840 576 64556 0 0 1 standing 
4 769 434 831 575 64557 0 0 1 standing 
4 759 433 821 575 64558 0 0 1 standing 
4 750 433 812 574 64559 0 0 1 standing 
4 741 433 803 574 64560 0 0 0 standing 
4 736 433 798 574 64561 0 0 1 standing 
4 732 433 794 574 64562 0 0 1 standing 
4 728 434 789 574 64563 0 0 1 standing 
4 724 434 785 574 64564 0 0 1 standing 
5 765 507 849 642 64545 0 0 0 standing 
5 761 505 842 641 64546 0 0 1 falling 
5 758 503 836 641 64547 0 0 1 falling 
5 755 502 830 641 64548 0 0 1 falling 
5 752 500 824 641 64549 0 0 1 falling 
5 749 499 818 641 64550 0 0 0 falling 
5 731 498 800 641 64551 0 0 1 falling 
5 714 497 782 642 64552 0 0 1 falling 
5 696 496 765 643 64553 0 0 1 falling 
5 679 495 747 644 64554 0 0 1 falling 
5 662 495 730 645 64555 0 0 0 falling 
5 647 493 715 644 64556 0 0 1 falling 
5 632 491 700 644 64557 0 0 1 falling 
5 617 489 686 644 64558 0 0 1 falling 
5 602 487 671 644 64559 0 0 1 falling 
5 588 486 657 644 64560 0 0 0 falling 
5 573 489 649 647 64561 0 0 1 falling 
5 559 492 641 650 64562 0 0 1 falling 
5 545 495 634 654 64563 0 0 1 falling 
5 531 498 626 657 64564 0 0 1 falling 
6 801 496 846 620 64545 0 0 0 falling 
6 794 494 840 619 64546 0 0 1 standing 
6 787 492 835 619 64547 0 0 1 standing 
6 781 491 830 618 64548 0 0 1 standing 
6 774 489 825 618 64549 0 0 1 standing 
6 768 488 820 618 64550 0 0 0 standing 
6 753 488 806 619 64551 0 0 1 standing 
6 738 489 793 621 64552 0 0 1 standing 
6 724 489 780 623 64553 0 0 1 standing 
6 709 490 767 625 64554 0 0 1 standing 
6 695 491 754 627 64555 0 0 0 standing 
6 682 488 741 626 64556 0 0 1 standing 
6 669 486 728 626 64557 0 0 1 standing 
6 657 483 716 625 64558 0 0 1 standing 
6 644 481 703 625 64559 0 0 1 standing 
6 632 479 691 625 64560 0 0 0 standing 
6 623 480 682 628 64561 0 0 1 standing 
6 614 482 673 632 64562 0 0 1 standing 
6 606 483 664 635 64563 0 0 1 standing 
6 597 485 655 639 64564 0 0 1 standing 
7 815 491 852 614 64545 0 0 0 standing 
7 808 491 845 616 64546 0 0 1 standing 
7 801 492 838 618 64547 0 0 1 standing 
7 795 493 832 620 64548 0 0 1 standing 
7 788 494 825 622 64549 0 0 1 standing 
7 782 495 819 625 64550 0 0 0 standing 
7 768 493 805 624 64551 0 0 1 standing 
7 754 491 791 623 64552 0 0 1 standing 
7 740 489 777 623 64553 0 0 1 standing 
7 726 487 763 622 64554 0 0 1 standing 
7 713 485 749 622 64555 0 0 0 standing 
7 699 485 735 622 64556 0 0 1 standing 
7 686 485 722 622 64557 0 0 1 standing 
7 672 486 708 623 64558 0 0 1 standing 
7 659 486 695 623 64559 0 0 1 standing 
7 646 487 682 624 64560 0 0 0 standing 
7 642 487 678 624 64561 0 0 1 standing 
7 638 488 674 625 64562 0 0 1 standing 
7 634 488 670 625 64563 0 0 1 standing 
7 630 489 666 626 64564 0 0 1 standing 
8 585 427 667 530 64545 0 0 0 standing 
8 587 432 670 532 64546 0 0 1 falling 
8 589 437 673 534 64547 0 0 1 falling 
8 591 442 677 536 64548 0 0 1 falling 
8 593 447 680 538 64549 0 0 1 falling 
8 595 452 684 541 64550 0 0 0 falling 
8 583 456 677 546 64551 0 0 1 falling 
8 571 460 671 551 64552 0 0 1 falling 
8 559 465 664 556 64553 0 0 1 falling 
8 547 469 658 561 64554 0 0 1 falling 
8 535 474 652 567 64555 0 0 0 falling 
8 528 477 647 567 64556 0 0 1 falling 
8 522 480 643 567 64557 0 0 1 falling 
8 515 484 638 567 64558 0 0 1 falling 
8 509 487 634 567 64559 0 0 1 falling 
8 503 491 630 567 64560 0 0 0 falling 
8 500 494 625 567 64561 0 0 1 falling 
8 498 498 620 567 64562 0 0 1 falling 
8 495 501 616 568 64563 0 0 1 falling 
8 493 505 611 568 64564 0 0 1 falling 
9 470 505 536 630 64545 0 0 0 falling 
9 472 503 537 629 64546 0 0 1 standing 
9 474 501 538 628 64547 0 0 1 standing 
9 476 499 539 627 64548 0 0 1 standing 
9 478 497 540 626 64549 0 0 1 standing 
9 481 496 541 626 64550 0 0 0 standing 
9 474 493 532 624 64551 0 0 1 standing 
9 467 491 524 623 64552 0 0 1 standing 
9 460 489 516 621 64553 0 0 1 standing 
9 453 487 508 620 64554 0 0 1 standing 
9 447 485 500 619 64555 0 0 0 standing 
9 441 486 497 618 64556 0 0 1 standing 
9 436 488 495 618 64557 0 0 1 standing 
9 430 489 493 617 64558 0 0 1 standing 
9 425 491 491 617 64559 0 0 1 standing 
9 420 493 489 617 64560 0 0 0 standing 
9 418 494 486 616 64561 0 0 1 standing 
9 417 496 484 616 64562 0 0 1 standing 
9 416 497 482 616 64563 0 0 1 standing 
9 415 499 480 616 64564 0 0 1 standing 
10 208 441 269 570 64545 0 0 0 standing 
10 205 440 264 569 64546 0 0 1 standing 
10 202 439 259 568 64547 0 0 1 standing 
10 200 438 255 567 64548 0 0 1 standing 
10 197 437 250 566 64549 0 0 1 standing 
10 195 437 246 566 64550 0 0 0 standing 
10 183 436 231 565 64551 0 0 1 standing 
10 171 435 217 564 64552 0 0 1 standing 
10 159 435 203 563 64553 0 0 1 standing 
10 147 434 189 562 64554 0 0 1 standing 
10 135 434 175 562 64555 0 0 0 standing 
10 123 434 165 562 64556 0 0 1 standing 
10 112 434 155 562 64557 0 0 1 standing 
10 101 435 145 562 64558 0 0 1 standing 
10 90 435 135 562 64559 0 0 1 standing 
10 79 436 126 562 64560 0 0 0 standing 
10 75 437 125 563 64561 0 0 1 standing 
10 71 438 124 564 64562 0 0 1 standing 
10 67 439 124 565 64563 0 0 1 standing 
10 63 440 123 566 64564 0 0 1 standing 
11 1195 476 1260 628 64545 1 0 1 standing 
11 1195 476 1260 628 64546 1 0 1 standing 
11 1195 476 1260 628 64547 1 0 1 standing 
11 1195 476 1260 628 64548 1 0 1 standing 
11 1195 476 1260 628 64549 1 0 1 standing 
11 1195 476 1260 628 64550 1 0 1 standing 
11 1195 476 1260 628 64551 1 0 1 standing 
11 1195 476 1260 628 64552 1 0 1 standing 
11 1195 476 1260 628 64553 1 0 1 standing 
11 1195 476 1260 628 64554 1 0 1 standing 
11 1195 476 1260 628 64555 0 0 0 standing 
11 1185 477 1249 626 64556 0 0 1 standing 
11 1175 478 1238 624 64557 0 0 1 standing 
11 1165 479 1227 623 64558 0 0 1 standing 
11 1155 480 1216 621 64559 0 0 1 standing 
11 1145 482 1205 620 64560 0 0 0 standing 
11 1141 478 1200 619 64561 0 0 1 standing 
11 1137 475 1196 618 64562 0 0 1 standing 
11 1133 472 1191 618 64563 0 0 1 standing 
11 1129 469 1187 617 64564 0 0 1 standing 
