0 0 443 51 583 34910 1 1 0 standing 
0 0 443 51 583 34911 1 1 1 standing 
0 0 443 51 583 34912 1 1 1 standing 
0 0 443 51 583 34913 1 1 1 standing 
0 0 443 51 583 34914 1 1 1 standing 
0 0 443 51 583 34915 1 1 1 standing 
0 0 443 51 583 34916 1 1 1 standing 
0 0 443 51 583 34917 1 1 1 standing 
0 0 443 51 583 34918 1 1 1 standing 
0 0 443 51 583 34919 1 1 1 standing 
0 0 443 51 583 34920 1 1 0 standing 
0 0 443 51 583 34921 1 1 1 standing 
0 0 443 51 583 34922 1 1 1 standing 
0 0 443 51 583 34923 1 1 1 standing 
0 0 443 51 583 34924 1 1 1 standing 
0 0 443 51 583 34925 1 1 1 standing 
0 0 443 51 583 34926 1 1 1 standing 
0 0 443 51 583 34927 1 1 1 standing 
0 0 443 51 583 34928 1 1 1 standing 
0 0 443 51 583 34929 1 1 1 standing 
1 60 393 153 535 34910 0 1 0 standing 
1 66 391 159 533 34911 0 1 1 standing 
1 72 389 165 532 34912 0 1 1 standing 
1 78 388 171 530 34913 0 1 1 standing 
1 84 386 177 529 34914 0 1 1 standing 
1 90 385 184 527 34915 0 1 1 standing 
1 96 383 190 526 34916 0 1 1 standing 
1 102 381 196 524 34917 0 1 1 standing 
1 108 380 202 523 34918 0 1 1 standing 
1 114 378 208 521 34919 0 1 1 standing 
1 120 377 215 520 34920 0 1 0 standing 
1 126 376 221 519 34921 0 1 1 standing 
1 133 376 228 519 34922 0 1 1 standing 
1 140 376 235 519 34923 0 1 1 standing 
1 147 375 242 518 34924 0 1 1 standing 
1 154 375 249 518 34925 0 1 1 standing 
1 161 375 256 518 34926 0 1 1 standing 
1 168 374 263 517 34927 0 1 1 standing 
1 175 374 270 517 34928 0 1 1 standing 
1 182 374 277 517 34929 0 1 1 standing 
2 189 341 284 477 34910 0 1 0 standing 
2 192 341 287 477 34911 0 1 1 standing 
2 196 342 291 478 34912 0 1 1 standing 
2 199 343 294 479 34913 0 1 1 standing 
2 203 343 298 480 34914 0 1 1 standing 
2 207 344 302 481 34915 0 1 1 standing 
2 210 345 305 481 34916 0 1 1 standing 
2 214 345 309 482 34917 0 1 1 standing 
2 217 346 312 483 34918 0 1 1 standing 
2 221 347 316 484 34919 0 1 1 standing 
2 225 348 320 485 34920 0 1 0 standing 
2 231 347 323 484 34921 0 1 1 standing 
2 237 347 327 483 34922 0 1 1 standing 
2 243 346 331 483 34923 0 1 1 standing 
2 249 346 334 482 34924 0 1 1 standing 
2 255 345 338 482 34925 0 1 1 standing 
2 261 345 342 481 34926 0 1 1 standing 
2 267 344 345 480 34927 0 1 1 standing 
2 273 344 349 480 34928 0 1 1 standing 
2 279 343 353 479 34929 0 1 1 standing 
3 338 396 403 554 34910 0 1 0 standing 
3 337 394 402 552 34911 0 1 1 standing 
3 336 393 401 550 34912 0 1 1 standing 
3 335 391 400 549 34913 0 1 1 standing 
3 335 390 400 547 34914 0 1 1 standing 
3 334 388 399 546 34915 0 1 1 standing 
3 333 387 398 544 34916 0 1 1 standing 
3 333 385 398 542 34917 0 1 1 standing 
3 332 384 397 541 34918 0 1 1 standing 
3 331 382 396 539 34919 0 1 1 standing 
3 331 381 396 538 34920 0 1 0 standing 
3 330 380 395 537 34921 0 1 1 standing 
3 329 379 394 536 34922 0 1 1 standing 
3 329 378 394 535 34923 0 1 1 standing 
3 328 378 393 535 34924 0 1 1 standing 
3 328 377 393 534 34925 0 1 1 standing 
3 327 376 392 533 34926 0 1 1 standing 
3 326 376 391 533 34927 0 1 1 standing 
3 326 375 391 532 34928 0 1 1 standing 
3 325 374 390 531 34929 0 1 1 standing 
4 381 317 430 473 34910 0 1 0 standing 
4 379 317 428 473 34911 0 1 1 standing 
4 378 317 427 473 34912 0 1 1 standing 
4 377 317 426 473 34913 0 1 1 standing 
4 376 317 425 473 34914 0 1 1 standing 
4 375 317 424 474 34915 0 1 1 standing 
4 373 317 422 474 34916 0 1 1 standing 
4 372 317 421 474 34917 0 1 1 standing 
4 371 317 420 474 34918 0 1 1 standing 
4 370 317 419 474 34919 0 1 1 standing 
4 369 318 418 475 34920 0 1 0 standing 
4 367 319 416 476 34921 0 1 1 standing 
4 365 320 414 477 34922 0 1 1 standing 
4 363 321 412 478 34923 0 1 1 standing 
4 362 322 410 479 34924 0 1 1 standing 
4 360 323 409 480 34925 0 1 1 standing 
4 358 324 407 481 34926 0 1 1 standing 
4 357 325 405 482 34927 0 1 1 standing 
4 355 326 403 483 34928 0 1 1 standing 
4 353 327 401 484 34929 0 1 1 standing 
5 411 314 474 457 34910 0 1 0 standing 
5 410 315 473 458 34911 0 1 1 standing 
5 409 317 472 460 34912 0 1 1 standing 
5 408 319 471 462 34913 0 1 1 standing 
5 407 321 470 464 34914 0 1 1 standing 
5 406 323 469 466 34915 0 1 1 standing 
5 405 324 468 468 34916 0 1 1 standing 
5 404 326 467 470 34917 0 1 1 standing 
5 403 328 466 472 34918 0 1 1 standing 
5 402 330 465 474 34919 0 1 1 standing 
5 401 332 464 476 34920 0 1 0 standing 
5 399 332 462 476 34921 0 1 1 standing 
5 397 332 460 476 34922 0 1 1 standing 
5 395 332 458 476 34923 0 1 1 standing 
5 393 332 456 476 34924 0 1 1 standing 
5 391 332 454 476 34925 0 1 1 standing 
5 389 332 452 476 34926 0 1 1 standing 
5 387 332 450 476 34927 0 1 1 standing 
5 385 332 448 476 34928 0 1 1 standing 
5 383 332 446 476 34929 0 1 1 standing 
6 650 441 710 595 34910 0 0 0 standing 
6 652 440 712 594 34911 0 0 1 standing 
6 654 440 714 594 34912 0 0 1 standing 
6 656 439 716 594 34913 0 0 1 standing 
6 658 439 718 593 34914 0 0 1 standing 
6 660 439 720 593 34915 0 0 1 standing 
6 662 438 722 593 34916 0 0 1 standing 
6 664 438 724 592 34917 0 0 1 standing 
6 666 437 726 592 34918 0 0 1 standing 
6 668 437 728 592 34919 0 0 1 standing 
6 670 437 730 592 34920 0 0 0 standing 
6 673 436 735 591 34921 0 0 1 standing 
6 677 435 740 590 34922 0 0 1 standing 
6 680 435 746 590 34923 0 0 1 standing 
6 684 434 751 589 34924 0 0 1 standing 
6 687 434 757 589 34925 0 0 1 standing 
6 691 433 762 588 34926 0 0 1 standing 
6 694 432 767 587 34927 0 0 1 standing 
6 698 432 773 587 34928 0 0 1 standing 
6 701 431 778 586 34929 0 0 1 standing 
7 556 393 640 547 34910 0 0 0 standing 
7 557 392 641 546 34911 0 0 1 standing 
7 559 391 643 545 34912 0 0 1 standing 
7 561 390 645 545 34913 0 0 1 standing 
7 562 390 646 544 34914 0 0 1 standing 
7 564 389 648 544 34915 0 0 1 standing 
7 566 388 650 543 34916 0 0 1 standing 
7 567 388 651 542 34917 0 0 1 standing 
7 569 387 653 542 34918 0 0 1 standing 
7 571 386 655 541 34919 0 0 1 standing 
7 573 386 657 541 34920 0 0 0 standing 
7 577 385 659 540 34921 0 0 1 standing 
7 582 385 662 540 34922 0 0 1 standing 
7 587 385 664 540 34923 0 0 1 standing 
7 592 384 667 539 34924 0 0 1 standing 
7 597 384 669 539 34925 0 0 1 standing 
7 602 384 672 539 34926 0 0 1 standing 
7 607 383 674 538 34927 0 0 1 standing 
7 612 383 677 538 34928 0 0 1 standing 
7 617 383 679 538 34929 0 0 1 standing 
8 612 362 673 499 34910 0 0 0 standing 
8 614 360 675 497 34911 0 0 1 standing 
8 616 359 677 496 34912 0 0 1 standing 
8 618 357 679 494 34913 0 0 1 standing 
8 620 356 681 493 34914 0 0 1 standing 
8 623 354 683 491 34915 0 0 1 standing 
8 625 353 685 490 34916 0 0 1 standing 
8 627 351 687 488 34917 0 0 1 standing 
8 629 350 689 487 34918 0 0 1 standing 
8 631 348 691 485 34919 0 0 1 standing 
8 634 347 694 484 34920 0 0 0 standing 
8 635 347 695 484 34921 0 0 1 standing 
8 637 347 697 484 34922 0 0 1 standing 
8 639 347 699 484 34923 0 0 1 standing 
8 640 347 700 484 34924 0 0 1 standing 
8 642 347 702 484 34925 0 0 1 standing 
8 644 347 704 484 34926 0 0 1 standing 
8 645 347 705 484 34927 0 0 1 standing 
8 647 347 707 484 34928 0 0 1 standing 
8 649 347 709 484 34929 0 0 1 standing 
9 661 301 714 434 34910 0 0 0 standing 
9 663 301 716 434 34911 0 0 1 standing 
9 666 302 719 435 34912 0 0 1 standing 
9 668 303 721 436 34913 0 0 1 standing 
9 671 303 724 436 34914 0 0 1 standing 
9 674 304 727 437 34915 0 0 1 standing 
9 676 305 729 438 34916 0 0 1 standing 
9 679 305 732 438 34917 0 0 1 standing 
9 681 306 734 439 34918 0 0 1 standing 
9 684 307 737 440 34919 0 0 1 standing 
9 687 308 740 441 34920 0 0 0 standing 
9 688 308 741 441 34921 0 0 1 standing 
9 690 309 743 442 34922 0 0 1 standing 
9 692 309 745 442 34923 0 0 1 standing 
9 694 310 747 443 34924 0 0 1 standing 
9 696 311 749 444 34925 0 0 1 standing 
9 697 311 750 444 34926 0 0 1 standing 
9 699 312 752 445 34927 0 0 1 standing 
9 701 312 754 445 34928 0 0 1 standing 
9 703 313 756 446 34929 0 0 1 standing 
10 835 422 904 572 34910 0 0 0 standing 
10 832 422 901 572 34911 0 0 1 standing 
10 830 422 899 572 34912 0 0 1 standing 
10 828 422 897 572 34913 0 0 1 standing 
10 826 423 895 573 34914 0 0 1 standing 
10 824 423 893 573 34915 0 0 1 standing 
10 822 423 891 573 34916 0 0 1 standing 
10 820 424 889 574 34917 0 0 1 standing 
10 818 424 887 574 34918 0 0 1 standing 
10 816 424 885 574 34919 0 0 1 standing 
10 814 425 883 575 34920 0 0 0 standing 
10 811 423 880 573 34921 0 0 1 standing 
10 809 421 878 571 34922 0 0 1 standing 
10 806 419 875 569 34923 0 0 1 standing 
10 804 417 873 568 34924 0 0 1 standing 
10 802 416 871 566 34925 0 0 1 standing 
10 799 414 868 564 34926 0 0 1 standing 
10 797 412 866 563 34927 0 0 1 standing 
10 794 410 863 561 34928 0 0 1 standing 
10 792 408 861 559 34929 0 0 1 standing 
11 844 357 916 500 34910 0 0 0 standing 
11 839 357 911 500 34911 0 0 1 standing 
11 835 357 907 500 34912 0 0 1 standing 
11 831 357 903 500 34913 0 0 1 standing 
11 827 357 899 501 34914 0 0 1 standing 
11 823 358 895 501 34915 0 0 1 standing 
11 818 358 890 501 34916 0 0 1 standing 
11 814 358 886 502 34917 0 0 1 standing 
11 810 358 882 502 34918 0 0 1 standing 
11 806 358 878 502 34919 0 0 1 standing 
11 802 359 874 503 34920 0 0 0 standing 
11 798 359 870 503 34921 0 0 1 standing 
11 795 359 867 503 34922 0 0 1 standing 
11 792 360 864 504 34923 0 0 1 standing 
11 788 360 860 504 34924 0 0 1 standing 
11 785 361 857 505 34925 0 0 1 standing 
11 782 361 854 505 34926 0 0 1 standing 
11 778 361 850 505 34927 0 0 1 standing 
11 775 362 847 506 34928 0 0 1 standing 
11 772 362 844 506 34929 0 0 1 standing 
