0 685 362 733 502 56870 0 1 0 setting 
0 688 357 737 497 56871 0 1 1 setting 
0 691 353 741 492 56872 0 1 1 setting 
0 695 348 745 488 56873 0 1 1 setting 
0 698 344 749 483 56874 0 1 1 setting 
0 702 339 754 479 56875 0 1 1 setting 
0 705 335 758 474 56876 0 1 1 setting 
0 708 330 762 469 56877 0 1 1 setting 
0 712 326 766 465 56878 0 1 1 setting 
0 715 321 770 460 56879 0 1 1 setting 
0 719 317 775 456 56880 0 1 0 setting 
0 723 322 779 460 56881 0 1 1 setting 
0 727 328 783 464 56882 0 1 1 setting 
0 731 333 787 468 56883 0 1 1 setting 
0 735 339 791 472 56884 0 1 1 setting 
0 739 345 795 476 56885 0 1 1 setting 
0 743 350 799 480 56886 0 1 1 setting 
0 747 356 803 484 56887 0 1 1 setting 
0 751 361 807 488 56888 0 1 1 setting 
0 755 367 811 492 56889 0 1 1 setting 
1 772 373 875 509 56870 0 1 0 setting 
1 771 371 869 509 56871 0 1 1 standing 
1 770 369 864 510 56872 0 1 1 standing 
1 769 367 858 511 56873 0 1 1 standing 
1 768 365 853 512 56874 0 1 1 standing 
1 768 363 848 513 56875 0 1 1 standing 
1 767 361 842 514 56876 0 1 1 standing 
1 766 359 837 515 56877 0 1 1 standing 
1 765 357 831 516 56878 0 1 1 standing 
1 764 355 826 517 56879 0 1 1 standing 
1 764 354 821 518 56880 0 1 0 standing 
1 762 350 822 514 56881 0 1 1 standing 
1 761 346 824 510 56882 0 1 1 standing 
1 760 342 826 506 56883 0 1 1 standing 
1 758 338 827 502 56884 0 1 1 standing 
1 757 335 829 498 56885 0 1 1 standing 
1 756 331 831 494 56886 0 1 1 standing 
1 754 327 832 490 56887 0 1 1 standing 
1 753 323 834 486 56888 0 1 1 standing 
1 752 319 836 482 56889 0 1 1 standing 
2 1019 353 1125 464 56870 0 1 0 standing 
2 1014 352 1120 463 56871 0 1 1 moving 
2 1009 352 1115 463 56872 0 1 1 moving 
2 1005 351 1110 462 56873 0 1 1 moving 
2 1000 351 1106 462 56874 0 1 1 moving 
2 996 351 1101 462 56875 0 1 1 moving 
2 991 350 1096 461 56876 0 1 1 moving 
2 986 350 1092 461 56877 0 1 1 moving 
2 982 349 1087 460 56878 0 1 1 moving 
2 977 349 1082 460 56879 0 1 1 moving 
2 973 349 1078 460 56880 0 1 0 moving 
2 967 348 1069 459 56881 0 1 1 moving 
2 962 348 1060 459 56882 0 1 1 moving 
2 957 348 1051 459 56883 0 1 1 moving 
2 952 348 1043 459 56884 0 1 1 moving 
2 947 348 1034 459 56885 0 1 1 moving 
2 942 347 1025 458 56886 0 1 1 moving 
2 937 347 1017 458 56887 0 1 1 moving 
2 932 347 1008 458 56888 0 1 1 moving 
2 927 347 999 458 56889 0 1 1 moving 
3 598 405 659 546 56870 0 0 0 moving 
3 602 405 663 541 56871 0 0 1 standing 
3 606 405 667 536 56872 0 0 1 standing 
3 611 405 671 532 56873 0 0 0 standing 
3 615 402 673 529 56874 0 0 1 standing 
3 619 400 675 526 56875 0 0 1 standing 
3 624 398 677 524 56876 0 0 0 standing 
3 630 388 682 526 56877 0 0 1 standing 
3 636 378 687 529 56878 0 0 1 standing 
3 642 369 693 532 56879 0 0 0 standing 
3 645 357 695 520 56880 0 0 1 standing 
3 648 346 697 509 56881 0 0 1 standing 
3 651 335 700 498 56882 0 0 0 standing 
3 650 335 702 497 56883 0 0 1 standing 
3 649 335 704 496 56884 0 0 1 standing 
3 648 336 707 495 56885 0 0 1 standing 
3 647 336 709 494 56886 0 0 1 standing 
3 646 336 711 493 56887 0 0 1 standing 
3 645 337 714 492 56888 0 0 1 standing 
3 644 337 716 491 56889 0 0 1 standing 
4 602 429 658 582 56870 0 0 0 standing 
4 604 430 661 583 56871 0 0 1 standing 
4 607 431 664 584 56872 0 0 1 standing 
4 610 432 667 585 56873 0 0 0 standing 
4 611 433 668 586 56874 0 0 1 standing 
4 612 435 669 588 56875 0 0 1 standing 
4 614 437 671 590 56876 0 0 0 standing 
4 618 437 678 589 56877 0 0 1 standing 
4 622 437 685 589 56878 0 0 1 standing 
4 626 437 693 589 56879 0 0 0 standing 
4 627 437 689 587 56880 0 0 1 standing 
4 628 437 685 586 56881 0 0 1 standing 
4 630 437 682 585 56882 0 0 0 standing 
4 634 440 686 588 56883 0 0 1 standing 
4 638 443 690 591 56884 0 0 1 standing 
4 642 446 694 594 56885 0 0 0 standing 
4 644 447 695 593 56886 0 0 1 standing 
4 646 448 696 593 56887 0 0 1 standing 
4 648 450 698 593 56888 0 0 1 standing 
4 650 451 699 593 56889 0 0 1 standing 
5 458 409 508 532 56870 0 0 0 standing 
5 459 411 510 531 56871 0 0 1 standing 
5 460 414 512 531 56872 0 0 1 standing 
5 462 417 514 531 56873 0 0 0 standing 
5 465 417 516 531 56874 0 0 1 standing 
5 468 417 519 531 56875 0 0 1 standing 
5 471 418 522 532 56876 0 0 0 standing 
5 472 417 522 531 56877 0 0 1 standing 
5 473 416 522 530 56878 0 0 1 standing 
5 474 415 523 529 56879 0 0 0 standing 
5 475 416 524 530 56880 0 0 1 standing 
5 477 418 526 531 56881 0 0 1 standing 
5 479 420 528 533 56882 0 0 0 standing 
5 479 420 528 533 56883 0 0 1 standing 
5 479 420 528 533 56884 0 0 1 standing 
5 479 420 528 533 56885 0 0 0 standing 
5 478 418 531 531 56886 0 0 1 standing 
5 478 417 534 529 56887 0 0 1 standing 
5 478 416 538 528 56888 0 0 0 standing 
5 478 416 538 528 56889 0 0 1 standing 
6 609 353 666 478 56870 0 0 0 standing 
6 612 353 670 478 56871 0 0 1 standing 
6 616 354 674 479 56872 0 0 1 standing 
6 620 355 679 480 56873 0 0 0 standing 
6 623 358 678 483 56874 0 0 1 standing 
6 627 362 677 486 56875 0 0 1 standing 
6 631 366 676 490 56876 0 0 0 standing 
6 634 363 682 493 56877 0 0 1 standing 
6 638 360 689 496 56878 0 0 1 standing 
6 642 357 696 499 56879 0 0 0 standing 
6 643 355 699 497 56880 0 0 1 standing 
6 645 353 702 496 56881 0 0 1 standing 
6 647 352 705 495 56882 0 0 1 standing 
6 649 350 708 493 56883 0 0 1 standing 
6 651 349 711 492 56884 0 0 1 standing 
6 652 347 714 491 56885 0 0 1 standing 
6 654 346 717 490 56886 0 0 1 standing 
6 656 344 720 488 56887 0 0 1 standing 
6 658 343 723 487 56888 0 0 1 standing 
6 660 341 726 486 56889 0 0 1 standing 
7 808 493 899 628 56870 0 0 0 standing 
7 814 494 901 628 56871 0 0 1 moving 
7 820 495 903 628 56872 0 0 1 moving 
7 826 496 905 629 56873 0 0 0 moving 
7 825 496 908 634 56874 0 0 1 moving 
7 824 496 911 639 56875 0 0 1 moving 
7 823 496 914 644 56876 0 0 0 moving 
7 827 499 917 644 56877 0 0 1 moving 
7 831 503 920 645 56878 0 0 1 moving 
7 835 507 924 646 56879 0 0 0 moving 
7 835 507 925 646 56880 0 0 1 moving 
7 835 507 927 646 56881 0 0 1 moving 
7 835 507 929 646 56882 0 0 0 moving 
7 826 507 925 646 56883 0 0 1 moving 
7 818 507 921 646 56884 0 0 1 moving 
7 810 507 917 646 56885 0 0 0 moving 
7 809 507 911 645 56886 0 0 1 moving 
7 809 507 905 644 56887 0 0 1 moving 
7 808 507 900 643 56888 0 0 1 moving 
7 808 507 894 642 56889 0 0 1 moving 
8 365 461 427 578 56870 0 0 0 moving 
8 373 461 440 577 56871 0 0 1 digging 
8 381 461 453 577 56872 0 0 1 digging 
8 389 461 467 577 56873 0 0 0 digging 
8 396 461 471 576 56874 0 0 1 digging 
8 404 461 476 576 56875 0 0 1 digging 
8 412 461 481 576 56876 0 0 0 digging 
8 416 461 483 576 56877 0 0 1 digging 
8 420 462 486 576 56878 0 0 1 digging 
8 425 463 489 577 56879 0 0 0 digging 
8 428 463 492 577 56880 0 0 1 digging 
8 431 463 495 577 56881 0 0 1 digging 
8 435 463 499 577 56882 0 0 0 digging 
8 437 462 501 576 56883 0 0 1 digging 
8 439 462 503 576 56884 0 0 1 digging 
8 442 462 506 576 56885 0 0 0 digging 
8 444 463 508 577 56886 0 0 1 digging 
8 447 464 511 578 56887 0 0 1 digging 
8 450 466 514 580 56888 0 0 0 digging 
8 450 466 514 580 56889 0 0 1 digging 
9 999 461 1117 565 56870 0 0 0 digging 
9 998 460 1108 562 56871 0 0 1 moving 
9 997 459 1100 559 56872 0 0 1 moving 
9 997 458 1092 557 56873 0 0 0 moving 
9 991 457 1086 556 56874 0 0 1 moving 
9 985 456 1080 555 56875 0 0 1 moving 
9 980 455 1075 554 56876 0 0 0 moving 
9 969 452 1068 552 56877 0 0 1 moving 
9 958 449 1061 550 56878 0 0 1 moving 
9 948 446 1054 548 56879 0 0 0 moving 
9 944 445 1040 549 56880 0 0 1 moving 
9 940 444 1026 550 56881 0 0 1 moving 
9 936 444 1012 552 56882 0 0 0 moving 
9 925 440 1001 551 56883 0 0 1 moving 
9 915 436 990 550 56884 0 0 1 moving 
9 905 433 980 549 56885 0 0 0 moving 
9 901 429 971 547 56886 0 0 1 moving 
9 897 425 963 546 56887 0 0 1 moving 
9 894 421 954 544 56888 0 0 1 moving 
9 890 417 946 543 56889 0 0 1 moving 
10 207 435 268 558 56870 0 0 0 moving 
10 208 435 269 558 56871 0 0 1 standing 
10 210 435 271 558 56872 0 0 1 standing 
10 212 435 273 558 56873 0 0 0 standing 
10 215 435 276 558 56874 0 0 1 standing 
10 218 435 279 558 56875 0 0 1 standing 
10 221 435 283 558 56876 0 0 0 standing 
10 223 435 283 557 56877 0 0 1 standing 
10 225 435 283 557 56878 0 0 1 standing 
10 227 435 284 557 56879 0 0 0 standing 
10 229 434 287 556 56880 0 0 1 standing 
10 232 433 291 555 56881 0 0 1 standing 
10 235 433 295 554 56882 0 0 0 standing 
10 237 434 297 555 56883 0 0 1 standing 
10 239 435 299 556 56884 0 0 1 standing 
10 241 436 301 557 56885 0 0 0 standing 
10 243 437 303 557 56886 0 0 1 standing 
10 246 438 306 557 56887 0 0 1 standing 
10 249 439 309 557 56888 0 0 1 standing 
10 252 440 312 557 56889 0 0 1 standing 
11 1159 481 1226 628 56870 0 0 0 standing 
11 1162 479 1227 624 56871 0 0 1 standing 
11 1166 478 1228 620 56872 0 0 1 standing 
11 1170 477 1229 617 56873 0 0 0 standing 
11 1170 476 1230 619 56874 0 0 1 standing 
11 1171 476 1231 621 56875 0 0 1 standing 
11 1172 476 1233 623 56876 0 0 0 standing 
11 1172 475 1233 622 56877 0 0 1 standing 
11 1172 474 1233 621 56878 0 0 1 standing 
11 1172 473 1233 620 56879 0 0 0 standing 
11 1172 473 1235 619 56880 0 0 1 standing 
11 1172 473 1237 619 56881 0 0 1 standing 
11 1172 473 1240 619 56882 0 0 0 standing 
11 1171 475 1241 618 56883 0 0 1 standing 
11 1170 477 1243 618 56884 0 0 1 standing 
11 1170 480 1245 618 56885 0 0 0 standing 
11 1169 478 1247 618 56886 0 0 1 standing 
11 1168 476 1250 618 56887 0 0 1 standing 
11 1168 475 1253 619 56888 0 0 0 standing 
11 1168 475 1253 619 56889 0 0 1 standing 
