0 387 474 451 609 44615 0 1 0 spiking 
0 389 472 454 607 44616 0 1 1 spiking 
0 392 470 458 606 44617 0 1 1 spiking 
0 394 469 461 604 44618 0 1 1 spiking 
0 397 467 465 603 44619 0 1 1 spiking 
0 399 466 468 601 44620 0 1 1 spiking 
0 402 464 472 600 44621 0 1 1 spiking 
0 404 462 476 599 44622 0 1 1 spiking 
0 407 461 479 597 44623 0 1 1 spiking 
0 409 459 483 596 44624 0 1 1 spiking 
0 412 458 486 594 44625 0 1 1 spiking 
0 414 456 490 593 44626 0 1 1 spiking 
0 417 455 494 592 44627 0 1 0 spiking 
0 422 454 494 591 44628 0 1 1 spiking 
0 427 454 494 591 44629 0 1 1 spiking 
0 432 454 495 591 44630 0 1 1 spiking 
0 437 454 495 591 44631 0 1 1 spiking 
0 442 453 495 590 44632 0 1 1 spiking 
0 447 453 496 590 44633 0 1 1 spiking 
0 452 453 496 590 44634 0 1 1 spiking 
1 594 461 635 602 44615 0 1 0 spiking 
1 589 454 631 597 44616 0 1 1 standing 
1 585 448 628 593 44617 0 1 1 standing 
1 581 442 625 589 44618 0 1 1 standing 
1 576 436 622 585 44619 0 1 1 standing 
1 572 430 619 581 44620 0 1 1 standing 
1 568 424 615 577 44621 0 1 1 standing 
1 563 418 612 573 44622 0 1 1 standing 
1 559 412 609 569 44623 0 1 1 standing 
1 555 406 606 565 44624 0 1 1 standing 
1 551 400 603 561 44625 0 1 0 standing 
1 549 406 603 565 44626 0 1 1 standing 
1 548 412 603 569 44627 0 1 1 standing 
1 547 419 603 573 44628 0 1 1 standing 
1 546 425 603 577 44629 0 1 1 standing 
1 545 432 603 581 44630 0 1 1 standing 
1 543 438 603 585 44631 0 1 1 standing 
1 542 444 603 589 44632 0 1 1 standing 
1 541 451 603 593 44633 0 1 1 standing 
1 540 457 603 597 44634 0 1 1 standing 
2 581 419 624 576 44615 0 1 0 standing 
2 576 415 621 572 44616 0 1 1 standing 
2 572 412 618 569 44617 0 1 1 standing 
2 567 408 615 565 44618 0 1 1 standing 
2 563 405 612 562 44619 0 1 1 standing 
2 558 402 609 558 44620 0 1 1 standing 
2 554 398 606 555 44621 0 1 1 standing 
2 549 395 603 551 44622 0 1 1 standing 
2 545 391 600 548 44623 0 1 1 standing 
2 540 388 597 544 44624 0 1 1 standing 
2 536 385 595 541 44625 0 1 0 standing 
2 533 389 591 542 44626 0 1 1 standing 
2 531 393 587 543 44627 0 1 1 standing 
2 529 397 583 544 44628 0 1 1 standing 
2 527 401 580 546 44629 0 1 1 standing 
2 525 406 576 547 44630 0 1 1 standing 
2 523 410 572 548 44631 0 1 1 standing 
2 521 414 569 550 44632 0 1 1 standing 
2 519 418 565 551 44633 0 1 1 standing 
2 517 422 561 552 44634 0 1 1 standing 
3 260 427 309 554 44615 0 0 0 standing 
3 255 425 304 554 44616 0 0 1 standing 
3 251 423 299 554 44617 0 0 1 standing 
3 247 422 294 555 44618 0 0 0 standing 
3 240 419 289 554 44619 0 0 1 standing 
3 234 417 285 553 44620 0 0 1 standing 
3 228 415 281 553 44621 0 0 0 standing 
3 222 410 271 552 44622 0 0 1 standing 
3 216 406 261 551 44623 0 0 1 standing 
3 210 402 252 551 44624 0 0 0 standing 
3 204 405 245 554 44625 0 0 1 standing 
3 199 408 238 557 44626 0 0 1 standing 
3 194 411 232 560 44627 0 0 0 standing 
3 189 412 229 561 44628 0 0 1 standing 
3 184 413 226 562 44629 0 0 1 standing 
3 179 414 224 563 44630 0 0 0 standing 
3 177 412 222 562 44631 0 0 1 standing 
3 175 410 221 561 44632 0 0 1 standing 
3 173 408 219 560 44633 0 0 1 standing 
3 171 406 218 559 44634 0 0 1 standing 
4 243 377 303 508 44615 0 0 0 standing 
4 240 376 299 507 44616 0 0 1 standing 
4 237 376 296 506 44617 0 0 1 standing 
4 234 376 293 505 44618 0 0 0 standing 
4 230 374 288 503 44619 0 0 1 standing 
4 226 372 284 501 44620 0 0 1 standing 
4 222 371 280 500 44621 0 0 0 standing 
4 218 370 275 499 44622 0 0 1 standing 
4 214 369 270 498 44623 0 0 1 standing 
4 211 369 265 498 44624 0 0 0 standing 
4 206 368 260 500 44625 0 0 1 standing 
4 202 367 255 502 44626 0 0 1 standing 
4 198 367 251 504 44627 0 0 0 standing 
4 194 365 249 502 44628 0 0 1 standing 
4 191 363 248 500 44629 0 0 1 standing 
4 188 362 247 499 44630 0 0 0 standing 
4 188 361 246 498 44631 0 0 1 standing 
4 188 360 245 497 44632 0 0 1 standing 
4 188 359 244 496 44633 0 0 1 standing 
4 188 358 243 495 44634 0 0 1 standing 
5 429 429 487 561 44615 0 0 0 standing 
5 409 429 481 561 44616 0 0 1 standing 
5 390 429 475 562 44617 0 0 1 standing 
5 371 430 470 563 44618 0 0 0 standing 
5 359 431 455 562 44619 0 0 1 standing 
5 347 433 440 561 44620 0 0 1 standing 
5 336 435 425 560 44621 0 0 0 standing 
5 334 431 424 559 44622 0 0 1 standing 
5 332 427 423 558 44623 0 0 1 standing 
5 330 423 422 557 44624 0 0 0 standing 
5 328 420 417 558 44625 0 0 1 standing 
5 326 417 413 559 44626 0 0 1 standing 
5 325 415 409 560 44627 0 0 0 standing 
5 326 418 405 562 44628 0 0 1 standing 
5 327 421 401 565 44629 0 0 1 standing 
5 328 424 397 568 44630 0 0 0 standing 
5 325 423 393 569 44631 0 0 1 standing 
5 322 423 389 571 44632 0 0 1 standing 
5 320 423 386 572 44633 0 0 1 standing 
5 317 423 382 574 44634 0 0 1 standing 
6 484 370 534 543 44615 0 0 0 standing 
6 483 378 533 541 44616 0 0 1 standing 
6 482 386 532 540 44617 0 0 1 standing 
6 482 395 531 539 44618 0 0 0 standing 
6 477 396 525 540 44619 0 0 1 standing 
6 472 398 520 542 44620 0 0 1 standing 
6 467 400 515 544 44621 0 0 0 standing 
6 460 396 509 539 44622 0 0 1 standing 
6 453 392 503 535 44623 0 0 1 standing 
6 447 388 497 531 44624 0 0 0 standing 
6 443 384 493 527 44625 0 0 1 standing 
6 440 381 489 524 44626 0 0 1 standing 
6 437 378 486 521 44627 0 0 0 standing 
6 430 380 483 523 44628 0 0 1 standing 
6 423 383 480 525 44629 0 0 1 standing 
6 416 386 478 528 44630 0 0 0 standing 
6 415 385 476 528 44631 0 0 1 standing 
6 414 385 475 528 44632 0 0 1 standing 
6 413 385 474 528 44633 0 0 1 standing 
6 412 385 473 528 44634 0 0 1 standing 
7 430 326 484 448 44615 0 0 0 standing 
7 429 326 483 448 44616 0 0 1 moving 
7 429 326 482 448 44617 0 0 1 moving 
7 429 326 481 449 44618 0 0 0 moving 
7 427 326 478 450 44619 0 0 1 moving 
7 425 327 475 451 44620 0 0 1 moving 
7 424 328 473 452 44621 0 0 0 moving 
7 420 327 471 450 44622 0 0 1 moving 
7 417 326 470 449 44623 0 0 1 moving 
7 414 325 469 448 44624 0 0 0 moving 
7 413 325 467 448 44625 0 0 1 moving 
7 412 325 466 448 44626 0 0 1 moving 
7 411 325 465 449 44627 0 0 0 moving 
7 411 325 465 449 44628 0 0 1 moving 
7 412 326 465 450 44629 0 0 1 moving 
7 412 327 466 451 44630 0 0 1 moving 
7 413 328 466 452 44631 0 0 1 moving 
7 414 329 466 453 44632 0 0 1 moving 
7 414 330 467 454 44633 0 0 1 moving 
7 415 331 467 455 44634 0 0 1 moving 
8 605 380 679 478 44615 0 0 0 moving 
8 605 377 677 478 44616 0 0 1 standing 
8 605 374 675 478 44617 0 0 1 standing 
8 605 371 673 479 44618 0 0 0 standing 
8 612 370 674 478 44619 0 0 1 standing 
8 619 369 675 478 44620 0 0 1 standing 
8 627 369 676 478 44621 0 0 0 standing 
8 629 367 683 477 44622 0 0 1 standing 
8 631 365 690 477 44623 0 0 1 standing 
8 633 363 697 477 44624 0 0 0 standing 
8 633 364 696 477 44625 0 0 1 standing 
8 633 365 696 478 44626 0 0 1 standing 
8 633 366 696 479 44627 0 0 0 standing 
8 635 365 695 480 44628 0 0 1 standing 
8 638 364 694 481 44629 0 0 1 standing 
8 641 363 694 482 44630 0 0 0 standing 
8 643 364 696 482 44631 0 0 1 standing 
8 646 366 699 483 44632 0 0 1 standing 
8 648 368 701 483 44633 0 0 1 standing 
8 651 370 704 484 44634 0 0 1 standing 
9 862 390 916 489 44615 0 0 0 standing 
9 859 388 913 488 44616 0 0 1 standing 
9 857 386 911 487 44617 0 0 1 standing 
9 855 385 908 487 44618 0 0 1 standing 
9 852 383 906 486 44619 0 0 1 standing 
9 850 381 903 485 44620 0 0 1 standing 
9 848 380 901 485 44621 0 0 0 standing 
9 844 379 901 487 44622 0 0 1 standing 
9 841 379 901 490 44623 0 0 1 standing 
9 838 379 901 493 44624 0 0 0 standing 
9 835 379 898 495 44625 0 0 1 standing 
9 832 380 895 497 44626 0 0 1 standing 
9 830 381 893 500 44627 0 0 0 standing 
9 827 382 888 502 44628 0 0 1 standing 
9 824 383 884 505 44629 0 0 1 standing 
9 821 384 880 508 44630 0 0 0 standing 
9 814 383 877 507 44631 0 0 1 standing 
9 807 383 874 506 44632 0 0 1 standing 
9 800 382 872 506 44633 0 0 1 standing 
9 793 382 869 505 44634 0 0 1 standing 
10 978 471 1057 589 44615 0 0 0 standing 
10 980 474 1069 592 44616 0 0 1 standing 
10 983 477 1081 596 44617 0 0 1 standing 
10 986 481 1094 600 44618 0 0 0 standing 
10 986 483 1093 598 44619 0 0 1 standing 
10 986 485 1092 596 44620 0 0 1 standing 
10 987 487 1091 595 44621 0 0 0 standing 
10 980 485 1085 595 44622 0 0 1 standing 
10 974 483 1079 595 44623 0 0 1 standing 
10 968 481 1073 595 44624 0 0 0 standing 
10 960 477 1065 591 44625 0 0 1 standing 
10 952 473 1058 587 44626 0 0 1 standing 
10 944 470 1051 583 44627 0 0 0 standing 
10 929 470 1033 583 44628 0 0 1 standing 
10 915 470 1016 583 44629 0 0 1 standing 
10 901 470 999 583 44630 0 0 0 standing 
10 893 470 986 584 44631 0 0 1 standing 
10 885 470 974 585 44632 0 0 1 standing 
10 878 471 962 586 44633 0 0 1 standing 
10 870 471 950 587 44634 0 0 1 standing 
11 1036 429 1113 548 44615 0 0 0 standing 
11 1024 424 1105 543 44616 0 0 1 standing 
11 1013 419 1098 538 44617 0 0 1 standing 
11 1002 414 1091 533 44618 0 0 0 standing 
11 996 410 1085 526 44619 0 0 1 standing 
11 991 407 1080 519 44620 0 0 1 standing 
11 986 404 1075 513 44621 0 0 0 standing 
11 983 401 1065 510 44622 0 0 1 standing 
11 980 398 1055 507 44623 0 0 1 standing 
11 977 395 1046 504 44624 0 0 0 standing 
11 971 393 1042 502 44625 0 0 1 standing 
11 965 391 1039 500 44626 0 0 1 standing 
11 959 389 1036 498 44627 0 0 0 standing 
11 953 389 1029 496 44628 0 0 1 standing 
11 948 389 1023 495 44629 0 0 1 standing 
11 943 389 1017 494 44630 0 0 0 standing 
11 945 385 1016 494 44631 0 0 1 standing 
11 947 382 1016 494 44632 0 0 1 standing 
11 949 379 1016 494 44633 0 0 1 standing 
11 951 376 1016 494 44634 0 0 1 standing 
