0 254 425 310 514 43570 0 1 0 digging 
0 255 424 311 513 43571 0 1 1 digging 
0 257 423 312 513 43572 0 1 1 digging 
0 259 422 314 513 43573 0 1 1 digging 
0 261 421 315 513 43574 0 1 1 digging 
0 263 420 317 513 43575 0 1 0 digging 
0 263 417 316 512 43576 0 1 1 digging 
0 263 415 316 512 43577 0 1 1 digging 
0 263 412 316 511 43578 0 1 1 digging 
0 263 410 316 511 43579 0 1 1 digging 
0 263 408 316 511 43580 0 1 0 digging 
0 260 405 312 510 43581 0 1 1 digging 
0 257 402 308 509 43582 0 1 1 digging 
0 254 400 305 508 43583 0 1 0 digging 
0 249 398 299 508 43584 0 1 1 digging 
0 245 396 294 508 43585 0 1 1 digging 
0 240 395 289 508 43586 0 1 1 digging 
0 236 393 284 508 43587 0 1 1 digging 
0 231 392 279 508 43588 0 1 1 digging 
0 227 390 274 508 43589 0 1 1 digging 
1 477 379 519 483 43570 0 0 0 digging 
1 480 376 523 481 43571 0 0 1 standing 
1 483 373 527 479 43572 0 0 1 standing 
1 486 370 531 477 43573 0 0 1 standing 
1 489 367 535 475 43574 0 0 1 standing 
1 492 364 539 473 43575 0 0 1 standing 
1 496 362 543 471 43576 0 0 0 standing 
1 497 361 545 471 43577 0 0 1 standing 
1 499 360 547 471 43578 0 0 1 standing 
1 500 359 549 471 43579 0 0 1 standing 
1 502 359 552 472 43580 0 0 0 standing 
1 501 358 551 471 43581 0 0 1 standing 
1 500 357 550 471 43582 0 0 1 standing 
1 500 356 549 470 43583 0 0 1 standing 
1 499 355 549 470 43584 0 0 1 standing 
1 499 355 548 470 43585 0 0 1 standing 
1 498 354 547 469 43586 0 0 1 standing 
1 497 353 547 469 43587 0 0 1 standing 
1 497 352 546 468 43588 0 0 1 standing 
1 496 351 545 468 43589 0 0 1 standing 
2 436 466 498 607 43570 0 0 0 standing 
2 447 465 509 606 43571 0 0 1 standing 
2 459 464 520 605 43572 0 0 1 standing 
2 471 463 532 604 43573 0 0 1 standing 
2 482 462 543 603 43574 0 0 1 standing 
2 494 461 554 602 43575 0 0 1 standing 
2 506 460 566 602 43576 0 0 0 standing 
2 516 460 576 601 43577 0 0 1 standing 
2 526 460 586 601 43578 0 0 1 standing 
2 536 460 596 600 43579 0 0 1 standing 
2 546 460 606 600 43580 0 0 1 standing 
2 557 460 617 600 43581 0 0 0 standing 
2 564 460 625 600 43582 0 0 1 standing 
2 571 461 633 600 43583 0 0 1 standing 
2 578 461 641 600 43584 0 0 1 standing 
2 585 462 649 600 43585 0 0 1 standing 
2 593 463 657 600 43586 0 0 0 standing 
2 593 465 658 599 43587 0 0 1 standing 
2 594 468 660 599 43588 0 0 1 standing 
2 595 470 662 599 43589 0 0 1 standing 
3 694 418 734 541 43570 0 0 0 standing 
3 700 417 740 541 43571 0 0 1 standing 
3 706 417 746 542 43572 0 0 1 standing 
3 713 416 752 543 43573 0 0 1 standing 
3 719 416 759 544 43574 0 0 1 standing 
3 725 416 765 544 43575 0 0 1 standing 
3 732 415 771 545 43576 0 0 1 standing 
3 738 415 777 546 43577 0 0 1 standing 
3 745 415 784 547 43578 0 0 0 standing 
3 749 415 788 547 43579 0 0 1 standing 
3 754 415 793 548 43580 0 0 1 standing 
3 758 415 797 548 43581 0 0 1 standing 
3 763 416 802 549 43582 0 0 0 standing 
3 765 416 804 549 43583 0 0 1 standing 
3 768 417 807 550 43584 0 0 1 standing 
3 770 417 809 551 43585 0 0 1 standing 
3 773 418 812 552 43586 0 0 1 standing 
3 775 418 814 552 43587 0 0 1 standing 
3 778 419 817 553 43588 0 0 1 standing 
3 780 419 819 554 43589 0 0 1 standing 
4 765 411 802 529 43570 0 0 0 standing 
4 768 410 804 528 43571 0 0 1 standing 
4 771 409 807 528 43572 0 0 1 standing 
4 774 408 810 527 43573 0 0 1 standing 
4 777 407 813 527 43574 0 0 1 standing 
4 780 406 816 527 43575 0 0 1 standing 
4 783 405 819 526 43576 0 0 1 standing 
4 786 404 822 526 43577 0 0 1 standing 
4 789 403 825 526 43578 0 0 1 standing 
4 792 402 828 525 43579 0 0 1 standing 
4 795 401 831 525 43580 0 0 1 standing 
4 798 401 834 525 43581 0 0 0 standing 
4 797 400 833 523 43582 0 0 1 standing 
4 797 399 833 522 43583 0 0 1 standing 
4 797 398 833 521 43584 0 0 1 standing 
4 797 398 833 520 43585 0 0 0 standing 
4 796 399 832 521 43586 0 0 1 standing 
4 796 401 832 522 43587 0 0 1 standing 
4 795 403 832 523 43588 0 0 1 standing 
4 795 405 832 524 43589 0 0 1 standing 
5 864 449 908 557 43570 0 0 0 standing 
5 871 448 915 557 43571 0 0 1 standing 
5 878 448 922 557 43572 0 0 1 standing 
5 885 448 929 557 43573 0 0 1 standing 
5 893 448 936 558 43574 0 0 0 standing 
5 901 449 944 559 43575 0 0 1 standing 
5 910 450 952 561 43576 0 0 1 standing 
5 918 451 960 562 43577 0 0 1 standing 
5 927 453 969 564 43578 0 0 0 standing 
5 933 455 975 567 43579 0 0 1 standing 
5 940 457 982 571 43580 0 0 1 standing 
5 947 459 989 575 43581 0 0 1 standing 
5 953 461 995 579 43582 0 0 1 standing 
5 960 463 1002 583 43583 0 0 1 standing 
5 967 465 1009 587 43584 0 0 0 standing 
5 974 467 1016 590 43585 0 0 1 standing 
5 981 469 1024 594 43586 0 0 1 standing 
5 988 471 1032 597 43587 0 0 1 standing 
5 995 473 1040 601 43588 0 0 1 standing 
5 1002 475 1048 605 43589 0 0 0 standing 
6 1048 438 1098 569 43570 0 0 0 standing 
6 1059 437 1109 568 43571 0 0 1 standing 
6 1070 436 1120 567 43572 0 0 1 standing 
6 1081 435 1131 566 43573 0 0 1 standing 
6 1092 434 1142 565 43574 0 0 1 standing 
6 1103 433 1153 564 43575 0 0 1 standing 
6 1114 433 1164 564 43576 0 0 0 standing 
6 1124 434 1174 564 43577 0 0 1 standing 
6 1134 435 1184 565 43578 0 0 1 standing 
6 1145 436 1194 565 43579 0 0 1 standing 
6 1155 437 1204 566 43580 0 0 1 standing 
6 1166 439 1215 567 43581 0 0 0 standing 
6 1176 439 1225 567 43582 0 0 1 standing 
6 1186 439 1235 567 43583 0 0 1 standing 
6 1196 439 1245 567 43584 0 0 0 standing 
6 1204 439 1253 567 43585 0 0 1 standing 
6 1213 440 1262 568 43586 0 0 1 standing 
6 1222 441 1271 569 43587 0 0 0 standing 
6 1226 440 1273 568 43588 0 0 1 standing 
6 1230 440 1275 568 43589 0 0 1 standing 
7 1154 381 1196 479 43570 0 0 0 standing 
7 1160 377 1202 479 43571 0 0 1 standing 
7 1166 374 1209 480 43572 0 0 1 standing 
7 1172 371 1216 481 43573 0 0 0 standing 
7 1176 370 1221 481 43574 0 0 1 standing 
7 1180 369 1226 481 43575 0 0 1 standing 
7 1184 368 1231 481 43576 0 0 1 standing 
7 1188 368 1236 481 43577 0 0 0 standing 
7 1189 369 1238 481 43578 0 0 1 standing 
7 1191 371 1241 481 43579 0 0 1 standing 
7 1193 373 1244 481 43580 0 0 1 standing 
7 1195 375 1247 481 43581 0 0 1 standing 
7 1197 377 1250 482 43582 0 0 0 standing 
7 1196 377 1249 482 43583 0 0 1 standing 
7 1196 377 1249 482 43584 0 0 1 standing 
7 1196 377 1249 482 43585 0 0 1 standing 
7 1196 377 1249 482 43586 0 0 0 standing 
7 1194 376 1246 483 43587 0 0 1 standing 
7 1192 375 1243 485 43588 0 0 1 standing 
7 1190 374 1240 486 43589 0 0 1 standing 
8 269 479 317 596 43570 0 0 0 standing 
8 271 478 319 597 43571 0 0 1 standing 
8 274 477 322 598 43572 0 0 1 standing 
8 276 476 324 600 43573 0 0 1 standing 
8 279 475 327 601 43574 0 0 1 standing 
8 282 475 330 603 43575 0 0 0 standing 
8 282 475 330 605 43576 0 0 1 standing 
8 283 476 331 608 43577 0 0 1 standing 
8 284 477 331 611 43578 0 0 1 standing 
8 285 478 332 614 43579 0 0 1 standing 
8 286 479 333 617 43580 0 0 0 standing 
8 284 481 331 619 43581 0 0 1 standing 
8 282 483 329 621 43582 0 0 1 standing 
8 281 486 328 624 43583 0 0 0 standing 
8 279 487 327 627 43584 0 0 1 standing 
8 277 488 327 630 43585 0 0 1 standing 
8 275 489 326 633 43586 0 0 1 standing 
8 273 490 326 636 43587 0 0 1 standing 
8 271 492 326 640 43588 0 0 0 standing 
8 269 492 324 640 43589 0 0 1 standing 
9 308 401 350 501 43570 0 1 0 standing 
9 312 398 354 500 43571 0 1 1 standing 
9 316 396 358 500 43572 0 1 1 standing 
9 320 394 363 499 43573 0 1 1 standing 
9 324 392 367 499 43574 0 1 1 standing 
9 328 390 372 499 43575 0 1 0 standing 
9 330 385 374 496 43576 0 1 1 standing 
9 332 381 377 493 43577 0 1 1 standing 
9 334 377 379 490 43578 0 1 1 standing 
9 336 373 382 487 43579 0 1 1 standing 
9 338 369 384 484 43580 0 1 1 standing 
9 340 365 387 482 43581 0 1 0 standing 
9 342 364 389 481 43582 0 1 1 standing 
9 344 363 391 480 43583 0 1 1 standing 
9 346 363 393 480 43584 0 1 0 standing 
9 347 363 393 479 43585 0 1 1 standing 
9 348 363 394 478 43586 0 1 1 standing 
9 349 363 395 477 43587 0 1 1 standing 
9 350 363 396 476 43588 0 1 1 standing 
9 351 363 397 476 43589 0 1 0 standing 
10 445 418 498 527 43570 0 0 0 standing 
10 444 417 497 532 43571 0 0 1 standing 
10 443 416 496 538 43572 0 0 1 standing 
10 443 415 496 544 43573 0 0 0 standing 
10 446 413 499 543 43574 0 0 1 standing 
10 449 412 502 543 43575 0 0 1 standing 
10 452 411 506 543 43576 0 0 1 standing 
10 455 410 509 543 43577 0 0 1 standing 
10 458 409 513 543 43578 0 0 0 standing 
10 458 408 512 544 43579 0 0 1 standing 
10 458 407 512 545 43580 0 0 1 standing 
10 458 406 512 546 43581 0 0 1 standing 
10 458 405 512 547 43582 0 0 0 standing 
10 458 405 512 547 43583 0 0 1 standing 
10 459 405 513 547 43584 0 0 1 standing 
10 459 405 513 547 43585 0 0 1 standing 
10 460 405 514 547 43586 0 0 1 standing 
10 461 406 515 548 43587 0 0 0 standing 
10 461 406 515 548 43588 0 0 1 standing 
10 462 407 516 549 43589 0 0 1 standing 
11 734 430 771 537 43570 0 0 0 standing 
11 740 430 776 540 43571 0 0 1 standing 
11 746 431 782 543 43572 0 0 1 standing 
11 752 431 788 546 43573 0 0 1 standing 
11 759 432 794 549 43574 0 0 0 standing 
11 764 433 799 550 43575 0 0 1 standing 
11 769 434 804 551 43576 0 0 1 standing 
11 774 435 810 552 43577 0 0 1 standing 
11 779 436 815 553 43578 0 0 1 standing 
11 784 437 820 554 43579 0 0 1 standing 
11 789 439 826 556 43580 0 0 0 standing 
11 790 440 828 560 43581 0 0 1 standing 
11 792 441 830 565 43582 0 0 1 standing 
11 794 442 832 570 43583 0 0 1 standing 
11 796 443 835 575 43584 0 0 0 standing 
11 797 444 837 575 43585 0 0 1 standing 
11 798 445 840 576 43586 0 0 1 standing 
11 800 446 842 577 43587 0 0 1 standing 
11 801 447 845 578 43588 0 0 1 standing 
11 802 448 847 579 43589 0 0 1 standing 
