0 737 437 785 601 57320 0 1 0 blocking 
0 731 429 779 599 57321 0 1 1 blocking 
0 725 421 773 597 57322 0 1 1 blocking 
0 720 414 767 595 57323 0 1 1 blocking 
0 714 406 762 593 57324 0 1 1 blocking 
0 709 399 756 591 57325 0 1 1 blocking 
0 703 391 750 589 57326 0 1 1 blocking 
0 697 383 745 587 57327 0 1 1 blocking 
0 692 376 739 585 57328 0 1 1 blocking 
0 686 368 733 583 57329 0 1 1 blocking 
0 681 361 728 582 57330 0 1 0 blocking 
0 666 362 713 583 57331 0 1 1 blocking 
0 651 364 698 585 57332 0 1 1 blocking 
0 636 365 683 586 57333 0 1 1 blocking 
0 622 367 669 588 57334 0 1 1 blocking 
0 607 368 654 589 57335 0 1 1 blocking 
0 592 370 639 591 57336 0 1 1 blocking 
0 578 371 625 592 57337 0 1 1 blocking 
0 563 373 610 594 57338 0 1 1 blocking 
0 548 374 595 595 57339 0 1 1 blocking 
1 732 456 786 603 57320 0 1 0 blocking 
1 726 446 780 599 57321 0 1 1 blocking 
1 721 437 775 596 57322 0 1 1 blocking 
1 715 428 769 593 57323 0 1 1 blocking 
1 710 418 764 590 57324 0 1 1 blocking 
1 705 409 758 587 57325 0 1 1 blocking 
1 699 400 753 584 57326 0 1 1 blocking 
1 694 390 747 581 57327 0 1 1 blocking 
1 688 381 742 578 57328 0 1 1 blocking 
1 683 372 736 575 57329 0 1 1 blocking 
1 678 363 731 572 57330 0 1 0 blocking 
1 663 365 718 574 57331 0 1 1 blocking 
1 649 368 706 577 57332 0 1 1 blocking 
1 635 370 694 579 57333 0 1 1 blocking 
1 620 373 682 582 57334 0 1 1 blocking 
1 606 376 670 584 57335 0 1 1 blocking 
1 592 378 657 587 57336 0 1 1 blocking 
1 577 381 645 589 57337 0 1 1 blocking 
1 563 383 633 592 57338 0 1 1 blocking 
1 549 386 621 594 57339 0 1 1 blocking 
2 737 475 780 628 57320 0 1 0 blocking 
2 729 465 774 622 57321 0 1 1 blocking 
2 722 455 769 617 57322 0 1 1 blocking 
2 715 445 763 611 57323 0 1 1 blocking 
2 708 435 758 606 57324 0 1 1 blocking 
2 701 425 752 601 57325 0 1 1 blocking 
2 694 415 747 595 57326 0 1 1 blocking 
2 687 405 741 590 57327 0 1 1 blocking 
2 680 395 736 584 57328 0 1 1 blocking 
2 673 385 730 579 57329 0 1 1 blocking 
2 666 376 725 574 57330 0 1 0 blocking 
2 654 379 716 577 57331 0 1 1 blocking 
2 642 382 708 581 57332 0 1 1 blocking 
2 631 385 700 585 57333 0 1 1 blocking 
2 619 388 691 588 57334 0 1 1 blocking 
2 608 391 683 592 57335 0 1 1 blocking 
2 596 394 675 596 57336 0 1 1 blocking 
2 585 397 667 600 57337 0 1 1 blocking 
2 573 400 658 603 57338 0 1 1 blocking 
2 562 403 650 607 57339 0 1 1 blocking 
3 392 428 472 640 57320 0 1 0 blocking 
3 397 421 476 630 57321 0 1 1 spiking 
3 402 415 481 620 57322 0 1 1 spiking 
3 407 409 486 610 57323 0 1 1 spiking 
3 412 403 491 600 57324 0 1 1 spiking 
3 417 397 496 591 57325 0 1 0 spiking 
3 424 393 502 588 57326 0 1 1 spiking 
3 432 389 508 585 57327 0 1 1 spiking 
3 440 386 514 582 57328 0 1 1 spiking 
3 448 382 520 579 57329 0 1 1 spiking 
3 456 379 526 577 57330 0 1 0 spiking 
3 449 387 524 579 57331 0 1 1 spiking 
3 442 396 523 581 57332 0 1 1 spiking 
3 435 405 522 583 57333 0 1 1 spiking 
3 428 413 521 585 57334 0 1 1 spiking 
3 421 422 520 587 57335 0 1 1 spiking 
3 414 431 519 589 57336 0 1 0 spiking 
3 406 438 507 596 57337 0 1 1 spiking 
3 399 446 496 603 57338 0 1 1 spiking 
3 392 453 484 611 57339 0 1 1 spiking 
4 294 440 372 575 57320 0 0 0 spiking 
4 289 442 365 577 57321 0 0 1 standing 
4 284 444 358 580 57322 0 0 1 standing 
4 279 446 352 583 57323 0 0 0 standing 
4 274 445 346 583 57324 0 0 1 standing 
4 270 444 340 583 57325 0 0 1 standing 
4 266 444 334 583 57326 0 0 0 standing 
4 254 443 320 582 57327 0 0 1 standing 
4 243 443 306 581 57328 0 0 1 standing 
4 232 443 292 581 57329 0 0 0 standing 
4 219 444 279 579 57330 0 0 1 standing 
4 207 446 266 578 57331 0 0 1 standing 
4 195 448 254 577 57332 0 0 0 standing 
4 176 450 238 584 57333 0 0 1 standing 
4 157 452 223 591 57334 0 0 1 standing 
4 139 455 208 598 57335 0 0 0 standing 
4 118 459 187 601 57336 0 0 1 standing 
4 98 464 167 604 57337 0 0 1 standing 
4 78 469 146 607 57338 0 0 1 standing 
4 58 474 126 610 57339 0 0 1 standing 
5 399 363 481 488 57320 0 0 0 standing 
5 393 365 474 489 57321 0 0 1 standing 
5 387 367 467 491 57322 0 0 1 standing 
5 382 370 461 493 57323 0 0 0 standing 
5 381 369 460 492 57324 0 0 1 standing 
5 380 368 459 491 57325 0 0 1 standing 
5 379 367 458 490 57326 0 0 0 standing 
5 373 368 453 491 57327 0 0 1 standing 
5 367 369 449 492 57328 0 0 1 standing 
5 361 370 445 493 57329 0 0 0 standing 
5 350 369 434 493 57330 0 0 1 standing 
5 340 368 423 494 57331 0 0 1 standing 
5 330 368 413 495 57332 0 0 0 standing 
5 316 368 399 496 57333 0 0 1 standing 
5 302 368 385 497 57334 0 0 1 standing 
5 288 369 371 498 57335 0 0 0 standing 
5 271 370 356 498 57336 0 0 1 standing 
5 255 372 342 499 57337 0 0 1 standing 
5 238 374 327 500 57338 0 0 1 standing 
5 222 376 313 501 57339 0 0 1 standing 
6 452 431 533 563 57320 0 0 0 standing 
6 455 430 527 559 57321 0 0 1 standing 
6 459 429 522 555 57322 0 0 1 standing 
6 463 428 517 551 57323 0 0 0 standing 
6 454 428 510 550 57324 0 0 1 standing 
6 446 428 503 550 57325 0 0 1 standing 
6 438 428 496 550 57326 0 0 0 standing 
6 428 428 488 555 57327 0 0 1 standing 
6 418 428 480 560 57328 0 0 1 standing 
6 409 428 472 566 57329 0 0 0 standing 
6 398 430 464 565 57330 0 0 1 standing 
6 387 432 456 564 57331 0 0 1 standing 
6 376 434 449 564 57332 0 0 0 standing 
6 362 434 435 565 57333 0 0 1 standing 
6 349 434 422 566 57334 0 0 1 standing 
6 336 434 409 568 57335 0 0 0 standing 
6 319 434 393 568 57336 0 0 1 standing 
6 303 435 377 569 57337 0 0 1 standing 
6 287 436 361 570 57338 0 0 1 standing 
6 271 437 345 571 57339 0 0 1 standing 
7 581 418 643 542 57320 0 0 0 standing 
7 579 420 641 545 57321 0 0 1 standing 
7 577 422 639 549 57322 0 0 1 standing 
7 576 424 638 553 57323 0 0 0 standing 
7 571 427 634 556 57324 0 0 1 standing 
7 567 430 630 559 57325 0 0 1 standing 
7 563 433 626 562 57326 0 0 0 standing 
7 556 434 617 563 57327 0 0 1 standing 
7 549 435 609 564 57328 0 0 1 standing 
7 543 437 601 565 57329 0 0 0 standing 
7 533 439 592 565 57330 0 0 1 standing 
7 523 441 584 565 57331 0 0 1 standing 
7 514 443 576 566 57332 0 0 0 standing 
7 499 446 561 561 57333 0 0 1 standing 
7 484 450 547 557 57334 0 0 1 standing 
7 469 454 533 553 57335 0 0 0 standing 
7 451 455 517 557 57336 0 0 1 standing 
7 433 457 501 562 57337 0 0 1 standing 
7 416 459 485 567 57338 0 0 1 standing 
7 398 461 469 572 57339 0 0 1 standing 
8 616 376 671 519 57320 0 0 0 standing 
8 611 378 667 517 57321 0 0 1 standing 
8 606 380 663 515 57322 0 0 1 standing 
8 601 382 660 514 57323 0 0 0 standing 
8 597 382 662 515 57324 0 0 1 standing 
8 593 382 664 516 57325 0 0 1 standing 
8 589 382 666 517 57326 0 0 0 standing 
8 582 382 661 517 57327 0 0 1 standing 
8 575 383 656 517 57328 0 0 1 standing 
8 568 384 651 518 57329 0 0 0 standing 
8 559 384 642 517 57330 0 0 1 standing 
8 550 385 634 516 57331 0 0 1 standing 
8 542 386 626 516 57332 0 0 0 standing 
8 527 387 611 517 57333 0 0 1 standing 
8 513 388 597 518 57334 0 0 1 standing 
8 499 390 583 520 57335 0 0 0 standing 
8 482 389 566 519 57336 0 0 1 standing 
8 466 389 550 519 57337 0 0 1 standing 
8 450 389 534 518 57338 0 0 1 standing 
8 434 389 518 518 57339 0 0 1 standing 
9 1018 376 1114 501 57320 0 0 0 standing 
9 1016 375 1112 500 57321 0 0 1 waiting 
9 1014 375 1111 500 57322 0 0 1 waiting 
9 1012 375 1110 500 57323 0 0 0 waiting 
9 1007 377 1104 499 57324 0 0 1 waiting 
9 1002 379 1098 498 57325 0 0 1 waiting 
9 998 381 1092 498 57326 0 0 0 waiting 
9 992 380 1087 498 57327 0 0 1 waiting 
9 986 380 1083 498 57328 0 0 1 waiting 
9 980 380 1079 498 57329 0 0 0 waiting 
9 973 380 1068 498 57330 0 0 1 waiting 
9 967 380 1058 498 57331 0 0 1 waiting 
9 961 381 1048 499 57332 0 0 0 waiting 
9 947 381 1033 498 57333 0 0 1 waiting 
9 934 382 1018 497 57334 0 0 1 waiting 
9 921 383 1003 496 57335 0 0 0 waiting 
9 904 383 986 495 57336 0 0 1 waiting 
9 888 383 970 494 57337 0 0 1 waiting 
9 871 383 953 493 57338 0 0 1 waiting 
9 855 383 937 492 57339 0 0 1 waiting 
10 1219 513 1278 659 57320 0 0 0 waiting 
10 1213 514 1272 658 57321 0 0 1 waiting 
10 1208 515 1267 657 57322 0 0 1 waiting 
10 1203 517 1262 656 57323 0 0 0 waiting 
10 1196 517 1255 656 57324 0 0 1 waiting 
10 1190 518 1249 657 57325 0 0 1 waiting 
10 1184 519 1243 658 57326 0 0 0 waiting 
10 1175 516 1234 655 57327 0 0 1 waiting 
10 1166 513 1225 652 57328 0 0 1 waiting 
10 1158 510 1217 649 57329 0 0 0 waiting 
10 1147 509 1205 648 57330 0 0 1 waiting 
10 1137 509 1193 648 57331 0 0 1 waiting 
10 1127 509 1181 648 57332 0 0 0 waiting 
10 1110 509 1164 646 57333 0 0 1 waiting 
10 1094 509 1148 645 57334 0 0 1 waiting 
10 1078 510 1132 644 57335 0 0 0 waiting 
10 1060 509 1114 643 57336 0 0 1 waiting 
10 1042 509 1096 643 57337 0 0 1 waiting 
10 1025 509 1079 643 57338 0 0 1 waiting 
10 1007 509 1061 643 57339 0 0 1 waiting 
11 1247 397 1277 478 57320 1 0 1 waiting 
11 1246 397 1277 478 57321 1 0 1 waiting 
11 1245 397 1277 478 57322 1 0 1 waiting 
11 1243 397 1277 477 57323 1 0 1 waiting 
11 1242 397 1277 477 57324 1 0 1 waiting 
11 1241 397 1277 477 57325 1 0 1 waiting 
11 1240 396 1277 477 57326 1 0 1 waiting 
11 1239 396 1277 477 57327 1 0 1 waiting 
11 1238 396 1277 476 57328 1 0 1 waiting 
11 1236 396 1277 476 57329 1 0 1 waiting 
11 1235 396 1277 476 57330 1 0 1 waiting 
11 1234 396 1277 476 57331 1 0 1 waiting 
11 1233 396 1277 475 57332 1 0 1 waiting 
11 1232 395 1277 475 57333 1 0 1 waiting 
11 1231 395 1277 475 57334 1 0 1 waiting 
11 1229 395 1277 475 57335 1 0 1 waiting 
11 1228 395 1277 474 57336 1 0 1 waiting 
11 1227 395 1277 474 57337 1 0 1 waiting 
11 1226 395 1277 474 57338 1 0 1 waiting 
11 1225 395 1277 474 57339 1 0 1 waiting 
