0 596 441 701 578 56990 0 1 0 standing 
0 598 435 700 576 56991 0 1 1 standing 
0 601 430 700 574 56992 0 1 1 standing 
0 604 425 700 573 56993 0 1 1 standing 
0 607 420 700 571 56994 0 1 1 standing 
0 609 415 700 569 56995 0 1 1 standing 
0 612 410 700 568 56996 0 1 1 standing 
0 615 404 700 566 56997 0 1 1 standing 
0 618 399 700 564 56998 0 1 1 standing 
0 620 394 700 563 56999 0 1 1 standing 
0 623 389 700 561 57000 0 1 1 standing 
0 626 384 700 559 57001 0 1 1 standing 
0 629 379 700 558 57002 0 1 0 standing 
0 629 378 710 551 57003 0 1 1 standing 
0 630 377 720 545 57004 0 1 1 standing 
0 630 376 730 539 57005 0 1 1 standing 
0 631 375 740 532 57006 0 1 1 standing 
0 631 374 750 526 57007 0 1 1 standing 
0 632 373 761 520 57008 0 1 0 standing 
0 632 373 761 520 57009 0 1 1 standing 
1 536 370 597 493 56990 0 1 0 standing 
1 547 364 608 490 56991 0 1 1 setting 
1 558 359 619 488 56992 0 1 1 setting 
1 569 353 630 485 56993 0 1 1 setting 
1 580 348 642 483 56994 0 1 1 setting 
1 591 342 653 480 56995 0 1 1 setting 
1 602 337 664 478 56996 0 1 1 setting 
1 613 331 675 475 56997 0 1 1 setting 
1 624 326 687 473 56998 0 1 1 setting 
1 635 320 698 470 56999 0 1 1 setting 
1 646 315 709 468 57000 0 1 1 setting 
1 657 309 720 465 57001 0 1 1 setting 
1 669 304 732 463 57002 0 1 0 setting 
1 678 314 742 468 57003 0 1 1 setting 
1 687 324 752 473 57004 0 1 1 setting 
1 697 334 763 479 57005 0 1 1 setting 
1 706 344 773 484 57006 0 1 1 setting 
1 716 355 784 490 57007 0 1 0 setting 
1 724 360 793 489 57008 0 1 1 setting 
1 732 365 802 489 57009 0 1 1 setting 
2 833 352 928 456 56990 0 1 0 setting 
2 835 351 929 455 56991 0 1 1 moving 
2 837 350 930 454 56992 0 1 1 moving 
2 840 350 932 453 56993 0 1 1 moving 
2 842 349 933 453 56994 0 1 1 moving 
2 845 349 935 452 56995 0 1 1 moving 
2 847 348 936 451 56996 0 1 1 moving 
2 849 347 937 451 56997 0 1 1 moving 
2 852 347 939 450 56998 0 1 1 moving 
2 854 346 940 449 56999 0 1 1 moving 
2 857 346 942 449 57000 0 1 0 moving 
2 855 345 938 449 57001 0 1 1 moving 
2 853 344 934 450 57002 0 1 1 moving 
2 851 343 930 451 57003 0 1 1 moving 
2 849 342 927 452 57004 0 1 1 moving 
2 847 342 923 453 57005 0 1 1 moving 
2 845 341 919 453 57006 0 1 1 moving 
2 843 340 916 454 57007 0 1 1 moving 
2 841 339 912 455 57008 0 1 1 moving 
2 839 338 908 456 57009 0 1 1 moving 
3 822 498 936 636 56990 0 0 0 moving 
3 825 499 930 634 56991 0 0 1 moving 
3 829 501 924 632 56992 0 0 1 moving 
3 833 503 919 631 56993 0 0 0 moving 
3 830 502 925 630 56994 0 0 1 moving 
3 827 501 931 629 56995 0 0 1 moving 
3 824 501 937 629 56996 0 0 0 moving 
3 825 500 937 630 56997 0 0 1 moving 
3 826 499 937 632 56998 0 0 1 moving 
3 828 498 938 634 56999 0 0 0 moving 
3 828 498 928 634 57000 0 0 1 moving 
3 828 498 918 634 57001 0 0 1 moving 
3 828 498 908 635 57002 0 0 0 moving 
3 813 496 910 634 57003 0 0 1 moving 
3 799 494 912 633 57004 0 0 1 moving 
3 785 492 914 633 57005 0 0 0 moving 
3 780 491 902 631 57006 0 0 1 moving 
3 776 491 890 629 57007 0 0 1 moving 
3 772 491 879 627 57008 0 0 0 moving 
3 773 491 878 626 57009 0 0 1 moving 
4 841 425 953 526 56990 0 0 0 moving 
4 845 424 953 524 56991 0 0 1 moving 
4 850 423 953 523 56992 0 0 1 moving 
4 855 423 953 522 56993 0 0 0 moving 
4 855 423 947 525 56994 0 0 1 moving 
4 855 423 942 528 56995 0 0 1 moving 
4 856 423 937 531 56996 0 0 0 moving 
4 854 421 942 529 56997 0 0 1 moving 
4 852 420 947 527 56998 0 0 1 moving 
4 851 419 952 526 56999 0 0 0 moving 
4 847 419 936 526 57000 0 0 1 moving 
4 843 420 921 526 57001 0 0 1 moving 
4 840 421 906 527 57002 0 0 0 moving 
4 832 418 901 526 57003 0 0 1 moving 
4 825 415 896 525 57004 0 0 1 moving 
4 818 413 891 525 57005 0 0 0 moving 
4 817 411 889 523 57006 0 0 1 moving 
4 817 409 888 521 57007 0 0 1 moving 
4 816 407 887 520 57008 0 0 1 moving 
4 816 405 886 518 57009 0 0 1 moving 
5 423 422 474 579 56990 0 0 0 moving 
5 430 422 484 578 56991 0 0 1 standing 
5 437 422 494 578 56992 0 0 1 standing 
5 444 422 505 578 56993 0 0 0 standing 
5 451 421 512 577 56994 0 0 1 standing 
5 459 421 520 577 56995 0 0 1 standing 
5 467 421 528 577 56996 0 0 0 standing 
5 474 420 535 576 56997 0 0 1 standing 
5 481 420 542 576 56998 0 0 1 standing 
5 489 420 550 576 56999 0 0 0 standing 
5 498 421 559 577 57000 0 0 1 standing 
5 507 422 568 578 57001 0 0 1 standing 
5 517 423 577 579 57002 0 0 0 standing 
5 523 425 579 579 57003 0 0 1 standing 
5 530 427 582 579 57004 0 0 1 standing 
5 537 430 585 579 57005 0 0 0 standing 
5 542 433 593 579 57006 0 0 1 standing 
5 547 437 601 579 57007 0 0 1 standing 
5 552 440 609 579 57008 0 0 1 standing 
5 557 444 617 579 57009 0 0 1 standing 
6 847 380 906 495 56990 0 0 0 standing 
6 852 380 909 495 56991 0 0 1 standing 
6 857 380 913 495 56992 0 0 1 standing 
6 863 381 917 495 56993 0 0 0 standing 
6 871 380 924 498 56994 0 0 1 standing 
6 880 379 931 502 56995 0 0 1 standing 
6 889 378 938 506 56996 0 0 0 standing 
6 898 377 946 505 56997 0 0 1 standing 
6 907 376 955 505 56998 0 0 1 standing 
6 916 375 964 505 56999 0 0 0 standing 
6 922 375 970 505 57000 0 0 1 standing 
6 928 375 976 505 57001 0 0 1 standing 
6 934 376 982 506 57002 0 0 0 standing 
6 941 376 989 506 57003 0 0 1 standing 
6 948 376 996 506 57004 0 0 1 standing 
6 956 376 1004 506 57005 0 0 0 standing 
6 962 377 1011 506 57006 0 0 1 standing 
6 968 378 1018 506 57007 0 0 1 standing 
6 975 379 1026 506 57008 0 0 1 standing 
6 981 380 1033 506 57009 0 0 1 standing 
7 417 402 476 539 56990 0 0 0 standing 
7 426 400 486 537 56991 0 0 1 blocking 
7 436 398 496 535 56992 0 0 1 blocking 
7 446 397 507 534 56993 0 0 0 blocking 
7 453 396 514 534 56994 0 0 1 blocking 
7 460 396 521 534 56995 0 0 1 blocking 
7 467 396 528 534 56996 0 0 0 blocking 
7 476 396 537 534 56997 0 0 1 blocking 
7 486 397 547 535 56998 0 0 1 blocking 
7 496 398 557 536 56999 0 0 0 blocking 
7 504 399 562 537 57000 0 0 1 blocking 
7 513 401 567 538 57001 0 0 1 blocking 
7 522 403 572 540 57002 0 0 0 blocking 
7 529 402 577 539 57003 0 0 1 blocking 
7 536 402 582 538 57004 0 0 1 blocking 
7 544 402 587 538 57005 0 0 0 blocking 
7 549 398 596 533 57006 0 0 1 blocking 
7 555 394 606 529 57007 0 0 1 blocking 
7 560 390 615 525 57008 0 0 1 blocking 
7 566 386 625 521 57009 0 0 1 blocking 
8 412 378 479 493 56990 0 0 0 blocking 
8 421 376 488 491 56991 0 0 1 standing 
8 430 375 497 489 56992 0 0 1 standing 
8 440 374 506 487 56993 0 0 0 standing 
8 449 373 514 485 56994 0 0 1 standing 
8 458 372 523 483 56995 0 0 1 standing 
8 467 371 532 482 56996 0 0 0 standing 
8 474 371 539 482 56997 0 0 1 standing 
8 482 372 546 483 56998 0 0 1 standing 
8 490 373 554 484 56999 0 0 0 standing 
8 498 375 562 486 57000 0 0 1 standing 
8 506 377 570 488 57001 0 0 1 standing 
8 514 379 578 490 57002 0 0 0 standing 
8 523 378 586 489 57003 0 0 1 standing 
8 533 377 594 488 57004 0 0 1 standing 
8 543 377 603 488 57005 0 0 0 standing 
8 545 372 607 483 57006 0 0 1 standing 
8 547 367 612 478 57007 0 0 1 standing 
8 549 363 616 473 57008 0 0 1 standing 
8 551 358 621 468 57009 0 0 1 standing 
9 166 401 231 512 56990 0 0 0 standing 
9 166 399 236 511 56991 0 0 1 standing 
9 166 397 242 511 56992 0 0 1 standing 
9 166 395 248 511 56993 0 0 0 standing 
9 176 393 249 507 56994 0 0 1 standing 
9 186 391 251 504 56995 0 0 1 standing 
9 196 389 253 501 56996 0 0 0 standing 
9 200 387 259 500 56997 0 0 1 standing 
9 204 385 265 499 56998 0 0 1 standing 
9 209 383 272 499 56999 0 0 0 standing 
9 212 384 276 499 57000 0 0 1 standing 
9 215 385 280 499 57001 0 0 1 standing 
9 219 386 284 500 57002 0 0 0 standing 
9 226 386 289 501 57003 0 0 1 standing 
9 233 387 294 502 57004 0 0 1 standing 
9 241 388 299 503 57005 0 0 0 standing 
9 245 387 302 502 57006 0 0 1 standing 
9 250 386 305 501 57007 0 0 1 standing 
9 255 385 308 500 57008 0 0 1 standing 
9 260 384 311 499 57009 0 0 1 standing 
10 5 436 70 561 56990 0 0 0 standing 
10 13 436 78 561 56991 0 0 1 standing 
10 22 436 87 561 56992 0 0 1 standing 
10 31 436 96 561 56993 0 0 0 standing 
10 40 435 104 560 56994 0 0 1 standing 
10 49 434 113 559 56995 0 0 1 standing 
10 58 433 122 558 56996 0 0 0 standing 
10 67 431 131 558 56997 0 0 1 standing 
10 77 430 140 558 56998 0 0 1 standing 
10 87 429 150 558 56999 0 0 0 standing 
10 94 429 157 556 57000 0 0 1 standing 
10 101 429 164 555 57001 0 0 1 standing 
10 109 430 171 554 57002 0 0 0 standing 
10 117 431 177 552 57003 0 0 1 standing 
10 125 432 183 551 57004 0 0 1 standing 
10 133 434 189 550 57005 0 0 0 standing 
10 137 434 194 551 57006 0 0 1 standing 
10 141 434 200 552 57007 0 0 1 standing 
10 145 434 206 553 57008 0 0 1 standing 
10 149 434 212 554 57009 0 0 1 standing 
11 101 494 161 630 56990 0 0 0 standing 
11 111 492 175 624 56991 0 0 1 standing 
11 121 491 190 619 56992 0 0 1 standing 
11 132 490 205 614 56993 0 0 0 standing 
11 143 487 214 612 56994 0 0 1 standing 
11 155 484 224 610 56995 0 0 1 standing 
11 167 482 234 609 56996 0 0 0 standing 
11 172 480 239 607 56997 0 0 1 standing 
11 178 479 244 606 56998 0 0 1 standing 
11 184 478 250 605 56999 0 0 0 standing 
11 191 476 252 602 57000 0 0 1 standing 
11 198 474 255 600 57001 0 0 1 standing 
11 206 472 258 598 57002 0 0 0 standing 
11 208 472 264 598 57003 0 0 1 standing 
11 210 473 270 599 57004 0 0 1 standing 
11 213 474 277 600 57005 0 0 0 standing 
11 218 474 284 598 57006 0 0 1 standing 
11 223 475 291 596 57007 0 0 1 standing 
11 228 475 298 594 57008 0 0 1 standing 
11 233 476 305 592 57009 0 0 1 standing 
