0 530 450 586 610 56935 0 1 0 spiking 
0 528 444 584 601 56936 0 1 1 spiking 
0 526 439 583 593 56937 0 1 1 spiking 
0 524 434 581 584 56938 0 1 1 spiking 
0 523 429 580 576 56939 0 1 0 spiking 
0 523 424 578 576 56940 0 1 1 spiking 
0 523 420 576 577 56941 0 1 1 spiking 
0 523 416 575 577 56942 0 1 1 spiking 
0 523 412 573 578 56943 0 1 1 spiking 
0 523 408 572 579 56944 0 1 0 spiking 
0 517 414 569 581 56945 0 1 1 spiking 
0 511 421 567 583 56946 0 1 1 spiking 
0 505 428 564 586 56947 0 1 1 spiking 
0 499 435 562 588 56948 0 1 1 spiking 
0 493 442 560 591 56949 0 1 0 spiking 
0 469 451 536 598 56950 0 1 1 spiking 
0 445 461 512 605 56951 0 1 1 spiking 
0 422 471 488 613 56952 0 1 0 spiking 
0 391 475 458 615 56953 0 1 1 spiking 
0 361 479 428 617 56954 0 1 1 spiking 
1 412 456 464 595 56935 0 0 0 spiking 
1 414 454 463 593 56936 0 0 1 standing 
1 416 453 462 591 56937 0 0 1 standing 
1 418 452 461 590 56938 0 0 0 standing 
1 417 447 461 587 56939 0 0 1 standing 
1 417 442 461 584 56940 0 0 1 standing 
1 417 438 461 582 56941 0 0 0 standing 
1 418 433 461 580 56942 0 0 1 standing 
1 419 428 462 579 56943 0 0 1 standing 
1 420 424 463 578 56944 0 0 0 standing 
1 419 423 464 577 56945 0 0 1 standing 
1 418 423 465 576 56946 0 0 1 standing 
1 417 423 467 575 56947 0 0 0 standing 
1 406 427 455 577 56948 0 0 1 standing 
1 395 432 444 579 56949 0 0 1 standing 
1 384 437 433 582 56950 0 0 0 standing 
1 356 439 405 582 56951 0 0 1 standing 
1 328 442 377 583 56952 0 0 1 standing 
1 301 445 350 583 56953 0 0 1 standing 
1 273 448 322 584 56954 0 0 1 standing 
2 521 401 586 518 56935 0 0 0 standing 
2 524 398 586 515 56936 0 0 1 standing 
2 528 395 586 512 56937 0 0 1 standing 
2 532 392 586 509 56938 0 0 0 standing 
2 537 392 586 509 56939 0 0 1 standing 
2 542 392 586 509 56940 0 0 1 standing 
2 548 392 587 509 56941 0 0 0 standing 
2 548 389 587 508 56942 0 0 1 standing 
2 549 386 587 508 56943 0 0 1 standing 
2 550 384 588 508 56944 0 0 0 standing 
2 550 384 589 508 56945 0 0 1 standing 
2 551 384 590 508 56946 0 0 1 standing 
2 552 384 591 508 56947 0 0 0 standing 
2 541 384 580 508 56948 0 0 1 standing 
2 531 384 570 508 56949 0 0 1 standing 
2 521 384 560 508 56950 0 0 0 standing 
2 494 385 533 509 56951 0 0 1 standing 
2 468 387 507 511 56952 0 0 1 standing 
2 442 388 481 512 56953 0 0 1 standing 
2 416 390 455 514 56954 0 0 1 standing 
3 653 488 729 641 56935 0 0 0 standing 
3 651 486 734 639 56936 0 0 1 standing 
3 649 484 740 637 56937 0 0 1 standing 
3 647 483 746 636 56938 0 0 0 standing 
3 647 481 744 634 56939 0 0 1 standing 
3 648 479 742 632 56940 0 0 1 standing 
3 649 478 741 630 56941 0 0 0 standing 
3 652 473 744 627 56942 0 0 1 standing 
3 655 468 747 624 56943 0 0 1 standing 
3 658 463 751 622 56944 0 0 0 standing 
3 660 459 748 618 56945 0 0 1 standing 
3 663 456 746 615 56946 0 0 1 standing 
3 666 453 744 612 56947 0 0 0 standing 
3 661 453 734 610 56948 0 0 1 standing 
3 656 454 725 609 56949 0 0 1 standing 
3 652 455 716 608 56950 0 0 0 standing 
3 629 455 694 608 56951 0 0 1 standing 
3 606 455 672 608 56952 0 0 1 standing 
3 583 455 650 608 56953 0 0 1 standing 
3 560 455 628 608 56954 0 0 1 standing 
4 724 378 791 496 56935 0 0 0 standing 
4 723 377 791 497 56936 0 0 1 standing 
4 723 376 791 498 56937 0 0 1 standing 
4 723 376 791 499 56938 0 0 0 standing 
4 723 375 791 500 56939 0 0 1 standing 
4 723 375 791 501 56940 0 0 1 standing 
4 724 375 792 503 56941 0 0 0 standing 
4 724 373 791 502 56942 0 0 1 standing 
4 725 372 790 501 56943 0 0 1 standing 
4 726 371 790 500 56944 0 0 0 standing 
4 725 372 789 501 56945 0 0 1 standing 
4 724 374 788 503 56946 0 0 1 standing 
4 724 376 788 505 56947 0 0 0 standing 
4 713 375 774 503 56948 0 0 1 standing 
4 703 374 760 502 56949 0 0 1 standing 
4 693 373 746 501 56950 0 0 0 standing 
4 666 375 718 504 56951 0 0 1 standing 
4 640 377 691 507 56952 0 0 1 standing 
4 613 379 663 510 56953 0 0 1 standing 
4 587 381 636 513 56954 0 0 1 standing 
5 706 361 752 485 56935 0 0 0 standing 
5 705 360 751 484 56936 0 0 1 standing 
5 704 360 751 484 56937 0 0 1 standing 
5 704 360 751 484 56938 0 0 0 standing 
5 704 359 751 483 56939 0 0 1 standing 
5 704 358 751 482 56940 0 0 1 standing 
5 704 358 751 482 56941 0 0 0 standing 
5 703 356 751 480 56942 0 0 1 standing 
5 703 354 751 478 56943 0 0 1 standing 
5 703 353 751 477 56944 0 0 0 standing 
5 703 351 751 475 56945 0 0 1 standing 
5 703 350 751 474 56946 0 0 1 standing 
5 703 349 751 473 56947 0 0 0 standing 
5 692 349 740 473 56948 0 0 1 standing 
5 681 350 729 474 56949 0 0 1 standing 
5 670 351 718 475 56950 0 0 0 standing 
5 644 353 692 475 56951 0 0 1 standing 
5 618 355 666 475 56952 0 0 1 standing 
5 592 357 640 475 56953 0 0 1 standing 
5 566 359 614 475 56954 0 0 1 standing 
6 819 440 881 581 56935 0 0 0 standing 
6 816 434 876 580 56936 0 0 1 blocking 
6 813 428 872 579 56937 0 0 1 blocking 
6 811 422 868 579 56938 0 0 0 blocking 
6 811 417 868 576 56939 0 0 1 blocking 
6 811 412 868 574 56940 0 0 1 blocking 
6 811 408 868 572 56941 0 0 0 blocking 
6 811 411 870 570 56942 0 0 1 blocking 
6 811 415 872 569 56943 0 0 1 blocking 
6 811 419 875 568 56944 0 0 0 blocking 
6 810 423 877 565 56945 0 0 1 blocking 
6 809 427 879 563 56946 0 0 1 blocking 
6 808 431 881 561 56947 0 0 0 blocking 
6 795 432 870 561 56948 0 0 1 blocking 
6 783 433 859 562 56949 0 0 1 blocking 
6 771 434 849 563 56950 0 0 0 blocking 
6 745 435 823 564 56951 0 0 1 blocking 
6 720 436 798 565 56952 0 0 1 blocking 
6 694 438 772 566 56953 0 0 1 blocking 
6 669 439 747 567 56954 0 0 1 blocking 
7 873 384 963 503 56935 0 0 0 blocking 
7 872 384 962 503 56936 0 0 1 standing 
7 871 384 961 503 56937 0 0 1 standing 
7 871 384 960 503 56938 0 0 0 standing 
7 869 380 956 499 56939 0 0 1 standing 
7 867 376 952 495 56940 0 0 1 standing 
7 866 373 948 491 56941 0 0 0 standing 
7 863 372 942 490 56942 0 0 1 standing 
7 860 371 936 489 56943 0 0 1 standing 
7 857 371 931 489 56944 0 0 0 standing 
7 855 368 922 487 56945 0 0 1 standing 
7 853 365 913 485 56946 0 0 1 standing 
7 851 362 904 484 56947 0 0 0 standing 
7 839 361 891 483 56948 0 0 1 standing 
7 827 361 878 483 56949 0 0 1 standing 
7 816 361 865 483 56950 0 0 0 standing 
7 783 362 836 484 56951 0 0 1 standing 
7 750 363 807 486 56952 0 0 1 standing 
7 718 364 779 488 56953 0 0 1 standing 
7 685 365 750 490 56954 0 0 1 standing 
8 962 473 1028 613 56935 0 0 0 standing 
8 963 473 1033 613 56936 0 0 1 standing 
8 964 474 1039 613 56937 0 0 1 standing 
8 966 475 1045 614 56938 0 0 0 standing 
8 971 472 1045 611 56939 0 0 1 standing 
8 977 469 1045 608 56940 0 0 1 standing 
8 983 467 1046 605 56941 0 0 0 standing 
8 988 465 1048 603 56942 0 0 1 standing 
8 993 463 1050 601 56943 0 0 1 standing 
8 999 462 1053 599 56944 0 0 0 standing 
8 1002 461 1057 602 56945 0 0 1 standing 
8 1005 461 1062 605 56946 0 0 1 standing 
8 1008 461 1067 609 56947 0 0 0 standing 
8 999 463 1062 611 56948 0 0 1 standing 
8 990 465 1057 613 56949 0 0 1 standing 
8 982 468 1052 616 56950 0 0 0 standing 
8 961 466 1027 615 56951 0 0 1 standing 
8 940 464 1002 614 56952 0 0 1 standing 
8 919 462 977 614 56953 0 0 1 standing 
8 898 460 952 613 56954 0 0 1 standing 
9 976 426 1072 545 56935 0 0 0 standing 
9 981 426 1069 546 56936 0 0 1 standing 
9 986 426 1066 547 56937 0 0 1 standing 
9 991 426 1064 548 56938 0 0 0 standing 
9 1005 423 1080 548 56939 0 0 1 standing 
9 1019 421 1096 548 56940 0 0 1 standing 
9 1034 419 1112 548 56941 0 0 0 standing 
9 1038 416 1117 545 56942 0 0 1 standing 
9 1042 413 1122 542 56943 0 0 1 standing 
9 1046 410 1128 539 56944 0 0 0 standing 
9 1053 410 1127 537 56945 0 0 1 standing 
9 1060 411 1126 535 56946 0 0 1 standing 
9 1067 412 1126 534 56947 0 0 0 standing 
9 1061 413 1122 535 56948 0 0 1 standing 
9 1055 414 1119 536 56949 0 0 1 standing 
9 1049 416 1116 538 56950 0 0 0 standing 
9 1024 416 1091 538 56951 0 0 1 standing 
9 999 416 1066 538 56952 0 0 1 standing 
9 974 416 1042 538 56953 0 0 1 standing 
9 949 416 1017 538 56954 0 0 1 standing 
10 987 379 1059 471 56935 0 0 0 standing 
10 994 377 1063 470 56936 0 0 1 standing 
10 1001 376 1067 469 56937 0 0 1 standing 
10 1009 375 1072 468 56938 0 0 0 standing 
10 1014 373 1087 478 56939 0 0 1 standing 
10 1020 371 1102 488 56940 0 0 1 standing 
10 1026 369 1118 498 56941 0 0 0 standing 
10 1030 367 1120 495 56942 0 0 1 standing 
10 1034 366 1123 492 56943 0 0 1 standing 
10 1038 365 1126 489 56944 0 0 0 standing 
10 1049 364 1127 488 56945 0 0 1 standing 
10 1061 364 1129 488 56946 0 0 1 standing 
10 1073 364 1131 488 56947 0 0 0 standing 
10 1067 366 1131 490 56948 0 0 1 standing 
10 1062 369 1131 492 56949 0 0 1 standing 
10 1057 372 1131 495 56950 0 0 0 standing 
10 1032 373 1104 494 56951 0 0 1 standing 
10 1007 374 1077 494 56952 0 0 1 standing 
10 983 376 1051 493 56953 0 0 1 standing 
10 958 377 1024 493 56954 0 0 1 standing 
11 1216 450 1277 560 56935 0 0 0 standing 
11 1217 450 1276 560 56936 0 0 1 standing 
11 1219 451 1275 560 56937 0 0 1 standing 
11 1221 452 1275 560 56938 0 0 0 standing 
11 1219 450 1276 558 56939 0 0 1 standing 
11 1217 449 1277 557 56940 0 0 1 standing 
11 1215 448 1278 556 56941 0 0 0 standing 
11 1217 444 1278 552 56942 0 0 1 standing 
11 1219 441 1278 548 56943 0 0 1 standing 
11 1221 438 1278 545 56944 0 0 0 standing 
11 1222 437 1278 544 56945 0 0 1 standing 
11 1223 437 1278 544 56946 0 0 1 standing 
11 1224 437 1278 544 56947 0 0 0 standing 
11 1210 435 1268 542 56948 0 0 1 standing 
11 1197 433 1258 540 56949 0 0 1 standing 
11 1184 432 1248 539 56950 0 0 0 standing 
11 1155 430 1219 537 56951 0 0 1 standing 
11 1126 428 1190 536 56952 0 0 1 standing 
11 1097 427 1161 535 56953 0 0 1 standing 
11 1068 425 1132 534 56954 0 0 1 standing 
