0 1 403 98 516 43985 1 0 0 standing 
0 1 403 98 516 43986 1 0 1 standing 
0 1 403 98 516 43987 1 0 1 standing 
0 1 403 98 516 43988 1 0 1 standing 
0 1 403 98 516 43989 1 0 1 standing 
0 1 403 98 516 43990 1 0 1 standing 
0 1 403 98 516 43991 1 0 1 standing 
0 1 403 98 516 43992 1 0 1 standing 
0 1 403 98 516 43993 1 0 1 standing 
0 1 403 98 516 43994 1 0 1 standing 
0 1 403 98 516 43995 1 0 0 standing 
0 1 403 98 516 43996 1 0 1 standing 
0 1 403 98 516 43997 1 0 1 standing 
0 1 403 98 516 43998 1 0 1 standing 
0 1 403 98 516 43999 1 0 1 standing 
0 1 403 98 516 44000 1 0 1 standing 
0 1 403 98 516 44001 1 0 1 standing 
0 1 403 98 516 44002 1 0 1 standing 
0 1 403 98 516 44003 1 0 1 standing 
0 1 403 98 516 44004 1 0 1 standing 
1 217 398 324 590 43985 0 0 0 standing 
1 209 397 316 589 43986 0 0 1 standing 
1 201 396 308 588 43987 0 0 1 standing 
1 193 395 300 587 43988 0 0 1 standing 
1 185 394 292 586 43989 0 0 1 standing 
1 177 393 284 586 43990 0 0 1 standing 
1 169 392 276 585 43991 0 0 1 standing 
1 161 391 268 584 43992 0 0 1 standing 
1 153 390 260 583 43993 0 0 1 standing 
1 145 389 252 582 43994 0 0 1 standing 
1 137 389 244 582 43995 0 0 0 standing 
1 132 388 239 581 43996 0 0 1 standing 
1 128 388 235 581 43997 0 0 1 standing 
1 123 388 230 581 43998 0 0 1 standing 
1 119 388 226 581 43999 0 0 1 standing 
1 114 388 221 581 44000 0 0 1 standing 
1 110 388 217 580 44001 0 0 1 standing 
1 105 388 212 580 44002 0 0 1 standing 
1 101 388 208 580 44003 0 0 1 standing 
1 96 388 203 580 44004 0 0 1 standing 
2 452 303 505 467 43985 0 0 0 standing 
2 442 301 495 467 43986 0 0 1 standing 
2 433 300 486 467 43987 0 0 1 standing 
2 424 299 477 467 43988 0 0 1 standing 
2 415 297 468 467 43989 0 0 1 standing 
2 406 296 459 467 43990 0 0 1 standing 
2 397 295 449 467 43991 0 0 1 standing 
2 388 293 440 467 43992 0 0 1 standing 
2 379 292 431 467 43993 0 0 1 standing 
2 370 291 422 467 43994 0 0 1 standing 
2 361 290 413 468 43995 0 0 0 standing 
2 354 290 406 468 43996 0 0 1 standing 
2 347 290 399 468 43997 0 0 1 standing 
2 340 290 392 469 43998 0 0 1 standing 
2 333 290 385 469 43999 0 0 1 standing 
2 327 291 379 470 44000 0 0 1 standing 
2 320 291 372 470 44001 0 0 1 standing 
2 313 291 365 470 44002 0 0 1 standing 
2 306 291 358 471 44003 0 0 1 standing 
2 299 291 351 471 44004 0 0 1 standing 
3 863 372 948 513 43985 0 1 0 standing 
3 862 368 947 511 43986 0 1 1 standing 
3 861 365 946 510 43987 0 1 1 standing 
3 860 361 945 508 43988 0 1 1 standing 
3 859 358 944 507 43989 0 1 1 standing 
3 859 355 943 505 43990 0 1 1 standing 
3 858 351 942 504 43991 0 1 1 standing 
3 857 348 941 502 43992 0 1 1 standing 
3 856 344 940 501 43993 0 1 1 standing 
3 855 341 939 499 43994 0 1 1 standing 
3 855 338 938 498 43995 0 1 0 standing 
3 859 333 939 495 43996 0 1 1 standing 
3 863 328 940 492 43997 0 1 1 standing 
3 867 324 941 490 43998 0 1 1 standing 
3 872 319 943 487 43999 0 1 1 standing 
3 876 315 944 485 44000 0 1 1 standing 
3 880 310 945 482 44001 0 1 1 standing 
3 885 305 947 479 44002 0 1 1 standing 
3 889 301 948 477 44003 0 1 1 standing 
3 893 296 949 474 44004 0 1 1 standing 
4 1040 383 1111 546 43985 0 1 0 standing 
4 1035 380 1106 543 43986 0 1 1 standing 
4 1030 378 1101 541 43987 0 1 1 standing 
4 1026 375 1097 538 43988 0 1 1 standing 
4 1021 373 1092 536 43989 0 1 1 standing 
4 1017 371 1088 534 43990 0 1 1 standing 
4 1012 368 1083 531 43991 0 1 1 standing 
4 1007 366 1078 529 43992 0 1 1 standing 
4 1003 363 1074 526 43993 0 1 1 standing 
4 998 361 1069 524 43994 0 1 1 standing 
4 994 359 1065 522 43995 0 1 0 standing 
4 990 357 1061 521 43996 0 1 1 standing 
4 987 355 1058 520 43997 0 1 1 standing 
4 983 353 1054 519 43998 0 1 1 standing 
4 980 351 1051 518 43999 0 1 1 standing 
4 976 349 1047 517 44000 0 1 1 standing 
4 973 347 1044 516 44001 0 1 1 standing 
4 969 345 1040 515 44002 0 1 1 standing 
4 966 343 1037 514 44003 0 1 1 standing 
4 962 341 1033 513 44004 0 1 1 standing 
5 1172 332 1256 507 43985 0 1 0 standing 
5 1164 332 1246 507 43986 0 1 1 standing 
5 1157 332 1237 507 43987 0 1 1 standing 
5 1150 332 1228 507 43988 0 1 1 standing 
5 1142 333 1219 507 43989 0 1 1 standing 
5 1135 333 1210 507 43990 0 1 1 standing 
5 1128 333 1201 507 43991 0 1 1 standing 
5 1120 334 1192 507 43992 0 1 1 standing 
5 1113 334 1183 507 43993 0 1 1 standing 
5 1106 334 1174 507 43994 0 1 1 standing 
5 1099 335 1165 508 43995 0 1 0 standing 
5 1094 333 1160 506 43996 0 1 1 standing 
5 1089 332 1155 505 43997 0 1 1 standing 
5 1085 331 1151 504 43998 0 1 1 standing 
5 1080 330 1146 503 43999 0 1 1 standing 
5 1076 329 1142 502 44000 0 1 1 standing 
5 1071 328 1137 501 44001 0 1 1 standing 
5 1066 326 1132 500 44002 0 1 1 standing 
5 1062 325 1128 499 44003 0 1 1 standing 
5 1057 324 1123 498 44004 0 1 1 standing 
6 1052 299 1112 461 43985 0 1 0 standing 
6 1047 298 1107 461 43986 0 1 1 standing 
6 1043 298 1103 461 43987 0 1 1 standing 
6 1038 298 1098 461 43988 0 1 1 standing 
6 1034 298 1094 461 43989 0 1 1 standing 
6 1030 298 1090 461 43990 0 1 1 standing 
6 1025 298 1085 461 43991 0 1 1 standing 
6 1021 298 1081 461 43992 0 1 1 standing 
6 1016 298 1076 461 43993 0 1 1 standing 
6 1012 298 1072 461 43994 0 1 1 standing 
6 1008 298 1068 461 43995 0 1 0 standing 
6 1005 298 1065 461 43996 0 1 1 standing 
6 1002 298 1062 461 43997 0 1 1 standing 
6 999 298 1059 461 43998 0 1 1 standing 
6 997 298 1056 461 43999 0 1 1 standing 
6 994 298 1054 461 44000 0 1 1 standing 
6 991 298 1051 461 44001 0 1 1 standing 
6 989 298 1048 461 44002 0 1 1 standing 
6 986 298 1045 461 44003 0 1 1 standing 
6 983 298 1042 461 44004 0 1 1 standing 
7 163 431 251 515 43985 0 0 0 standing 
7 155 429 243 514 43986 0 0 1 falling 
7 148 428 236 513 43987 0 0 1 falling 
7 141 427 229 512 43988 0 0 1 falling 
7 134 426 222 511 43989 0 0 1 falling 
7 127 425 215 510 43990 0 0 1 falling 
7 120 424 208 509 43991 0 0 1 falling 
7 113 423 201 508 43992 0 0 1 falling 
7 106 422 194 507 43993 0 0 1 falling 
7 99 421 187 506 43994 0 0 1 falling 
7 92 420 180 505 43995 0 0 0 falling 
7 87 420 175 505 43996 0 0 1 falling 
7 82 420 171 505 43997 0 0 1 falling 
7 78 420 166 505 43998 0 0 1 falling 
7 73 420 162 505 43999 0 0 1 falling 
7 69 421 157 506 44000 0 0 1 falling 
7 64 421 153 506 44001 0 0 1 falling 
7 59 421 148 506 44002 0 0 1 falling 
7 55 421 144 506 44003 0 0 1 falling 
7 50 421 139 506 44004 0 0 1 falling 
8 444 435 505 629 43985 0 0 0 falling 
8 437 434 498 628 43986 0 0 1 standing 
8 431 434 492 628 43987 0 0 1 standing 
8 424 434 485 628 43988 0 0 1 standing 
8 418 433 479 628 43989 0 0 1 standing 
8 411 433 472 628 43990 0 0 1 standing 
8 405 433 466 627 43991 0 0 1 standing 
8 398 432 459 627 43992 0 0 1 standing 
8 392 432 453 627 43993 0 0 1 standing 
8 385 432 446 627 43994 0 0 1 standing 
8 379 432 440 627 43995 0 0 0 standing 
8 374 432 435 627 43996 0 0 1 standing 
8 369 432 430 627 43997 0 0 1 standing 
8 364 432 425 627 43998 0 0 1 standing 
8 360 432 420 627 43999 0 0 1 standing 
8 355 432 416 627 44000 0 0 1 standing 
8 350 432 411 627 44001 0 0 1 standing 
8 346 432 406 627 44002 0 0 1 standing 
8 341 432 401 627 44003 0 0 1 standing 
8 336 432 396 627 44004 0 0 1 standing 
9 517 278 580 434 43985 0 0 0 standing 
9 507 277 570 433 43986 0 0 1 standing 
9 498 277 561 433 43987 0 0 1 standing 
9 488 277 551 433 43988 0 0 1 standing 
9 479 276 542 433 43989 0 0 1 standing 
9 469 276 532 433 43990 0 0 1 standing 
9 460 276 523 432 43991 0 0 1 standing 
9 450 275 513 432 43992 0 0 1 standing 
9 441 275 504 432 43993 0 0 1 standing 
9 431 275 494 432 43994 0 0 1 standing 
9 422 275 485 432 43995 0 0 0 standing 
9 415 274 478 431 43996 0 0 1 standing 
9 409 274 472 431 43997 0 0 1 standing 
9 403 274 466 431 43998 0 0 1 standing 
9 396 274 460 431 43999 0 0 1 standing 
9 390 274 454 430 44000 0 0 1 standing 
9 384 274 448 430 44001 0 0 1 standing 
9 377 273 441 430 44002 0 0 1 standing 
9 371 273 435 430 44003 0 0 1 standing 
9 365 273 429 429 44004 0 0 1 standing 
10 911 331 972 467 43985 0 1 0 standing 
10 911 329 971 467 43986 0 1 1 standing 
10 911 328 971 467 43987 0 1 1 standing 
10 911 327 971 467 43988 0 1 1 standing 
10 911 326 971 467 43989 0 1 1 standing 
10 911 325 971 467 43990 0 1 1 standing 
10 911 324 970 467 43991 0 1 1 standing 
10 911 323 970 467 43992 0 1 1 standing 
10 911 322 970 467 43993 0 1 1 standing 
10 911 321 970 467 43994 0 1 1 standing 
10 911 320 970 468 43995 0 1 0 standing 
10 911 320 970 468 43996 0 1 1 standing 
10 911 320 970 468 43997 0 1 1 standing 
10 911 320 970 468 43998 0 1 1 standing 
10 911 320 970 468 43999 0 1 1 standing 
10 911 320 970 468 44000 0 1 1 standing 
10 911 320 970 468 44001 0 1 1 standing 
10 911 320 970 468 44002 0 1 1 standing 
10 911 320 970 468 44003 0 1 1 standing 
10 911 320 970 468 44004 0 1 1 standing 
11 1106 395 1175 567 43985 0 1 0 standing 
11 1098 391 1167 563 43986 0 1 1 standing 
11 1091 388 1160 560 43987 0 1 1 standing 
11 1084 385 1153 557 43988 0 1 1 standing 
11 1077 381 1146 554 43989 0 1 1 standing 
11 1070 378 1139 551 43990 0 1 1 standing 
11 1063 375 1132 547 43991 0 1 1 standing 
11 1056 371 1125 544 43992 0 1 1 standing 
11 1049 368 1118 541 43993 0 1 1 standing 
11 1042 365 1111 538 43994 0 1 1 standing 
11 1035 362 1104 535 43995 0 1 0 standing 
11 1030 360 1100 533 43996 0 1 1 standing 
11 1026 359 1096 532 43997 0 1 1 standing 
11 1022 357 1092 530 43998 0 1 1 standing 
11 1018 356 1088 529 43999 0 1 1 standing 
11 1014 354 1084 527 44000 0 1 1 standing 
11 1010 353 1080 526 44001 0 1 1 standing 
11 1006 351 1076 524 44002 0 1 1 standing 
11 1002 350 1072 523 44003 0 1 1 standing 
11 998 348 1068 521 44004 0 1 1 standing 
