0 715 401 841 571 73600 0 1 0 jumping 
0 718 401 838 570 73601 0 1 1 jumping 
0 722 402 835 570 73602 0 1 1 jumping 
0 726 402 833 570 73603 0 1 1 jumping 
0 730 403 830 570 73604 0 1 1 jumping 
0 734 403 827 570 73605 0 1 1 jumping 
0 738 404 825 570 73606 0 1 0 jumping 
0 743 410 824 575 73607 0 1 1 jumping 
0 749 417 824 581 73608 0 1 1 jumping 
0 755 423 823 586 73609 0 1 1 jumping 
0 761 430 823 592 73610 0 1 0 jumping 
0 762 435 826 594 73611 0 1 1 jumping 
0 764 441 830 597 73612 0 1 1 jumping 
0 766 446 834 599 73613 0 1 1 jumping 
0 768 452 838 602 73614 0 1 1 jumping 
0 770 458 842 604 73615 0 1 1 jumping 
0 772 463 846 607 73616 0 1 1 jumping 
0 774 469 850 609 73617 0 1 1 jumping 
0 776 475 854 612 73618 0 1 0 jumping 
0 776 476 854 612 73619 0 1 1 jumping 
1 579 376 628 582 73600 0 1 0 jumping 
1 584 377 633 583 73601 0 1 1 blocking 
1 590 379 639 584 73602 0 1 1 blocking 
1 596 381 645 585 73603 0 1 1 blocking 
1 602 383 650 586 73604 0 1 1 blocking 
1 608 385 656 587 73605 0 1 1 blocking 
1 613 387 662 588 73606 0 1 1 blocking 
1 619 389 667 589 73607 0 1 1 blocking 
1 625 391 673 590 73608 0 1 1 blocking 
1 631 393 679 591 73609 0 1 1 blocking 
1 637 395 685 592 73610 0 1 0 blocking 
1 640 402 689 595 73611 0 1 1 blocking 
1 643 410 693 598 73612 0 1 1 blocking 
1 646 417 698 602 73613 0 1 1 blocking 
1 649 425 702 605 73614 0 1 1 blocking 
1 652 433 707 609 73615 0 1 0 blocking 
1 651 438 707 610 73616 0 1 1 blocking 
1 650 443 708 611 73617 0 1 1 blocking 
1 649 449 709 612 73618 0 1 1 blocking 
1 648 454 710 613 73619 0 1 1 blocking 
2 585 374 627 563 73600 0 1 0 blocking 
2 588 373 633 562 73601 0 1 1 blocking 
2 591 373 640 562 73602 0 1 1 blocking 
2 594 373 647 561 73603 0 1 1 blocking 
2 597 372 653 561 73604 0 1 1 blocking 
2 600 372 660 561 73605 0 1 1 blocking 
2 603 372 667 560 73606 0 1 1 blocking 
2 606 371 673 560 73607 0 1 1 blocking 
2 609 371 680 559 73608 0 1 1 blocking 
2 612 371 687 559 73609 0 1 1 blocking 
2 616 371 694 559 73610 0 1 0 blocking 
2 625 376 696 561 73611 0 1 1 blocking 
2 635 381 698 563 73612 0 1 1 blocking 
2 645 386 701 565 73613 0 1 1 blocking 
2 655 391 703 567 73614 0 1 1 blocking 
2 665 396 706 570 73615 0 1 0 blocking 
2 666 401 708 572 73616 0 1 1 blocking 
2 668 406 711 575 73617 0 1 1 blocking 
2 669 411 713 578 73618 0 1 1 blocking 
2 671 416 716 581 73619 0 1 1 blocking 
3 0 454 9 510 73600 0 0 0 blocking 
3 0 439 18 510 73601 0 0 1 digging 
3 0 425 27 510 73602 0 0 1 digging 
3 0 411 36 510 73603 0 0 0 digging 
3 0 410 46 513 73604 0 0 1 digging 
3 0 410 56 517 73605 0 0 1 digging 
3 0 410 66 521 73606 0 0 0 digging 
3 9 411 73 522 73607 0 0 1 digging 
3 18 413 81 523 73608 0 0 1 digging 
3 28 415 89 525 73609 0 0 0 digging 
3 37 417 98 524 73610 0 0 1 digging 
3 47 419 107 524 73611 0 0 1 digging 
3 57 422 117 524 73612 0 0 0 digging 
3 65 418 124 524 73613 0 0 1 digging 
3 73 415 132 524 73614 0 0 1 digging 
3 81 412 140 525 73615 0 0 0 digging 
3 83 408 143 523 73616 0 0 1 digging 
3 86 404 146 521 73617 0 0 1 digging 
3 89 400 150 519 73618 0 0 0 digging 
3 90 398 151 519 73619 0 0 1 digging 
4 71 455 171 614 73600 0 0 0 digging 
4 71 453 162 611 73601 0 0 1 digging 
4 72 451 154 609 73602 0 0 1 digging 
4 73 450 146 607 73603 0 0 0 digging 
4 67 451 146 608 73604 0 0 1 digging 
4 61 453 146 610 73605 0 0 1 digging 
4 55 455 146 612 73606 0 0 0 digging 
4 54 460 147 612 73607 0 0 1 digging 
4 53 466 149 612 73608 0 0 1 digging 
4 52 472 151 613 73609 0 0 0 digging 
4 57 475 156 612 73610 0 0 1 digging 
4 63 478 161 612 73611 0 0 1 digging 
4 69 481 167 612 73612 0 0 0 digging 
4 75 477 173 613 73613 0 0 1 digging 
4 81 473 179 614 73614 0 0 1 digging 
4 88 469 185 616 73615 0 0 0 digging 
4 95 463 189 613 73616 0 0 1 digging 
4 102 457 193 610 73617 0 0 1 digging 
4 110 451 197 608 73618 0 0 0 digging 
4 116 450 197 605 73619 0 0 1 digging 
5 175 376 275 482 73600 0 0 0 digging 
5 178 374 268 481 73601 0 0 1 digging 
5 181 372 261 480 73602 0 0 1 digging 
5 185 370 255 479 73603 0 0 0 digging 
5 184 370 254 479 73604 0 0 1 digging 
5 183 370 253 479 73605 0 0 1 digging 
5 182 370 252 479 73606 0 0 0 digging 
5 176 373 255 479 73607 0 0 1 digging 
5 171 376 258 479 73608 0 0 1 digging 
5 166 380 261 480 73609 0 0 0 digging 
5 174 381 267 482 73610 0 0 1 digging 
5 182 382 274 484 73611 0 0 1 digging 
5 190 383 281 486 73612 0 0 0 digging 
5 197 380 287 485 73613 0 0 1 digging 
5 204 377 293 484 73614 0 0 1 digging 
5 211 375 300 484 73615 0 0 0 digging 
5 215 373 304 482 73616 0 0 1 digging 
5 220 371 308 480 73617 0 0 1 digging 
5 225 370 312 478 73618 0 0 0 digging 
5 223 373 314 478 73619 0 0 1 digging 
6 406 358 494 475 73600 0 0 0 digging 
6 407 357 486 474 73601 0 0 1 digging 
6 409 356 478 473 73602 0 0 1 digging 
6 411 355 470 472 73603 0 0 0 digging 
6 403 356 468 471 73604 0 0 1 digging 
6 396 357 467 471 73605 0 0 1 digging 
6 389 358 466 471 73606 0 0 0 digging 
6 384 361 467 471 73607 0 0 1 digging 
6 379 364 469 471 73608 0 0 1 digging 
6 375 367 471 472 73609 0 0 0 digging 
6 382 369 478 473 73610 0 0 1 digging 
6 389 372 485 474 73611 0 0 1 digging 
6 397 375 492 475 73612 0 0 0 digging 
6 400 370 496 475 73613 0 0 1 digging 
6 403 365 500 475 73614 0 0 1 digging 
6 406 360 504 475 73615 0 0 0 digging 
6 409 356 506 471 73616 0 0 1 digging 
6 412 353 509 468 73617 0 0 1 digging 
6 416 350 512 465 73618 0 0 0 digging 
6 416 350 508 462 73619 0 0 1 digging 
7 670 394 719 530 73600 0 0 0 digging 
7 675 394 724 530 73601 0 0 1 moving 
7 681 395 730 531 73602 0 0 1 moving 
7 687 396 736 532 73603 0 0 0 moving 
7 692 397 741 533 73604 0 0 1 moving 
7 698 399 747 535 73605 0 0 1 moving 
7 704 401 753 537 73606 0 0 0 moving 
7 709 402 757 535 73607 0 0 1 moving 
7 714 403 762 534 73608 0 0 1 moving 
7 719 405 767 533 73609 0 0 0 moving 
7 726 405 772 533 73610 0 0 1 moving 
7 734 405 777 533 73611 0 0 1 moving 
7 742 405 782 533 73612 0 0 0 moving 
7 746 405 788 532 73613 0 0 1 moving 
7 750 405 794 532 73614 0 0 1 moving 
7 754 405 801 532 73615 0 0 0 moving 
7 752 401 803 532 73616 0 0 1 moving 
7 750 398 805 532 73617 0 0 1 moving 
7 749 395 808 532 73618 0 0 0 moving 
7 746 393 815 531 73619 0 0 1 moving 
8 795 402 874 535 73600 0 0 0 moving 
8 799 398 875 535 73601 0 0 1 standing 
8 803 395 876 535 73602 0 0 1 standing 
8 807 392 878 535 73603 0 0 0 standing 
8 810 390 880 536 73604 0 0 1 standing 
8 813 389 883 538 73605 0 0 1 standing 
8 816 388 886 540 73606 0 0 0 standing 
8 819 390 888 542 73607 0 0 1 standing 
8 822 392 891 544 73608 0 0 1 standing 
8 825 395 894 546 73609 0 0 0 standing 
8 829 398 899 546 73610 0 0 1 standing 
8 834 402 904 547 73611 0 0 1 standing 
8 839 406 910 548 73612 0 0 0 standing 
8 844 409 917 548 73613 0 0 1 standing 
8 849 413 924 549 73614 0 0 1 standing 
8 854 417 931 550 73615 0 0 0 standing 
8 854 413 931 549 73616 0 0 1 standing 
8 854 410 931 548 73617 0 0 1 standing 
8 854 407 931 548 73618 0 0 0 standing 
8 854 404 931 545 73619 0 0 1 standing 
9 845 452 935 600 73600 0 0 0 standing 
9 847 450 937 598 73601 0 0 1 standing 
9 850 448 940 596 73602 0 0 1 standing 
9 853 447 943 595 73603 0 0 0 standing 
9 859 446 938 597 73604 0 0 1 standing 
9 865 445 934 599 73605 0 0 1 standing 
9 871 445 930 602 73606 0 0 0 standing 
9 874 445 933 602 73607 0 0 1 standing 
9 877 445 936 602 73608 0 0 1 standing 
9 881 445 940 602 73609 0 0 0 standing 
9 884 451 943 603 73610 0 0 1 standing 
9 888 457 947 605 73611 0 0 1 standing 
9 892 463 951 607 73612 0 0 0 standing 
9 893 463 958 606 73613 0 0 1 standing 
9 894 463 965 606 73614 0 0 1 standing 
9 895 463 973 606 73615 0 0 0 standing 
9 896 463 974 605 73616 0 0 1 standing 
9 897 463 975 605 73617 0 0 1 standing 
9 899 463 977 605 73618 0 0 0 standing 
9 897 462 975 605 73619 0 0 1 standing 
10 943 403 1007 562 73600 0 0 0 standing 
10 949 402 1011 561 73601 0 0 1 standing 
10 955 402 1016 561 73602 0 0 1 standing 
10 962 402 1021 561 73603 0 0 0 standing 
10 968 403 1027 562 73604 0 0 1 standing 
10 974 404 1033 563 73605 0 0 1 standing 
10 981 406 1040 565 73606 0 0 0 standing 
10 984 406 1046 565 73607 0 0 1 standing 
10 987 406 1052 565 73608 0 0 1 standing 
10 990 407 1059 565 73609 0 0 0 standing 
10 997 407 1066 565 73610 0 0 1 standing 
10 1004 408 1073 566 73611 0 0 1 standing 
10 1012 409 1081 567 73612 0 0 0 standing 
10 1020 411 1086 567 73613 0 0 1 standing 
10 1028 414 1091 567 73614 0 0 1 standing 
10 1037 417 1096 568 73615 0 0 0 standing 
10 1038 417 1100 568 73616 0 0 1 standing 
10 1039 417 1105 568 73617 0 0 1 standing 
10 1041 418 1110 568 73618 0 0 0 standing 
10 1035 418 1113 568 73619 0 0 1 standing 
11 936 320 994 450 73600 0 0 0 standing 
11 937 320 995 450 73601 0 0 1 moving 
11 939 321 996 450 73602 0 0 1 moving 
11 941 322 998 451 73603 0 0 0 moving 
11 938 323 1000 452 73604 0 0 1 moving 
11 936 325 1003 453 73605 0 0 1 moving 
11 934 327 1006 454 73606 0 0 0 moving 
11 934 328 1008 456 73607 0 0 1 moving 
11 934 329 1011 458 73608 0 0 1 moving 
11 934 330 1014 460 73609 0 0 0 moving 
11 940 332 1016 462 73610 0 0 1 moving 
11 946 334 1019 464 73611 0 0 1 moving 
11 953 336 1022 466 73612 0 0 0 moving 
11 958 337 1027 466 73613 0 0 1 moving 
11 963 338 1032 467 73614 0 0 1 moving 
11 969 339 1038 468 73615 0 0 0 moving 
11 966 341 1041 469 73616 0 0 1 moving 
11 963 343 1044 471 73617 0 0 1 moving 
11 961 345 1047 473 73618 0 0 0 moving 
11 960 346 1044 474 73619 0 0 1 moving 
