0 351 410 403 594 43840 0 1 0 spiking 
0 354 407 406 585 43841 0 1 1 spiking 
0 358 405 410 576 43842 0 1 1 spiking 
0 362 403 414 567 43843 0 1 1 spiking 
0 366 401 418 558 43844 0 1 1 spiking 
0 370 399 422 549 43845 0 1 1 spiking 
0 374 397 426 541 43846 0 1 0 spiking 
0 378 395 429 539 43847 0 1 1 spiking 
0 382 393 433 538 43848 0 1 1 spiking 
0 386 391 437 536 43849 0 1 1 spiking 
0 390 389 441 535 43850 0 1 0 spiking 
0 395 394 444 540 43851 0 1 1 spiking 
0 400 400 447 545 43852 0 1 1 spiking 
0 405 405 450 551 43853 0 1 1 spiking 
0 410 411 453 556 43854 0 1 1 spiking 
0 415 416 457 562 43855 0 1 1 spiking 
0 420 422 460 567 43856 0 1 1 spiking 
0 425 427 463 572 43857 0 1 1 spiking 
0 430 433 466 578 43858 0 1 1 spiking 
0 435 438 469 583 43859 0 1 1 spiking 
1 545 433 592 585 43840 0 1 0 spiking 
1 541 427 588 579 43841 0 1 1 blocking 
1 538 421 585 573 43842 0 1 1 blocking 
1 535 415 582 567 43843 0 1 1 blocking 
1 532 409 579 561 43844 0 1 1 blocking 
1 529 403 576 555 43845 0 1 1 blocking 
1 526 397 573 549 43846 0 1 1 blocking 
1 523 391 570 543 43847 0 1 1 blocking 
1 520 385 567 537 43848 0 1 1 blocking 
1 517 379 564 531 43849 0 1 1 blocking 
1 514 374 561 525 43850 0 1 0 blocking 
1 512 379 559 527 43851 0 1 1 blocking 
1 510 385 557 529 43852 0 1 1 blocking 
1 508 391 555 531 43853 0 1 1 blocking 
1 507 396 553 533 43854 0 1 1 blocking 
1 505 402 552 535 43855 0 1 1 blocking 
1 503 408 550 537 43856 0 1 1 blocking 
1 502 413 548 539 43857 0 1 1 blocking 
1 500 419 546 541 43858 0 1 1 blocking 
1 498 425 544 543 43859 0 1 1 blocking 
2 541 395 586 533 43840 0 1 0 blocking 
2 537 391 582 529 43841 0 1 1 blocking 
2 534 387 579 525 43842 0 1 1 blocking 
2 531 383 576 521 43843 0 1 1 blocking 
2 528 379 573 517 43844 0 1 1 blocking 
2 525 375 570 514 43845 0 1 1 blocking 
2 522 371 567 510 43846 0 1 1 blocking 
2 519 367 564 506 43847 0 1 1 blocking 
2 516 363 561 502 43848 0 1 1 blocking 
2 513 359 558 498 43849 0 1 1 blocking 
2 510 356 555 495 43850 0 1 0 blocking 
2 508 361 553 497 43851 0 1 1 blocking 
2 507 366 552 499 43852 0 1 1 blocking 
2 506 371 551 501 43853 0 1 1 blocking 
2 504 377 549 503 43854 0 1 1 blocking 
2 503 382 548 506 43855 0 1 1 blocking 
2 502 387 547 508 43856 0 1 1 blocking 
2 500 393 545 510 43857 0 1 1 blocking 
2 499 398 544 512 43858 0 1 1 blocking 
2 498 403 543 514 43859 0 1 1 blocking 
3 573 347 631 451 43840 0 0 0 blocking 
3 576 347 632 450 43841 0 0 1 standing 
3 579 347 634 450 43842 0 0 1 standing 
3 582 348 636 450 43843 0 0 0 standing 
3 588 347 638 451 43844 0 0 1 standing 
3 594 346 640 452 43845 0 0 1 standing 
3 600 345 643 453 43846 0 0 0 standing 
3 603 347 657 453 43847 0 0 1 standing 
3 606 349 672 454 43848 0 0 1 standing 
3 610 352 687 455 43849 0 0 0 standing 
3 607 353 687 454 43850 0 0 1 standing 
3 604 355 688 453 43851 0 0 1 standing 
3 601 357 689 452 43852 0 0 0 standing 
3 599 357 686 453 43853 0 0 1 standing 
3 597 357 683 454 43854 0 0 1 standing 
3 595 357 680 455 43855 0 0 0 standing 
3 597 354 678 454 43856 0 0 1 standing 
3 600 351 677 453 43857 0 0 1 standing 
3 603 348 676 452 43858 0 0 0 standing 
3 603 348 675 452 43859 0 0 1 standing 
4 810 351 874 445 43840 0 0 0 standing 
4 808 351 871 447 43841 0 0 1 standing 
4 806 351 869 449 43842 0 0 1 standing 
4 804 352 867 451 43843 0 0 0 standing 
4 801 352 864 451 43844 0 0 1 standing 
4 798 352 861 451 43845 0 0 1 standing 
4 795 352 859 452 43846 0 0 0 standing 
4 792 352 856 453 43847 0 0 1 standing 
4 789 352 853 454 43848 0 0 1 standing 
4 786 353 850 455 43849 0 0 0 standing 
4 780 356 846 458 43850 0 0 1 standing 
4 774 359 842 461 43851 0 0 1 standing 
4 769 363 838 465 43852 0 0 0 standing 
4 766 365 836 466 43853 0 0 1 standing 
4 763 367 835 467 43854 0 0 1 standing 
4 761 369 834 468 43855 0 0 0 standing 
4 762 367 832 468 43856 0 0 1 standing 
4 763 366 830 468 43857 0 0 1 standing 
4 764 364 828 469 43858 0 0 1 standing 
4 765 363 826 469 43859 0 0 1 standing 
5 930 434 993 558 43840 0 0 0 standing 
5 932 436 1000 561 43841 0 0 1 digging 
5 935 438 1008 564 43842 0 0 1 digging 
5 938 441 1016 568 43843 0 0 0 digging 
5 939 443 1015 568 43844 0 0 1 digging 
5 941 445 1014 568 43845 0 0 1 digging 
5 943 447 1013 569 43846 0 0 0 digging 
5 943 445 1007 564 43847 0 0 1 digging 
5 943 444 1001 559 43848 0 0 1 digging 
5 943 443 996 555 43849 0 0 0 digging 
5 943 446 996 560 43850 0 0 1 digging 
5 944 449 996 565 43851 0 0 1 digging 
5 945 452 997 570 43852 0 0 0 digging 
5 944 452 995 570 43853 0 0 1 digging 
5 943 453 993 571 43854 0 0 1 digging 
5 942 454 992 572 43855 0 0 0 digging 
5 940 450 989 569 43856 0 0 1 digging 
5 939 447 987 566 43857 0 0 1 digging 
5 938 444 984 563 43858 0 0 1 digging 
5 937 441 982 560 43859 0 0 1 digging 
6 967 387 1036 481 43840 0 0 0 digging 
6 959 385 1031 478 43841 0 0 1 digging 
6 951 384 1026 475 43842 0 0 1 digging 
6 943 383 1022 472 43843 0 0 0 digging 
6 939 380 1015 470 43844 0 0 1 digging 
6 935 378 1009 469 43845 0 0 1 digging 
6 931 376 1003 468 43846 0 0 0 digging 
6 924 374 998 463 43847 0 0 1 digging 
6 917 373 993 459 43848 0 0 1 digging 
6 911 372 988 455 43849 0 0 0 digging 
6 903 371 984 456 43850 0 0 1 digging 
6 895 371 980 458 43851 0 0 1 digging 
6 887 371 976 460 43852 0 0 0 digging 
6 883 370 974 458 43853 0 0 1 digging 
6 879 370 973 456 43854 0 0 1 digging 
6 875 370 972 454 43855 0 0 0 digging 
6 873 369 977 452 43856 0 0 1 digging 
6 872 369 982 450 43857 0 0 1 digging 
6 870 368 987 449 43858 0 0 1 digging 
6 869 368 992 447 43859 0 0 1 digging 
7 126 403 189 528 43840 0 0 0 digging 
7 130 403 195 528 43841 0 0 1 moving 
7 135 404 202 528 43842 0 0 1 moving 
7 140 405 209 529 43843 0 0 0 moving 
7 142 405 221 529 43844 0 0 1 moving 
7 144 405 233 529 43845 0 0 1 moving 
7 147 406 246 529 43846 0 0 0 moving 
7 148 406 247 533 43847 0 0 1 moving 
7 150 407 249 537 43848 0 0 1 moving 
7 152 408 251 541 43849 0 0 0 moving 
7 155 407 249 540 43850 0 0 1 moving 
7 158 406 248 540 43851 0 0 1 moving 
7 162 406 247 540 43852 0 0 0 moving 
7 167 405 245 540 43853 0 0 1 moving 
7 173 404 243 540 43854 0 0 1 moving 
7 179 403 242 541 43855 0 0 0 moving 
7 180 402 244 541 43856 0 0 1 moving 
7 182 402 247 541 43857 0 0 1 moving 
7 183 402 250 541 43858 0 0 1 moving 
7 185 402 253 541 43859 0 0 1 moving 
8 285 376 329 485 43840 0 0 0 moving 
8 279 375 328 485 43841 0 0 1 standing 
8 273 374 327 485 43842 0 0 1 standing 
8 268 373 326 485 43843 0 0 0 standing 
8 262 370 318 486 43844 0 0 1 standing 
8 256 368 311 487 43845 0 0 1 standing 
8 250 366 304 488 43846 0 0 0 standing 
8 246 366 298 487 43847 0 0 1 standing 
8 243 366 293 486 43848 0 0 1 standing 
8 240 366 288 486 43849 0 0 0 standing 
8 232 368 279 488 43850 0 0 1 standing 
8 224 371 271 490 43851 0 0 1 standing 
8 216 374 263 493 43852 0 0 0 standing 
8 202 377 259 494 43853 0 0 1 standing 
8 188 381 255 496 43854 0 0 1 standing 
8 174 385 251 498 43855 0 0 0 standing 
8 170 387 249 500 43856 0 0 1 standing 
8 166 389 247 502 43857 0 0 1 standing 
8 162 392 246 505 43858 0 0 0 standing 
8 161 391 243 504 43859 0 0 1 standing 
9 399 307 455 422 43840 0 0 0 standing 
9 400 307 454 422 43841 0 0 1 moving 
9 401 307 453 422 43842 0 0 1 moving 
9 402 308 452 422 43843 0 0 0 moving 
9 403 308 456 422 43844 0 0 1 moving 
9 405 309 461 423 43845 0 0 1 moving 
9 407 310 466 424 43846 0 0 0 moving 
9 409 311 467 427 43847 0 0 1 moving 
9 411 312 469 430 43848 0 0 1 moving 
9 413 314 471 433 43849 0 0 0 moving 
9 411 313 469 432 43850 0 0 1 moving 
9 410 312 468 431 43851 0 0 1 moving 
9 409 312 467 431 43852 0 0 0 moving 
9 409 311 467 430 43853 0 0 1 moving 
9 410 311 468 430 43854 0 0 1 moving 
9 411 311 469 430 43855 0 0 0 moving 
9 411 312 469 430 43856 0 0 1 moving 
9 412 313 469 431 43857 0 0 1 moving 
9 412 314 470 431 43858 0 0 1 moving 
9 413 315 470 432 43859 0 0 1 moving 
10 489 362 534 482 43840 0 0 0 moving 
10 486 360 531 480 43841 0 0 1 standing 
10 484 359 529 479 43842 0 0 1 standing 
10 482 357 527 478 43843 0 0 1 standing 
10 479 356 525 476 43844 0 0 1 standing 
10 477 355 523 475 43845 0 0 1 standing 
10 475 353 520 474 43846 0 0 1 standing 
10 472 352 518 472 43847 0 0 1 standing 
10 470 350 516 471 43848 0 0 1 standing 
10 468 349 514 470 43849 0 0 1 standing 
10 466 348 512 469 43850 0 0 0 standing 
10 463 348 509 469 43851 0 0 1 standing 
10 460 348 506 469 43852 0 0 1 standing 
10 457 349 503 470 43853 0 0 1 standing 
10 454 349 500 470 43854 0 0 1 standing 
10 451 350 497 471 43855 0 0 1 standing 
10 448 350 494 471 43856 0 0 1 standing 
10 445 350 491 471 43857 0 0 1 standing 
10 442 351 488 472 43858 0 0 1 standing 
10 439 351 485 472 43859 0 0 1 standing 
11 477 368 524 498 43840 0 0 0 standing 
11 474 368 521 498 43841 0 0 1 standing 
11 472 368 519 498 43842 0 0 1 standing 
11 470 369 517 499 43843 0 0 1 standing 
11 467 369 515 499 43844 0 0 1 standing 
11 465 369 513 499 43845 0 0 1 standing 
11 463 370 511 500 43846 0 0 0 standing 
11 459 370 507 500 43847 0 0 1 standing 
11 456 370 503 500 43848 0 0 1 standing 
11 453 370 500 500 43849 0 0 0 standing 
11 449 371 496 501 43850 0 0 1 standing 
11 446 372 493 502 43851 0 0 1 standing 
11 442 373 489 503 43852 0 0 1 standing 
11 439 374 486 505 43853 0 0 1 standing 
11 435 375 482 506 43854 0 0 1 standing 
11 432 376 479 507 43855 0 0 1 standing 
11 428 377 475 508 43856 0 0 1 standing 
11 425 378 472 510 43857 0 0 1 standing 
11 421 379 468 511 43858 0 0 1 standing 
11 418 380 465 512 43859 0 0 1 standing 
