0 797 444 870 625 52100 0 1 0 spiking 
0 790 432 864 615 52101 0 1 1 spiking 
0 784 420 859 606 52102 0 1 1 spiking 
0 777 408 854 596 52103 0 1 1 spiking 
0 771 396 848 587 52104 0 1 1 spiking 
0 764 384 843 577 52105 0 1 1 spiking 
0 758 372 838 568 52106 0 1 1 spiking 
0 752 360 833 559 52107 0 1 0 spiking 
0 750 354 833 556 52108 0 1 1 spiking 
0 749 348 833 553 52109 0 1 1 spiking 
0 748 342 833 550 52110 0 1 0 spiking 
0 748 351 830 554 52111 0 1 1 spiking 
0 748 360 828 558 52112 0 1 1 spiking 
0 748 369 826 562 52113 0 1 1 spiking 
0 748 378 824 567 52114 0 1 1 spiking 
0 748 387 822 571 52115 0 1 1 spiking 
0 748 396 820 575 52116 0 1 1 spiking 
0 748 405 818 580 52117 0 1 1 spiking 
0 748 414 816 584 52118 0 1 1 spiking 
0 748 423 814 588 52119 0 1 1 spiking 
1 504 435 548 598 52100 0 1 0 spiking 
1 508 426 552 593 52101 0 1 1 blocking 
1 512 417 557 588 52102 0 1 1 blocking 
1 516 409 562 583 52103 0 1 1 blocking 
1 520 400 567 578 52104 0 1 1 blocking 
1 524 392 572 573 52105 0 1 1 blocking 
1 528 383 577 568 52106 0 1 1 blocking 
1 532 374 582 563 52107 0 1 1 blocking 
1 536 366 587 558 52108 0 1 1 blocking 
1 540 357 592 553 52109 0 1 1 blocking 
1 545 349 597 548 52110 0 1 0 blocking 
1 551 351 603 550 52111 0 1 1 blocking 
1 557 354 609 553 52112 0 1 1 blocking 
1 563 357 615 556 52113 0 1 1 blocking 
1 570 360 622 559 52114 0 1 1 blocking 
1 576 363 628 562 52115 0 1 1 blocking 
1 582 366 634 565 52116 0 1 1 blocking 
1 589 369 641 568 52117 0 1 1 blocking 
1 595 372 647 571 52118 0 1 1 blocking 
1 601 375 653 574 52119 0 1 1 blocking 
2 511 417 560 578 52100 0 1 0 blocking 
2 515 408 565 573 52101 0 1 1 blocking 
2 519 400 570 568 52102 0 1 1 blocking 
2 523 392 575 564 52103 0 1 1 blocking 
2 527 384 581 559 52104 0 1 1 blocking 
2 532 376 586 555 52105 0 1 1 blocking 
2 536 368 591 550 52106 0 1 1 blocking 
2 540 360 597 545 52107 0 1 1 blocking 
2 544 352 602 541 52108 0 1 1 blocking 
2 548 344 607 536 52109 0 1 1 blocking 
2 553 336 613 532 52110 0 1 0 blocking 
2 559 338 618 534 52111 0 1 1 blocking 
2 565 341 623 537 52112 0 1 1 blocking 
2 571 344 628 539 52113 0 1 1 blocking 
2 577 346 633 542 52114 0 1 1 blocking 
2 583 349 639 545 52115 0 1 1 blocking 
2 589 352 644 547 52116 0 1 1 blocking 
2 595 354 649 550 52117 0 1 1 blocking 
2 601 357 654 552 52118 0 1 1 blocking 
2 607 360 659 555 52119 0 1 1 blocking 
3 23 393 89 512 52100 0 0 0 blocking 
3 23 392 90 513 52101 0 0 1 standing 
3 23 392 91 514 52102 0 0 1 standing 
3 24 392 92 515 52103 0 0 0 standing 
3 27 395 95 513 52104 0 0 1 standing 
3 30 398 98 511 52105 0 0 1 standing 
3 34 401 102 510 52106 0 0 0 standing 
3 40 401 105 510 52107 0 0 1 standing 
3 46 402 108 511 52108 0 0 1 standing 
3 52 403 112 512 52109 0 0 0 standing 
3 55 402 116 511 52110 0 0 1 standing 
3 58 401 121 510 52111 0 0 1 standing 
3 61 400 126 510 52112 0 0 0 standing 
3 67 400 131 510 52113 0 0 1 standing 
3 73 400 136 510 52114 0 0 1 standing 
3 80 400 141 511 52115 0 0 0 standing 
3 86 401 148 512 52116 0 0 1 standing 
3 92 403 156 513 52117 0 0 1 standing 
3 98 405 164 515 52118 0 0 0 standing 
3 101 407 167 514 52119 0 0 1 standing 
4 203 343 264 447 52100 0 0 0 standing 
4 206 343 267 448 52101 0 0 1 standing 
4 210 344 271 449 52102 0 0 1 standing 
4 214 345 275 451 52103 0 0 0 standing 
4 217 346 278 452 52104 0 0 1 standing 
4 221 347 282 453 52105 0 0 1 standing 
4 225 349 286 455 52106 0 0 0 standing 
4 230 348 290 455 52107 0 0 1 standing 
4 235 347 294 456 52108 0 0 1 standing 
4 240 347 299 457 52109 0 0 0 standing 
4 246 346 299 455 52110 0 0 1 standing 
4 252 345 299 453 52111 0 0 1 standing 
4 259 345 300 452 52112 0 0 0 standing 
4 265 348 305 453 52113 0 0 1 standing 
4 271 351 311 454 52114 0 0 1 standing 
4 277 355 317 456 52115 0 0 0 standing 
4 283 355 327 456 52116 0 0 1 standing 
4 290 356 337 456 52117 0 0 1 standing 
4 297 357 347 457 52118 0 0 0 standing 
4 302 358 355 458 52119 0 0 1 standing 
5 133 460 243 600 52100 0 0 0 standing 
5 137 458 235 598 52101 0 0 1 standing 
5 141 456 227 596 52102 0 0 1 standing 
5 146 455 219 594 52103 0 0 0 standing 
5 147 453 217 592 52104 0 0 1 standing 
5 148 451 215 591 52105 0 0 1 standing 
5 149 450 214 590 52106 0 0 0 standing 
5 149 450 215 589 52107 0 0 1 standing 
5 149 450 216 589 52108 0 0 1 standing 
5 149 450 218 589 52109 0 0 0 standing 
5 140 451 219 590 52110 0 0 1 standing 
5 131 453 220 591 52111 0 0 1 standing 
5 123 455 221 593 52112 0 0 0 standing 
5 124 458 228 594 52113 0 0 1 standing 
5 125 461 235 595 52114 0 0 1 standing 
5 126 465 243 596 52115 0 0 0 standing 
5 136 461 256 595 52116 0 0 1 standing 
5 146 457 269 595 52117 0 0 1 standing 
5 156 453 282 595 52118 0 0 0 standing 
5 171 448 285 589 52119 0 0 1 standing 
6 470 367 542 468 52100 0 0 0 standing 
6 471 368 543 475 52101 0 0 1 standing 
6 472 369 544 482 52102 0 0 1 standing 
6 473 371 546 490 52103 0 0 0 standing 
6 466 373 542 490 52104 0 0 1 standing 
6 460 375 538 490 52105 0 0 1 standing 
6 454 377 535 490 52106 0 0 0 standing 
6 457 378 537 493 52107 0 0 1 standing 
6 460 379 540 496 52108 0 0 1 standing 
6 464 380 543 499 52109 0 0 0 standing 
6 469 381 547 499 52110 0 0 1 standing 
6 474 382 552 500 52111 0 0 1 standing 
6 479 383 557 501 52112 0 0 0 standing 
6 479 385 560 501 52113 0 0 1 standing 
6 479 388 564 501 52114 0 0 1 standing 
6 479 391 568 501 52115 0 0 0 standing 
6 483 391 572 504 52116 0 0 1 standing 
6 487 392 576 507 52117 0 0 1 standing 
6 491 393 581 510 52118 0 0 1 standing 
6 495 394 585 513 52119 0 0 1 standing 
7 632 375 707 505 52100 0 0 0 standing 
7 635 377 708 504 52101 0 0 1 standing 
7 638 380 709 503 52102 0 0 1 standing 
7 642 383 711 503 52103 0 0 0 standing 
7 644 386 710 502 52104 0 0 1 standing 
7 647 389 709 502 52105 0 0 1 standing 
7 650 392 708 502 52106 0 0 0 standing 
7 654 393 712 502 52107 0 0 1 standing 
7 659 395 717 502 52108 0 0 1 standing 
7 664 397 722 503 52109 0 0 0 standing 
7 669 397 727 503 52110 0 0 1 standing 
7 674 397 732 503 52111 0 0 1 standing 
7 680 398 738 504 52112 0 0 0 standing 
7 686 397 744 504 52113 0 0 1 standing 
7 693 396 750 505 52114 0 0 1 standing 
7 700 396 757 506 52115 0 0 0 standing 
7 705 394 762 505 52116 0 0 1 standing 
7 710 392 767 504 52117 0 0 1 standing 
7 716 391 772 503 52118 0 0 0 standing 
7 717 392 773 503 52119 0 0 1 standing 
8 687 317 734 417 52100 0 0 0 standing 
8 686 318 733 418 52101 0 0 1 standing 
8 685 320 732 420 52102 0 0 1 standing 
8 685 322 732 422 52103 0 0 0 standing 
8 686 322 733 422 52104 0 0 1 standing 
8 687 322 734 422 52105 0 0 1 standing 
8 689 322 736 422 52106 0 0 0 standing 
8 690 324 737 427 52107 0 0 1 standing 
8 692 326 739 433 52108 0 0 1 standing 
8 694 328 741 439 52109 0 0 0 standing 
8 690 330 744 443 52110 0 0 1 standing 
8 687 332 747 447 52111 0 0 1 standing 
8 684 335 751 452 52112 0 0 0 standing 
8 698 336 756 451 52113 0 0 1 standing 
8 712 337 762 451 52114 0 0 1 standing 
8 727 338 768 451 52115 0 0 0 standing 
8 732 339 773 451 52116 0 0 1 standing 
8 737 340 778 451 52117 0 0 1 standing 
8 742 341 783 451 52118 0 0 0 standing 
8 744 341 785 450 52119 0 0 1 standing 
9 699 434 749 555 52100 0 0 0 standing 
9 689 435 746 553 52101 0 0 1 waiting 
9 680 436 743 552 52102 0 0 1 waiting 
9 671 438 740 551 52103 0 0 0 waiting 
9 672 442 740 551 52104 0 0 1 waiting 
9 673 446 741 551 52105 0 0 1 waiting 
9 674 451 742 551 52106 0 0 0 waiting 
9 677 452 745 550 52107 0 0 1 waiting 
9 680 453 748 549 52108 0 0 1 waiting 
9 684 455 752 548 52109 0 0 0 waiting 
9 690 453 756 547 52110 0 0 1 waiting 
9 697 451 760 547 52111 0 0 1 waiting 
9 704 450 765 547 52112 0 0 0 waiting 
9 711 452 772 550 52113 0 0 1 waiting 
9 718 455 779 553 52114 0 0 1 waiting 
9 726 458 787 556 52115 0 0 0 waiting 
9 729 452 802 554 52116 0 0 1 waiting 
9 733 446 818 552 52117 0 0 1 waiting 
9 737 440 834 551 52118 0 0 0 waiting 
9 748 438 829 552 52119 0 0 1 waiting 
10 757 391 807 517 52100 0 0 0 waiting 
10 755 392 804 515 52101 0 0 1 standing 
10 753 393 802 514 52102 0 0 1 standing 
10 751 395 800 513 52103 0 0 0 standing 
10 747 395 799 512 52104 0 0 1 standing 
10 744 395 798 512 52105 0 0 1 standing 
10 741 395 798 512 52106 0 0 0 standing 
10 744 393 812 511 52107 0 0 1 standing 
10 748 391 826 511 52108 0 0 1 standing 
10 752 390 841 511 52109 0 0 0 standing 
10 756 388 841 511 52110 0 0 1 standing 
10 761 386 841 511 52111 0 0 1 standing 
10 766 385 842 512 52112 0 0 0 standing 
10 773 386 842 516 52113 0 0 1 standing 
10 780 388 842 520 52114 0 0 1 standing 
10 787 390 842 525 52115 0 0 0 standing 
10 793 391 846 527 52116 0 0 1 standing 
10 799 393 850 529 52117 0 0 1 standing 
10 805 395 854 531 52118 0 0 0 standing 
10 809 397 858 531 52119 0 0 1 standing 
11 996 370 1054 493 52100 0 0 0 standing 
11 994 371 1049 494 52101 0 0 1 moving 
11 992 373 1044 495 52102 0 0 1 moving 
11 990 375 1040 497 52103 0 0 0 moving 
11 986 376 1038 497 52104 0 0 1 moving 
11 982 378 1036 498 52105 0 0 1 moving 
11 979 380 1034 499 52106 0 0 0 moving 
11 977 383 1034 505 52107 0 0 1 moving 
11 976 386 1035 511 52108 0 0 1 moving 
11 975 390 1036 518 52109 0 0 0 moving 
11 978 389 1036 518 52110 0 0 1 moving 
11 981 388 1036 518 52111 0 0 1 moving 
11 985 388 1037 519 52112 0 0 0 moving 
11 987 389 1041 520 52113 0 0 1 moving 
11 989 390 1045 522 52114 0 0 1 moving 
11 991 392 1049 524 52115 0 0 0 moving 
11 988 394 1053 528 52116 0 0 1 moving 
11 985 397 1057 533 52117 0 0 1 moving 
11 982 400 1061 538 52118 0 0 0 moving 
11 987 401 1060 537 52119 0 0 1 moving 
