0 442 466 501 616 43615 0 1 0 setting 
0 435 463 493 616 43616 0 1 1 setting 
0 428 460 486 616 43617 0 1 1 setting 
0 421 457 479 616 43618 0 1 1 setting 
0 415 454 472 617 43619 0 1 0 setting 
0 410 443 467 611 43620 0 1 1 setting 
0 406 432 463 605 43621 0 1 1 setting 
0 402 421 459 600 43622 0 1 0 setting 
0 394 422 451 597 43623 0 1 1 setting 
0 386 423 443 594 43624 0 1 1 setting 
0 378 425 436 592 43625 0 1 0 setting 
0 367 429 431 598 43626 0 1 1 setting 
0 356 434 427 604 43627 0 1 1 setting 
0 345 438 422 610 43628 0 1 1 setting 
0 335 443 418 617 43629 0 1 0 setting 
0 327 452 410 619 43630 0 1 1 setting 
0 319 461 402 621 43631 0 1 1 setting 
0 312 470 395 623 43632 0 1 0 setting 
0 298 470 383 620 43633 0 1 1 setting 
0 285 470 372 617 43634 0 1 1 setting 
1 411 344 466 450 43615 0 1 0 setting 
1 408 343 463 449 43616 0 1 1 moving 
1 405 343 460 448 43617 0 1 1 moving 
1 402 343 458 447 43618 0 1 1 moving 
1 399 343 455 446 43619 0 1 1 moving 
1 397 343 453 446 43620 0 1 1 moving 
1 394 343 450 445 43621 0 1 1 moving 
1 391 343 447 444 43622 0 1 1 moving 
1 388 343 445 443 43623 0 1 1 moving 
1 385 343 442 442 43624 0 1 1 moving 
1 383 343 440 442 43625 0 1 0 moving 
1 381 343 442 441 43626 0 1 1 moving 
1 380 343 445 441 43627 0 1 1 moving 
1 379 343 448 441 43628 0 1 1 moving 
1 377 343 450 441 43629 0 1 1 moving 
1 376 343 453 441 43630 0 1 1 moving 
1 375 343 456 441 43631 0 1 1 moving 
1 374 343 459 441 43632 0 1 0 moving 
1 384 342 458 440 43633 0 1 1 moving 
1 394 342 457 440 43634 0 1 1 moving 
2 143 375 204 473 43615 0 0 0 moving 
2 147 373 205 472 43616 0 0 1 moving 
2 151 372 207 471 43617 0 0 1 moving 
2 155 371 209 470 43618 0 0 1 moving 
2 159 370 211 470 43619 0 0 0 moving 
2 159 368 213 469 43620 0 0 1 moving 
2 160 367 216 469 43621 0 0 1 moving 
2 161 366 218 469 43622 0 0 1 moving 
2 161 365 221 469 43623 0 0 1 moving 
2 162 364 223 469 43624 0 0 1 moving 
2 163 363 226 469 43625 0 0 0 moving 
2 166 362 228 468 43626 0 0 1 moving 
2 170 361 230 467 43627 0 0 1 moving 
2 174 360 232 466 43628 0 0 1 moving 
2 177 359 235 465 43629 0 0 1 moving 
2 181 359 237 464 43630 0 0 1 moving 
2 185 358 239 463 43631 0 0 1 moving 
2 188 357 242 462 43632 0 0 1 moving 
2 192 356 244 461 43633 0 0 1 moving 
2 196 355 246 460 43634 0 0 1 moving 
3 193 529 298 671 43615 0 1 0 moving 
3 194 528 299 670 43616 0 1 1 moving 
3 195 527 301 669 43617 0 1 1 moving 
3 196 526 303 668 43618 0 1 1 moving 
3 197 525 305 668 43619 0 1 0 moving 
3 204 524 307 667 43620 0 1 1 moving 
3 211 523 310 667 43621 0 1 1 moving 
3 219 522 312 667 43622 0 1 1 moving 
3 226 521 315 666 43623 0 1 1 moving 
3 233 520 317 666 43624 0 1 1 moving 
3 241 520 320 666 43625 0 1 0 moving 
3 237 519 324 664 43626 0 1 1 moving 
3 234 518 328 663 43627 0 1 1 moving 
3 230 517 332 662 43628 0 1 1 moving 
3 227 517 337 661 43629 0 1 0 moving 
3 229 517 341 661 43630 0 1 1 moving 
3 232 517 345 661 43631 0 1 1 moving 
3 235 517 349 661 43632 0 1 0 moving 
3 248 517 353 661 43633 0 1 1 moving 
3 261 517 358 661 43634 0 1 1 moving 
4 491 410 551 554 43615 0 0 0 moving 
4 489 410 549 554 43616 0 0 1 standing 
4 487 410 547 555 43617 0 0 1 standing 
4 485 410 545 556 43618 0 0 1 standing 
4 484 411 543 557 43619 0 0 0 standing 
4 484 409 543 556 43620 0 0 1 standing 
4 484 408 543 556 43621 0 0 1 standing 
4 484 407 543 555 43622 0 0 1 standing 
4 484 406 543 555 43623 0 0 1 standing 
4 484 405 543 554 43624 0 0 1 standing 
4 484 404 543 554 43625 0 0 0 standing 
4 481 404 540 554 43626 0 0 1 standing 
4 479 404 538 554 43627 0 0 1 standing 
4 477 404 536 554 43628 0 0 1 standing 
4 475 404 534 554 43629 0 0 0 standing 
4 478 402 535 552 43630 0 0 1 standing 
4 481 401 536 550 43631 0 0 1 standing 
4 484 400 538 549 43632 0 0 0 standing 
4 484 398 539 548 43633 0 0 1 standing 
4 484 397 541 547 43634 0 0 1 standing 
5 332 351 397 462 43615 0 0 0 standing 
5 330 350 395 462 43616 0 0 1 moving 
5 329 350 393 463 43617 0 0 1 moving 
5 327 350 391 463 43618 0 0 1 moving 
5 326 350 389 464 43619 0 0 1 moving 
5 325 350 387 465 43620 0 0 1 moving 
5 323 350 385 465 43621 0 0 1 moving 
5 322 350 383 466 43622 0 0 1 moving 
5 320 350 381 466 43623 0 0 1 moving 
5 319 350 379 467 43624 0 0 1 moving 
5 318 350 377 468 43625 0 0 0 moving 
5 316 350 376 467 43626 0 0 1 moving 
5 315 350 375 466 43627 0 0 1 moving 
5 314 350 374 466 43628 0 0 1 moving 
5 312 350 373 465 43629 0 0 1 moving 
5 311 350 372 465 43630 0 0 1 moving 
5 310 350 371 464 43631 0 0 1 moving 
5 308 350 370 463 43632 0 0 1 moving 
5 307 350 369 463 43633 0 0 1 moving 
5 306 350 368 462 43634 0 0 1 moving 
6 759 463 824 594 43615 0 0 0 moving 
6 756 463 821 593 43616 0 0 1 standing 
6 754 463 819 593 43617 0 0 1 standing 
6 752 463 817 593 43618 0 0 1 standing 
6 750 464 815 592 43619 0 0 1 standing 
6 748 464 813 592 43620 0 0 1 standing 
6 746 464 810 592 43621 0 0 1 standing 
6 744 465 808 591 43622 0 0 1 standing 
6 742 465 806 591 43623 0 0 1 standing 
6 740 465 804 591 43624 0 0 1 standing 
6 738 466 802 591 43625 0 0 0 standing 
6 733 464 799 589 43626 0 0 1 standing 
6 729 463 797 587 43627 0 0 1 standing 
6 725 461 795 585 43628 0 0 1 standing 
6 721 460 793 584 43629 0 0 0 standing 
6 729 457 800 581 43630 0 0 1 standing 
6 737 454 807 578 43631 0 0 1 standing 
6 746 452 814 575 43632 0 0 0 standing 
6 750 451 819 575 43633 0 0 1 standing 
6 754 451 824 575 43634 0 0 1 standing 
7 1084 504 1153 632 43615 0 0 0 standing 
7 1085 503 1154 631 43616 0 0 1 standing 
7 1086 503 1156 630 43617 0 0 1 standing 
7 1087 503 1158 629 43618 0 0 1 standing 
7 1088 502 1159 628 43619 0 0 1 standing 
7 1089 502 1161 627 43620 0 0 1 standing 
7 1090 502 1163 626 43621 0 0 1 standing 
7 1091 501 1164 625 43622 0 0 1 standing 
7 1092 501 1166 624 43623 0 0 1 standing 
7 1093 501 1168 623 43624 0 0 1 standing 
7 1095 501 1170 622 43625 0 0 0 standing 
7 1094 499 1167 620 43626 0 0 1 standing 
7 1093 497 1165 619 43627 0 0 1 standing 
7 1092 496 1162 618 43628 0 0 1 standing 
7 1091 494 1160 617 43629 0 0 1 standing 
7 1090 493 1157 616 43630 0 0 1 standing 
7 1089 491 1155 615 43631 0 0 1 standing 
7 1089 490 1153 614 43632 0 0 0 standing 
7 1087 485 1149 609 43633 0 0 1 standing 
7 1085 481 1146 605 43634 0 0 1 standing 
8 1004 391 1077 499 43615 0 0 0 standing 
8 1000 391 1072 498 43616 0 0 1 standing 
8 996 392 1068 497 43617 0 0 1 standing 
8 992 393 1064 496 43618 0 0 1 standing 
8 988 394 1060 495 43619 0 0 0 standing 
8 983 394 1055 494 43620 0 0 1 standing 
8 979 394 1050 493 43621 0 0 1 standing 
8 975 395 1046 493 43622 0 0 0 standing 
8 971 392 1042 493 43623 0 0 1 standing 
8 967 389 1038 493 43624 0 0 1 standing 
8 963 387 1035 493 43625 0 0 0 standing 
8 966 385 1035 491 43626 0 0 1 standing 
8 969 383 1036 489 43627 0 0 1 standing 
8 972 381 1037 487 43628 0 0 1 standing 
8 975 380 1037 485 43629 0 0 1 standing 
8 978 378 1038 483 43630 0 0 1 standing 
8 981 376 1039 481 43631 0 0 1 standing 
8 985 375 1040 479 43632 0 0 0 standing 
8 982 372 1041 477 43633 0 0 1 standing 
8 980 370 1042 475 43634 0 0 1 standing 
9 743 413 797 546 43615 0 0 0 standing 
9 739 412 793 545 43616 0 0 1 standing 
9 736 412 789 545 43617 0 0 1 standing 
9 733 412 785 544 43618 0 0 1 standing 
9 730 411 781 544 43619 0 0 1 standing 
9 727 411 777 544 43620 0 0 1 standing 
9 724 411 773 543 43621 0 0 1 standing 
9 721 410 769 543 43622 0 0 1 standing 
9 718 410 765 542 43623 0 0 1 standing 
9 715 410 761 542 43624 0 0 1 standing 
9 712 410 757 542 43625 0 0 0 standing 
9 708 408 753 540 43626 0 0 1 standing 
9 704 406 749 538 43627 0 0 1 standing 
9 700 404 745 536 43628 0 0 1 standing 
9 697 402 742 534 43629 0 0 1 standing 
9 693 400 738 532 43630 0 0 1 standing 
9 689 398 734 530 43631 0 0 1 standing 
9 686 396 731 528 43632 0 0 1 standing 
9 682 394 727 526 43633 0 0 1 standing 
9 678 392 723 524 43634 0 0 1 standing 
10 759 391 802 492 43615 0 0 0 standing 
10 755 390 798 491 43616 0 0 1 standing 
10 752 390 795 491 43617 0 0 1 standing 
10 749 389 792 490 43618 0 0 1 standing 
10 745 389 788 490 43619 0 0 1 standing 
10 742 389 785 490 43620 0 0 1 standing 
10 739 388 782 489 43621 0 0 1 standing 
10 735 388 778 489 43622 0 0 1 standing 
10 732 387 775 488 43623 0 0 1 standing 
10 729 387 772 488 43624 0 0 1 standing 
10 726 387 769 488 43625 0 0 0 standing 
10 721 385 764 486 43626 0 0 1 standing 
10 717 384 760 485 43627 0 0 1 standing 
10 713 382 756 483 43628 0 0 1 standing 
10 709 381 752 482 43629 0 0 1 standing 
10 705 380 748 481 43630 0 0 1 standing 
10 700 378 743 479 43631 0 0 1 standing 
10 696 377 739 478 43632 0 0 1 standing 
10 692 375 735 476 43633 0 0 1 standing 
10 688 374 731 475 43634 0 0 1 standing 
11 1228 436 1279 555 43615 0 0 0 standing 
11 1224 436 1278 554 43616 0 0 1 waiting 
11 1220 436 1278 554 43617 0 0 1 waiting 
11 1216 436 1277 553 43618 0 0 1 waiting 
11 1212 436 1277 553 43619 0 0 0 waiting 
11 1207 435 1272 552 43620 0 0 1 waiting 
11 1203 434 1267 551 43621 0 0 1 waiting 
11 1198 433 1262 550 43622 0 0 1 waiting 
11 1194 432 1257 549 43623 0 0 1 waiting 
11 1189 431 1252 548 43624 0 0 1 waiting 
11 1185 430 1248 548 43625 0 0 0 waiting 
11 1180 428 1243 546 43626 0 0 1 waiting 
11 1176 426 1239 544 43627 0 0 1 waiting 
11 1172 424 1235 542 43628 0 0 1 waiting 
11 1168 422 1231 540 43629 0 0 1 waiting 
11 1164 420 1227 538 43630 0 0 1 waiting 
11 1160 418 1223 536 43631 0 0 1 waiting 
11 1156 416 1219 534 43632 0 0 1 waiting 
11 1152 414 1215 532 43633 0 0 1 waiting 
11 1148 412 1211 530 43634 0 0 1 waiting 
