0 162 437 207 581 43665 0 0 0 standing 
0 161 436 206 580 43666 0 0 1 standing 
0 160 435 205 579 43667 0 0 1 standing 
0 159 434 204 578 43668 0 0 1 standing 
0 158 433 203 577 43669 0 0 1 standing 
0 157 432 202 576 43670 0 0 1 standing 
0 156 431 201 575 43671 0 0 1 standing 
0 155 430 200 574 43672 0 0 1 standing 
0 154 429 199 573 43673 0 0 1 standing 
0 153 428 198 572 43674 0 0 1 standing 
0 153 427 198 572 43675 0 0 0 standing 
0 151 426 196 571 43676 0 0 1 standing 
0 149 426 194 571 43677 0 0 1 standing 
0 147 426 193 571 43678 0 0 1 standing 
0 146 426 191 571 43679 0 0 1 standing 
0 144 426 190 571 43680 0 0 1 standing 
0 142 426 188 571 43681 0 0 1 standing 
0 141 426 186 571 43682 0 0 1 standing 
0 139 426 185 571 43683 0 0 1 standing 
0 137 426 183 571 43684 0 0 1 standing 
1 181 372 223 495 43665 0 0 0 standing 
1 176 373 218 494 43666 0 0 1 standing 
1 171 375 214 494 43667 0 0 1 standing 
1 167 376 209 493 43668 0 0 1 standing 
1 162 378 205 493 43669 0 0 1 standing 
1 157 379 200 492 43670 0 0 1 standing 
1 153 381 196 492 43671 0 0 0 standing 
1 148 379 191 493 43672 0 0 1 standing 
1 144 377 187 495 43673 0 0 1 standing 
1 140 375 182 496 43674 0 0 1 standing 
1 136 374 178 498 43675 0 0 0 standing 
1 130 373 173 497 43676 0 0 1 standing 
1 125 373 169 497 43677 0 0 1 standing 
1 120 373 164 497 43678 0 0 1 standing 
1 115 373 160 496 43679 0 0 1 standing 
1 110 373 155 496 43680 0 0 1 standing 
1 105 373 151 496 43681 0 0 0 standing 
1 104 372 150 497 43682 0 0 1 standing 
1 103 372 150 499 43683 0 0 1 standing 
1 102 372 150 500 43684 0 0 1 standing 
2 322 377 379 503 43665 0 0 0 standing 
2 317 374 374 503 43666 0 0 1 standing 
2 312 372 370 503 43667 0 0 1 standing 
2 308 370 366 504 43668 0 0 0 standing 
2 303 370 361 505 43669 0 0 1 standing 
2 298 371 357 506 43670 0 0 1 standing 
2 294 371 352 507 43671 0 0 1 standing 
2 289 372 348 508 43672 0 0 1 standing 
2 285 372 343 509 43673 0 0 1 standing 
2 280 373 339 510 43674 0 0 1 standing 
2 276 373 334 511 43675 0 0 1 standing 
2 271 374 330 512 43676 0 0 1 standing 
2 267 375 326 514 43677 0 0 0 standing 
2 261 375 319 514 43678 0 0 1 standing 
2 255 376 313 514 43679 0 0 1 standing 
2 250 376 306 514 43680 0 0 1 standing 
2 244 377 300 514 43681 0 0 1 standing 
2 238 378 293 514 43682 0 0 1 standing 
2 233 378 287 514 43683 0 0 1 standing 
2 227 379 280 514 43684 0 0 1 standing 
3 390 456 444 585 43665 0 0 0 standing 
3 388 454 444 585 43666 0 0 1 standing 
3 386 453 445 586 43667 0 0 1 standing 
3 384 452 446 587 43668 0 0 0 standing 
3 382 451 442 586 43669 0 0 1 standing 
3 380 450 439 586 43670 0 0 1 standing 
3 378 449 436 585 43671 0 0 1 standing 
3 376 448 432 585 43672 0 0 1 standing 
3 374 447 429 584 43673 0 0 1 standing 
3 372 446 426 584 43674 0 0 1 standing 
3 370 445 422 583 43675 0 0 1 standing 
3 368 444 419 583 43676 0 0 1 standing 
3 366 443 416 583 43677 0 0 0 standing 
3 360 442 412 583 43678 0 0 1 standing 
3 354 441 408 583 43679 0 0 1 standing 
3 349 441 404 583 43680 0 0 0 standing 
3 348 441 402 585 43681 0 0 1 standing 
3 348 441 400 587 43682 0 0 1 standing 
3 348 442 398 589 43683 0 0 1 standing 
3 348 442 396 591 43684 0 0 1 standing 
4 425 405 500 529 43665 0 0 0 standing 
4 420 404 495 528 43666 0 0 1 standing 
4 415 403 490 527 43667 0 0 1 standing 
4 410 403 485 526 43668 0 0 0 standing 
4 407 402 480 525 43669 0 0 1 standing 
4 405 402 475 524 43670 0 0 1 standing 
4 403 402 471 523 43671 0 0 1 standing 
4 400 401 466 522 43672 0 0 1 standing 
4 398 401 462 521 43673 0 0 1 standing 
4 396 401 457 520 43674 0 0 1 standing 
4 394 401 453 520 43675 0 0 0 standing 
4 392 399 450 520 43676 0 0 1 standing 
4 391 398 447 521 43677 0 0 1 standing 
4 389 397 445 522 43678 0 0 1 standing 
4 388 396 442 523 43679 0 0 1 standing 
4 387 395 440 524 43680 0 0 1 standing 
4 385 393 437 524 43681 0 0 1 standing 
4 384 392 434 525 43682 0 0 1 standing 
4 382 391 432 526 43683 0 0 1 standing 
4 381 390 429 527 43684 0 0 1 standing 
5 431 321 477 458 43665 0 0 0 standing 
5 429 329 474 459 43666 0 0 1 standing 
5 427 337 472 460 43667 0 0 1 standing 
5 426 345 470 461 43668 0 0 0 standing 
5 423 347 467 464 43669 0 0 1 standing 
5 420 349 464 467 43670 0 0 1 standing 
5 417 351 462 470 43671 0 0 1 standing 
5 414 354 459 474 43672 0 0 1 standing 
5 411 356 457 477 43673 0 0 1 standing 
5 408 358 454 480 43674 0 0 1 standing 
5 406 361 452 484 43675 0 0 0 standing 
5 405 361 451 484 43676 0 0 1 standing 
5 404 361 450 484 43677 0 0 1 standing 
5 403 361 449 484 43678 0 0 1 standing 
5 402 361 448 484 43679 0 0 1 standing 
5 402 361 448 484 43680 0 0 1 standing 
5 401 361 447 484 43681 0 0 1 standing 
5 400 361 446 484 43682 0 0 1 standing 
5 399 361 445 484 43683 0 0 1 standing 
5 398 361 444 484 43684 0 0 1 standing 
6 528 315 575 467 43665 0 0 0 standing 
6 524 320 570 470 43666 0 0 1 standing 
6 520 325 566 473 43667 0 0 1 standing 
6 516 330 562 476 43668 0 0 1 standing 
6 512 336 558 479 43669 0 0 1 standing 
6 508 341 554 483 43670 0 0 1 standing 
6 504 346 550 486 43671 0 0 1 standing 
6 500 352 546 489 43672 0 0 1 standing 
6 496 357 542 492 43673 0 0 1 standing 
6 492 362 538 495 43674 0 0 1 standing 
6 488 368 534 499 43675 0 0 0 standing 
6 486 369 532 500 43676 0 0 1 standing 
6 484 370 530 502 43677 0 0 1 standing 
6 483 372 529 503 43678 0 0 1 standing 
6 481 373 527 505 43679 0 0 1 standing 
6 480 375 526 506 43680 0 0 1 standing 
6 478 376 524 508 43681 0 0 1 standing 
6 476 377 522 509 43682 0 0 1 standing 
6 475 379 521 511 43683 0 0 1 standing 
6 473 380 519 512 43684 0 0 1 standing 
7 525 300 576 451 43665 0 0 0 standing 
7 521 305 570 454 43666 0 0 1 standing 
7 517 310 565 457 43667 0 0 1 standing 
7 513 315 560 460 43668 0 0 1 standing 
7 509 321 555 464 43669 0 0 1 standing 
7 505 326 550 467 43670 0 0 1 standing 
7 501 331 545 470 43671 0 0 1 standing 
7 497 337 540 474 43672 0 0 1 standing 
7 493 342 535 477 43673 0 0 1 standing 
7 489 347 530 480 43674 0 0 1 standing 
7 486 353 525 484 43675 0 0 0 standing 
7 485 353 526 484 43676 0 0 1 standing 
7 485 354 528 485 43677 0 0 1 standing 
7 484 355 530 486 43678 0 0 1 standing 
7 484 355 532 486 43679 0 0 1 standing 
7 483 356 534 487 43680 0 0 1 standing 
7 483 357 536 488 43681 0 0 1 standing 
7 482 357 538 488 43682 0 0 1 standing 
7 482 358 540 489 43683 0 0 1 standing 
7 481 359 542 490 43684 0 0 1 standing 
8 843 452 913 585 43665 0 0 0 standing 
8 836 452 909 581 43666 0 0 1 standing 
8 830 452 905 578 43667 0 0 1 standing 
8 824 452 902 575 43668 0 0 0 standing 
8 816 455 896 575 43669 0 0 1 standing 
8 809 458 891 576 43670 0 0 1 standing 
8 802 461 886 577 43671 0 0 0 standing 
8 799 460 884 581 43672 0 0 1 standing 
8 796 459 882 585 43673 0 0 1 standing 
8 793 459 880 590 43674 0 0 0 standing 
8 796 460 880 593 43675 0 0 1 standing 
8 799 461 880 596 43676 0 0 1 standing 
8 802 462 880 600 43677 0 0 0 standing 
8 804 462 884 602 43678 0 0 1 standing 
8 807 463 888 605 43679 0 0 1 standing 
8 809 464 892 607 43680 0 0 1 standing 
8 812 465 896 610 43681 0 0 1 standing 
8 814 465 900 612 43682 0 0 1 standing 
8 817 466 904 615 43683 0 0 1 standing 
8 819 467 908 617 43684 0 0 1 standing 
9 911 367 966 464 43665 0 1 0 standing 
9 905 368 960 463 43666 0 1 1 falling 
9 899 369 955 463 43667 0 1 1 falling 
9 893 370 950 463 43668 0 1 1 falling 
9 888 371 945 463 43669 0 1 1 falling 
9 882 372 940 463 43670 0 1 1 falling 
9 876 373 935 463 43671 0 1 1 falling 
9 870 374 929 463 43672 0 1 1 falling 
9 865 375 924 463 43673 0 1 1 falling 
9 859 376 919 463 43674 0 1 1 falling 
9 853 377 914 463 43675 0 1 1 falling 
9 847 378 909 463 43676 0 1 1 falling 
9 842 380 904 463 43677 0 1 0 falling 
9 834 384 901 468 43678 0 1 1 falling 
9 826 388 899 473 43679 0 1 1 falling 
9 818 392 897 478 43680 0 1 0 falling 
9 816 393 890 480 43681 0 1 1 falling 
9 815 395 884 483 43682 0 1 1 falling 
9 814 397 877 486 43683 0 1 1 falling 
9 813 399 871 489 43684 0 1 1 falling 
10 1007 446 1055 559 43665 0 0 0 falling 
10 1002 445 1053 558 43666 0 0 1 standing 
10 998 445 1051 557 43667 0 0 1 standing 
10 994 445 1050 557 43668 0 0 1 standing 
10 990 444 1048 556 43669 0 0 1 standing 
10 986 444 1047 556 43670 0 0 1 standing 
10 982 444 1045 555 43671 0 0 1 standing 
10 978 443 1044 555 43672 0 0 1 standing 
10 974 443 1042 554 43673 0 0 1 standing 
10 970 443 1041 554 43674 0 0 0 standing 
10 964 441 1034 553 43675 0 0 1 standing 
10 959 440 1028 552 43676 0 0 1 standing 
10 954 439 1021 552 43677 0 0 1 standing 
10 949 438 1015 551 43678 0 0 1 standing 
10 944 437 1008 550 43679 0 0 1 standing 
10 939 436 1002 550 43680 0 0 0 standing 
10 933 438 1001 551 43681 0 0 1 standing 
10 927 440 1001 552 43682 0 0 1 standing 
10 921 442 1000 553 43683 0 0 1 standing 
10 915 444 1000 554 43684 0 0 1 standing 
11 1019 401 1080 509 43665 0 1 0 standing 
11 1012 399 1078 510 43666 0 1 1 digging 
11 1005 398 1076 511 43667 0 1 1 digging 
11 999 397 1074 513 43668 0 1 0 digging 
11 991 395 1066 510 43669 0 1 1 digging 
11 984 393 1058 507 43670 0 1 1 digging 
11 977 391 1051 504 43671 0 1 1 digging 
11 970 389 1043 501 43672 0 1 1 digging 
11 963 387 1036 498 43673 0 1 1 digging 
11 956 385 1028 495 43674 0 1 1 digging 
11 949 384 1021 493 43675 0 1 0 digging 
11 944 382 1016 490 43676 0 1 1 digging 
11 940 380 1012 488 43677 0 1 1 digging 
11 936 379 1007 486 43678 0 1 1 digging 
11 932 377 1003 484 43679 0 1 1 digging 
11 928 376 999 482 43680 0 1 0 digging 
11 929 375 998 484 43681 0 1 1 digging 
11 930 375 998 486 43682 0 1 1 digging 
11 932 375 998 488 43683 0 1 1 digging 
11 933 375 998 490 43684 0 1 1 digging 
