0 954 349 1021 481 56900 0 0 0 standing 
0 962 348 1029 480 56901 0 0 1 standing 
0 971 347 1038 479 56902 0 0 1 standing 
0 979 346 1046 478 56903 0 0 1 standing 
0 988 345 1055 477 56904 0 0 1 standing 
0 997 345 1064 477 56905 0 0 0 standing 
0 1000 345 1067 477 56906 0 0 1 standing 
0 1003 345 1070 477 56907 0 0 1 standing 
0 1007 346 1074 478 56908 0 0 0 standing 
0 1004 346 1070 479 56909 0 0 1 standing 
0 1002 346 1066 480 56910 0 0 1 standing 
0 1000 346 1062 482 56911 0 0 1 standing 
0 997 346 1058 483 56912 0 0 1 standing 
0 995 347 1054 484 56913 0 0 1 standing 
0 993 347 1050 486 56914 0 0 1 standing 
0 990 347 1046 487 56915 0 0 1 standing 
0 988 347 1042 488 56916 0 0 1 standing 
0 986 348 1039 490 56917 0 0 0 standing 
0 983 348 1036 490 56918 0 0 1 standing 
0 980 348 1033 490 56919 0 0 1 standing 
1 888 375 952 505 56900 0 0 0 standing 
1 899 374 965 504 56901 0 0 1 standing 
1 911 373 978 504 56902 0 0 1 standing 
1 922 373 991 503 56903 0 0 1 standing 
1 934 372 1004 503 56904 0 0 1 standing 
1 946 372 1018 503 56905 0 0 0 standing 
1 951 374 1023 504 56906 0 0 1 standing 
1 956 376 1028 506 56907 0 0 1 standing 
1 961 379 1034 508 56908 0 0 0 standing 
1 963 379 1033 509 56909 0 0 1 standing 
1 966 379 1033 511 56910 0 0 1 standing 
1 969 380 1033 512 56911 0 0 1 standing 
1 972 380 1033 514 56912 0 0 1 standing 
1 975 381 1033 516 56913 0 0 0 standing 
1 972 380 1028 513 56914 0 0 1 standing 
1 970 379 1023 511 56915 0 0 1 standing 
1 967 378 1018 508 56916 0 0 1 standing 
1 965 378 1013 506 56917 0 0 0 standing 
1 959 379 1007 507 56918 0 0 1 standing 
1 953 380 1001 508 56919 0 0 1 standing 
2 544 400 613 521 56900 0 0 0 standing 
2 550 399 624 518 56901 0 0 1 standing 
2 557 399 635 516 56902 0 0 1 standing 
2 564 398 646 513 56903 0 0 1 standing 
2 571 398 657 511 56904 0 0 1 standing 
2 578 398 668 509 56905 0 0 0 standing 
2 579 397 665 510 56906 0 0 1 standing 
2 581 396 662 511 56907 0 0 1 standing 
2 582 395 660 512 56908 0 0 1 standing 
2 584 394 657 513 56909 0 0 1 standing 
2 586 394 655 515 56910 0 0 0 standing 
2 583 394 652 515 56911 0 0 1 standing 
2 580 394 649 515 56912 0 0 1 standing 
2 577 394 646 515 56913 0 0 1 standing 
2 574 395 643 516 56914 0 0 1 standing 
2 571 395 640 516 56915 0 0 1 standing 
2 568 395 637 516 56916 0 0 1 standing 
2 566 396 635 517 56917 0 0 0 standing 
2 561 395 630 516 56918 0 0 1 standing 
2 557 395 626 516 56919 0 0 1 standing 
3 355 451 431 554 56900 0 0 0 standing 
3 366 447 440 553 56901 0 0 1 standing 
3 377 444 449 552 56902 0 0 1 standing 
3 389 440 459 551 56903 0 0 1 standing 
3 400 437 468 550 56904 0 0 1 standing 
3 412 434 478 550 56905 0 0 0 standing 
3 416 432 480 551 56906 0 0 1 standing 
3 420 430 482 552 56907 0 0 1 standing 
3 424 429 484 553 56908 0 0 1 standing 
3 428 427 486 554 56909 0 0 1 standing 
3 432 426 489 555 56910 0 0 0 standing 
3 429 426 486 555 56911 0 0 1 standing 
3 427 426 484 555 56912 0 0 1 standing 
3 425 426 482 555 56913 0 0 1 standing 
3 423 426 480 555 56914 0 0 1 standing 
3 421 426 478 555 56915 0 0 1 standing 
3 419 426 476 555 56916 0 0 0 standing 
3 416 428 473 557 56917 0 0 1 standing 
3 413 430 470 559 56918 0 0 1 standing 
3 410 433 467 562 56919 0 0 1 standing 
4 543 478 609 574 56900 0 1 0 standing 
4 553 478 622 574 56901 0 1 1 falling 
4 563 479 636 574 56902 0 1 1 falling 
4 574 479 650 575 56903 0 1 1 falling 
4 584 480 664 575 56904 0 1 1 falling 
4 595 481 678 576 56905 0 1 0 falling 
4 598 480 677 575 56906 0 1 1 falling 
4 601 479 677 575 56907 0 1 1 falling 
4 604 479 676 574 56908 0 1 1 falling 
4 607 478 676 574 56909 0 1 1 falling 
4 610 478 676 574 56910 0 1 0 falling 
4 608 477 672 574 56911 0 1 1 falling 
4 606 476 669 574 56912 0 1 1 falling 
4 604 476 665 574 56913 0 1 1 falling 
4 602 475 662 574 56914 0 1 1 falling 
4 601 475 659 574 56915 0 1 0 falling 
4 593 474 654 575 56916 0 1 1 falling 
4 586 474 649 576 56917 0 1 1 falling 
4 578 474 645 577 56918 0 1 1 falling 
4 571 473 640 578 56919 0 1 1 falling 
5 736 372 799 499 56900 0 0 0 falling 
5 747 371 810 498 56901 0 0 1 standing 
5 758 370 821 497 56902 0 0 1 standing 
5 769 369 832 496 56903 0 0 1 standing 
5 781 369 844 496 56904 0 0 0 standing 
5 781 369 844 496 56905 0 0 1 standing 
5 781 369 844 496 56906 0 0 1 standing 
5 781 369 844 496 56907 0 0 1 standing 
5 781 369 844 496 56908 0 0 1 standing 
5 781 369 844 496 56909 0 0 1 standing 
5 781 370 844 497 56910 0 0 0 standing 
5 777 368 842 495 56911 0 0 1 standing 
5 773 367 840 494 56912 0 0 1 standing 
5 769 366 838 492 56913 0 0 1 standing 
5 765 365 836 491 56914 0 0 1 standing 
5 761 364 834 490 56915 0 0 0 standing 
5 753 360 824 489 56916 0 0 1 standing 
5 746 356 814 488 56917 0 0 1 standing 
5 739 352 805 487 56918 0 0 0 standing 
5 735 353 798 488 56919 0 0 1 standing 
6 769 385 815 517 56900 0 0 0 standing 
6 779 384 825 516 56901 0 0 1 standing 
6 789 383 835 515 56902 0 0 1 standing 
6 799 382 845 514 56903 0 0 1 standing 
6 810 382 856 514 56904 0 0 0 standing 
6 811 380 857 512 56905 0 0 1 standing 
6 813 379 859 511 56906 0 0 1 standing 
6 815 377 861 509 56907 0 0 1 standing 
6 817 376 863 508 56908 0 0 1 standing 
6 819 374 865 506 56909 0 0 1 standing 
6 821 373 867 505 56910 0 0 0 standing 
6 815 373 863 504 56911 0 0 1 standing 
6 810 374 860 503 56912 0 0 1 standing 
6 804 374 857 502 56913 0 0 1 standing 
6 799 375 854 501 56914 0 0 1 standing 
6 793 376 851 500 56915 0 0 1 standing 
6 788 376 847 499 56916 0 0 1 standing 
6 782 377 844 498 56917 0 0 1 standing 
6 777 377 841 497 56918 0 0 1 standing 
6 771 378 838 496 56919 0 0 1 standing 
7 745 436 815 587 56900 0 1 0 standing 
7 751 440 823 587 56901 0 1 1 moving 
7 757 445 831 588 56902 0 1 1 moving 
7 763 450 840 589 56903 0 1 1 moving 
7 769 455 848 590 56904 0 1 1 moving 
7 775 460 857 591 56905 0 1 0 moving 
7 774 461 858 588 56906 0 1 1 moving 
7 773 463 860 586 56907 0 1 1 moving 
7 772 465 861 584 56908 0 1 1 moving 
7 771 467 863 582 56909 0 1 1 moving 
7 770 469 865 580 56910 0 1 0 moving 
7 763 472 853 580 56911 0 1 1 moving 
7 756 475 842 581 56912 0 1 1 moving 
7 750 478 831 582 56913 0 1 1 moving 
7 743 482 819 583 56914 0 1 1 moving 
7 737 485 808 584 56915 0 1 1 moving 
7 730 488 797 585 56916 0 1 1 moving 
7 724 492 786 586 56917 0 1 0 moving 
7 717 495 787 587 56918 0 1 1 moving 
7 711 499 788 589 56919 0 1 1 moving 
8 922 423 982 553 56900 0 0 0 moving 
8 930 420 988 553 56901 0 0 1 standing 
8 938 417 994 553 56902 0 0 1 standing 
8 946 414 1001 554 56903 0 0 1 standing 
8 954 411 1007 554 56904 0 0 1 standing 
8 963 409 1014 555 56905 0 0 0 standing 
8 967 410 1017 553 56906 0 0 1 standing 
8 972 412 1020 551 56907 0 0 1 standing 
8 977 413 1024 549 56908 0 0 1 standing 
8 982 415 1027 547 56909 0 0 1 standing 
8 987 417 1031 546 56910 0 0 0 standing 
8 983 416 1028 546 56911 0 0 1 standing 
8 979 416 1026 547 56912 0 0 1 standing 
8 975 415 1024 548 56913 0 0 1 standing 
8 971 415 1022 549 56914 0 0 1 standing 
8 967 414 1020 550 56915 0 0 1 standing 
8 963 414 1018 551 56916 0 0 1 standing 
8 959 413 1016 552 56917 0 0 1 standing 
8 955 413 1014 553 56918 0 0 1 standing 
8 951 412 1012 554 56919 0 0 1 standing 
9 864 483 939 644 56900 0 0 0 standing 
9 876 483 951 644 56901 0 0 1 moving 
9 888 484 963 645 56902 0 0 1 moving 
9 900 485 975 646 56903 0 0 0 moving 
9 902 484 977 645 56904 0 0 1 moving 
9 904 484 979 645 56905 0 0 1 moving 
9 906 484 981 645 56906 0 0 1 moving 
9 909 483 984 644 56907 0 0 1 moving 
9 911 483 986 644 56908 0 0 1 moving 
9 913 483 988 644 56909 0 0 1 moving 
9 916 483 991 644 56910 0 0 0 moving 
9 919 481 989 639 56911 0 0 1 moving 
9 922 479 987 634 56912 0 0 1 moving 
9 926 477 986 630 56913 0 0 1 moving 
9 929 475 984 625 56914 0 0 1 moving 
9 933 473 983 621 56915 0 0 0 moving 
9 930 472 985 618 56916 0 0 1 moving 
9 928 471 988 615 56917 0 0 1 moving 
9 926 471 990 613 56918 0 0 1 moving 
9 924 470 993 610 56919 0 0 1 moving 
10 842 400 893 523 56900 0 0 0 moving 
10 851 400 903 524 56901 0 0 1 standing 
10 860 401 913 526 56902 0 0 1 standing 
10 869 401 923 528 56903 0 0 1 standing 
10 878 402 933 530 56904 0 0 1 standing 
10 888 403 944 532 56905 0 0 0 standing 
10 890 402 947 532 56906 0 0 1 standing 
10 892 401 950 532 56907 0 0 1 standing 
10 895 401 954 533 56908 0 0 0 standing 
10 894 401 953 535 56909 0 0 1 standing 
10 894 401 952 537 56910 0 0 1 standing 
10 894 402 952 540 56911 0 0 0 standing 
10 891 404 949 542 56912 0 0 1 standing 
10 888 406 946 545 56913 0 0 1 standing 
10 885 408 944 548 56914 0 0 1 standing 
10 882 410 941 551 56915 0 0 1 standing 
10 879 412 938 553 56916 0 0 1 standing 
10 876 414 936 556 56917 0 0 1 standing 
10 873 416 933 559 56918 0 0 1 standing 
10 870 418 930 562 56919 0 0 1 standing 
11 1240 472 1277 598 56900 1 0 0 standing 
11 1238 471 1277 597 56901 1 0 1 standing 
11 1237 470 1277 596 56902 1 0 1 standing 
11 1235 469 1277 595 56903 1 0 1 standing 
11 1234 468 1277 594 56904 1 0 1 standing 
11 1233 467 1277 593 56905 1 0 1 standing 
11 1231 466 1277 592 56906 1 0 1 standing 
11 1230 466 1277 591 56907 1 0 1 standing 
11 1229 465 1277 590 56908 1 0 1 standing 
11 1227 464 1277 589 56909 1 0 1 standing 
11 1226 463 1277 589 56910 1 0 1 standing 
11 1225 462 1277 588 56911 1 0 1 standing 
11 1223 461 1277 587 56912 1 0 1 standing 
11 1222 460 1277 586 56913 1 0 1 standing 
11 1221 460 1277 585 56914 1 0 1 standing 
11 1219 459 1277 584 56915 1 0 1 standing 
11 1218 458 1277 583 56916 1 0 1 standing 
11 1217 457 1277 582 56917 1 0 1 standing 
11 1215 456 1277 581 56918 1 0 1 standing 
11 1214 455 1277 580 56919 1 0 1 standing 
