0 342 504 430 637 63645 0 1 0 moving 
0 345 501 437 635 63646 0 1 1 moving 
0 348 499 445 634 63647 0 1 1 moving 
0 351 497 452 633 63648 0 1 1 moving 
0 354 495 460 632 63649 0 1 1 moving 
0 357 493 468 631 63650 0 1 0 moving 
0 362 492 473 631 63651 0 1 1 moving 
0 367 492 478 631 63652 0 1 1 moving 
0 373 492 483 631 63653 0 1 1 moving 
0 378 492 488 631 63654 0 1 1 moving 
0 384 492 494 631 63655 0 1 1 moving 
0 389 492 499 631 63656 0 1 1 moving 
0 395 492 504 631 63657 0 1 1 moving 
0 400 492 509 631 63658 0 1 1 moving 
0 406 492 515 632 63659 0 1 0 moving 
0 415 491 518 634 63660 0 1 1 moving 
0 425 490 522 636 63661 0 1 1 moving 
0 435 490 526 638 63662 0 1 1 moving 
0 444 489 530 640 63663 0 1 1 moving 
0 454 488 534 642 63664 0 1 1 moving 
1 564 405 626 545 63645 0 1 0 moving 
1 563 402 624 544 63646 0 1 1 setting 
1 563 400 623 544 63647 0 1 1 setting 
1 562 398 622 543 63648 0 1 1 setting 
1 562 396 621 543 63649 0 1 1 setting 
1 561 394 619 542 63650 0 1 1 setting 
1 561 392 618 542 63651 0 1 1 setting 
1 561 390 617 542 63652 0 1 1 setting 
1 560 388 616 541 63653 0 1 1 setting 
1 560 386 614 541 63654 0 1 1 setting 
1 559 384 613 540 63655 0 1 1 setting 
1 559 382 612 540 63656 0 1 1 setting 
1 559 380 611 540 63657 0 1 0 setting 
1 555 385 610 539 63658 0 1 1 setting 
1 551 390 609 538 63659 0 1 1 setting 
1 547 395 608 537 63660 0 1 0 setting 
1 543 400 606 537 63661 0 1 1 setting 
1 539 406 605 537 63662 0 1 1 setting 
1 535 411 603 537 63663 0 1 1 setting 
1 532 417 602 537 63664 0 1 0 setting 
2 573 381 660 494 63645 0 1 0 setting 
2 579 379 662 493 63646 0 1 1 standing 
2 586 378 664 493 63647 0 1 1 standing 
2 593 376 666 493 63648 0 1 1 standing 
2 599 375 668 493 63649 0 1 1 standing 
2 606 373 670 493 63650 0 1 1 standing 
2 613 372 672 493 63651 0 1 0 standing 
2 617 370 672 492 63652 0 1 1 standing 
2 621 369 672 491 63653 0 1 1 standing 
2 625 368 673 491 63654 0 1 0 standing 
2 623 361 675 489 63655 0 1 1 standing 
2 622 354 677 487 63656 0 1 1 standing 
2 621 348 680 486 63657 0 1 0 standing 
2 620 342 682 479 63658 0 1 1 standing 
2 619 336 684 473 63659 0 1 1 standing 
2 619 331 686 467 63660 0 1 0 standing 
2 619 332 685 468 63661 0 1 1 standing 
2 620 333 684 469 63662 0 1 1 standing 
2 621 334 684 470 63663 0 1 1 standing 
2 622 335 683 471 63664 0 1 1 standing 
3 204 453 290 562 63645 0 1 0 standing 
3 207 451 297 562 63646 0 1 1 moving 
3 210 450 304 562 63647 0 1 1 moving 
3 213 449 312 562 63648 0 1 1 moving 
3 216 447 319 562 63649 0 1 1 moving 
3 219 446 326 562 63650 0 1 1 moving 
3 223 445 334 563 63651 0 1 0 moving 
3 233 443 344 562 63652 0 1 1 moving 
3 243 442 354 561 63653 0 1 1 moving 
3 253 441 364 561 63654 0 1 1 moving 
3 263 440 374 560 63655 0 1 1 moving 
3 273 439 384 560 63656 0 1 1 moving 
3 283 438 394 559 63657 0 1 1 moving 
3 293 437 404 559 63658 0 1 1 moving 
3 303 436 414 558 63659 0 1 1 moving 
3 313 435 424 558 63660 0 1 1 moving 
3 323 434 434 557 63661 0 1 1 moving 
3 333 433 445 557 63662 0 1 0 moving 
3 346 433 441 559 63663 0 1 1 moving 
3 359 433 437 561 63664 0 1 1 moving 
4 415 395 461 494 63645 0 0 0 moving 
4 415 393 464 494 63646 0 0 1 standing 
4 415 391 467 494 63647 0 0 1 standing 
4 415 389 470 494 63648 0 0 1 standing 
4 416 388 473 494 63649 0 0 0 standing 
4 420 386 475 493 63650 0 0 1 standing 
4 424 385 477 493 63651 0 0 1 standing 
4 429 384 480 493 63652 0 0 1 standing 
4 433 383 482 492 63653 0 0 1 standing 
4 437 382 484 492 63654 0 0 1 standing 
4 442 381 487 492 63655 0 0 0 standing 
4 441 383 488 493 63656 0 0 1 standing 
4 440 385 489 494 63657 0 0 1 standing 
4 439 387 490 495 63658 0 0 1 standing 
4 438 389 491 496 63659 0 0 1 standing 
4 437 391 493 498 63660 0 0 0 standing 
4 440 391 496 498 63661 0 0 1 standing 
4 443 392 499 499 63662 0 0 1 standing 
4 446 392 502 500 63663 0 0 1 standing 
4 450 393 506 501 63664 0 0 0 standing 
5 460 357 512 452 63645 0 1 0 standing 
5 462 356 517 451 63646 0 1 1 moving 
5 465 355 522 450 63647 0 1 1 moving 
5 468 354 528 449 63648 0 1 1 moving 
5 470 353 533 448 63649 0 1 1 moving 
5 473 352 539 447 63650 0 1 1 moving 
5 476 351 544 446 63651 0 1 1 moving 
5 479 350 550 445 63652 0 1 0 moving 
5 483 349 553 445 63653 0 1 1 moving 
5 488 348 556 445 63654 0 1 1 moving 
5 492 348 560 445 63655 0 1 1 moving 
5 497 347 563 446 63656 0 1 1 moving 
5 502 346 566 446 63657 0 1 1 moving 
5 506 346 570 446 63658 0 1 1 moving 
5 511 345 573 446 63659 0 1 1 moving 
5 516 345 577 447 63660 0 1 0 moving 
5 522 346 581 446 63661 0 1 1 moving 
5 528 348 586 445 63662 0 1 1 moving 
5 534 350 591 445 63663 0 1 1 moving 
5 540 352 596 444 63664 0 1 1 moving 
6 941 435 1040 587 63645 0 0 0 moving 
6 949 435 1043 587 63646 0 0 1 moving 
6 958 435 1046 588 63647 0 0 1 moving 
6 966 435 1049 589 63648 0 0 1 moving 
6 975 435 1052 590 63649 0 0 1 moving 
6 983 435 1055 591 63650 0 0 1 moving 
6 992 435 1058 592 63651 0 0 0 moving 
6 994 436 1064 593 63652 0 0 1 moving 
6 997 437 1071 594 63653 0 0 1 moving 
6 999 438 1078 596 63654 0 0 1 moving 
6 1002 439 1085 597 63655 0 0 1 moving 
6 1004 440 1092 599 63656 0 0 1 moving 
6 1007 441 1099 600 63657 0 0 1 moving 
6 1010 443 1106 602 63658 0 0 0 moving 
6 1014 443 1106 603 63659 0 0 1 moving 
6 1018 444 1106 604 63660 0 0 1 moving 
6 1023 444 1107 605 63661 0 0 1 moving 
6 1027 445 1107 607 63662 0 0 1 moving 
6 1032 445 1108 608 63663 0 0 1 moving 
6 1036 446 1108 609 63664 0 0 1 moving 
7 1065 408 1119 526 63645 1 0 1 moving 
7 1069 409 1121 526 63646 0 0 0 moving 
7 1073 408 1126 526 63647 0 0 1 moving 
7 1077 408 1131 526 63648 0 0 1 moving 
7 1082 408 1136 526 63649 0 0 1 moving 
7 1086 408 1141 526 63650 0 0 1 moving 
7 1091 408 1146 526 63651 0 0 1 moving 
7 1095 407 1151 526 63652 0 0 1 moving 
7 1100 407 1156 526 63653 0 0 1 moving 
7 1104 407 1161 526 63654 0 0 1 moving 
7 1109 407 1166 526 63655 0 0 1 moving 
7 1113 407 1171 526 63656 0 0 1 moving 
7 1118 407 1177 527 63657 0 0 0 moving 
7 1122 407 1183 526 63658 0 0 1 moving 
7 1126 408 1190 526 63659 0 0 1 moving 
7 1130 409 1197 525 63660 0 0 1 moving 
7 1135 410 1204 525 63661 0 0 0 moving 
7 1136 411 1207 526 63662 0 0 1 moving 
7 1137 412 1210 528 63663 0 0 1 moving 
7 1138 413 1213 529 63664 0 0 1 moving 
8 947 368 999 500 63645 0 0 0 moving 
8 950 368 1003 500 63646 0 0 1 standing 
8 954 369 1008 500 63647 0 0 1 standing 
8 958 370 1012 500 63648 0 0 1 standing 
8 962 371 1017 500 63649 0 0 0 standing 
8 964 370 1018 499 63650 0 0 1 standing 
8 966 369 1020 498 63651 0 0 1 standing 
8 968 368 1022 497 63652 0 0 1 standing 
8 971 368 1024 496 63653 0 0 1 standing 
8 973 367 1025 495 63654 0 0 1 standing 
8 975 366 1027 494 63655 0 0 1 standing 
8 977 365 1029 493 63656 0 0 1 standing 
8 980 365 1031 492 63657 0 0 0 standing 
8 979 365 1029 491 63658 0 0 1 standing 
8 978 366 1027 491 63659 0 0 1 standing 
8 977 366 1026 490 63660 0 0 1 standing 
8 976 367 1024 490 63661 0 0 1 standing 
8 975 367 1022 489 63662 0 0 1 standing 
8 974 368 1021 489 63663 0 0 1 standing 
8 973 368 1019 488 63664 0 0 1 standing 
9 722 442 802 591 63645 0 0 0 standing 
9 725 441 802 592 63646 0 0 1 standing 
9 729 441 803 593 63647 0 0 1 standing 
9 733 440 803 594 63648 0 0 1 standing 
9 737 440 804 596 63649 0 0 0 standing 
9 736 441 803 597 63650 0 0 1 standing 
9 736 442 802 599 63651 0 0 1 standing 
9 736 443 801 601 63652 0 0 1 standing 
9 736 444 800 603 63653 0 0 1 standing 
9 735 445 799 604 63654 0 0 1 standing 
9 735 446 798 606 63655 0 0 1 standing 
9 735 447 797 608 63656 0 0 1 standing 
9 735 448 797 610 63657 0 0 0 standing 
9 733 450 794 611 63658 0 0 1 standing 
9 731 453 792 612 63659 0 0 1 standing 
9 729 456 789 613 63660 0 0 1 standing 
9 728 459 787 615 63661 0 0 1 standing 
9 726 462 784 616 63662 0 0 1 standing 
9 724 465 782 617 63663 0 0 1 standing 
9 722 468 779 618 63664 0 0 1 standing 
10 731 385 778 528 63645 0 0 0 standing 
10 731 386 778 529 63646 0 0 1 standing 
10 732 387 779 530 63647 0 0 1 standing 
10 733 389 780 531 63648 0 0 1 standing 
10 734 390 781 532 63649 0 0 1 standing 
10 734 392 781 533 63650 0 0 1 standing 
10 735 393 782 534 63651 0 0 1 standing 
10 736 394 783 535 63652 0 0 1 standing 
10 737 396 784 536 63653 0 0 1 standing 
10 737 397 784 537 63654 0 0 1 standing 
10 738 399 785 538 63655 0 0 1 standing 
10 739 400 786 539 63656 0 0 1 standing 
10 740 402 787 541 63657 0 0 0 standing 
10 738 403 784 539 63658 0 0 1 standing 
10 736 404 782 538 63659 0 0 1 standing 
10 734 405 780 536 63660 0 0 1 standing 
10 732 406 778 535 63661 0 0 1 standing 
10 730 407 776 534 63662 0 0 1 standing 
10 728 408 774 532 63663 0 0 1 standing 
10 726 409 772 531 63664 0 0 1 standing 
11 753 357 796 495 63645 0 0 0 standing 
11 753 356 795 494 63646 0 0 1 standing 
11 754 356 795 493 63647 0 0 1 standing 
11 755 355 795 493 63648 0 0 1 standing 
11 756 355 795 492 63649 0 0 1 standing 
11 757 354 795 492 63650 0 0 1 standing 
11 758 354 795 491 63651 0 0 1 standing 
11 759 353 795 490 63652 0 0 1 standing 
11 760 353 795 490 63653 0 0 1 standing 
11 761 352 795 489 63654 0 0 1 standing 
11 762 352 795 489 63655 0 0 0 standing 
11 758 351 792 485 63656 0 0 1 standing 
11 755 350 789 482 63657 0 0 1 standing 
11 752 350 786 479 63658 0 0 1 standing 
11 749 349 784 475 63659 0 0 1 standing 
11 746 349 781 472 63660 0 0 1 standing 
11 743 348 778 469 63661 0 0 1 standing 
11 740 347 776 465 63662 0 0 1 standing 
11 737 347 773 462 63663 0 0 1 standing 
11 734 346 770 459 63664 0 0 1 standing 
