0 894 477 973 630 18235 1 0 1 moving 
0 894 477 973 630 18236 1 0 1 moving 
0 894 477 973 630 18237 0 1 0 moving 
0 869 466 946 628 18238 0 1 1 moving 
0 844 456 919 626 18239 0 1 1 moving 
0 819 446 893 624 18240 0 1 1 moving 
0 794 436 866 622 18241 0 1 1 moving 
0 770 426 840 620 18242 0 1 0 moving 
0 751 416 822 617 18243 0 1 1 moving 
0 732 407 805 614 18244 0 1 1 moving 
0 714 398 788 612 18245 0 1 0 moving 
0 700 399 774 611 18246 0 1 1 moving 
0 686 401 761 610 18247 0 1 1 moving 
0 672 403 747 609 18248 0 1 1 moving 
0 658 405 734 609 18249 0 1 0 moving 
0 654 409 732 607 18250 0 1 1 moving 
0 650 414 730 606 18251 0 1 1 moving 
0 647 418 728 605 18252 0 1 1 moving 
0 643 423 727 604 18253 0 1 1 moving 
0 639 427 725 603 18254 0 1 1 moving 
1 956 426 1014 579 18235 1 0 1 moving 
1 954 426 1011 579 18236 1 0 1 setting 
1 952 426 1009 580 18237 0 0 0 setting 
1 929 424 985 578 18238 0 0 1 setting 
1 906 422 961 576 18239 0 0 1 setting 
1 884 421 937 575 18240 0 0 1 setting 
1 861 419 913 573 18241 0 0 1 setting 
1 839 418 889 572 18242 0 0 0 setting 
1 819 418 871 572 18243 0 0 1 setting 
1 800 418 853 572 18244 0 0 1 setting 
1 781 419 835 573 18245 0 0 1 setting 
1 762 419 817 573 18246 0 0 1 setting 
1 743 420 800 574 18247 0 0 0 setting 
1 730 419 788 572 18248 0 0 1 setting 
1 717 419 777 570 18249 0 0 1 setting 
1 704 418 766 568 18250 0 0 1 setting 
1 692 418 755 566 18251 0 0 0 setting 
1 694 418 760 565 18252 0 0 1 setting 
1 697 418 765 564 18253 0 0 1 setting 
1 700 418 770 563 18254 0 0 1 setting 
2 974 372 1043 505 18235 1 0 1 setting 
2 974 372 1043 505 18236 1 0 1 standing 
2 974 372 1043 505 18237 0 0 0 standing 
2 951 371 1019 505 18238 0 0 1 standing 
2 928 370 995 505 18239 0 0 1 standing 
2 906 369 972 505 18240 0 0 1 standing 
2 883 368 948 505 18241 0 0 1 standing 
2 861 367 925 506 18242 0 0 0 standing 
2 843 366 908 506 18243 0 0 1 standing 
2 825 366 891 506 18244 0 0 1 standing 
2 807 366 874 506 18245 0 0 1 standing 
2 790 366 857 507 18246 0 0 1 standing 
2 772 366 840 507 18247 0 0 1 standing 
2 754 366 823 507 18248 0 0 1 standing 
2 737 366 806 508 18249 0 0 0 standing 
2 736 366 808 507 18250 0 0 1 standing 
2 736 367 811 506 18251 0 0 1 standing 
2 735 367 814 505 18252 0 0 1 standing 
2 735 368 817 504 18253 0 0 1 standing 
2 735 368 819 503 18254 0 0 1 standing 
3 814 304 889 445 18235 1 0 1 standing 
3 814 304 889 445 18236 1 0 1 moving 
3 814 304 889 445 18237 0 0 0 moving 
3 789 303 866 442 18238 0 0 1 moving 
3 764 302 843 439 18239 0 0 1 moving 
3 740 302 821 437 18240 0 0 0 moving 
3 720 303 804 438 18241 0 0 1 moving 
3 700 305 787 439 18242 0 0 1 moving 
3 680 306 770 440 18243 0 0 1 moving 
3 660 308 753 441 18244 0 0 1 moving 
3 640 310 736 443 18245 0 0 0 moving 
3 627 312 721 445 18246 0 0 1 moving 
3 614 314 706 448 18247 0 0 1 moving 
3 601 317 692 451 18248 0 0 0 moving 
3 594 316 683 450 18249 0 0 1 moving 
3 587 315 674 450 18250 0 0 1 moving 
3 581 315 665 450 18251 0 0 0 moving 
3 581 314 661 449 18252 0 0 1 moving 
3 581 314 658 448 18253 0 0 1 moving 
3 582 314 655 448 18254 0 0 0 moving 
4 821 340 901 493 18235 1 0 1 moving 
4 821 340 901 493 18236 1 0 1 moving 
4 821 341 901 493 18237 0 0 0 moving 
4 799 345 877 495 18238 0 0 1 moving 
4 777 349 854 498 18239 0 0 1 moving 
4 755 354 831 500 18240 0 0 1 moving 
4 733 358 808 503 18241 0 0 1 moving 
4 711 363 785 506 18242 0 0 0 moving 
4 690 364 764 509 18243 0 0 1 moving 
4 670 366 744 513 18244 0 0 1 moving 
4 650 368 724 517 18245 0 0 1 moving 
4 630 370 704 521 18246 0 0 0 moving 
4 611 368 685 520 18247 0 0 1 moving 
4 592 367 666 520 18248 0 0 1 moving 
4 573 366 647 520 18249 0 0 0 moving 
4 565 367 639 521 18250 0 0 1 moving 
4 558 368 632 522 18251 0 0 1 moving 
4 551 369 625 523 18252 0 0 1 moving 
4 544 370 618 524 18253 0 0 1 moving 
4 537 372 611 525 18254 0 0 0 moving 
5 585 397 665 531 18235 1 0 1 moving 
5 585 397 665 531 18236 1 0 1 moving 
5 585 397 665 531 18237 0 0 0 moving 
5 558 395 636 530 18238 0 0 1 moving 
5 531 394 607 530 18239 0 0 1 moving 
5 504 392 578 530 18240 0 0 1 moving 
5 478 391 549 530 18241 0 0 0 moving 
5 456 390 525 530 18242 0 0 1 moving 
5 435 389 501 530 18243 0 0 1 moving 
5 414 389 478 531 18244 0 0 0 moving 
5 394 390 458 533 18245 0 0 1 moving 
5 374 392 438 535 18246 0 0 1 moving 
5 354 394 419 537 18247 0 0 0 moving 
5 337 395 403 539 18248 0 0 1 moving 
5 321 397 388 541 18249 0 0 1 moving 
5 305 399 373 543 18250 0 0 0 moving 
5 301 399 369 541 18251 0 0 1 moving 
5 298 399 366 539 18252 0 0 1 moving 
5 295 399 363 538 18253 0 0 0 moving 
5 297 400 367 538 18254 0 0 1 moving 
6 392 422 461 583 18235 1 0 1 moving 
6 392 422 461 583 18236 1 0 1 moving 
6 392 422 461 583 18237 0 0 0 moving 
6 367 423 436 584 18238 0 0 1 moving 
6 343 424 412 586 18239 0 0 1 moving 
6 318 426 388 588 18240 0 0 1 moving 
6 294 427 364 590 18241 0 0 1 moving 
6 270 429 340 592 18242 0 0 0 moving 
6 255 429 322 592 18243 0 0 1 moving 
6 241 430 304 593 18244 0 0 1 moving 
6 226 430 286 594 18245 0 0 1 moving 
6 212 431 268 595 18246 0 0 1 moving 
6 198 432 250 596 18247 0 0 0 moving 
6 195 434 247 598 18248 0 0 1 moving 
6 192 436 244 600 18249 0 0 1 moving 
6 189 438 241 602 18250 0 0 1 moving 
6 186 440 238 604 18251 0 0 1 moving 
6 183 442 235 606 18252 0 0 1 moving 
6 180 444 232 608 18253 0 0 1 moving 
6 177 446 229 610 18254 0 0 1 moving 
7 454 388 502 558 18235 1 0 1 moving 
7 454 388 502 558 18236 1 0 1 moving 
7 454 388 502 558 18237 0 0 0 moving 
7 426 388 475 558 18238 0 0 1 moving 
7 399 389 448 559 18239 0 0 1 moving 
7 372 390 421 560 18240 0 0 0 moving 
7 348 390 398 561 18241 0 0 1 moving 
7 325 391 376 562 18242 0 0 1 moving 
7 301 392 353 563 18243 0 0 1 moving 
7 278 393 331 565 18244 0 0 0 moving 
7 260 394 314 565 18245 0 0 1 moving 
7 243 395 297 566 18246 0 0 1 moving 
7 226 396 280 567 18247 0 0 1 moving 
7 209 397 263 568 18248 0 0 1 moving 
7 192 398 246 569 18249 0 0 0 moving 
7 189 397 242 568 18250 0 0 1 moving 
7 186 397 239 567 18251 0 0 1 moving 
7 184 396 236 567 18252 0 0 1 moving 
7 181 396 233 566 18253 0 0 1 moving 
7 178 396 229 565 18254 0 0 1 moving 
8 439 416 500 539 18235 1 0 1 moving 
8 434 403 501 539 18236 1 0 1 moving 
8 429 391 502 539 18237 0 0 0 moving 
8 406 391 477 538 18238 0 0 1 moving 
8 383 391 452 538 18239 0 0 1 moving 
8 360 391 427 538 18240 0 0 1 moving 
8 337 391 402 538 18241 0 0 1 moving 
8 314 391 378 538 18242 0 0 0 moving 
8 294 389 352 535 18243 0 0 1 moving 
8 274 387 327 532 18244 0 0 1 moving 
8 255 386 302 530 18245 0 0 0 moving 
8 241 386 290 531 18246 0 0 1 moving 
8 228 387 278 533 18247 0 0 1 moving 
8 215 388 266 535 18248 0 0 1 moving 
8 202 389 254 536 18249 0 0 1 moving 
8 189 390 242 538 18250 0 0 1 moving 
8 176 391 231 540 18251 0 0 0 moving 
8 174 389 232 539 18252 0 0 1 moving 
8 173 388 234 539 18253 0 0 1 moving 
8 172 387 236 539 18254 0 0 1 moving 
9 213 402 267 553 18235 1 0 1 moving 
9 213 402 267 553 18236 1 0 1 moving 
9 213 402 267 553 18237 0 0 0 moving 
9 180 400 240 549 18238 0 0 1 moving 
9 147 398 214 545 18239 0 0 1 moving 
9 114 396 188 541 18240 0 0 1 moving 
9 81 394 162 538 18241 0 0 0 moving 
9 56 392 136 535 18242 0 0 1 moving 
9 31 390 110 532 18243 0 0 1 moving 
9 6 389 85 529 18244 0 0 0 moving 
9 4 388 63 526 18245 0 0 1 moving 
9 2 388 42 523 18246 0 0 1 moving 
9 0 388 21 521 18247 1 0 0 moving 
9 0 388 23 521 18248 1 0 1 moving 
9 0 388 25 521 18249 1 0 1 moving 
9 0 389 27 522 18250 1 0 1 moving 
9 0 389 29 522 18251 1 0 1 moving 
9 1 390 32 523 18252 1 0 0 moving 
9 1 389 35 521 18253 1 0 1 moving 
9 1 388 39 519 18254 1 0 1 moving 
10 6 464 90 588 18235 1 0 1 moving 
10 6 464 90 588 18236 1 0 1 moving 
10 6 464 90 588 18237 0 0 0 moving 
10 4 464 71 588 18238 0 0 1 moving 
10 2 465 52 589 18239 0 0 1 moving 
10 0 466 33 590 18240 0 0 0 moving 
10 0 466 29 590 18241 0 0 1 moving 
10 0 467 25 591 18242 0 0 1 moving 
10 0 468 22 592 18243 1 0 0 moving 
10 0 468 22 592 18244 1 0 1 moving 
10 0 468 22 592 18245 1 0 1 moving 
10 0 468 22 592 18246 1 0 1 moving 
10 0 468 22 592 18247 1 0 1 moving 
10 0 468 22 592 18248 1 0 1 moving 
10 0 468 22 592 18249 1 0 1 moving 
10 0 468 22 592 18250 1 0 1 moving 
10 0 468 22 592 18251 1 0 1 moving 
10 0 468 22 592 18252 1 0 1 moving 
10 0 468 22 592 18253 1 0 0 moving 
10 0 468 22 592 18254 1 0 1 moving 
11 66 414 130 571 18235 1 0 1 moving 
11 66 414 130 571 18236 1 0 1 moving 
11 66 414 130 571 18237 0 0 0 moving 
11 44 415 98 571 18238 0 0 1 moving 
11 22 416 66 572 18239 0 0 1 moving 
11 0 417 34 573 18240 1 0 0 moving 
11 0 417 34 573 18241 1 0 1 moving 
11 0 417 34 573 18242 1 0 1 moving 
11 0 417 34 573 18243 1 0 1 moving 
11 0 417 34 573 18244 1 0 1 moving 
11 0 417 34 573 18245 1 0 1 moving 
11 0 417 34 573 18246 1 0 1 moving 
11 0 417 34 573 18247 1 0 1 moving 
11 0 417 34 573 18248 1 0 1 moving 
11 0 417 34 573 18249 1 0 1 moving 
11 0 417 34 573 18250 1 0 0 moving 
11 0 417 34 573 18251 1 0 1 moving 
11 0 417 34 573 18252 1 0 1 moving 
11 0 417 34 573 18253 1 0 1 moving 
11 0 417 34 573 18254 1 0 1 moving 
