0 796 447 866 636 81950 0 1 0 spiking 
0 789 448 869 630 81951 0 1 1 spiking 
0 782 449 872 624 81952 0 1 1 spiking 
0 775 450 875 618 81953 0 1 1 spiking 
0 769 451 878 613 81954 0 1 0 spiking 
0 773 445 876 608 81955 0 1 1 spiking 
0 777 440 875 603 81956 0 1 1 spiking 
0 782 435 874 598 81957 0 1 1 spiking 
0 786 430 873 593 81958 0 1 1 spiking 
0 791 425 872 589 81959 0 1 0 spiking 
0 795 433 874 593 81960 0 1 1 spiking 
0 799 441 876 597 81961 0 1 1 spiking 
0 804 449 878 601 81962 0 1 1 spiking 
0 808 457 881 606 81963 0 1 1 spiking 
0 813 465 883 610 81964 0 1 1 spiking 
0 817 473 885 614 81965 0 1 1 spiking 
0 822 482 888 619 81966 0 1 0 spiking 
0 826 488 891 620 81967 0 1 1 spiking 
0 831 494 895 622 81968 0 1 1 spiking 
0 835 500 898 624 81969 0 1 1 spiking 
1 628 462 681 615 81950 0 1 0 spiking 
1 633 447 687 610 81951 0 1 1 blocking 
1 638 432 693 605 81952 0 1 1 blocking 
1 643 417 699 600 81953 0 1 1 blocking 
1 648 402 705 595 81954 0 1 0 blocking 
1 652 402 714 592 81955 0 1 1 blocking 
1 656 402 723 590 81956 0 1 1 blocking 
1 660 402 733 588 81957 0 1 1 blocking 
1 664 402 742 586 81958 0 1 1 blocking 
1 668 402 751 584 81959 0 1 1 blocking 
1 672 402 761 582 81960 0 1 1 blocking 
1 676 402 770 580 81961 0 1 1 blocking 
1 680 402 779 578 81962 0 1 1 blocking 
1 685 403 789 576 81963 0 1 0 blocking 
1 686 411 791 578 81964 0 1 1 blocking 
1 687 420 794 580 81965 0 1 1 blocking 
1 689 429 796 582 81966 0 1 1 blocking 
1 690 437 799 584 81967 0 1 1 blocking 
1 692 446 801 586 81968 0 1 1 blocking 
1 693 455 804 588 81969 0 1 1 blocking 
2 624 482 680 642 81950 0 1 0 blocking 
2 630 467 687 636 81951 0 1 1 blocking 
2 636 452 694 630 81952 0 1 1 blocking 
2 642 437 702 625 81953 0 1 1 blocking 
2 648 422 709 619 81954 0 1 1 blocking 
2 655 407 717 614 81955 0 1 0 blocking 
2 661 403 724 608 81956 0 1 1 blocking 
2 667 399 732 602 81957 0 1 1 blocking 
2 673 395 740 596 81958 0 1 1 blocking 
2 679 391 748 590 81959 0 1 1 blocking 
2 686 388 756 584 81960 0 1 0 blocking 
2 694 391 761 588 81961 0 1 1 blocking 
2 702 394 767 593 81962 0 1 1 blocking 
2 711 398 773 598 81963 0 1 1 blocking 
2 719 401 778 602 81964 0 1 1 blocking 
2 727 404 784 607 81965 0 1 1 blocking 
2 736 408 790 612 81966 0 1 0 blocking 
2 735 422 792 628 81967 0 1 1 blocking 
2 734 436 795 644 81968 0 1 1 blocking 
2 733 450 797 660 81969 0 1 1 blocking 
3 751 498 809 582 81950 0 0 0 blocking 
3 754 497 811 587 81951 0 0 1 spiking 
3 757 496 814 592 81952 0 0 1 spiking 
3 760 496 817 597 81953 0 0 0 spiking 
3 763 496 820 597 81954 0 0 1 spiking 
3 766 496 823 597 81955 0 0 1 spiking 
3 770 496 827 597 81956 0 0 0 spiking 
3 773 494 830 595 81957 0 0 1 spiking 
3 776 492 834 593 81958 0 0 1 spiking 
3 780 490 838 591 81959 0 0 0 spiking 
3 787 489 845 594 81960 0 0 1 spiking 
3 794 488 852 597 81961 0 0 1 spiking 
3 802 487 860 600 81962 0 0 0 spiking 
3 810 486 868 601 81963 0 0 1 spiking 
3 818 485 876 602 81964 0 0 1 spiking 
3 826 485 884 604 81965 0 0 0 spiking 
3 833 489 888 604 81966 0 0 1 spiking 
3 840 494 893 604 81967 0 0 1 spiking 
3 847 499 898 604 81968 0 0 1 spiking 
3 854 504 903 604 81969 0 0 1 spiking 
4 738 436 795 537 81950 0 0 0 spiking 
4 741 436 803 536 81951 0 0 1 standing 
4 745 436 811 536 81952 0 0 1 standing 
4 749 436 820 536 81953 0 0 0 standing 
4 756 437 821 537 81954 0 0 1 standing 
4 764 438 823 538 81955 0 0 1 standing 
4 772 440 825 539 81956 0 0 0 standing 
4 779 441 843 546 81957 0 0 1 standing 
4 786 443 861 554 81958 0 0 1 standing 
4 793 445 880 562 81959 0 0 0 standing 
4 799 445 887 562 81960 0 0 1 standing 
4 806 445 895 562 81961 0 0 1 standing 
4 813 445 903 562 81962 0 0 0 standing 
4 822 449 911 562 81963 0 0 1 standing 
4 831 453 920 562 81964 0 0 1 standing 
4 840 457 929 563 81965 0 0 0 standing 
4 848 457 935 563 81966 0 0 1 standing 
4 857 458 941 563 81967 0 0 1 standing 
4 866 459 948 563 81968 0 0 1 standing 
4 875 460 954 563 81969 0 0 1 standing 
5 909 473 974 604 81950 0 0 0 standing 
5 910 472 973 603 81951 0 0 1 standing 
5 912 472 972 603 81952 0 0 1 standing 
5 914 472 972 603 81953 0 0 0 standing 
5 916 472 974 603 81954 0 0 1 standing 
5 919 472 976 603 81955 0 0 1 standing 
5 922 472 979 603 81956 0 0 0 standing 
5 927 471 984 604 81957 0 0 1 standing 
5 932 470 989 605 81958 0 0 1 standing 
5 938 470 995 606 81959 0 0 0 standing 
5 947 471 1001 607 81960 0 0 1 standing 
5 956 473 1008 608 81961 0 0 1 standing 
5 966 475 1015 610 81962 0 0 0 standing 
5 973 477 1022 612 81963 0 0 1 standing 
5 981 479 1030 614 81964 0 0 1 standing 
5 989 482 1038 617 81965 0 0 0 standing 
5 995 480 1044 617 81966 0 0 1 standing 
5 1001 479 1050 617 81967 0 0 1 standing 
5 1008 478 1056 617 81968 0 0 1 standing 
5 1014 477 1062 617 81969 0 0 1 standing 
6 751 376 800 471 81950 0 0 0 standing 
6 754 377 802 470 81951 0 0 1 standing 
6 757 378 804 470 81952 0 0 1 standing 
6 760 380 807 470 81953 0 0 0 standing 
6 763 381 810 471 81954 0 0 1 standing 
6 766 382 813 472 81955 0 0 1 standing 
6 769 384 816 474 81956 0 0 0 standing 
6 773 385 820 475 81957 0 0 1 standing 
6 777 386 824 476 81958 0 0 1 standing 
6 781 387 828 477 81959 0 0 0 standing 
6 788 388 834 482 81960 0 0 1 standing 
6 795 390 841 487 81961 0 0 1 standing 
6 802 392 848 493 81962 0 0 0 standing 
6 809 392 855 495 81963 0 0 1 standing 
6 816 392 862 497 81964 0 0 1 standing 
6 824 393 869 500 81965 0 0 0 standing 
6 826 392 874 500 81966 0 0 1 standing 
6 828 391 879 500 81967 0 0 1 standing 
6 830 390 884 501 81968 0 0 1 standing 
6 832 389 889 501 81969 0 0 1 standing 
7 955 378 1007 489 81950 0 0 0 standing 
7 956 379 1010 492 81951 0 0 1 moving 
7 957 380 1014 496 81952 0 0 1 moving 
7 959 382 1018 500 81953 0 0 0 moving 
7 966 383 1023 503 81954 0 0 1 moving 
7 973 384 1028 506 81955 0 0 1 moving 
7 980 386 1034 509 81956 0 0 0 moving 
7 986 387 1040 510 81957 0 0 1 moving 
7 992 388 1046 512 81958 0 0 1 moving 
7 999 389 1053 514 81959 0 0 0 moving 
7 1004 390 1060 513 81960 0 0 1 moving 
7 1009 392 1067 512 81961 0 0 1 moving 
7 1014 394 1075 511 81962 0 0 0 moving 
7 1027 395 1083 514 81963 0 0 1 moving 
7 1040 396 1092 517 81964 0 0 1 moving 
7 1054 397 1101 521 81965 0 0 0 moving 
7 1061 398 1108 524 81966 0 0 1 moving 
7 1069 399 1116 527 81967 0 0 1 moving 
7 1076 401 1124 530 81968 0 0 1 moving 
7 1084 402 1132 533 81969 0 0 1 moving 
8 471 402 561 496 81950 0 0 0 moving 
8 475 402 557 496 81951 0 0 1 waiting 
8 480 402 553 496 81952 0 0 1 waiting 
8 485 403 550 497 81953 0 0 0 waiting 
8 489 402 554 496 81954 0 0 1 waiting 
8 494 401 559 496 81955 0 0 1 waiting 
8 499 401 564 496 81956 0 0 0 waiting 
8 505 400 568 495 81957 0 0 1 waiting 
8 511 400 573 495 81958 0 0 1 waiting 
8 518 400 578 495 81959 0 0 0 waiting 
8 520 399 587 495 81960 0 0 1 waiting 
8 522 399 596 495 81961 0 0 1 waiting 
8 524 399 606 495 81962 0 0 0 waiting 
8 533 398 615 495 81963 0 0 1 waiting 
8 542 397 624 495 81964 0 0 1 waiting 
8 551 397 634 496 81965 0 0 0 waiting 
8 556 396 639 495 81966 0 0 1 waiting 
8 562 395 644 495 81967 0 0 1 waiting 
8 568 395 650 495 81968 0 0 1 waiting 
8 574 394 655 495 81969 0 0 1 waiting 
9 319 405 402 509 81950 0 0 0 waiting 
9 323 404 409 509 81951 0 0 1 waiting 
9 327 403 416 509 81952 0 0 1 waiting 
9 331 403 424 510 81953 0 0 0 waiting 
9 335 401 425 508 81954 0 0 1 waiting 
9 339 399 426 506 81955 0 0 1 waiting 
9 343 397 428 505 81956 0 0 0 waiting 
9 344 397 430 504 81957 0 0 1 waiting 
9 345 397 432 503 81958 0 0 1 waiting 
9 346 397 435 503 81959 0 0 0 waiting 
9 354 398 443 502 81960 0 0 1 waiting 
9 362 399 451 502 81961 0 0 1 waiting 
9 370 401 459 502 81962 0 0 0 waiting 
9 379 402 468 501 81963 0 0 1 waiting 
9 388 403 477 501 81964 0 0 1 waiting 
9 397 404 486 501 81965 0 0 0 waiting 
9 403 403 492 500 81966 0 0 1 waiting 
9 409 402 498 500 81967 0 0 1 waiting 
9 416 401 504 500 81968 0 0 1 waiting 
9 422 400 510 500 81969 0 0 1 waiting 
10 257 510 354 637 81950 0 0 0 waiting 
10 268 509 358 636 81951 0 0 1 standing 
10 279 509 363 636 81952 0 0 1 standing 
10 290 509 368 636 81953 0 0 0 standing 
10 298 510 372 637 81954 0 0 1 standing 
10 307 511 376 639 81955 0 0 1 standing 
10 316 512 380 641 81956 0 0 0 standing 
10 325 511 387 640 81957 0 0 1 standing 
10 335 510 394 640 81958 0 0 1 standing 
10 345 509 402 640 81959 0 0 0 standing 
10 356 510 412 639 81960 0 0 1 standing 
10 367 512 422 639 81961 0 0 1 standing 
10 379 514 432 639 81962 0 0 0 standing 
10 390 515 443 640 81963 0 0 1 standing 
10 401 516 454 641 81964 0 0 1 standing 
10 412 517 465 642 81965 0 0 0 standing 
10 418 516 475 641 81966 0 0 1 standing 
10 424 516 486 641 81967 0 0 1 standing 
10 430 515 497 640 81968 0 0 1 standing 
10 436 515 508 640 81969 0 0 1 standing 
11 61 447 123 555 81950 0 0 0 standing 
11 58 447 123 555 81951 0 0 1 standing 
11 55 448 123 556 81952 0 0 1 standing 
11 53 449 124 557 81953 0 0 0 standing 
11 55 450 126 560 81954 0 0 1 standing 
11 57 452 128 563 81955 0 0 1 standing 
11 59 454 131 566 81956 0 0 0 standing 
11 64 455 134 567 81957 0 0 1 standing 
11 69 456 137 568 81958 0 0 1 standing 
11 75 458 141 569 81959 0 0 0 standing 
11 82 459 147 570 81960 0 0 1 standing 
11 89 460 153 572 81961 0 0 1 standing 
11 96 461 160 574 81962 0 0 0 standing 
11 104 463 166 576 81963 0 0 1 standing 
11 113 465 173 578 81964 0 0 1 standing 
11 122 467 180 580 81965 0 0 0 standing 
11 126 468 185 578 81966 0 0 1 standing 
11 131 470 191 577 81967 0 0 1 standing 
11 135 471 196 576 81968 0 0 1 standing 
11 140 473 202 575 81969 0 0 1 standing 
