0 526 290 585 432 32260 0 1 0 moving 
0 522 282 581 426 32261 0 1 1 moving 
0 518 274 577 420 32262 0 1 1 moving 
0 514 266 573 415 32263 0 1 1 moving 
0 511 258 569 409 32264 0 1 1 moving 
0 507 250 566 404 32265 0 1 1 moving 
0 503 242 562 398 32266 0 1 1 moving 
0 500 234 558 392 32267 0 1 1 moving 
0 496 226 554 387 32268 0 1 1 moving 
0 492 218 550 381 32269 0 1 1 moving 
0 489 210 547 376 32270 0 1 0 moving 
0 483 219 540 374 32271 0 1 1 moving 
0 478 229 533 372 32272 0 1 1 moving 
0 473 239 526 370 32273 0 1 0 moving 
0 457 247 512 381 32274 0 1 1 moving 
0 441 255 499 392 32275 0 1 1 moving 
0 425 263 486 403 32276 0 1 1 moving 
0 409 271 473 415 32277 0 1 0 moving 
0 381 279 452 421 32278 0 1 1 moving 
0 353 288 431 427 32279 0 1 1 moving 
1 652 334 701 475 32260 0 1 0 moving 
1 646 325 695 471 32261 0 1 1 blocking 
1 641 317 690 467 32262 0 1 1 blocking 
1 635 309 684 463 32263 0 1 1 blocking 
1 630 301 679 459 32264 0 1 1 blocking 
1 625 293 673 455 32265 0 1 1 blocking 
1 619 284 668 451 32266 0 1 1 blocking 
1 614 276 662 447 32267 0 1 1 blocking 
1 608 268 657 443 32268 0 1 1 blocking 
1 603 260 651 439 32269 0 1 1 blocking 
1 598 252 646 436 32270 0 1 0 blocking 
1 587 255 634 431 32271 0 1 1 blocking 
1 576 258 623 427 32272 0 1 1 blocking 
1 565 262 612 423 32273 0 1 1 blocking 
1 554 265 601 418 32274 0 1 1 blocking 
1 543 269 590 414 32275 0 1 1 blocking 
1 532 272 579 410 32276 0 1 1 blocking 
1 522 276 568 406 32277 0 1 0 blocking 
1 495 281 543 417 32278 0 1 1 blocking 
1 468 287 519 429 32279 0 1 1 blocking 
2 671 341 715 471 32260 0 1 0 blocking 
2 664 331 708 465 32261 0 1 1 blocking 
2 657 321 701 459 32262 0 1 1 blocking 
2 650 312 694 453 32263 0 1 1 blocking 
2 644 302 687 448 32264 0 1 1 blocking 
2 637 293 681 442 32265 0 1 1 blocking 
2 630 283 674 436 32266 0 1 1 blocking 
2 624 273 667 431 32267 0 1 1 blocking 
2 617 264 660 425 32268 0 1 1 blocking 
2 610 254 653 419 32269 0 1 1 blocking 
2 604 245 647 414 32270 0 1 0 blocking 
2 591 249 634 415 32271 0 1 1 blocking 
2 579 253 622 417 32272 0 1 1 blocking 
2 567 258 610 419 32273 0 1 1 blocking 
2 555 262 597 420 32274 0 1 1 blocking 
2 543 267 585 422 32275 0 1 1 blocking 
2 531 271 573 424 32276 0 1 1 blocking 
2 519 276 561 426 32277 0 1 0 blocking 
2 495 279 537 426 32278 0 1 1 blocking 
2 471 282 513 426 32279 0 1 1 blocking 
3 551 267 608 402 32260 0 0 0 blocking 
3 547 272 604 407 32261 0 0 1 jumping 
3 543 278 600 413 32262 0 0 1 jumping 
3 539 284 596 419 32263 0 0 1 jumping 
3 535 289 592 424 32264 0 0 1 jumping 
3 531 295 588 430 32265 0 0 1 jumping 
3 527 301 584 436 32266 0 0 1 jumping 
3 523 306 580 441 32267 0 0 1 jumping 
3 519 312 576 447 32268 0 0 1 jumping 
3 515 318 572 453 32269 0 0 1 jumping 
3 512 324 569 459 32270 0 0 0 jumping 
3 503 328 559 459 32271 0 0 1 jumping 
3 495 333 549 459 32272 0 0 1 jumping 
3 487 338 540 459 32273 0 0 0 jumping 
3 471 340 524 460 32274 0 0 1 jumping 
3 455 343 509 461 32275 0 0 1 jumping 
3 439 345 493 462 32276 0 0 1 jumping 
3 423 348 478 463 32277 0 0 0 jumping 
3 398 346 454 463 32278 0 0 1 jumping 
3 374 344 430 463 32279 0 0 1 jumping 
4 280 461 375 616 32260 0 0 0 jumping 
4 277 460 369 614 32261 0 0 1 standing 
4 274 459 363 613 32262 0 0 1 standing 
4 271 458 357 612 32263 0 0 1 standing 
4 268 457 351 611 32264 0 0 1 standing 
4 265 456 345 610 32265 0 0 1 standing 
4 262 455 340 609 32266 0 0 1 standing 
4 259 454 334 608 32267 0 0 1 standing 
4 256 453 328 607 32268 0 0 1 standing 
4 253 452 322 606 32269 0 0 1 standing 
4 250 451 316 605 32270 0 0 1 standing 
4 248 450 311 604 32271 0 0 0 standing 
4 231 451 296 605 32272 0 0 1 standing 
4 215 452 282 606 32273 0 0 1 standing 
4 199 454 268 608 32274 0 0 1 standing 
4 182 455 254 609 32275 0 0 1 standing 
4 166 456 240 610 32276 0 0 1 standing 
4 150 458 226 612 32277 0 0 0 standing 
4 123 458 199 612 32278 0 0 1 standing 
4 96 459 172 613 32279 0 0 1 standing 
5 466 416 546 543 32260 0 0 0 standing 
5 455 416 535 543 32261 0 0 1 standing 
5 445 416 525 544 32262 0 0 1 standing 
5 435 417 514 545 32263 0 0 1 standing 
5 424 417 504 545 32264 0 0 1 standing 
5 414 418 494 546 32265 0 0 1 standing 
5 404 418 483 547 32266 0 0 1 standing 
5 393 418 473 547 32267 0 0 1 standing 
5 383 419 462 548 32268 0 0 1 standing 
5 373 419 452 549 32269 0 0 1 standing 
5 363 420 442 550 32270 0 0 0 standing 
5 352 420 432 550 32271 0 0 1 standing 
5 341 421 423 551 32272 0 0 1 standing 
5 330 422 414 552 32273 0 0 0 standing 
5 311 423 396 552 32274 0 0 1 standing 
5 292 424 378 553 32275 0 0 1 standing 
5 273 425 360 553 32276 0 0 1 standing 
5 254 427 343 554 32277 0 0 0 standing 
5 229 432 321 555 32278 0 0 1 standing 
5 205 437 299 556 32279 0 0 1 standing 
6 963 458 1050 590 32260 0 0 0 standing 
6 961 455 1047 586 32261 0 0 1 standing 
6 959 452 1044 583 32262 0 0 1 standing 
6 958 449 1041 580 32263 0 0 1 standing 
6 956 446 1038 577 32264 0 0 1 standing 
6 955 443 1035 574 32265 0 0 1 standing 
6 953 440 1032 571 32266 0 0 1 standing 
6 951 437 1029 568 32267 0 0 1 standing 
6 950 434 1026 565 32268 0 0 1 standing 
6 948 431 1023 562 32269 0 0 1 standing 
6 947 428 1020 559 32270 0 0 0 standing 
6 941 426 1013 557 32271 0 0 1 standing 
6 935 424 1006 555 32272 0 0 1 standing 
6 929 422 1000 553 32273 0 0 0 standing 
6 919 421 991 552 32274 0 0 1 standing 
6 910 421 982 552 32275 0 0 1 standing 
6 901 420 973 551 32276 0 0 1 standing 
6 892 420 964 551 32277 0 0 0 standing 
6 872 421 944 552 32278 0 0 1 standing 
6 852 422 924 553 32279 0 0 1 standing 
7 363 362 441 476 32260 0 0 0 standing 
7 360 360 437 474 32261 0 0 1 standing 
7 358 358 434 473 32262 0 0 1 standing 
7 356 356 431 472 32263 0 0 1 standing 
7 354 354 427 470 32264 0 0 1 standing 
7 352 353 424 469 32265 0 0 1 standing 
7 349 351 421 468 32266 0 0 1 standing 
7 347 349 417 466 32267 0 0 1 standing 
7 345 347 414 465 32268 0 0 1 standing 
7 343 345 411 464 32269 0 0 1 standing 
7 341 344 408 463 32270 0 0 0 standing 
7 337 343 401 462 32271 0 0 1 standing 
7 333 342 395 461 32272 0 0 1 standing 
7 330 341 389 460 32273 0 0 0 standing 
7 318 344 376 463 32274 0 0 1 standing 
7 306 348 364 466 32275 0 0 1 standing 
7 294 351 351 469 32276 0 0 1 standing 
7 282 355 339 473 32277 0 0 0 standing 
7 257 356 318 474 32278 0 0 1 standing 
7 233 357 297 475 32279 0 0 1 standing 
8 1119 366 1196 523 32260 0 0 0 standing 
8 1112 365 1188 522 32261 0 0 1 standing 
8 1106 364 1180 521 32262 0 0 1 standing 
8 1100 364 1172 520 32263 0 0 1 standing 
8 1094 363 1164 520 32264 0 0 1 standing 
8 1088 363 1156 519 32265 0 0 1 standing 
8 1081 362 1148 518 32266 0 0 1 standing 
8 1075 361 1140 518 32267 0 0 1 standing 
8 1069 361 1132 517 32268 0 0 1 standing 
8 1063 360 1124 516 32269 0 0 1 standing 
8 1057 360 1117 516 32270 0 0 0 standing 
8 1048 358 1102 507 32271 0 0 1 standing 
8 1039 357 1087 499 32272 0 0 1 standing 
8 1031 356 1072 491 32273 0 0 0 standing 
8 1012 358 1057 492 32274 0 0 1 standing 
8 993 360 1043 493 32275 0 0 1 standing 
8 974 362 1029 494 32276 0 0 1 standing 
8 955 364 1015 495 32277 0 0 0 standing 
8 931 364 990 492 32278 0 0 1 standing 
8 907 364 966 490 32279 0 0 1 standing 
9 251 381 318 535 32260 0 0 0 standing 
9 248 380 314 534 32261 0 0 1 standing 
9 245 380 311 534 32262 0 0 1 standing 
9 243 380 307 534 32263 0 0 1 standing 
9 240 380 304 534 32264 0 0 1 standing 
9 238 380 300 534 32265 0 0 1 standing 
9 235 380 297 533 32266 0 0 1 standing 
9 232 380 293 533 32267 0 0 1 standing 
9 230 380 290 533 32268 0 0 1 standing 
9 227 380 286 533 32269 0 0 1 standing 
9 225 380 283 533 32270 0 0 0 standing 
9 218 378 272 531 32271 0 0 1 standing 
9 211 376 262 529 32272 0 0 1 standing 
9 205 374 252 528 32273 0 0 0 standing 
9 190 373 238 526 32274 0 0 1 standing 
9 176 372 225 525 32275 0 0 1 standing 
9 161 371 212 523 32276 0 0 1 standing 
9 147 370 199 522 32277 0 0 0 standing 
9 124 374 175 526 32278 0 0 1 standing 
9 101 378 152 530 32279 0 0 1 standing 
10 944 337 1009 477 32260 0 0 0 standing 
10 938 336 1003 474 32261 0 0 1 standing 
10 933 335 998 472 32262 0 0 1 standing 
10 928 334 992 470 32263 0 0 1 standing 
10 922 334 987 468 32264 0 0 1 standing 
10 917 333 981 466 32265 0 0 1 standing 
10 912 332 976 463 32266 0 0 1 standing 
10 906 332 970 461 32267 0 0 1 standing 
10 901 331 965 459 32268 0 0 1 standing 
10 896 330 959 457 32269 0 0 1 standing 
10 891 330 954 455 32270 0 0 0 standing 
10 883 329 942 454 32271 0 0 1 standing 
10 875 329 930 454 32272 0 0 1 standing 
10 867 329 919 454 32273 0 0 0 standing 
10 850 328 903 453 32274 0 0 1 standing 
10 834 328 887 453 32275 0 0 1 standing 
10 817 328 871 452 32276 0 0 1 standing 
10 801 328 856 452 32277 0 0 0 standing 
10 793 327 849 452 32278 0 0 1 standing 
10 785 327 842 452 32279 0 0 1 standing 
11 676 402 735 565 32260 0 0 0 standing 
11 670 400 733 561 32261 0 0 1 moving 
11 665 399 731 557 32262 0 0 1 moving 
11 659 398 729 553 32263 0 0 1 moving 
11 654 397 727 550 32264 0 0 1 moving 
11 649 396 725 546 32265 0 0 1 moving 
11 643 394 723 542 32266 0 0 1 moving 
11 638 393 721 539 32267 0 0 1 moving 
11 632 392 719 535 32268 0 0 1 moving 
11 627 391 717 531 32269 0 0 1 moving 
11 622 390 716 528 32270 0 0 0 moving 
11 619 389 707 527 32271 0 0 1 moving 
11 616 388 698 526 32272 0 0 1 moving 
11 613 388 689 525 32273 0 0 0 moving 
11 601 387 677 524 32274 0 0 1 moving 
11 589 387 666 524 32275 0 0 1 moving 
11 577 386 655 523 32276 0 0 1 moving 
11 566 386 644 523 32277 0 0 0 moving 
11 544 385 623 522 32278 0 0 1 moving 
11 523 385 602 522 32279 0 0 1 moving 
