0 650 384 712 501 52215 0 1 0 setting 
0 650 384 712 501 52216 0 1 1 setting 
0 651 384 713 501 52217 0 1 1 setting 
0 651 384 713 501 52218 0 1 1 setting 
0 652 384 714 501 52219 0 1 0 setting 
0 656 378 718 502 52220 0 1 1 setting 
0 661 373 722 503 52221 0 1 1 setting 
0 666 367 727 504 52222 0 1 1 setting 
0 671 362 731 506 52223 0 1 1 setting 
0 676 356 736 507 52224 0 1 1 setting 
0 681 351 740 508 52225 0 1 1 setting 
0 686 346 745 510 52226 0 1 0 setting 
0 690 349 750 511 52227 0 1 1 setting 
0 695 353 756 512 52228 0 1 1 setting 
0 699 357 761 513 52229 0 1 1 setting 
0 704 361 767 514 52230 0 1 1 setting 
0 708 365 772 515 52231 0 1 1 setting 
0 713 369 778 516 52232 0 1 1 setting 
0 717 373 783 517 52233 0 1 1 setting 
0 722 377 789 518 52234 0 1 1 setting 
1 368 413 447 528 52215 0 0 0 setting 
1 365 409 445 527 52216 0 0 1 moving 
1 363 405 444 527 52217 0 0 1 moving 
1 361 401 443 527 52218 0 0 0 moving 
1 362 396 445 528 52219 0 0 1 moving 
1 363 392 448 529 52220 0 0 1 moving 
1 364 388 451 530 52221 0 0 0 moving 
1 370 384 452 526 52222 0 0 1 moving 
1 377 380 454 523 52223 0 0 1 moving 
1 384 377 456 520 52224 0 0 0 moving 
1 389 376 461 519 52225 0 0 1 moving 
1 394 375 466 518 52226 0 0 1 moving 
1 400 374 471 518 52227 0 0 0 moving 
1 410 373 473 518 52228 0 0 1 moving 
1 420 372 475 519 52229 0 0 1 moving 
1 431 371 478 520 52230 0 0 0 moving 
1 435 371 483 520 52231 0 0 1 moving 
1 439 371 488 520 52232 0 0 1 moving 
1 444 372 493 520 52233 0 0 1 moving 
1 448 372 498 520 52234 0 0 1 moving 
2 431 331 485 452 52215 0 0 0 moving 
2 432 332 485 454 52216 0 0 1 moving 
2 434 333 486 456 52217 0 0 1 moving 
2 435 334 487 458 52218 0 0 1 moving 
2 437 335 488 460 52219 0 0 1 moving 
2 438 336 488 462 52220 0 0 1 moving 
2 440 337 489 464 52221 0 0 1 moving 
2 441 338 490 466 52222 0 0 1 moving 
2 443 339 491 468 52223 0 0 1 moving 
2 445 340 492 470 52224 0 0 0 moving 
2 448 340 495 469 52225 0 0 1 moving 
2 452 340 499 468 52226 0 0 1 moving 
2 456 341 503 467 52227 0 0 0 moving 
2 459 341 505 470 52228 0 0 1 moving 
2 462 341 508 474 52229 0 0 1 moving 
2 465 341 511 478 52230 0 0 0 moving 
2 467 343 514 480 52231 0 0 1 moving 
2 469 345 517 482 52232 0 0 1 moving 
2 472 348 521 485 52233 0 0 1 moving 
2 474 350 524 487 52234 0 0 1 moving 
3 512 388 563 535 52215 0 0 0 moving 
3 508 396 559 544 52216 0 0 1 standing 
3 504 404 555 553 52217 0 0 1 standing 
3 501 413 552 562 52218 0 0 0 standing 
3 500 412 553 561 52219 0 0 1 standing 
3 500 412 554 560 52220 0 0 1 standing 
3 500 412 555 560 52221 0 0 0 standing 
3 505 409 560 559 52222 0 0 1 standing 
3 511 406 565 558 52223 0 0 1 standing 
3 517 403 571 557 52224 0 0 0 standing 
3 520 406 581 556 52225 0 0 1 standing 
3 523 409 592 556 52226 0 0 1 standing 
3 526 413 603 556 52227 0 0 0 standing 
3 532 416 613 557 52228 0 0 1 standing 
3 538 420 623 558 52229 0 0 1 standing 
3 545 424 634 560 52230 0 0 0 standing 
3 552 423 640 563 52231 0 0 1 standing 
3 559 423 646 566 52232 0 0 1 standing 
3 566 422 652 569 52233 0 0 1 standing 
3 573 422 658 572 52234 0 0 1 standing 
4 510 393 593 534 52215 0 0 0 standing 
4 504 398 587 537 52216 0 0 1 standing 
4 499 403 581 541 52217 0 0 1 standing 
4 494 409 576 545 52218 0 0 0 standing 
4 492 409 573 555 52219 0 0 1 standing 
4 490 409 571 565 52220 0 0 1 standing 
4 488 409 569 575 52221 0 0 0 standing 
4 489 413 570 574 52222 0 0 1 standing 
4 491 417 572 573 52223 0 0 1 standing 
4 493 422 574 573 52224 0 0 0 standing 
4 506 424 577 570 52225 0 0 1 standing 
4 519 426 580 567 52226 0 0 1 standing 
4 532 428 583 564 52227 0 0 0 standing 
4 536 431 590 567 52228 0 0 1 standing 
4 541 435 597 571 52229 0 0 1 standing 
4 546 439 605 575 52230 0 0 0 standing 
4 551 442 615 579 52231 0 0 1 standing 
4 556 445 626 583 52232 0 0 1 standing 
4 561 448 637 587 52233 0 0 1 standing 
4 566 451 648 591 52234 0 0 1 standing 
5 834 369 899 463 52215 0 0 0 standing 
5 829 367 897 461 52216 0 0 1 standing 
5 824 365 896 460 52217 0 0 1 standing 
5 820 364 895 459 52218 0 0 0 standing 
5 815 362 892 461 52219 0 0 1 standing 
5 810 360 889 463 52220 0 0 1 standing 
5 805 359 886 466 52221 0 0 0 standing 
5 801 359 879 466 52222 0 0 1 standing 
5 797 359 872 466 52223 0 0 1 standing 
5 793 359 865 466 52224 0 0 0 standing 
5 788 356 859 467 52225 0 0 1 standing 
5 783 354 853 469 52226 0 0 1 standing 
5 778 352 848 471 52227 0 0 0 standing 
5 774 353 841 471 52228 0 0 1 standing 
5 770 354 835 472 52229 0 0 1 standing 
5 766 355 829 473 52230 0 0 0 standing 
5 758 355 822 474 52231 0 0 1 standing 
5 750 356 816 475 52232 0 0 1 standing 
5 742 357 809 476 52233 0 0 1 standing 
5 734 358 803 477 52234 0 0 1 standing 
6 936 456 1002 557 52215 0 0 0 standing 
6 923 453 996 558 52216 0 0 1 standing 
6 910 451 990 560 52217 0 0 1 standing 
6 898 449 985 562 52218 0 0 0 standing 
6 890 447 978 562 52219 0 0 1 standing 
6 882 445 971 562 52220 0 0 1 standing 
6 875 443 964 562 52221 0 0 0 standing 
6 872 439 949 562 52222 0 0 1 standing 
6 870 435 935 562 52223 0 0 1 standing 
6 868 431 921 562 52224 0 0 0 standing 
6 864 429 916 560 52225 0 0 1 standing 
6 860 427 911 558 52226 0 0 1 standing 
6 857 425 906 557 52227 0 0 0 standing 
6 850 427 902 556 52228 0 0 1 standing 
6 844 430 899 556 52229 0 0 1 standing 
6 838 433 896 556 52230 0 0 0 standing 
6 834 434 893 557 52231 0 0 1 standing 
6 830 436 891 559 52232 0 0 1 standing 
6 826 438 888 561 52233 0 0 1 standing 
6 822 440 886 563 52234 0 0 1 standing 
7 949 389 1017 495 52215 0 0 0 standing 
7 946 388 1015 494 52216 0 0 1 standing 
7 944 387 1013 493 52217 0 0 1 standing 
7 942 386 1012 492 52218 0 0 0 standing 
7 941 382 1012 492 52219 0 0 1 standing 
7 941 378 1012 492 52220 0 0 1 standing 
7 941 374 1012 492 52221 0 0 0 standing 
7 949 373 1013 491 52222 0 0 1 standing 
7 958 372 1014 490 52223 0 0 1 standing 
7 967 371 1016 490 52224 0 0 0 standing 
7 972 371 1022 491 52225 0 0 1 standing 
7 977 372 1028 492 52226 0 0 1 standing 
7 982 373 1034 493 52227 0 0 0 standing 
7 987 373 1046 493 52228 0 0 1 standing 
7 993 373 1058 493 52229 0 0 1 standing 
7 999 374 1070 494 52230 0 0 0 standing 
7 1003 375 1075 493 52231 0 0 1 standing 
7 1008 376 1081 493 52232 0 0 1 standing 
7 1013 377 1087 492 52233 0 0 1 standing 
7 1018 378 1093 492 52234 0 0 1 standing 
8 320 429 386 580 52215 0 0 0 standing 
8 320 426 389 577 52216 0 0 1 moving 
8 320 424 392 574 52217 0 0 1 moving 
8 320 422 395 572 52218 0 0 0 moving 
8 322 423 399 572 52219 0 0 1 moving 
8 325 424 404 573 52220 0 0 1 moving 
8 328 425 409 574 52221 0 0 0 moving 
8 330 423 410 570 52222 0 0 1 moving 
8 333 422 411 567 52223 0 0 1 moving 
8 336 421 412 564 52224 0 0 0 moving 
8 345 420 413 564 52225 0 0 1 moving 
8 354 419 415 565 52226 0 0 1 moving 
8 364 418 417 566 52227 0 0 0 moving 
8 372 416 425 566 52228 0 0 1 moving 
8 381 414 434 566 52229 0 0 1 moving 
8 390 412 443 566 52230 0 0 0 moving 
8 393 412 449 566 52231 0 0 1 moving 
8 396 412 455 566 52232 0 0 1 moving 
8 399 412 461 566 52233 0 0 1 moving 
8 402 412 467 566 52234 0 0 1 moving 
9 283 399 332 528 52215 0 0 0 moving 
9 280 398 330 528 52216 0 0 1 standing 
9 277 397 328 529 52217 0 0 1 standing 
9 274 397 326 530 52218 0 0 0 standing 
9 274 396 326 529 52219 0 0 1 standing 
9 274 395 326 528 52220 0 0 1 standing 
9 274 394 327 527 52221 0 0 1 standing 
9 274 393 327 526 52222 0 0 1 standing 
9 274 392 327 525 52223 0 0 1 standing 
9 275 391 328 524 52224 0 0 0 standing 
9 269 391 328 523 52225 0 0 1 standing 
9 263 391 329 522 52226 0 0 1 standing 
9 258 391 330 522 52227 0 0 0 standing 
9 258 393 327 523 52228 0 0 1 standing 
9 259 395 325 525 52229 0 0 1 standing 
9 260 397 323 527 52230 0 0 0 standing 
9 257 396 317 526 52231 0 0 1 standing 
9 255 396 312 526 52232 0 0 1 standing 
9 253 395 307 526 52233 0 0 1 standing 
9 251 395 302 526 52234 0 0 1 standing 
10 217 406 278 549 52215 0 0 0 standing 
10 220 406 278 550 52216 0 0 1 standing 
10 224 406 279 551 52217 0 0 1 standing 
10 228 407 280 552 52218 0 0 0 standing 
10 232 405 282 551 52219 0 0 1 standing 
10 236 404 284 550 52220 0 0 1 standing 
10 241 403 287 550 52221 0 0 0 standing 
10 246 405 298 550 52222 0 0 1 standing 
10 251 407 309 550 52223 0 0 1 standing 
10 256 409 320 550 52224 0 0 0 standing 
10 258 410 324 552 52225 0 0 1 standing 
10 260 411 328 554 52226 0 0 1 standing 
10 262 413 332 556 52227 0 0 0 standing 
10 265 413 337 556 52228 0 0 1 standing 
10 268 414 343 557 52229 0 0 1 standing 
10 272 415 349 558 52230 0 0 0 standing 
10 278 415 351 559 52231 0 0 1 standing 
10 284 415 354 560 52232 0 0 1 standing 
10 291 415 356 562 52233 0 0 1 standing 
10 297 415 359 563 52234 0 0 1 standing 
11 73 382 139 514 52215 0 0 0 standing 
11 72 380 138 515 52216 0 0 1 standing 
11 71 378 137 516 52217 0 0 1 standing 
11 71 376 136 518 52218 0 0 0 standing 
11 76 375 137 515 52219 0 0 1 standing 
11 81 374 139 512 52220 0 0 1 standing 
11 87 373 141 509 52221 0 0 0 standing 
11 92 372 144 506 52222 0 0 1 standing 
11 97 371 147 503 52223 0 0 1 standing 
11 103 370 150 500 52224 0 0 0 standing 
11 106 371 156 498 52225 0 0 1 standing 
11 109 372 163 497 52226 0 0 1 standing 
11 112 373 170 496 52227 0 0 0 standing 
11 116 373 174 496 52228 0 0 1 standing 
11 120 373 178 496 52229 0 0 1 standing 
11 124 374 182 497 52230 0 0 0 standing 
11 128 373 185 495 52231 0 0 1 standing 
11 133 372 188 493 52232 0 0 1 standing 
11 137 371 191 492 52233 0 0 1 standing 
11 142 370 194 490 52234 0 0 1 standing 
