0 719 472 776 610 64485 0 1 0 setting 
0 720 463 777 607 64486 0 1 1 setting 
0 722 455 779 604 64487 0 1 1 setting 
0 724 447 781 601 64488 0 1 1 setting 
0 726 439 782 598 64489 0 1 1 setting 
0 728 431 784 595 64490 0 1 1 setting 
0 729 423 786 592 64491 0 1 1 setting 
0 731 415 787 589 64492 0 1 1 setting 
0 733 407 789 586 64493 0 1 1 setting 
0 735 399 791 583 64494 0 1 1 setting 
0 737 391 793 580 64495 0 1 0 setting 
0 740 397 795 581 64496 0 1 1 setting 
0 743 403 798 582 64497 0 1 1 setting 
0 746 409 801 583 64498 0 1 1 setting 
0 749 415 804 584 64499 0 1 1 setting 
0 752 422 807 586 64500 0 1 1 setting 
0 755 428 810 587 64501 0 1 1 setting 
0 758 434 813 588 64502 0 1 1 setting 
0 761 440 816 589 64503 0 1 1 setting 
0 764 446 819 590 64504 0 1 1 setting 
1 925 556 1011 700 64485 0 1 0 setting 
1 926 557 1011 700 64486 0 1 1 moving 
1 927 558 1012 701 64487 0 1 1 moving 
1 928 559 1013 701 64488 0 1 1 moving 
1 929 560 1014 702 64489 0 1 1 moving 
1 930 561 1015 702 64490 0 1 1 moving 
1 931 562 1015 703 64491 0 1 1 moving 
1 932 563 1016 703 64492 0 1 1 moving 
1 933 564 1017 704 64493 0 1 1 moving 
1 934 565 1018 704 64494 0 1 1 moving 
1 935 566 1019 705 64495 0 1 0 moving 
1 931 566 1015 704 64496 0 1 1 moving 
1 928 567 1011 703 64497 0 1 1 moving 
1 925 567 1008 703 64498 0 1 1 moving 
1 922 568 1004 702 64499 0 1 1 moving 
1 919 568 1001 702 64500 0 1 1 moving 
1 915 569 997 701 64501 0 1 1 moving 
1 912 569 993 700 64502 0 1 1 moving 
1 909 570 990 700 64503 0 1 1 moving 
1 906 570 986 699 64504 0 1 1 moving 
2 953 367 1010 493 64485 0 0 0 moving 
2 954 367 1012 493 64486 0 0 1 moving 
2 956 367 1015 493 64487 0 0 1 moving 
2 958 368 1018 494 64488 0 0 0 moving 
2 957 368 1018 494 64489 0 0 1 moving 
2 956 369 1019 494 64490 0 0 1 moving 
2 956 370 1020 495 64491 0 0 0 moving 
2 955 371 1022 496 64492 0 0 1 moving 
2 954 372 1025 497 64493 0 0 1 moving 
2 953 374 1028 499 64494 0 0 0 moving 
2 952 374 1023 494 64495 0 0 1 moving 
2 951 375 1019 490 64496 0 0 1 moving 
2 950 376 1015 486 64497 0 0 0 moving 
2 945 377 1017 487 64498 0 0 1 moving 
2 941 378 1019 488 64499 0 0 1 moving 
2 937 379 1021 489 64500 0 0 0 moving 
2 936 379 1018 488 64501 0 0 1 moving 
2 935 379 1015 488 64502 0 0 1 moving 
2 934 379 1012 488 64503 0 0 1 moving 
2 933 379 1009 488 64504 0 0 1 moving 
3 1040 450 1093 591 64485 0 0 0 moving 
3 1040 450 1092 590 64486 0 0 1 standing 
3 1040 450 1091 590 64487 0 0 1 standing 
3 1040 450 1091 590 64488 0 0 0 standing 
3 1042 451 1091 592 64489 0 0 1 standing 
3 1044 453 1091 595 64490 0 0 1 standing 
3 1046 455 1091 598 64491 0 0 0 standing 
3 1047 453 1092 596 64492 0 0 1 standing 
3 1048 451 1093 594 64493 0 0 1 standing 
3 1049 450 1094 593 64494 0 0 0 standing 
3 1052 450 1097 593 64495 0 0 1 standing 
3 1055 450 1100 593 64496 0 0 1 standing 
3 1059 450 1104 593 64497 0 0 0 standing 
3 1064 451 1108 593 64498 0 0 1 standing 
3 1069 452 1113 593 64499 0 0 1 standing 
3 1074 453 1118 593 64500 0 0 0 standing 
3 1077 455 1122 593 64501 0 0 1 standing 
3 1080 458 1126 594 64502 0 0 1 standing 
3 1083 460 1131 594 64503 0 0 1 standing 
3 1086 463 1135 595 64504 0 0 1 standing 
4 857 483 933 573 64485 0 0 0 standing 
4 858 480 935 572 64486 0 0 1 standing 
4 860 477 937 572 64487 0 0 1 standing 
4 862 475 940 572 64488 0 0 0 standing 
4 865 471 942 573 64489 0 0 1 standing 
4 868 467 945 575 64490 0 0 1 standing 
4 871 464 948 577 64491 0 0 0 standing 
4 873 459 950 576 64492 0 0 1 standing 
4 875 455 952 575 64493 0 0 1 standing 
4 878 451 955 574 64494 0 0 0 standing 
4 884 453 961 576 64495 0 0 1 standing 
4 890 455 967 579 64496 0 0 1 standing 
4 896 457 973 582 64497 0 0 0 standing 
4 900 460 978 581 64498 0 0 1 standing 
4 904 463 983 581 64499 0 0 1 standing 
4 909 467 989 581 64500 0 0 0 standing 
4 913 468 993 582 64501 0 0 1 standing 
4 917 469 997 583 64502 0 0 1 standing 
4 922 471 1001 585 64503 0 0 1 standing 
4 926 472 1005 586 64504 0 0 1 standing 
5 801 581 914 657 64485 0 0 0 standing 
5 801 581 914 657 64486 0 0 1 falling 
5 801 581 914 657 64487 0 0 1 falling 
5 802 581 915 657 64488 0 0 0 falling 
5 805 580 914 656 64489 0 0 1 falling 
5 808 579 914 656 64490 0 0 1 falling 
5 811 579 914 656 64491 0 0 1 falling 
5 814 578 914 656 64492 0 0 1 falling 
5 817 577 914 656 64493 0 0 1 falling 
5 820 577 914 656 64494 0 0 0 falling 
5 825 573 913 658 64495 0 0 1 falling 
5 830 570 913 660 64496 0 0 1 falling 
5 836 567 913 662 64497 0 0 0 falling 
5 841 562 918 662 64498 0 0 1 falling 
5 846 557 923 662 64499 0 0 1 falling 
5 852 552 928 663 64500 0 0 0 falling 
5 856 547 927 663 64501 0 0 1 falling 
5 860 542 926 663 64502 0 0 1 falling 
5 864 537 925 663 64503 0 0 1 falling 
5 868 532 924 663 64504 0 0 1 falling 
6 536 453 590 595 64485 0 0 0 falling 
6 536 453 590 595 64486 0 0 1 standing 
6 537 453 590 595 64487 0 0 1 standing 
6 538 454 590 596 64488 0 0 0 standing 
6 540 453 592 596 64489 0 0 1 standing 
6 542 453 594 596 64490 0 0 1 standing 
6 545 453 596 597 64491 0 0 0 standing 
6 546 453 599 597 64492 0 0 1 standing 
6 547 454 602 597 64493 0 0 1 standing 
6 548 455 605 598 64494 0 0 0 standing 
6 550 455 608 598 64495 0 0 1 standing 
6 553 456 611 599 64496 0 0 1 standing 
6 556 457 615 600 64497 0 0 0 standing 
6 561 459 621 602 64498 0 0 1 standing 
6 566 461 627 604 64499 0 0 1 standing 
6 572 463 633 606 64500 0 0 0 standing 
6 574 465 635 606 64501 0 0 1 standing 
6 576 467 637 606 64502 0 0 1 standing 
6 579 469 639 606 64503 0 0 1 standing 
6 581 471 641 606 64504 0 0 1 standing 
7 538 437 585 569 64485 0 0 0 standing 
7 539 437 586 568 64486 0 0 1 standing 
7 541 437 588 568 64487 0 0 1 standing 
7 543 437 590 568 64488 0 0 1 standing 
7 544 437 591 567 64489 0 0 1 standing 
7 546 437 593 567 64490 0 0 1 standing 
7 548 437 595 567 64491 0 0 0 standing 
7 549 437 597 566 64492 0 0 1 standing 
7 550 437 599 565 64493 0 0 1 standing 
7 551 437 601 564 64494 0 0 0 standing 
7 555 439 604 569 64495 0 0 1 standing 
7 559 441 608 575 64496 0 0 1 standing 
7 563 443 612 581 64497 0 0 0 standing 
7 566 444 615 582 64498 0 0 1 standing 
7 569 445 618 583 64499 0 0 1 standing 
7 573 446 622 584 64500 0 0 0 standing 
7 576 444 625 583 64501 0 0 1 standing 
7 580 443 629 583 64502 0 0 1 standing 
7 583 442 632 582 64503 0 0 1 standing 
7 587 441 636 582 64504 0 0 1 standing 
8 541 419 587 549 64485 0 0 0 standing 
8 542 418 588 548 64486 0 0 1 standing 
8 543 418 589 548 64487 0 0 1 standing 
8 544 418 590 548 64488 0 0 1 standing 
8 545 418 591 548 64489 0 0 1 standing 
8 546 418 592 548 64490 0 0 1 standing 
8 548 418 594 548 64491 0 0 0 standing 
8 551 418 597 548 64492 0 0 1 standing 
8 555 418 601 548 64493 0 0 1 standing 
8 559 418 605 548 64494 0 0 0 standing 
8 560 420 606 550 64495 0 0 1 standing 
8 562 422 608 552 64496 0 0 1 standing 
8 564 424 610 554 64497 0 0 0 standing 
8 567 426 613 556 64498 0 0 1 standing 
8 571 428 617 558 64499 0 0 1 standing 
8 575 430 621 560 64500 0 0 0 standing 
8 578 429 624 559 64501 0 0 1 standing 
8 581 429 627 559 64502 0 0 1 standing 
8 584 429 630 559 64503 0 0 0 standing 
8 584 429 630 559 64504 0 0 1 standing 
9 188 514 249 643 64485 0 0 0 standing 
9 187 514 244 643 64486 0 0 1 standing 
9 186 514 239 644 64487 0 0 1 standing 
9 185 514 234 645 64488 0 0 0 standing 
9 179 514 232 647 64489 0 0 1 standing 
9 173 515 231 649 64490 0 0 1 standing 
9 168 516 230 652 64491 0 0 0 standing 
9 170 516 229 651 64492 0 0 1 standing 
9 172 516 228 650 64493 0 0 1 standing 
9 175 517 228 649 64494 0 0 0 standing 
9 174 515 227 649 64495 0 0 1 standing 
9 173 514 226 650 64496 0 0 1 standing 
9 172 513 226 651 64497 0 0 0 standing 
9 168 513 226 650 64498 0 0 1 standing 
9 165 513 226 650 64499 0 0 1 standing 
9 162 513 226 650 64500 0 0 0 standing 
9 163 514 230 648 64501 0 0 1 standing 
9 164 515 234 647 64502 0 0 1 standing 
9 166 517 239 646 64503 0 0 0 standing 
9 166 517 239 646 64504 0 0 1 standing 
10 181 412 218 540 64485 0 0 0 standing 
10 181 411 219 539 64486 0 0 1 standing 
10 181 410 220 538 64487 0 0 1 standing 
10 181 410 222 537 64488 0 0 0 standing 
10 181 410 224 536 64489 0 0 1 standing 
10 181 410 226 536 64490 0 0 1 standing 
10 181 410 228 536 64491 0 0 0 standing 
10 183 409 230 535 64492 0 0 1 standing 
10 185 409 232 535 64493 0 0 1 standing 
10 188 409 235 535 64494 0 0 0 standing 
10 191 409 238 535 64495 0 0 1 standing 
10 194 409 241 535 64496 0 0 1 standing 
10 197 409 244 535 64497 0 0 0 standing 
10 198 409 247 535 64498 0 0 1 standing 
10 200 409 250 535 64499 0 0 1 standing 
10 202 409 254 535 64500 0 0 0 standing 
10 206 410 260 535 64501 0 0 1 standing 
10 210 411 266 535 64502 0 0 1 standing 
10 215 412 272 535 64503 0 0 1 standing 
10 219 413 278 535 64504 0 0 1 standing 
11 28 457 85 599 64485 0 0 0 standing 
11 26 457 81 599 64486 0 0 1 standing 
11 24 458 77 600 64487 0 0 1 standing 
11 23 459 73 601 64488 0 0 0 standing 
11 21 459 77 600 64489 0 0 1 standing 
11 19 459 81 600 64490 0 0 1 standing 
11 17 459 86 600 64491 0 0 0 standing 
11 19 459 87 600 64492 0 0 1 standing 
11 21 459 88 600 64493 0 0 1 standing 
11 23 459 89 600 64494 0 0 0 standing 
11 25 458 86 599 64495 0 0 1 standing 
11 28 457 83 598 64496 0 0 1 standing 
11 31 457 81 598 64497 0 0 0 standing 
11 32 457 81 598 64498 0 0 1 standing 
11 34 457 81 598 64499 0 0 1 standing 
11 36 457 81 598 64500 0 0 0 standing 
11 34 457 83 598 64501 0 0 1 standing 
11 33 457 85 598 64502 0 0 1 standing 
11 31 458 87 598 64503 0 0 1 standing 
11 30 458 89 598 64504 0 0 1 standing 
