0 135 491 213 644 38900 0 1 0 standing 
0 136 491 214 644 38901 0 1 1 standing 
0 137 491 215 644 38902 0 1 1 standing 
0 138 492 216 645 38903 0 1 1 standing 
0 140 492 218 645 38904 0 1 1 standing 
0 141 493 219 646 38905 0 1 1 standing 
0 142 493 220 646 38906 0 1 1 standing 
0 144 494 222 647 38907 0 1 0 standing 
0 140 494 218 647 38908 0 1 1 standing 
0 136 495 214 648 38909 0 1 1 standing 
0 132 496 210 649 38910 0 1 1 standing 
0 129 497 207 650 38911 0 1 1 standing 
0 125 498 203 651 38912 0 1 1 standing 
0 121 499 199 652 38913 0 1 1 standing 
0 118 500 196 653 38914 0 1 1 standing 
0 114 501 192 654 38915 0 1 1 standing 
0 110 502 188 655 38916 0 1 1 standing 
0 107 503 185 656 38917 0 1 1 standing 
0 103 504 181 657 38918 0 1 1 standing 
0 99 505 177 658 38919 0 1 1 standing 
1 195 439 263 585 38900 0 1 0 standing 
1 200 438 268 585 38901 0 1 1 standing 
1 205 438 273 585 38902 0 1 1 standing 
1 210 438 278 585 38903 0 1 1 standing 
1 215 438 284 585 38904 0 1 1 standing 
1 221 438 289 585 38905 0 1 1 standing 
1 226 437 294 585 38906 0 1 1 standing 
1 231 437 300 585 38907 0 1 1 standing 
1 236 437 305 585 38908 0 1 1 standing 
1 241 437 310 585 38909 0 1 1 standing 
1 247 437 316 585 38910 0 1 0 standing 
1 249 437 318 585 38911 0 1 1 standing 
1 251 438 320 586 38912 0 1 1 standing 
1 253 438 322 587 38913 0 1 1 standing 
1 255 439 324 587 38914 0 1 1 standing 
1 257 440 326 588 38915 0 1 1 standing 
1 259 440 328 589 38916 0 1 1 standing 
1 261 441 330 589 38917 0 1 1 standing 
1 263 441 332 590 38918 0 1 1 standing 
1 265 442 334 591 38919 0 1 1 standing 
2 425 500 506 636 38900 0 1 0 standing 
2 425 498 504 634 38901 0 1 1 standing 
2 426 497 502 633 38902 0 1 1 standing 
2 427 496 500 632 38903 0 1 1 standing 
2 428 495 498 631 38904 0 1 1 standing 
2 429 494 496 630 38905 0 1 1 standing 
2 429 492 494 628 38906 0 1 1 standing 
2 430 491 492 627 38907 0 1 1 standing 
2 431 490 490 626 38908 0 1 1 standing 
2 432 489 488 625 38909 0 1 1 standing 
2 433 488 486 624 38910 0 1 0 standing 
2 429 487 482 623 38911 0 1 1 standing 
2 426 487 479 623 38912 0 1 1 standing 
2 423 486 476 622 38913 0 1 1 standing 
2 420 486 473 622 38914 0 1 1 standing 
2 417 485 470 622 38915 0 1 1 standing 
2 413 485 466 621 38916 0 1 1 standing 
2 410 484 463 621 38917 0 1 1 standing 
2 407 484 460 620 38918 0 1 1 standing 
2 404 483 457 620 38919 0 1 1 standing 
3 423 417 493 565 38900 0 1 0 standing 
3 425 417 495 566 38901 0 1 1 standing 
3 428 418 498 567 38902 0 1 1 standing 
3 431 419 501 568 38903 0 1 1 standing 
3 433 420 503 569 38904 0 1 1 standing 
3 436 421 506 570 38905 0 1 1 standing 
3 439 422 509 571 38906 0 1 1 standing 
3 441 423 511 572 38907 0 1 1 standing 
3 444 424 514 573 38908 0 1 1 standing 
3 447 425 517 574 38909 0 1 1 standing 
3 450 426 520 575 38910 0 1 0 standing 
3 446 426 516 575 38911 0 1 1 standing 
3 442 427 512 576 38912 0 1 1 standing 
3 438 428 509 577 38913 0 1 1 standing 
3 435 428 505 577 38914 0 1 1 standing 
3 431 429 502 578 38915 0 1 1 standing 
3 427 430 498 579 38916 0 1 1 standing 
3 424 430 494 579 38917 0 1 1 standing 
3 420 431 491 580 38918 0 1 1 standing 
3 416 432 487 581 38919 0 1 1 standing 
4 522 439 602 600 38900 0 1 0 standing 
4 521 438 601 599 38901 0 1 1 standing 
4 520 438 600 599 38902 0 1 1 standing 
4 519 438 599 599 38903 0 1 1 standing 
4 518 438 598 599 38904 0 1 1 standing 
4 518 438 597 599 38905 0 1 1 standing 
4 517 437 596 598 38906 0 1 1 standing 
4 516 437 595 598 38907 0 1 1 standing 
4 515 437 594 598 38908 0 1 1 standing 
4 514 437 593 598 38909 0 1 1 standing 
4 514 437 592 598 38910 0 1 0 standing 
4 511 437 589 598 38911 0 1 1 standing 
4 508 437 586 598 38912 0 1 1 standing 
4 505 437 583 598 38913 0 1 1 standing 
4 502 437 580 598 38914 0 1 1 standing 
4 499 437 577 598 38915 0 1 1 standing 
4 496 437 574 598 38916 0 1 1 standing 
4 493 437 571 598 38917 0 1 1 standing 
4 490 437 568 598 38918 0 1 1 standing 
4 487 437 565 598 38919 0 1 1 standing 
5 474 491 541 659 38900 0 1 0 standing 
5 475 488 542 656 38901 0 1 1 standing 
5 477 486 543 654 38902 0 1 1 standing 
5 478 484 545 652 38903 0 1 1 standing 
5 480 481 546 649 38904 0 1 1 standing 
5 482 479 548 647 38905 0 1 1 standing 
5 483 477 549 645 38906 0 1 1 standing 
5 485 474 550 642 38907 0 1 1 standing 
5 486 472 552 640 38908 0 1 1 standing 
5 488 470 553 638 38909 0 1 1 standing 
5 490 468 555 636 38910 0 1 0 standing 
5 487 467 552 635 38911 0 1 1 standing 
5 484 467 549 635 38912 0 1 1 standing 
5 481 467 546 635 38913 0 1 1 standing 
5 478 467 543 635 38914 0 1 1 standing 
5 475 467 540 635 38915 0 1 1 standing 
5 472 467 537 635 38916 0 1 1 standing 
5 469 467 534 635 38917 0 1 1 standing 
5 466 467 531 635 38918 0 1 1 standing 
5 463 467 528 635 38919 0 1 1 standing 
6 683 500 740 668 38900 0 0 0 standing 
6 687 500 745 668 38901 0 0 1 standing 
6 692 500 750 668 38902 0 0 1 standing 
6 697 501 755 669 38903 0 0 1 standing 
6 702 501 760 669 38904 0 0 1 standing 
6 707 502 765 670 38905 0 0 1 standing 
6 712 502 770 670 38906 0 0 1 standing 
6 717 502 775 670 38907 0 0 1 standing 
6 722 503 780 671 38908 0 0 1 standing 
6 727 503 785 671 38909 0 0 1 standing 
6 732 504 790 672 38910 0 0 0 standing 
6 732 504 790 672 38911 0 0 1 standing 
6 732 504 790 672 38912 0 0 1 standing 
6 732 504 790 672 38913 0 0 1 standing 
6 732 504 790 672 38914 0 0 1 standing 
6 732 504 790 672 38915 0 0 1 standing 
6 732 504 790 672 38916 0 0 1 standing 
6 732 504 790 672 38917 0 0 1 standing 
6 732 504 790 672 38918 0 0 1 standing 
6 732 504 790 672 38919 0 0 1 standing 
7 740 537 803 683 38900 0 0 0 standing 
7 746 536 809 684 38901 0 0 1 standing 
7 753 536 816 686 38902 0 0 1 standing 
7 759 536 822 687 38903 0 0 1 standing 
7 766 536 829 689 38904 0 0 1 standing 
7 773 536 836 691 38905 0 0 1 standing 
7 779 536 842 692 38906 0 0 1 standing 
7 786 536 849 694 38907 0 0 1 standing 
7 792 536 855 695 38908 0 0 1 standing 
7 799 536 862 697 38909 0 0 1 standing 
7 806 536 869 699 38910 0 0 0 standing 
7 808 535 871 698 38911 0 0 1 standing 
7 810 534 873 697 38912 0 0 1 standing 
7 812 534 875 697 38913 0 0 1 standing 
7 814 533 878 696 38914 0 0 1 standing 
7 816 533 880 696 38915 0 0 1 standing 
7 818 532 882 695 38916 0 0 1 standing 
7 820 531 885 694 38917 0 0 1 standing 
7 822 531 887 694 38918 0 0 1 standing 
7 824 530 889 693 38919 0 0 1 standing 
8 797 408 858 561 38900 0 0 0 standing 
8 802 407 863 560 38901 0 0 1 standing 
8 807 406 868 560 38902 0 0 1 standing 
8 812 406 873 559 38903 0 0 1 standing 
8 817 405 878 559 38904 0 0 1 standing 
8 822 405 883 558 38905 0 0 1 standing 
8 827 404 888 558 38906 0 0 1 standing 
8 832 403 893 557 38907 0 0 1 standing 
8 837 403 898 557 38908 0 0 1 standing 
8 842 402 903 556 38909 0 0 1 standing 
8 848 402 909 556 38910 0 0 0 standing 
8 848 402 909 556 38911 0 0 1 standing 
8 848 402 909 556 38912 0 0 1 standing 
8 848 402 909 556 38913 0 0 1 standing 
8 848 402 909 556 38914 0 0 1 standing 
8 848 402 909 556 38915 0 0 1 standing 
8 848 402 909 556 38916 0 0 1 standing 
8 848 402 909 556 38917 0 0 1 standing 
8 848 402 909 556 38918 0 0 1 standing 
8 848 402 909 556 38919 0 0 1 standing 
9 887 359 942 501 38900 0 0 0 standing 
9 890 358 945 500 38901 0 0 1 standing 
9 894 358 949 500 38902 0 0 1 standing 
9 898 358 953 500 38903 0 0 1 standing 
9 902 357 957 500 38904 0 0 1 standing 
9 906 357 961 500 38905 0 0 1 standing 
9 909 357 964 499 38906 0 0 1 standing 
9 913 356 968 499 38907 0 0 1 standing 
9 917 356 972 499 38908 0 0 1 standing 
9 921 356 976 499 38909 0 0 1 standing 
9 925 356 980 499 38910 0 0 0 standing 
9 925 356 980 499 38911 0 0 1 standing 
9 925 356 980 499 38912 0 0 1 standing 
9 925 356 980 499 38913 0 0 1 standing 
9 925 356 980 499 38914 0 0 1 standing 
9 925 356 980 499 38915 0 0 1 standing 
9 925 356 980 499 38916 0 0 1 standing 
9 925 356 980 499 38917 0 0 1 standing 
9 925 356 980 499 38918 0 0 1 standing 
9 925 356 980 499 38919 0 0 1 standing 
10 1082 428 1141 577 38900 0 0 0 standing 
10 1084 426 1143 575 38901 0 0 1 standing 
10 1086 425 1145 574 38902 0 0 1 standing 
10 1088 423 1147 572 38903 0 0 1 standing 
10 1090 422 1149 571 38904 0 0 1 standing 
10 1092 420 1151 570 38905 0 0 1 standing 
10 1094 419 1153 568 38906 0 0 1 standing 
10 1096 417 1155 567 38907 0 0 1 standing 
10 1098 416 1157 565 38908 0 0 1 standing 
10 1100 414 1159 564 38909 0 0 1 standing 
10 1102 413 1161 563 38910 0 0 0 standing 
10 1099 411 1158 561 38911 0 0 1 standing 
10 1096 409 1155 559 38912 0 0 1 standing 
10 1093 407 1152 557 38913 0 0 1 standing 
10 1090 405 1149 555 38914 0 0 1 standing 
10 1087 404 1146 554 38915 0 0 1 standing 
10 1084 402 1143 552 38916 0 0 1 standing 
10 1081 400 1140 550 38917 0 0 1 standing 
10 1078 398 1137 548 38918 0 0 1 standing 
10 1075 396 1134 546 38919 0 0 1 standing 
11 793 393 919 453 38900 0 0 0 standing 
11 795 390 918 451 38901 0 0 1 falling 
11 798 387 918 449 38902 0 0 1 falling 
11 801 384 918 447 38903 0 0 1 falling 
11 804 381 918 446 38904 0 0 1 falling 
11 807 379 918 444 38905 0 0 1 falling 
11 809 376 917 442 38906 0 0 1 falling 
11 812 373 917 441 38907 0 0 1 falling 
11 815 370 917 439 38908 0 0 1 falling 
11 818 367 917 437 38909 0 0 1 falling 
11 821 365 917 436 38910 0 0 0 falling 
11 820 363 916 435 38911 0 0 1 falling 
11 820 362 916 434 38912 0 0 1 falling 
11 820 361 916 433 38913 0 0 1 falling 
11 820 360 916 432 38914 0 0 1 falling 
11 820 359 916 431 38915 0 0 1 falling 
11 820 358 915 430 38916 0 0 1 falling 
11 820 357 915 429 38917 0 0 1 falling 
11 820 356 915 428 38918 0 0 1 falling 
11 820 355 915 427 38919 0 0 1 falling 
