0 266 418 334 552 48510 0 1 0 setting 
0 259 413 325 550 48511 0 1 1 setting 
0 252 409 317 549 48512 0 1 1 setting 
0 246 404 309 548 48513 0 1 1 setting 
0 239 400 301 547 48514 0 1 1 setting 
0 233 396 293 546 48515 0 1 0 setting 
0 228 386 286 543 48516 0 1 1 setting 
0 223 376 279 540 48517 0 1 1 setting 
0 219 366 273 537 48518 0 1 0 setting 
0 212 366 270 536 48519 0 1 1 setting 
0 206 367 267 536 48520 0 1 1 setting 
0 200 367 264 536 48521 0 1 1 setting 
0 193 368 261 536 48522 0 1 1 setting 
0 187 368 258 536 48523 0 1 1 setting 
0 181 369 255 536 48524 0 1 0 setting 
0 174 373 245 536 48525 0 1 1 setting 
0 168 377 235 536 48526 0 1 1 setting 
0 162 381 225 536 48527 0 1 1 setting 
0 156 385 215 536 48528 0 1 1 setting 
0 150 389 205 536 48529 0 1 1 setting 
1 294 320 351 434 48510 0 1 0 setting 
1 295 320 352 434 48511 0 1 1 moving 
1 297 320 354 434 48512 0 1 1 moving 
1 299 320 356 434 48513 0 1 1 moving 
1 301 320 358 434 48514 0 1 1 moving 
1 303 320 360 434 48515 0 1 1 moving 
1 304 320 361 434 48516 0 1 1 moving 
1 306 320 363 434 48517 0 1 1 moving 
1 308 320 365 434 48518 0 1 1 moving 
1 310 320 367 434 48519 0 1 1 moving 
1 312 321 369 435 48520 0 1 0 moving 
1 316 320 373 432 48521 0 1 1 moving 
1 320 320 378 429 48522 0 1 1 moving 
1 324 320 383 426 48523 0 1 1 moving 
1 328 320 388 424 48524 0 1 0 moving 
1 329 320 393 423 48525 0 1 1 moving 
1 331 320 399 423 48526 0 1 1 moving 
1 333 320 404 423 48527 0 1 1 moving 
1 334 320 410 423 48528 0 1 1 moving 
1 336 320 415 423 48529 0 1 1 moving 
2 1147 417 1214 548 48510 0 0 0 moving 
2 1146 417 1213 545 48511 0 0 1 standing 
2 1145 417 1212 543 48512 0 0 1 standing 
2 1144 417 1211 541 48513 0 0 1 standing 
2 1143 417 1210 539 48514 0 0 1 standing 
2 1143 417 1209 537 48515 0 0 1 standing 
2 1142 417 1208 535 48516 0 0 1 standing 
2 1141 417 1207 533 48517 0 0 1 standing 
2 1140 417 1206 531 48518 0 0 1 standing 
2 1139 417 1205 529 48519 0 0 1 standing 
2 1139 418 1205 527 48520 0 0 0 standing 
2 1138 417 1204 526 48521 0 0 1 standing 
2 1137 416 1203 525 48522 0 0 1 standing 
2 1136 415 1202 524 48523 0 0 1 standing 
2 1136 414 1202 523 48524 0 0 1 standing 
2 1135 413 1201 522 48525 0 0 1 standing 
2 1134 412 1200 521 48526 0 0 1 standing 
2 1134 411 1200 520 48527 0 0 1 standing 
2 1133 410 1199 519 48528 0 0 1 standing 
2 1132 409 1198 518 48529 0 0 1 standing 
3 135 481 224 658 48510 0 1 0 standing 
3 132 481 221 657 48511 0 1 1 moving 
3 129 481 219 657 48512 0 1 1 moving 
3 126 481 217 657 48513 0 1 1 moving 
3 123 482 215 656 48514 0 1 1 moving 
3 120 482 213 656 48515 0 1 1 moving 
3 117 482 210 656 48516 0 1 1 moving 
3 114 483 208 655 48517 0 1 1 moving 
3 111 483 206 655 48518 0 1 1 moving 
3 108 483 204 655 48519 0 1 1 moving 
3 106 484 202 655 48520 0 1 0 moving 
3 105 484 202 654 48521 0 1 1 moving 
3 105 484 203 653 48522 0 1 1 moving 
3 105 484 204 652 48523 0 1 1 moving 
3 105 484 205 652 48524 0 1 0 moving 
3 109 482 211 650 48525 0 1 1 moving 
3 114 480 218 649 48526 0 1 1 moving 
3 119 478 224 648 48527 0 1 1 moving 
3 124 476 231 647 48528 0 1 1 moving 
3 129 474 237 646 48529 0 1 1 moving 
4 105 391 184 531 48510 0 0 0 moving 
4 107 390 185 529 48511 0 0 1 standing 
4 109 389 187 528 48512 0 0 1 standing 
4 112 388 189 526 48513 0 0 1 standing 
4 114 388 191 525 48514 0 0 1 standing 
4 117 387 193 523 48515 0 0 1 standing 
4 119 386 194 522 48516 0 0 1 standing 
4 121 386 196 520 48517 0 0 1 standing 
4 124 385 198 519 48518 0 0 1 standing 
4 126 384 200 517 48519 0 0 1 standing 
4 129 384 202 516 48520 0 0 0 standing 
4 133 382 203 514 48521 0 0 1 standing 
4 137 380 205 512 48522 0 0 1 standing 
4 142 378 207 510 48523 0 0 1 standing 
4 146 377 209 508 48524 0 0 1 standing 
4 151 375 211 507 48525 0 0 1 standing 
4 155 373 213 505 48526 0 0 1 standing 
4 159 372 215 503 48527 0 0 1 standing 
4 164 370 217 501 48528 0 0 1 standing 
4 168 368 219 499 48529 0 0 1 standing 
5 446 378 527 523 48510 0 0 0 standing 
5 447 377 526 522 48511 0 0 1 standing 
5 448 376 525 521 48512 0 0 1 standing 
5 449 375 524 521 48513 0 0 1 standing 
5 451 375 523 520 48514 0 0 1 standing 
5 452 374 522 520 48515 0 0 1 standing 
5 453 373 521 519 48516 0 0 1 standing 
5 455 373 520 519 48517 0 0 0 standing 
5 457 372 522 518 48518 0 0 1 standing 
5 460 371 524 517 48519 0 0 1 standing 
5 463 371 526 517 48520 0 0 0 standing 
5 463 371 528 517 48521 0 0 1 standing 
5 463 371 530 517 48522 0 0 1 standing 
5 463 371 532 517 48523 0 0 1 standing 
5 463 372 534 517 48524 0 0 0 standing 
5 464 370 533 516 48525 0 0 1 standing 
5 466 369 532 515 48526 0 0 1 standing 
5 468 367 531 514 48527 0 0 1 standing 
5 470 366 530 513 48528 0 0 1 standing 
5 472 364 529 512 48529 0 0 1 standing 
6 255 360 304 480 48510 0 0 0 standing 
6 256 360 305 480 48511 0 0 1 moving 
6 258 360 307 480 48512 0 0 1 moving 
6 259 360 308 480 48513 0 0 1 moving 
6 261 360 310 480 48514 0 0 1 moving 
6 263 360 312 480 48515 0 0 1 moving 
6 264 360 313 480 48516 0 0 1 moving 
6 266 360 315 480 48517 0 0 1 moving 
6 267 360 316 480 48518 0 0 1 moving 
6 269 360 318 480 48519 0 0 1 moving 
6 271 360 320 480 48520 0 0 0 moving 
6 272 359 322 479 48521 0 0 1 moving 
6 274 358 325 478 48522 0 0 1 moving 
6 276 357 327 478 48523 0 0 1 moving 
6 277 356 330 477 48524 0 0 1 moving 
6 279 355 332 476 48525 0 0 1 moving 
6 281 355 335 476 48526 0 0 1 moving 
6 282 354 338 475 48527 0 0 1 moving 
6 284 353 340 474 48528 0 0 1 moving 
6 286 352 343 474 48529 0 0 1 moving 
7 1029 355 1088 467 48510 0 0 0 moving 
7 1027 354 1088 466 48511 0 0 1 standing 
7 1026 354 1088 465 48512 0 0 1 standing 
7 1025 354 1089 465 48513 0 0 1 standing 
7 1024 353 1089 464 48514 0 0 1 standing 
7 1022 353 1090 464 48515 0 0 1 standing 
7 1021 353 1090 463 48516 0 0 1 standing 
7 1020 352 1091 463 48517 0 0 1 standing 
7 1019 352 1091 462 48518 0 0 1 standing 
7 1018 352 1092 462 48519 0 0 0 standing 
7 1022 351 1094 460 48520 0 0 1 standing 
7 1027 350 1097 459 48521 0 0 1 standing 
7 1031 349 1100 458 48522 0 0 1 standing 
7 1036 348 1103 457 48523 0 0 1 standing 
7 1041 347 1106 456 48524 0 0 0 standing 
7 1043 346 1108 455 48525 0 0 1 standing 
7 1045 345 1111 455 48526 0 0 1 standing 
7 1048 345 1114 455 48527 0 0 1 standing 
7 1050 344 1117 454 48528 0 0 1 standing 
7 1052 343 1120 454 48529 0 0 1 standing 
8 1053 471 1130 602 48510 0 0 0 standing 
8 1057 471 1137 601 48511 0 0 1 standing 
8 1062 471 1144 600 48512 0 0 1 standing 
8 1067 472 1151 600 48513 0 0 1 standing 
8 1072 472 1158 599 48514 0 0 1 standing 
8 1077 472 1165 598 48515 0 0 1 standing 
8 1082 473 1172 598 48516 0 0 1 standing 
8 1086 473 1179 597 48517 0 0 1 standing 
8 1091 473 1186 596 48518 0 0 1 standing 
8 1096 474 1193 596 48519 0 0 1 standing 
8 1101 474 1200 595 48520 0 0 1 standing 
8 1106 474 1207 594 48521 0 0 1 standing 
8 1111 475 1215 594 48522 0 0 0 standing 
8 1115 475 1215 593 48523 0 0 1 standing 
8 1119 475 1216 592 48524 0 0 1 standing 
8 1123 475 1217 591 48525 0 0 1 standing 
8 1127 475 1218 590 48526 0 0 1 standing 
8 1131 475 1219 589 48527 0 0 1 standing 
8 1135 475 1220 588 48528 0 0 1 standing 
8 1139 475 1221 587 48529 0 0 1 standing 
9 746 446 818 574 48510 0 0 0 standing 
9 745 445 815 573 48511 0 0 1 standing 
9 744 445 813 573 48512 0 0 1 standing 
9 743 445 810 573 48513 0 0 1 standing 
9 743 445 808 572 48514 0 0 1 standing 
9 742 445 806 572 48515 0 0 1 standing 
9 741 444 803 572 48516 0 0 1 standing 
9 741 444 801 571 48517 0 0 1 standing 
9 740 444 798 571 48518 0 0 1 standing 
9 739 444 796 571 48519 0 0 1 standing 
9 739 444 794 571 48520 0 0 0 standing 
9 737 443 795 569 48521 0 0 1 standing 
9 735 442 797 568 48522 0 0 1 standing 
9 733 441 799 567 48523 0 0 1 standing 
9 731 440 801 566 48524 0 0 1 standing 
9 729 439 803 565 48525 0 0 1 standing 
9 727 438 804 564 48526 0 0 1 standing 
9 725 437 806 563 48527 0 0 1 standing 
9 723 436 808 562 48528 0 0 1 standing 
9 721 435 810 561 48529 0 0 1 standing 
10 735 368 787 486 48510 0 0 0 standing 
10 733 367 785 485 48511 0 0 1 standing 
10 731 367 783 485 48512 0 0 1 standing 
10 729 367 781 485 48513 0 0 1 standing 
10 727 367 779 485 48514 0 0 1 standing 
10 725 367 777 485 48515 0 0 1 standing 
10 723 367 775 485 48516 0 0 1 standing 
10 721 367 773 485 48517 0 0 1 standing 
10 719 367 771 485 48518 0 0 1 standing 
10 717 367 769 485 48519 0 0 1 standing 
10 715 367 767 485 48520 0 0 0 standing 
10 713 366 764 483 48521 0 0 1 standing 
10 711 365 761 482 48522 0 0 1 standing 
10 709 364 759 481 48523 0 0 1 standing 
10 707 363 756 480 48524 0 0 1 standing 
10 705 362 754 479 48525 0 0 1 standing 
10 703 361 751 478 48526 0 0 1 standing 
10 701 360 748 477 48527 0 0 1 standing 
10 699 359 746 476 48528 0 0 1 standing 
10 697 358 743 475 48529 0 0 1 standing 
11 724 398 785 535 48510 0 0 0 standing 
11 721 397 782 534 48511 0 0 1 standing 
11 719 397 780 533 48512 0 0 1 standing 
11 717 397 778 532 48513 0 0 1 standing 
11 715 397 776 531 48514 0 0 1 standing 
11 713 397 774 530 48515 0 0 1 standing 
11 711 397 771 529 48516 0 0 1 standing 
11 709 397 769 528 48517 0 0 1 standing 
11 707 397 767 527 48518 0 0 1 standing 
11 705 397 765 526 48519 0 0 1 standing 
11 703 397 763 526 48520 0 0 0 standing 
11 701 395 761 525 48521 0 0 1 standing 
11 699 393 759 524 48522 0 0 1 standing 
11 697 392 757 523 48523 0 0 1 standing 
11 695 390 755 522 48524 0 0 1 standing 
11 693 389 753 522 48525 0 0 1 standing 
11 691 387 751 521 48526 0 0 1 standing 
11 689 385 749 520 48527 0 0 1 standing 
11 687 384 747 519 48528 0 0 1 standing 
11 685 382 745 518 48529 0 0 1 standing 
