0 61 407 119 543 32060 0 0 0 waiting 
0 60 406 118 542 32061 0 0 1 waiting 
0 59 405 118 541 32062 0 0 1 waiting 
0 59 404 118 541 32063 0 0 0 waiting 
0 64 404 123 541 32064 0 0 1 waiting 
0 69 404 128 541 32065 0 0 1 waiting 
0 74 404 133 541 32066 0 0 1 waiting 
0 80 404 139 541 32067 0 0 0 waiting 
0 93 405 152 542 32068 0 0 1 waiting 
0 107 406 165 543 32069 0 0 1 waiting 
0 121 407 179 544 32070 0 0 0 waiting 
0 137 406 195 543 32071 0 0 1 waiting 
0 153 405 211 542 32072 0 0 1 waiting 
0 169 404 227 541 32073 0 0 1 waiting 
0 185 403 243 540 32074 0 0 1 waiting 
0 202 403 260 540 32075 0 0 0 waiting 
0 226 402 284 539 32076 0 0 1 waiting 
0 250 401 308 538 32077 0 0 1 waiting 
0 274 400 333 538 32078 0 0 1 waiting 
0 298 399 357 537 32079 0 0 1 waiting 
1 245 342 318 455 32060 0 0 0 waiting 
1 244 341 316 454 32061 0 0 1 standing 
1 243 340 315 453 32062 0 0 1 standing 
1 242 339 314 452 32063 0 0 0 standing 
1 246 338 318 451 32064 0 0 1 standing 
1 251 338 322 451 32065 0 0 1 standing 
1 255 337 326 450 32066 0 0 1 standing 
1 260 337 331 450 32067 0 0 0 standing 
1 271 337 343 450 32068 0 0 1 standing 
1 282 337 355 450 32069 0 0 1 standing 
1 294 337 367 451 32070 0 0 0 standing 
1 312 337 384 450 32071 0 0 1 standing 
1 330 337 402 450 32072 0 0 1 standing 
1 348 337 420 450 32073 0 0 1 standing 
1 366 337 438 450 32074 0 0 1 standing 
1 384 337 456 450 32075 0 0 0 standing 
1 409 337 481 450 32076 0 0 1 standing 
1 435 337 507 450 32077 0 0 1 standing 
1 461 337 533 451 32078 0 0 1 standing 
1 487 337 559 451 32079 0 0 1 standing 
2 243 432 350 564 32060 0 0 0 standing 
2 252 431 355 565 32061 0 0 1 standing 
2 261 430 360 566 32062 0 0 1 standing 
2 271 429 366 567 32063 0 0 0 standing 
2 284 428 375 568 32064 0 0 1 standing 
2 297 427 385 569 32065 0 0 1 standing 
2 310 426 395 570 32066 0 0 1 standing 
2 324 425 405 571 32067 0 0 1 standing 
2 337 424 415 572 32068 0 0 1 standing 
2 350 423 425 573 32069 0 0 1 standing 
2 364 422 435 575 32070 0 0 0 standing 
2 384 424 455 577 32071 0 0 1 standing 
2 404 426 475 579 32072 0 0 1 standing 
2 424 429 495 582 32073 0 0 1 standing 
2 444 431 515 584 32074 0 0 1 standing 
2 465 434 536 587 32075 0 0 0 standing 
2 490 436 561 589 32076 0 0 1 standing 
2 515 438 586 591 32077 0 0 1 standing 
2 541 441 612 594 32078 0 0 1 standing 
2 566 443 637 596 32079 0 0 1 standing 
3 497 410 601 530 32060 0 0 0 standing 
3 496 409 596 529 32061 0 0 1 standing 
3 496 409 591 529 32062 0 0 1 standing 
3 495 409 586 529 32063 0 0 1 standing 
3 495 409 581 528 32064 0 0 1 standing 
3 494 409 576 528 32065 0 0 1 standing 
3 494 409 571 528 32066 0 0 1 standing 
3 494 409 566 528 32067 0 0 0 standing 
3 500 410 572 529 32068 0 0 1 standing 
3 507 411 579 530 32069 0 0 1 standing 
3 514 412 585 531 32070 0 0 1 standing 
3 521 413 592 532 32071 0 0 0 standing 
3 534 415 605 534 32072 0 0 1 standing 
3 547 417 618 536 32073 0 0 1 standing 
3 560 419 631 538 32074 0 0 1 standing 
3 573 422 644 541 32075 0 0 0 standing 
3 596 423 667 541 32076 0 0 1 standing 
3 619 424 691 542 32077 0 0 1 standing 
3 643 425 715 543 32078 0 0 1 standing 
3 666 426 739 544 32079 0 0 1 standing 
4 611 335 651 464 32060 0 1 0 standing 
4 616 318 656 454 32061 0 1 1 blocking 
4 621 302 662 445 32062 0 1 1 blocking 
4 626 285 668 436 32063 0 1 1 blocking 
4 631 269 674 427 32064 0 1 0 blocking 
4 637 260 682 420 32065 0 1 1 blocking 
4 644 251 691 414 32066 0 1 1 blocking 
4 651 242 699 408 32067 0 1 1 blocking 
4 658 234 708 402 32068 0 1 0 blocking 
4 673 233 724 402 32069 0 1 1 blocking 
4 689 233 740 402 32070 0 1 1 blocking 
4 705 233 756 402 32071 0 1 1 blocking 
4 721 233 772 403 32072 0 1 1 blocking 
4 737 232 788 403 32073 0 1 1 blocking 
4 753 232 804 403 32074 0 1 1 blocking 
4 769 232 820 403 32075 0 1 1 blocking 
4 785 232 837 404 32076 0 1 0 blocking 
4 807 235 859 407 32077 0 1 1 blocking 
4 829 238 881 410 32078 0 1 1 blocking 
4 851 241 903 413 32079 0 1 1 blocking 
5 625 327 667 458 32060 0 1 0 blocking 
5 622 314 668 455 32061 0 1 1 blocking 
5 620 301 670 453 32062 0 1 1 blocking 
5 617 288 672 450 32063 0 1 1 blocking 
5 615 275 674 448 32064 0 1 0 blocking 
5 621 268 682 441 32065 0 1 1 blocking 
5 628 261 690 434 32066 0 1 1 blocking 
5 635 254 698 427 32067 0 1 1 blocking 
5 642 247 706 420 32068 0 1 0 blocking 
5 656 245 722 418 32069 0 1 1 blocking 
5 670 243 739 416 32070 0 1 1 blocking 
5 684 241 755 414 32071 0 1 1 blocking 
5 698 239 772 412 32072 0 1 1 blocking 
5 712 237 789 410 32073 0 1 1 blocking 
5 726 235 805 408 32074 0 1 1 blocking 
5 740 233 822 406 32075 0 1 1 blocking 
5 754 232 839 405 32076 0 1 0 blocking 
5 777 237 857 410 32077 0 1 1 blocking 
5 800 243 875 416 32078 0 1 1 blocking 
5 823 248 893 421 32079 0 1 1 blocking 
6 741 453 800 605 32060 0 0 0 blocking 
6 734 451 796 604 32061 0 0 1 standing 
6 728 449 792 603 32062 0 0 1 standing 
6 722 448 788 602 32063 0 0 0 standing 
6 721 447 790 601 32064 0 0 1 standing 
6 721 446 793 600 32065 0 0 1 standing 
6 720 445 796 599 32066 0 0 1 standing 
6 720 444 799 598 32067 0 0 0 standing 
6 727 443 810 597 32068 0 0 1 standing 
6 735 442 821 596 32069 0 0 1 standing 
6 743 441 832 595 32070 0 0 0 standing 
6 760 440 849 594 32071 0 0 1 standing 
6 777 439 866 593 32072 0 0 1 standing 
6 794 438 883 592 32073 0 0 1 standing 
6 811 437 900 591 32074 0 0 1 standing 
6 829 436 918 591 32075 0 0 0 standing 
6 853 436 942 591 32076 0 0 1 standing 
6 877 437 966 591 32077 0 0 1 standing 
6 902 437 991 591 32078 0 0 1 standing 
6 926 438 1015 591 32079 0 0 1 standing 
7 735 343 798 486 32060 0 0 0 standing 
7 739 345 803 486 32061 0 0 1 standing 
7 744 347 809 486 32062 0 0 1 standing 
7 748 349 815 486 32063 0 0 1 standing 
7 753 351 821 486 32064 0 0 1 standing 
7 758 353 827 486 32065 0 0 1 standing 
7 762 355 833 486 32066 0 0 1 standing 
7 767 357 839 486 32067 0 0 1 standing 
7 771 359 845 486 32068 0 0 1 standing 
7 776 361 851 486 32069 0 0 1 standing 
7 781 364 857 487 32070 0 0 0 standing 
7 800 364 876 487 32071 0 0 1 standing 
7 819 364 895 487 32072 0 0 1 standing 
7 838 365 914 488 32073 0 0 1 standing 
7 857 365 933 488 32074 0 0 1 standing 
7 876 366 952 489 32075 0 0 0 standing 
7 900 366 976 489 32076 0 0 1 standing 
7 924 366 1000 490 32077 0 0 1 standing 
7 948 367 1024 490 32078 0 0 1 standing 
7 972 367 1048 491 32079 0 0 1 standing 
8 812 356 863 497 32060 0 0 0 standing 
8 815 354 867 496 32061 0 0 1 standing 
8 819 353 871 495 32062 0 0 1 standing 
8 823 352 875 494 32063 0 0 1 standing 
8 826 350 879 493 32064 0 0 1 standing 
8 830 349 883 492 32065 0 0 1 standing 
8 834 348 887 491 32066 0 0 1 standing 
8 838 347 891 490 32067 0 0 0 standing 
8 850 349 903 492 32068 0 0 1 standing 
8 863 351 915 494 32069 0 0 1 standing 
8 876 353 928 496 32070 0 0 0 standing 
8 895 351 947 493 32071 0 0 1 standing 
8 915 350 967 491 32072 0 0 1 standing 
8 934 349 986 488 32073 0 0 1 standing 
8 954 348 1006 486 32074 0 0 1 standing 
8 974 347 1026 484 32075 0 0 0 standing 
8 998 349 1050 484 32076 0 0 1 standing 
8 1023 351 1075 484 32077 0 0 1 standing 
8 1047 354 1100 484 32078 0 0 1 standing 
8 1072 356 1125 484 32079 0 0 1 standing 
9 800 267 847 422 32060 0 1 0 standing 
9 801 261 848 416 32061 0 1 1 standing 
9 803 256 850 411 32062 0 1 1 standing 
9 805 250 852 405 32063 0 1 1 standing 
9 807 245 854 400 32064 0 1 1 standing 
9 809 240 856 395 32065 0 1 1 standing 
9 811 234 858 389 32066 0 1 1 standing 
9 813 229 860 384 32067 0 1 1 standing 
9 815 224 862 379 32068 0 1 0 standing 
9 830 228 877 383 32069 0 1 1 standing 
9 845 233 892 388 32070 0 1 1 standing 
9 861 237 908 392 32071 0 1 1 standing 
9 876 242 923 397 32072 0 1 1 standing 
9 891 247 938 402 32073 0 1 1 standing 
9 907 251 954 406 32074 0 1 1 standing 
9 922 256 969 411 32075 0 1 1 standing 
9 938 261 985 416 32076 0 1 0 standing 
9 957 267 1004 422 32077 0 1 1 standing 
9 976 273 1023 428 32078 0 1 1 standing 
9 995 279 1042 434 32079 0 1 1 standing 
10 969 383 1034 539 32060 0 0 0 standing 
10 972 382 1037 538 32061 0 0 1 moving 
10 975 382 1040 538 32062 0 0 1 moving 
10 978 382 1043 538 32063 0 0 0 moving 
10 986 380 1051 536 32064 0 0 1 moving 
10 994 379 1059 535 32065 0 0 1 moving 
10 1002 377 1067 533 32066 0 0 1 moving 
10 1010 376 1075 532 32067 0 0 1 moving 
10 1018 375 1083 531 32068 0 0 0 moving 
10 1040 374 1105 530 32069 0 0 1 moving 
10 1062 374 1127 530 32070 0 0 1 moving 
10 1084 374 1149 530 32071 0 0 1 moving 
10 1106 373 1171 529 32072 0 0 1 moving 
10 1128 373 1193 529 32073 0 0 1 moving 
10 1150 373 1215 529 32074 0 0 1 moving 
10 1173 373 1238 529 32075 1 0 0 moving 
10 1148 375 1213 531 32076 1 0 1 moving 
10 1124 377 1189 533 32077 1 0 1 moving 
10 1099 379 1164 535 32078 1 0 1 moving 
10 1075 381 1140 537 32079 1 0 1 moving 
11 1019 371 1110 485 32060 0 0 0 moving 
11 1020 366 1109 480 32061 0 0 1 moving 
11 1022 361 1108 475 32062 0 0 1 moving 
11 1024 357 1107 470 32063 0 0 0 moving 
11 1029 356 1109 469 32064 0 0 1 moving 
11 1034 355 1112 468 32065 0 0 1 moving 
11 1039 354 1114 467 32066 0 0 1 moving 
11 1044 353 1117 466 32067 0 0 1 moving 
11 1050 353 1120 465 32068 0 0 0 moving 
11 1065 353 1132 465 32069 0 0 1 moving 
11 1080 353 1144 466 32070 0 0 1 moving 
11 1095 354 1157 466 32071 0 0 1 moving 
11 1110 354 1169 467 32072 0 0 1 moving 
11 1125 355 1182 467 32073 0 0 1 moving 
11 1140 355 1194 468 32074 0 0 1 moving 
11 1156 356 1207 469 32075 1 0 0 moving 
11 1138 354 1197 468 32076 1 0 1 moving 
11 1120 353 1187 467 32077 1 0 1 moving 
11 1102 352 1177 466 32078 1 0 1 moving 
11 1084 351 1167 465 32079 1 0 1 moving 
