0 96 398 168 534 34400 0 0 0 standing 
0 92 398 164 534 34401 0 0 1 standing 
0 89 398 161 534 34402 0 0 1 standing 
0 86 398 158 535 34403 0 0 1 standing 
0 83 399 155 535 34404 0 0 1 standing 
0 80 399 152 536 34405 0 0 1 standing 
0 77 399 148 536 34406 0 0 1 standing 
0 74 400 145 536 34407 0 0 1 standing 
0 71 400 142 537 34408 0 0 1 standing 
0 68 400 139 537 34409 0 0 1 standing 
0 65 401 136 538 34410 0 0 0 standing 
0 65 401 136 538 34411 0 0 1 standing 
0 65 401 136 538 34412 0 0 1 standing 
0 65 401 136 538 34413 0 0 1 standing 
0 65 401 136 538 34414 0 0 1 standing 
0 65 401 136 538 34415 0 0 1 standing 
0 65 401 136 538 34416 0 0 1 standing 
0 65 401 136 538 34417 0 0 1 standing 
0 65 401 136 538 34418 0 0 1 standing 
0 65 401 136 538 34419 0 0 1 standing 
1 148 437 183 588 34400 0 0 0 standing 
1 148 437 183 588 34401 0 0 1 standing 
1 148 437 183 588 34402 0 0 1 standing 
1 148 437 183 588 34403 0 0 1 standing 
1 148 437 183 588 34404 0 0 1 standing 
1 148 437 183 588 34405 0 0 1 standing 
1 148 437 183 588 34406 0 0 1 standing 
1 148 437 183 588 34407 0 0 1 standing 
1 148 437 183 588 34408 0 0 1 standing 
1 148 437 183 588 34409 0 0 1 standing 
1 148 437 183 588 34410 0 0 1 standing 
1 148 437 183 588 34411 0 0 1 standing 
1 148 437 183 588 34412 0 0 1 standing 
1 148 437 183 588 34413 0 0 1 standing 
1 148 437 183 588 34414 0 0 1 standing 
1 148 437 183 588 34415 0 0 1 standing 
1 148 437 183 588 34416 0 0 1 standing 
1 148 437 183 588 34417 0 0 1 standing 
1 148 437 183 588 34418 0 0 1 standing 
1 148 437 183 588 34419 0 0 1 standing 
2 336 443 370 587 34400 0 0 0 standing 
2 335 443 369 586 34401 0 0 1 standing 
2 334 443 369 586 34402 0 0 1 standing 
2 333 443 369 586 34403 0 0 1 standing 
2 332 443 369 586 34404 0 0 1 standing 
2 331 443 369 586 34405 0 0 1 standing 
2 330 443 369 586 34406 0 0 1 standing 
2 329 443 369 586 34407 0 0 1 standing 
2 328 443 369 586 34408 0 0 1 standing 
2 327 443 369 586 34409 0 0 1 standing 
2 326 443 369 586 34410 0 0 0 standing 
2 326 443 369 586 34411 0 0 1 standing 
2 326 443 369 586 34412 0 0 1 standing 
2 326 443 369 586 34413 0 0 1 standing 
2 326 443 369 586 34414 0 0 1 standing 
2 326 443 369 586 34415 0 0 1 standing 
2 326 443 369 586 34416 0 0 1 standing 
2 326 443 369 586 34417 0 0 1 standing 
2 326 443 369 586 34418 0 0 1 standing 
2 326 443 369 586 34419 0 0 1 standing 
3 598 392 649 511 34400 0 1 0 standing 
3 600 392 651 511 34401 0 1 1 standing 
3 603 393 654 512 34402 0 1 1 standing 
3 605 393 657 512 34403 0 1 1 standing 
3 608 394 660 513 34404 0 1 1 standing 
3 611 395 663 514 34405 0 1 1 standing 
3 613 395 665 514 34406 0 1 1 standing 
3 616 396 668 515 34407 0 1 1 standing 
3 618 396 671 515 34408 0 1 1 standing 
3 621 397 674 516 34409 0 1 1 standing 
3 624 398 677 517 34410 0 1 0 standing 
3 626 398 679 517 34411 0 1 1 standing 
3 629 398 682 518 34412 0 1 1 standing 
3 632 398 685 518 34413 0 1 1 standing 
3 635 399 688 519 34414 0 1 0 standing 
3 635 399 688 519 34415 0 1 1 standing 
3 635 399 688 519 34416 0 1 1 standing 
3 635 399 688 519 34417 0 1 1 standing 
3 635 399 688 519 34418 0 1 1 standing 
3 635 399 688 519 34419 0 1 1 standing 
4 693 437 730 573 34400 0 1 0 standing 
4 691 435 728 572 34401 0 1 1 standing 
4 690 434 727 571 34402 0 1 1 standing 
4 689 433 726 570 34403 0 1 1 standing 
4 688 432 725 569 34404 0 1 1 standing 
4 687 431 724 568 34405 0 1 1 standing 
4 685 430 722 567 34406 0 1 1 standing 
4 684 429 721 566 34407 0 1 1 standing 
4 683 428 720 565 34408 0 1 1 standing 
4 682 427 719 564 34409 0 1 1 standing 
4 681 426 718 563 34410 0 1 0 standing 
4 680 425 717 562 34411 0 1 1 standing 
4 680 425 717 562 34412 0 1 1 standing 
4 680 424 717 562 34413 0 1 1 standing 
4 680 424 717 562 34414 0 1 0 standing 
4 680 424 717 562 34415 0 1 1 standing 
4 680 424 717 562 34416 0 1 1 standing 
4 680 424 717 562 34417 0 1 1 standing 
4 680 424 717 562 34418 0 1 1 standing 
4 680 424 717 562 34419 0 1 1 standing 
5 776 393 824 527 34400 0 1 0 standing 
5 775 393 823 526 34401 0 1 1 standing 
5 774 393 822 526 34402 0 1 1 standing 
5 773 393 821 526 34403 0 1 1 standing 
5 772 393 820 526 34404 0 1 1 standing 
5 771 393 819 526 34405 0 1 1 standing 
5 770 393 818 526 34406 0 1 1 standing 
5 769 393 817 526 34407 0 1 1 standing 
5 768 393 816 526 34408 0 1 1 standing 
5 767 393 815 526 34409 0 1 1 standing 
5 767 393 814 526 34410 0 1 0 standing 
5 767 393 814 526 34411 0 1 1 standing 
5 767 393 814 526 34412 0 1 1 standing 
5 767 393 814 526 34413 0 1 1 standing 
5 767 393 814 526 34414 0 1 1 standing 
5 767 393 814 526 34415 0 1 1 standing 
5 767 393 814 526 34416 0 1 1 standing 
5 767 393 814 526 34417 0 1 1 standing 
5 767 393 814 526 34418 0 1 1 standing 
5 767 393 814 526 34419 0 1 1 standing 
6 1172 483 1256 620 34400 0 1 0 standing 
6 1170 482 1254 619 34401 0 1 1 moving 
6 1169 482 1253 619 34402 0 1 1 moving 
6 1167 482 1251 619 34403 0 1 1 moving 
6 1166 482 1250 619 34404 0 1 1 moving 
6 1165 482 1249 619 34405 0 1 1 moving 
6 1163 481 1247 619 34406 0 1 1 moving 
6 1162 481 1246 619 34407 0 1 1 moving 
6 1160 481 1244 619 34408 0 1 1 moving 
6 1159 481 1243 619 34409 0 1 1 moving 
6 1158 481 1242 619 34410 0 1 0 moving 
6 1153 479 1237 617 34411 0 1 1 moving 
6 1149 477 1232 615 34412 0 1 1 moving 
6 1144 475 1228 613 34413 0 1 1 moving 
6 1140 473 1223 611 34414 0 1 1 moving 
6 1135 471 1219 609 34415 0 1 1 moving 
6 1131 469 1214 607 34416 0 1 1 moving 
6 1127 468 1210 605 34417 0 1 0 moving 
6 1127 468 1210 605 34418 0 1 1 moving 
6 1127 468 1210 605 34419 0 1 1 moving 
7 220 379 272 516 34400 0 0 0 moving 
7 220 379 272 516 34401 0 0 1 standing 
7 220 379 272 516 34402 0 0 1 standing 
7 220 380 272 517 34403 0 0 1 standing 
7 221 380 273 517 34404 0 0 1 standing 
7 221 381 273 518 34405 0 0 1 standing 
7 221 381 273 518 34406 0 0 1 standing 
7 222 381 274 518 34407 0 0 1 standing 
7 222 382 274 519 34408 0 0 1 standing 
7 222 382 274 519 34409 0 0 1 standing 
7 223 383 275 520 34410 0 0 0 standing 
7 223 383 275 520 34411 0 0 1 standing 
7 223 383 275 520 34412 0 0 1 standing 
7 223 383 275 520 34413 0 0 1 standing 
7 223 383 275 520 34414 0 0 1 standing 
7 223 383 275 520 34415 0 0 1 standing 
7 223 383 275 520 34416 0 0 1 standing 
7 223 383 275 520 34417 0 0 1 standing 
7 223 383 275 520 34418 0 0 1 standing 
7 223 383 275 520 34419 0 0 1 standing 
8 372 381 423 511 34400 0 0 0 standing 
8 372 381 423 511 34401 0 0 1 standing 
8 372 381 423 511 34402 0 0 1 standing 
8 372 381 423 511 34403 0 0 1 standing 
8 372 381 423 511 34404 0 0 1 standing 
8 372 381 423 511 34405 0 0 1 standing 
8 372 381 423 511 34406 0 0 1 standing 
8 372 381 423 511 34407 0 0 1 standing 
8 372 381 423 511 34408 0 0 1 standing 
8 372 381 423 511 34409 0 0 1 standing 
8 372 381 423 511 34410 0 0 1 standing 
8 372 381 423 511 34411 0 0 1 standing 
8 372 381 423 511 34412 0 0 1 standing 
8 372 381 423 511 34413 0 0 1 standing 
8 372 381 423 511 34414 0 0 1 standing 
8 372 381 423 511 34415 0 0 1 standing 
8 372 381 423 511 34416 0 0 1 standing 
8 372 381 423 511 34417 0 0 1 standing 
8 372 381 423 511 34418 0 0 1 standing 
8 372 381 423 511 34419 0 0 1 standing 
9 430 404 486 530 34400 0 0 0 standing 
9 428 404 484 530 34401 0 0 1 standing 
9 427 405 482 531 34402 0 0 1 standing 
9 425 405 481 531 34403 0 0 1 standing 
9 424 406 479 532 34404 0 0 1 standing 
9 422 407 477 533 34405 0 0 1 standing 
9 421 407 476 533 34406 0 0 1 standing 
9 419 408 474 534 34407 0 0 1 standing 
9 418 409 472 535 34408 0 0 1 standing 
9 416 409 471 535 34409 0 0 1 standing 
9 415 410 469 536 34410 0 0 1 standing 
9 414 411 468 537 34411 0 0 0 standing 
9 414 411 468 537 34412 0 0 1 standing 
9 414 411 468 537 34413 0 0 1 standing 
9 414 411 468 537 34414 0 0 1 standing 
9 414 411 468 537 34415 0 0 1 standing 
9 414 411 468 537 34416 0 0 1 standing 
9 414 411 468 537 34417 0 0 1 standing 
9 414 411 468 537 34418 0 0 1 standing 
9 414 411 468 537 34419 0 0 1 standing 
10 718 443 764 572 34400 0 1 0 standing 
10 718 443 764 572 34401 0 1 1 standing 
10 718 443 764 572 34402 0 1 1 standing 
10 718 443 764 572 34403 0 1 1 standing 
10 718 443 764 572 34404 0 1 1 standing 
10 718 443 764 572 34405 0 1 1 standing 
10 718 443 764 572 34406 0 1 1 standing 
10 718 443 764 572 34407 0 1 1 standing 
10 718 443 764 572 34408 0 1 1 standing 
10 718 443 764 572 34409 0 1 1 standing 
10 718 443 764 572 34410 0 1 1 standing 
10 718 443 764 572 34411 0 1 1 standing 
10 718 443 764 572 34412 0 1 1 standing 
10 718 443 764 572 34413 0 1 1 standing 
10 718 443 764 572 34414 0 1 1 standing 
10 718 443 764 572 34415 0 1 1 standing 
10 718 443 764 572 34416 0 1 1 standing 
10 718 443 764 572 34417 0 1 1 standing 
10 718 443 764 572 34418 0 1 1 standing 
10 718 443 764 572 34419 0 1 1 standing 
11 736 389 782 521 34400 0 1 0 standing 
11 735 388 781 520 34401 0 1 1 standing 
11 734 388 780 520 34402 0 1 1 standing 
11 733 388 779 520 34403 0 1 1 standing 
11 732 387 778 520 34404 0 1 1 standing 
11 731 387 777 520 34405 0 1 1 standing 
11 730 387 776 519 34406 0 1 1 standing 
11 729 386 775 519 34407 0 1 1 standing 
11 728 386 774 519 34408 0 1 1 standing 
11 727 386 773 519 34409 0 1 1 standing 
11 727 386 773 519 34410 0 1 0 standing 
11 727 386 773 519 34411 0 1 1 standing 
11 727 386 773 519 34412 0 1 1 standing 
11 727 386 773 519 34413 0 1 1 standing 
11 727 386 773 519 34414 0 1 1 standing 
11 727 386 773 519 34415 0 1 1 standing 
11 727 386 773 519 34416 0 1 1 standing 
11 727 386 773 519 34417 0 1 1 standing 
11 727 386 773 519 34418 0 1 1 standing 
11 727 386 773 519 34419 0 1 1 standing 
