0 492 426 541 546 36005 0 1 0 jumping 
0 494 420 546 545 36006 0 1 1 jumping 
0 497 415 552 544 36007 0 1 1 jumping 
0 499 409 558 543 36008 0 1 1 jumping 
0 502 404 564 542 36009 0 1 1 jumping 
0 505 399 570 542 36010 0 1 0 jumping 
0 505 390 574 534 36011 0 1 1 jumping 
0 506 381 578 526 36012 0 1 1 jumping 
0 507 372 582 518 36013 0 1 1 jumping 
0 508 363 587 510 36014 0 1 0 jumping 
0 510 354 586 506 36015 0 1 1 jumping 
0 512 346 586 502 36016 0 1 1 jumping 
0 514 338 585 498 36017 0 1 1 jumping 
0 516 330 585 494 36018 0 1 1 jumping 
0 519 322 585 491 36019 0 1 0 jumping 
0 522 327 586 489 36020 0 1 1 jumping 
0 525 332 588 487 36021 0 1 1 jumping 
0 528 337 590 485 36022 0 1 1 jumping 
0 531 343 592 484 36023 0 1 0 jumping 
0 530 343 590 484 36024 0 1 1 jumping 
1 586 397 634 554 36005 0 1 0 jumping 
1 585 390 632 547 36006 0 1 1 setting 
1 584 383 630 540 36007 0 1 1 setting 
1 584 376 629 533 36008 0 1 1 setting 
1 583 369 627 526 36009 0 1 1 setting 
1 583 363 626 519 36010 0 1 0 setting 
1 581 364 623 520 36011 0 1 1 setting 
1 580 365 621 521 36012 0 1 1 setting 
1 578 366 619 522 36013 0 1 1 setting 
1 577 367 617 523 36014 0 1 1 setting 
1 576 368 615 524 36015 0 1 0 setting 
1 572 370 611 525 36016 0 1 1 setting 
1 569 373 608 526 36017 0 1 1 setting 
1 566 376 605 527 36018 0 1 1 setting 
1 563 379 601 528 36019 0 1 1 setting 
1 560 382 598 530 36020 0 1 1 setting 
1 556 385 595 531 36021 0 1 1 setting 
1 553 388 591 532 36022 0 1 1 setting 
1 550 391 588 533 36023 0 1 1 setting 
1 547 394 585 534 36024 0 1 1 setting 
2 392 367 450 458 36005 0 1 0 setting 
2 395 365 452 457 36006 0 1 1 standing 
2 399 364 454 456 36007 0 1 1 standing 
2 403 362 457 455 36008 0 1 1 standing 
2 407 361 459 454 36009 0 1 1 standing 
2 411 360 462 454 36010 0 1 0 standing 
2 415 359 464 452 36011 0 1 1 standing 
2 420 359 467 451 36012 0 1 1 standing 
2 425 359 469 450 36013 0 1 1 standing 
2 430 359 472 449 36014 0 1 0 standing 
2 431 356 478 449 36015 0 1 1 standing 
2 432 354 485 449 36016 0 1 1 standing 
2 433 351 492 449 36017 0 1 1 standing 
2 434 349 499 450 36018 0 1 0 standing 
2 439 347 501 448 36019 0 1 1 standing 
2 444 345 503 447 36020 0 1 1 standing 
2 449 344 505 445 36021 0 1 1 standing 
2 454 342 507 444 36022 0 1 1 standing 
2 459 341 509 442 36023 0 1 1 standing 
2 464 339 511 441 36024 0 1 1 standing 
3 61 492 129 637 36005 0 1 0 standing 
3 63 490 134 635 36006 0 1 1 moving 
3 65 489 140 634 36007 0 1 1 moving 
3 67 487 146 633 36008 0 1 1 moving 
3 69 486 152 632 36009 0 1 1 moving 
3 71 484 158 631 36010 0 1 1 moving 
3 73 483 164 630 36011 0 1 1 moving 
3 76 482 170 629 36012 0 1 0 moving 
3 91 483 176 630 36013 0 1 1 moving 
3 106 485 182 631 36014 0 1 1 moving 
3 121 487 189 632 36015 0 1 0 moving 
3 125 484 197 629 36016 0 1 1 moving 
3 129 482 205 626 36017 0 1 1 moving 
3 133 479 213 623 36018 0 1 1 moving 
3 137 477 221 620 36019 0 1 1 moving 
3 141 475 230 618 36020 0 1 0 moving 
3 156 474 238 617 36021 0 1 1 moving 
3 171 473 246 617 36022 0 1 1 moving 
3 186 473 255 616 36023 0 1 1 moving 
3 201 472 263 616 36024 0 1 1 moving 
4 198 413 262 537 36005 0 0 0 moving 
4 196 413 263 535 36006 0 0 1 moving 
4 194 413 265 534 36007 0 0 1 moving 
4 192 413 267 532 36008 0 0 1 moving 
4 190 413 269 531 36009 0 0 1 moving 
4 188 413 271 530 36010 0 0 0 moving 
4 193 411 274 527 36011 0 0 1 moving 
4 199 409 277 525 36012 0 0 1 moving 
4 204 408 281 522 36013 0 0 1 moving 
4 210 406 284 520 36014 0 0 1 moving 
4 216 405 288 518 36015 0 0 0 moving 
4 220 402 294 516 36016 0 0 1 moving 
4 225 400 301 514 36017 0 0 1 moving 
4 230 398 307 512 36018 0 0 1 moving 
4 234 396 314 510 36019 0 0 1 moving 
4 239 394 320 508 36020 0 0 1 moving 
4 244 392 327 506 36021 0 0 1 moving 
4 249 390 334 504 36022 0 0 0 moving 
4 254 388 333 502 36023 0 0 1 moving 
4 259 386 332 501 36024 0 0 1 moving 
5 127 457 203 574 36005 0 0 0 moving 
5 130 454 201 573 36006 0 0 1 standing 
5 134 451 200 572 36007 0 0 1 standing 
5 137 449 199 571 36008 0 0 1 standing 
5 141 446 198 570 36009 0 0 1 standing 
5 145 444 197 570 36010 0 0 0 standing 
5 149 441 200 569 36011 0 0 1 standing 
5 153 438 203 568 36012 0 0 1 standing 
5 157 436 207 568 36013 0 0 1 standing 
5 161 433 210 567 36014 0 0 1 standing 
5 165 431 214 567 36015 0 0 0 standing 
5 163 430 216 566 36016 0 0 1 standing 
5 162 429 218 565 36017 0 0 1 standing 
5 161 429 220 564 36018 0 0 1 standing 
5 160 428 222 563 36019 0 0 1 standing 
5 159 428 224 563 36020 0 0 0 standing 
5 165 423 227 558 36021 0 0 1 standing 
5 171 419 230 554 36022 0 0 1 standing 
5 178 414 233 550 36023 0 0 1 standing 
5 184 410 236 546 36024 0 0 1 standing 
6 643 438 697 575 36005 0 0 0 standing 
6 642 435 694 572 36006 0 0 1 standing 
6 641 433 692 570 36007 0 0 1 standing 
6 640 431 689 568 36008 0 0 1 standing 
6 640 429 687 565 36009 0 0 1 standing 
6 639 427 685 563 36010 0 0 1 standing 
6 638 424 682 561 36011 0 0 1 standing 
6 638 422 680 558 36012 0 0 1 standing 
6 637 420 677 556 36013 0 0 1 standing 
6 636 418 675 554 36014 0 0 1 standing 
6 636 416 673 552 36015 0 0 0 standing 
6 634 413 672 549 36016 0 0 1 standing 
6 632 411 671 547 36017 0 0 1 standing 
6 631 409 671 545 36018 0 0 0 standing 
6 627 408 668 544 36019 0 0 1 standing 
6 624 408 666 543 36020 0 0 1 standing 
6 620 407 664 543 36021 0 0 1 standing 
6 617 407 662 542 36022 0 0 1 standing 
6 613 406 660 541 36023 0 0 1 standing 
6 610 406 658 541 36024 0 0 0 standing 
7 853 499 921 596 36005 0 0 0 standing 
7 852 497 920 595 36006 0 0 1 waiting 
7 852 496 920 594 36007 0 0 1 waiting 
7 852 495 920 593 36008 0 0 1 waiting 
7 852 494 920 592 36009 0 0 1 waiting 
7 852 493 920 592 36010 0 0 1 waiting 
7 852 491 919 591 36011 0 0 1 waiting 
7 852 490 919 590 36012 0 0 1 waiting 
7 852 489 919 589 36013 0 0 1 waiting 
7 852 488 919 588 36014 0 0 1 waiting 
7 852 487 919 588 36015 0 0 0 waiting 
7 851 487 921 588 36016 0 0 1 waiting 
7 851 487 923 589 36017 0 0 1 waiting 
7 851 487 926 590 36018 0 0 0 waiting 
7 849 483 923 588 36019 0 0 1 waiting 
7 847 480 921 586 36020 0 0 1 waiting 
7 845 477 919 584 36021 0 0 1 waiting 
7 844 473 916 582 36022 0 0 1 waiting 
7 842 470 914 580 36023 0 0 1 waiting 
7 840 467 912 578 36024 0 0 1 waiting 
8 881 418 924 525 36005 0 0 0 waiting 
8 877 416 921 522 36006 0 0 1 standing 
8 873 415 919 520 36007 0 0 1 standing 
8 869 414 916 518 36008 0 0 1 standing 
8 865 413 914 516 36009 0 0 1 standing 
8 861 412 912 514 36010 0 0 0 standing 
8 856 412 909 513 36011 0 0 1 standing 
8 852 412 906 512 36012 0 0 1 standing 
8 847 413 903 512 36013 0 0 1 standing 
8 843 413 900 511 36014 0 0 1 standing 
8 839 414 898 511 36015 0 0 0 standing 
8 835 417 894 510 36016 0 0 1 standing 
8 831 421 890 509 36017 0 0 1 standing 
8 828 425 886 509 36018 0 0 0 standing 
8 817 430 882 509 36019 0 0 1 standing 
8 807 436 878 509 36020 0 0 1 standing 
8 797 442 874 509 36021 0 0 0 standing 
8 788 442 868 507 36022 0 0 1 standing 
8 779 442 863 506 36023 0 0 1 standing 
8 771 443 858 505 36024 0 0 0 standing 
9 644 416 694 531 36005 0 0 0 standing 
9 644 415 692 530 36006 0 0 1 standing 
9 644 414 691 529 36007 0 0 1 standing 
9 644 413 689 528 36008 0 0 1 standing 
9 644 413 688 527 36009 0 0 1 standing 
9 644 412 687 527 36010 0 0 1 standing 
9 644 411 685 526 36011 0 0 1 standing 
9 644 411 684 525 36012 0 0 1 standing 
9 644 410 682 524 36013 0 0 1 standing 
9 644 409 681 523 36014 0 0 1 standing 
9 644 409 680 523 36015 0 0 0 standing 
9 641 406 677 520 36016 0 0 1 standing 
9 638 404 674 517 36017 0 0 1 standing 
9 635 402 672 515 36018 0 0 1 standing 
9 632 399 669 512 36019 0 0 1 standing 
9 629 397 667 510 36020 0 0 1 standing 
9 626 395 664 507 36021 0 0 1 standing 
9 623 392 661 504 36022 0 0 1 standing 
9 620 390 659 502 36023 0 0 1 standing 
9 617 388 656 499 36024 0 0 1 standing 
10 658 397 698 513 36005 0 0 0 standing 
10 656 396 696 511 36006 0 0 1 standing 
10 655 396 695 509 36007 0 0 1 standing 
10 654 396 694 507 36008 0 0 1 standing 
10 653 395 692 506 36009 0 0 1 standing 
10 652 395 691 504 36010 0 0 1 standing 
10 650 395 690 502 36011 0 0 1 standing 
10 649 394 688 501 36012 0 0 1 standing 
10 648 394 687 499 36013 0 0 1 standing 
10 647 394 686 497 36014 0 0 1 standing 
10 646 394 685 496 36015 0 0 0 standing 
10 642 393 681 495 36016 0 0 1 standing 
10 638 392 677 494 36017 0 0 1 standing 
10 634 392 673 494 36018 0 0 0 standing 
10 632 389 671 491 36019 0 0 1 standing 
10 630 387 669 489 36020 0 0 1 standing 
10 629 384 668 486 36021 0 0 1 standing 
10 627 382 666 484 36022 0 0 1 standing 
10 626 379 665 481 36023 0 0 1 standing 
10 624 377 663 479 36024 0 0 1 standing 
11 1078 448 1133 556 36005 0 0 0 standing 
11 1076 447 1131 555 36006 0 0 1 waiting 
11 1075 446 1130 555 36007 0 0 1 waiting 
11 1074 445 1128 554 36008 0 0 1 waiting 
11 1072 444 1127 554 36009 0 0 1 waiting 
11 1071 443 1126 554 36010 0 0 1 waiting 
11 1070 442 1124 553 36011 0 0 1 waiting 
11 1068 441 1123 553 36012 0 0 1 waiting 
11 1067 440 1121 552 36013 0 0 1 waiting 
11 1066 439 1120 552 36014 0 0 1 waiting 
11 1065 439 1119 552 36015 0 0 0 waiting 
11 1062 439 1117 550 36016 0 0 1 waiting 
11 1060 439 1115 548 36017 0 0 1 waiting 
11 1058 440 1113 547 36018 0 0 0 waiting 
11 1056 437 1112 545 36019 0 0 1 waiting 
11 1054 435 1111 543 36020 0 0 1 waiting 
11 1052 432 1110 541 36021 0 0 1 waiting 
11 1051 430 1110 540 36022 0 0 1 waiting 
11 1049 427 1109 538 36023 0 0 1 waiting 
11 1047 425 1108 536 36024 0 0 1 waiting 
