0 931 384 999 497 56955 0 1 0 digging 
0 908 382 976 495 56956 0 1 1 digging 
0 886 380 954 493 56957 0 1 1 digging 
0 863 378 931 491 56958 0 1 1 digging 
0 841 376 909 489 56959 0 1 1 digging 
0 818 374 886 487 56960 0 1 1 digging 
0 796 372 864 485 56961 0 1 0 digging 
0 781 369 849 482 56962 0 1 1 digging 
0 767 367 835 480 56963 0 1 1 digging 
0 753 364 821 477 56964 0 1 1 digging 
0 739 362 807 475 56965 0 1 0 digging 
0 733 360 799 476 56966 0 1 1 digging 
0 727 359 792 477 56967 0 1 1 digging 
0 721 357 785 479 56968 0 1 1 digging 
0 715 356 778 480 56969 0 1 1 digging 
0 710 355 771 482 56970 0 1 0 digging 
0 713 354 772 483 56971 0 1 1 digging 
0 716 353 774 485 56972 0 1 1 digging 
0 719 352 776 486 56973 0 1 1 digging 
0 722 351 778 488 56974 0 1 1 digging 
1 651 367 728 489 56955 0 0 0 digging 
1 624 367 701 489 56956 0 0 1 standing 
1 597 367 674 489 56957 0 0 1 standing 
1 570 368 647 489 56958 0 0 0 standing 
1 548 368 625 489 56959 0 0 1 standing 
1 526 368 603 489 56960 0 0 1 standing 
1 505 369 582 489 56961 0 0 0 standing 
1 489 369 562 491 56962 0 0 1 standing 
1 474 369 542 493 56963 0 0 1 standing 
1 459 369 522 496 56964 0 0 0 standing 
1 446 367 504 495 56965 0 0 1 standing 
1 434 365 486 495 56966 0 0 1 standing 
1 422 364 469 495 56967 0 0 0 standing 
1 413 366 465 496 56968 0 0 1 standing 
1 404 368 462 498 56969 0 0 1 standing 
1 396 370 459 500 56970 0 0 0 standing 
1 395 371 458 500 56971 0 0 1 standing 
1 394 373 457 501 56972 0 0 1 standing 
1 394 375 457 502 56973 0 0 1 standing 
1 393 377 456 503 56974 0 0 1 standing 
2 920 415 993 540 56955 0 0 0 standing 
2 902 413 967 538 56956 0 0 1 standing 
2 885 411 941 536 56957 0 0 1 standing 
2 868 410 915 535 56958 0 0 0 standing 
2 851 409 902 536 56959 0 0 1 standing 
2 834 408 889 538 56960 0 0 1 standing 
2 818 407 877 540 56961 0 0 0 standing 
2 804 408 870 541 56962 0 0 1 standing 
2 790 410 864 542 56963 0 0 1 standing 
2 777 412 858 544 56964 0 0 0 standing 
2 767 412 847 544 56965 0 0 1 standing 
2 757 412 836 544 56966 0 0 1 standing 
2 747 412 826 544 56967 0 0 0 standing 
2 741 411 820 543 56968 0 0 1 standing 
2 735 410 814 543 56969 0 0 1 standing 
2 730 410 808 543 56970 0 0 0 standing 
2 734 409 813 543 56971 0 0 1 standing 
2 738 409 819 544 56972 0 0 1 standing 
2 743 408 824 545 56973 0 0 1 standing 
2 747 408 830 546 56974 0 0 1 standing 
3 873 461 931 613 56955 0 0 0 standing 
3 855 461 914 613 56956 0 0 1 standing 
3 837 461 897 613 56957 0 0 1 standing 
3 820 461 880 614 56958 0 0 0 standing 
3 799 463 870 616 56959 0 0 1 standing 
3 778 466 861 618 56960 0 0 1 standing 
3 758 469 852 621 56961 0 0 0 standing 
3 744 470 838 622 56962 0 0 1 standing 
3 730 471 824 624 56963 0 0 1 standing 
3 717 472 811 626 56964 0 0 0 standing 
3 716 470 799 624 56965 0 0 1 standing 
3 715 468 787 622 56966 0 0 1 standing 
3 714 467 776 620 56967 0 0 0 standing 
3 711 467 776 619 56968 0 0 1 standing 
3 708 467 776 619 56969 0 0 1 standing 
3 706 467 776 619 56970 0 0 0 standing 
3 711 469 786 620 56971 0 0 1 standing 
3 717 472 796 622 56972 0 0 1 standing 
3 723 474 806 623 56973 0 0 1 standing 
3 729 477 816 625 56974 0 0 1 standing 
4 645 439 723 567 56955 0 0 0 standing 
4 632 440 705 569 56956 0 0 1 moving 
4 619 441 687 572 56957 0 0 1 moving 
4 607 442 669 575 56958 0 0 0 moving 
4 585 442 663 575 56959 0 0 1 moving 
4 564 443 657 575 56960 0 0 1 moving 
4 543 444 651 576 56961 0 0 0 moving 
4 535 442 643 578 56962 0 0 1 moving 
4 528 441 635 580 56963 0 0 1 moving 
4 521 440 628 583 56964 0 0 0 moving 
4 524 440 619 583 56965 0 0 1 moving 
4 527 441 611 583 56966 0 0 1 moving 
4 530 442 603 584 56967 0 0 0 moving 
4 526 442 602 584 56968 0 0 1 moving 
4 522 442 602 584 56969 0 0 1 moving 
4 519 442 602 584 56970 0 0 0 moving 
4 527 445 616 584 56971 0 0 1 moving 
4 535 448 631 584 56972 0 0 1 moving 
4 544 452 646 584 56973 0 0 0 moving 
4 544 452 646 583 56974 0 0 1 moving 
5 540 456 606 615 56955 0 0 0 moving 
5 514 454 579 611 56956 0 0 1 standing 
5 488 452 553 608 56957 0 0 1 standing 
5 462 451 527 605 56958 0 0 0 standing 
5 444 451 508 600 56959 0 0 1 standing 
5 427 451 489 596 56960 0 0 1 standing 
5 410 451 470 592 56961 0 0 0 standing 
5 398 448 455 594 56962 0 0 1 standing 
5 387 445 440 596 56963 0 0 1 standing 
5 376 443 426 599 56964 0 0 0 standing 
5 363 441 413 598 56965 0 0 1 standing 
5 350 440 400 597 56966 0 0 1 standing 
5 338 439 388 597 56967 0 0 0 standing 
5 332 440 382 595 56968 0 0 1 standing 
5 326 441 377 593 56969 0 0 1 standing 
5 321 443 372 591 56970 0 0 0 standing 
5 321 440 371 589 56971 0 0 1 standing 
5 321 437 371 588 56972 0 0 1 standing 
5 321 434 371 586 56973 0 0 1 standing 
5 321 431 371 585 56974 0 0 1 standing 
6 566 380 610 519 56955 0 0 0 standing 
6 537 381 584 519 56956 0 0 1 standing 
6 509 383 558 520 56957 0 0 1 standing 
6 481 385 532 521 56958 0 0 0 standing 
6 463 387 514 524 56959 0 0 1 standing 
6 445 389 496 527 56960 0 0 1 standing 
6 428 391 479 530 56961 0 0 0 standing 
6 410 392 461 531 56962 0 0 1 standing 
6 392 394 443 533 56963 0 0 1 standing 
6 374 396 425 535 56964 0 0 0 standing 
6 360 398 411 537 56965 0 0 1 standing 
6 347 400 398 539 56966 0 0 1 standing 
6 334 402 385 541 56967 0 0 0 standing 
6 328 402 379 541 56968 0 0 1 standing 
6 322 402 373 541 56969 0 0 1 standing 
6 316 403 367 542 56970 0 0 0 standing 
6 316 403 367 542 56971 0 0 1 standing 
6 316 403 367 542 56972 0 0 1 standing 
6 316 403 367 542 56973 0 0 1 standing 
6 316 403 367 542 56974 0 0 1 standing 
7 545 359 599 486 56955 0 0 0 standing 
7 518 359 572 486 56956 0 0 1 standing 
7 491 360 545 486 56957 0 0 1 standing 
7 465 361 518 486 56958 0 0 0 standing 
7 446 362 499 487 56959 0 0 1 standing 
7 428 363 480 488 56960 0 0 1 standing 
7 410 364 461 489 56961 0 0 0 standing 
7 395 365 446 490 56962 0 0 1 standing 
7 381 366 432 491 56963 0 0 1 standing 
7 367 367 418 492 56964 0 0 0 standing 
7 352 368 403 493 56965 0 0 1 standing 
7 338 370 389 495 56966 0 0 1 standing 
7 324 372 375 497 56967 0 0 0 standing 
7 320 373 369 499 56968 0 0 1 standing 
7 317 374 363 501 56969 0 0 1 standing 
7 314 375 358 503 56970 0 0 0 standing 
7 314 375 358 503 56971 0 0 1 standing 
7 314 375 358 503 56972 0 0 1 standing 
7 314 375 358 503 56973 0 0 1 standing 
7 314 375 358 503 56974 0 0 1 standing 
8 393 389 430 517 56955 0 0 0 standing 
8 366 391 403 519 56956 0 0 1 standing 
8 340 393 376 521 56957 0 0 1 standing 
8 314 395 349 523 56958 0 0 0 standing 
8 293 396 332 524 56959 0 0 1 standing 
8 272 397 315 526 56960 0 0 1 standing 
8 252 398 298 528 56961 0 0 0 standing 
8 234 399 280 529 56962 0 0 1 standing 
8 216 401 262 531 56963 0 0 1 standing 
8 198 403 244 533 56964 0 0 0 standing 
8 182 403 229 533 56965 0 0 1 standing 
8 166 404 215 533 56966 0 0 1 standing 
8 151 405 201 534 56967 0 0 0 standing 
8 143 405 196 534 56968 0 0 1 standing 
8 135 406 191 534 56969 0 0 1 standing 
8 127 407 187 535 56970 0 0 0 standing 
8 127 408 185 535 56971 0 0 1 standing 
8 127 409 183 535 56972 0 0 1 standing 
8 127 410 182 535 56973 0 0 1 standing 
8 127 411 180 535 56974 0 0 1 standing 
9 1036 424 1099 534 56955 0 0 0 standing 
9 1009 422 1072 533 56956 0 0 1 standing 
9 982 420 1045 532 56957 0 0 1 standing 
9 956 418 1019 531 56958 0 0 0 standing 
9 936 413 997 530 56959 0 0 1 standing 
9 917 409 976 530 56960 0 0 1 standing 
9 898 405 955 530 56961 0 0 0 standing 
9 881 403 941 528 56962 0 0 1 standing 
9 864 401 927 526 56963 0 0 1 standing 
9 847 400 913 524 56964 0 0 0 standing 
9 834 398 900 522 56965 0 0 1 standing 
9 821 396 887 520 56966 0 0 1 standing 
9 809 394 874 518 56967 0 0 0 standing 
9 801 392 865 517 56968 0 0 1 standing 
9 794 390 857 516 56969 0 0 1 standing 
9 787 389 849 515 56970 0 0 0 standing 
9 784 389 846 514 56971 0 0 1 standing 
9 782 389 844 513 56972 0 0 1 standing 
9 780 389 842 512 56973 0 0 1 standing 
9 778 389 840 511 56974 0 0 1 standing 
10 314 494 403 623 56955 0 0 0 standing 
10 288 495 374 625 56956 0 0 1 standing 
10 263 496 345 627 56957 0 0 1 standing 
10 238 498 317 630 56958 0 0 0 standing 
10 210 501 292 638 56959 0 0 1 standing 
10 182 504 268 647 56960 0 0 1 standing 
10 155 507 244 656 56961 0 0 0 standing 
10 131 508 215 657 56962 0 0 1 standing 
10 107 509 186 658 56963 0 0 1 standing 
10 84 510 158 660 56964 0 0 0 standing 
10 58 514 138 663 56965 0 0 1 standing 
10 33 518 119 667 56966 0 0 1 standing 
10 8 522 100 671 56967 0 0 0 standing 
10 5 527 87 678 56968 0 0 1 standing 
10 2 533 75 686 56969 0 0 1 standing 
10 0 539 63 694 56970 0 0 0 standing 
10 0 538 59 693 56971 0 0 1 standing 
10 0 537 56 693 56972 0 0 1 standing 
10 0 536 52 692 56973 0 0 1 standing 
10 0 535 49 692 56974 0 0 1 standing 
11 246 446 298 590 56955 0 0 0 standing 
11 216 444 268 590 56956 0 0 1 standing 
11 187 443 238 591 56957 0 0 1 standing 
11 158 442 209 592 56958 0 0 0 standing 
11 134 438 185 588 56959 0 0 1 standing 
11 111 435 161 584 56960 0 0 1 standing 
11 88 432 138 581 56961 0 0 0 standing 
11 69 432 119 578 56962 0 0 1 standing 
11 51 433 100 575 56963 0 0 1 standing 
11 33 434 82 573 56964 0 0 0 standing 
11 22 435 69 574 56965 0 0 1 standing 
11 11 436 56 575 56966 0 0 1 standing 
11 0 437 43 576 56967 1 0 0 standing 
11 18 430 61 569 56968 1 0 1 standing 
11 36 423 79 562 56969 1 0 1 standing 
11 55 417 98 556 56970 1 0 0 standing 
11 55 417 98 556 56971 1 0 1 standing 
11 55 417 98 556 56972 1 0 1 standing 
11 55 417 98 556 56973 1 0 1 standing 
11 55 417 98 556 56974 1 0 1 standing 
