0 96 365 168 485 20395 0 0 0 falling 
0 81 367 153 493 20396 0 0 1 falling 
0 66 369 139 501 20397 0 0 1 falling 
0 52 372 125 509 20398 0 0 1 falling 
0 37 374 110 517 20399 0 0 1 falling 
0 22 376 96 525 20400 0 0 1 falling 
0 8 379 82 533 20401 0 0 0 falling 
0 6 377 66 526 20402 0 0 1 falling 
0 4 375 51 519 20403 0 0 1 falling 
0 2 373 35 512 20404 0 0 1 falling 
0 0 371 20 506 20405 0 0 0 falling 
0 0 372 20 507 20406 0 0 1 falling 
0 0 373 21 508 20407 0 0 1 falling 
0 0 374 21 509 20408 0 0 1 falling 
0 0 375 22 511 20409 0 0 1 falling 
0 0 376 23 512 20410 0 0 1 falling 
0 0 377 23 513 20411 0 0 1 falling 
0 0 378 24 515 20412 0 0 1 falling 
0 0 379 24 516 20413 0 0 1 falling 
0 0 380 25 517 20414 0 0 1 falling 
1 139 394 208 542 20395 0 0 1 falling 
1 124 397 193 546 20396 0 0 0 falling 
1 99 400 167 550 20397 0 0 1 falling 
1 74 404 142 554 20398 0 0 1 falling 
1 49 408 116 558 20399 0 0 1 falling 
1 24 412 91 562 20400 0 0 1 falling 
1 0 416 66 567 20401 0 0 0 falling 
1 0 414 49 559 20402 0 0 1 falling 
1 0 412 32 552 20403 0 0 1 falling 
1 0 410 16 545 20404 1 0 0 falling 
1 31 406 70 541 20405 1 0 1 falling 
1 62 402 124 537 20406 1 0 1 falling 
1 93 398 178 533 20407 1 0 1 falling 
1 124 395 233 530 20408 1 0 0 falling 
1 124 395 233 530 20409 1 0 1 falling 
1 124 395 233 530 20410 1 0 1 falling 
1 124 395 233 530 20411 1 0 1 falling 
1 124 395 233 530 20412 1 0 1 falling 
1 124 395 233 530 20413 1 0 1 falling 
1 124 395 233 530 20414 1 0 1 falling 
2 815 337 901 458 20395 0 1 0 falling 
2 799 340 886 460 20396 0 1 1 digging 
2 783 344 871 462 20397 0 1 1 digging 
2 768 348 856 464 20398 0 1 0 digging 
2 750 351 838 464 20399 0 1 1 digging 
2 732 354 820 464 20400 0 1 1 digging 
2 714 357 802 464 20401 0 1 1 digging 
2 697 361 784 464 20402 0 1 0 digging 
2 683 361 770 463 20403 0 1 1 digging 
2 670 361 756 463 20404 0 1 1 digging 
2 657 361 743 463 20405 0 1 0 digging 
2 649 358 734 462 20406 0 1 1 digging 
2 641 355 725 462 20407 0 1 1 digging 
2 633 352 716 462 20408 0 1 1 digging 
2 625 349 707 462 20409 0 1 1 digging 
2 617 346 698 462 20410 0 1 0 digging 
2 618 345 700 461 20411 0 1 1 digging 
2 619 344 702 460 20412 0 1 1 digging 
2 620 343 705 459 20413 0 1 1 digging 
2 621 342 707 458 20414 0 1 1 digging 
3 1055 485 1148 619 20395 0 0 1 digging 
3 1046 487 1140 619 20396 0 0 0 moving 
3 1026 482 1118 615 20397 0 0 1 moving 
3 1006 478 1097 611 20398 0 0 1 moving 
3 986 474 1076 607 20399 0 0 1 moving 
3 966 469 1055 603 20400 0 0 1 moving 
3 946 465 1034 599 20401 0 0 1 moving 
3 927 461 1013 595 20402 0 0 0 moving 
3 905 458 995 591 20403 0 0 1 moving 
3 883 455 978 588 20404 0 0 1 moving 
3 861 452 960 585 20405 0 0 1 moving 
3 839 449 943 582 20406 0 0 1 moving 
3 818 447 926 579 20407 0 0 0 moving 
3 808 444 903 575 20408 0 0 1 moving 
3 799 441 880 572 20409 0 0 1 moving 
3 790 438 857 569 20410 0 0 0 moving 
3 782 436 852 568 20411 0 0 1 moving 
3 775 435 847 568 20412 0 0 1 moving 
3 767 433 843 567 20413 0 0 1 moving 
3 760 432 838 567 20414 0 0 1 moving 
4 346 315 404 446 20395 0 0 1 moving 
4 340 317 398 449 20396 0 0 0 standing 
4 323 319 385 453 20397 0 0 1 standing 
4 307 322 373 457 20398 0 0 1 standing 
4 291 325 361 461 20399 0 0 1 standing 
4 275 328 349 465 20400 0 0 1 standing 
4 259 331 337 469 20401 0 0 0 standing 
4 248 332 325 469 20402 0 0 1 standing 
4 237 333 313 470 20403 0 0 1 standing 
4 226 334 301 471 20404 0 0 1 standing 
4 216 335 290 472 20405 0 0 0 standing 
4 214 333 285 473 20406 0 0 1 standing 
4 213 332 280 474 20407 0 0 1 standing 
4 211 331 276 475 20408 0 0 1 standing 
4 210 330 271 476 20409 0 0 1 standing 
4 209 329 267 478 20410 0 0 0 standing 
4 212 329 270 479 20411 0 0 1 standing 
4 216 329 273 480 20412 0 0 1 standing 
4 220 329 277 482 20413 0 0 1 standing 
4 224 329 280 483 20414 0 0 1 standing 
5 426 393 518 531 20395 0 0 1 standing 
5 417 397 511 534 20396 0 0 0 waiting 
5 401 397 492 531 20397 0 0 1 waiting 
5 385 397 474 528 20398 0 0 1 waiting 
5 370 397 456 526 20399 0 0 1 waiting 
5 354 397 438 523 20400 0 0 1 waiting 
5 339 398 420 521 20401 0 0 0 waiting 
5 324 394 405 521 20402 0 0 1 waiting 
5 309 390 390 522 20403 0 0 1 waiting 
5 295 386 375 523 20404 0 0 0 waiting 
5 287 383 365 523 20405 0 0 1 waiting 
5 279 381 355 523 20406 0 0 1 waiting 
5 271 379 346 524 20407 0 0 0 waiting 
5 267 376 340 522 20408 0 0 1 waiting 
5 264 373 334 521 20409 0 0 1 waiting 
5 261 370 328 520 20410 0 0 0 waiting 
5 261 368 328 521 20411 0 0 1 waiting 
5 261 366 329 522 20412 0 0 1 waiting 
5 262 364 329 524 20413 0 0 1 waiting 
5 262 362 330 525 20414 0 0 1 waiting 
6 1109 351 1183 484 20395 0 0 0 waiting 
6 1090 350 1165 483 20396 0 0 1 waiting 
6 1072 350 1147 482 20397 0 0 1 waiting 
6 1053 349 1130 481 20398 0 0 1 waiting 
6 1035 349 1112 480 20399 0 0 1 waiting 
6 1017 349 1095 479 20400 0 0 0 waiting 
6 1001 348 1080 477 20401 0 0 1 waiting 
6 985 347 1065 476 20402 0 0 1 waiting 
6 969 346 1050 475 20403 0 0 1 waiting 
6 953 345 1035 474 20404 0 0 1 waiting 
6 937 345 1020 473 20405 0 0 0 waiting 
6 928 342 1011 473 20406 0 0 1 waiting 
6 920 339 1003 474 20407 0 0 1 waiting 
6 911 336 994 474 20408 0 0 1 waiting 
6 903 333 986 475 20409 0 0 1 waiting 
6 895 330 978 476 20410 0 0 0 waiting 
6 896 330 975 475 20411 0 0 1 waiting 
6 897 330 973 474 20412 0 0 1 waiting 
6 898 331 970 474 20413 0 0 1 waiting 
6 899 331 968 473 20414 0 0 1 waiting 
7 368 430 443 566 20395 0 0 0 waiting 
7 354 434 428 570 20396 0 0 1 standing 
7 340 438 413 574 20397 0 0 1 standing 
7 327 442 398 578 20398 0 0 0 standing 
7 311 441 383 578 20399 0 0 1 standing 
7 295 441 369 578 20400 0 0 1 standing 
7 280 441 355 579 20401 0 0 0 standing 
7 263 435 338 578 20402 0 0 1 standing 
7 246 430 322 578 20403 0 0 1 standing 
7 229 425 306 578 20404 0 0 0 standing 
7 216 423 291 575 20405 0 0 1 standing 
7 203 422 276 573 20406 0 0 1 standing 
7 191 421 261 571 20407 0 0 0 standing 
7 183 420 250 571 20408 0 0 1 standing 
7 176 420 240 571 20409 0 0 1 standing 
7 169 420 230 571 20410 0 0 0 standing 
7 167 419 230 571 20411 0 0 1 standing 
7 166 419 230 572 20412 0 0 1 standing 
7 164 418 230 572 20413 0 0 1 standing 
7 163 418 230 573 20414 0 0 1 standing 
8 396 383 477 553 20395 0 0 0 standing 
8 382 391 460 560 20396 0 0 1 standing 
8 368 400 443 567 20397 0 0 1 standing 
8 355 409 427 575 20398 0 0 0 standing 
8 343 417 413 583 20399 0 0 1 standing 
8 331 426 400 592 20400 0 0 1 standing 
8 319 435 387 601 20401 0 0 0 standing 
8 308 438 373 601 20402 0 0 1 standing 
8 297 442 359 602 20403 0 0 1 standing 
8 287 446 346 603 20404 0 0 0 standing 
8 278 445 337 603 20405 0 0 1 standing 
8 269 444 328 604 20406 0 0 1 standing 
8 260 443 320 605 20407 0 0 0 standing 
8 256 440 322 603 20408 0 0 1 standing 
8 252 437 325 602 20409 0 0 1 standing 
8 248 435 328 601 20410 0 0 0 standing 
8 252 431 329 596 20411 0 0 1 standing 
8 256 427 331 592 20412 0 0 1 standing 
8 260 424 333 588 20413 0 0 1 standing 
8 264 420 335 584 20414 0 0 1 standing 
9 528 346 621 524 20395 0 0 1 standing 
9 515 341 612 518 20396 0 0 0 blocking 
9 502 342 597 521 20397 0 0 1 blocking 
9 489 343 583 524 20398 0 0 1 blocking 
9 477 345 568 527 20399 0 0 1 blocking 
9 464 346 554 530 20400 0 0 1 blocking 
9 452 348 540 534 20401 0 0 0 blocking 
9 439 358 524 546 20402 0 0 1 blocking 
9 426 369 509 558 20403 0 0 1 blocking 
9 414 380 494 570 20404 0 0 0 blocking 
9 402 392 479 574 20405 0 0 1 blocking 
9 391 404 465 578 20406 0 0 1 blocking 
9 380 416 451 582 20407 0 0 0 blocking 
9 376 416 446 582 20408 0 0 1 blocking 
9 373 416 441 582 20409 0 0 1 blocking 
9 370 416 437 582 20410 0 0 0 blocking 
9 371 414 440 579 20411 0 0 1 blocking 
9 372 413 443 577 20412 0 0 1 blocking 
9 373 411 446 574 20413 0 0 1 blocking 
9 374 410 449 572 20414 0 0 1 blocking 
10 527 343 621 519 20395 0 0 0 blocking 
10 514 343 604 526 20396 0 0 1 blocking 
10 501 343 587 533 20397 0 0 1 blocking 
10 488 344 570 540 20398 0 0 1 blocking 
10 475 344 553 547 20399 0 0 1 blocking 
10 462 344 536 554 20400 0 0 1 blocking 
10 449 345 520 562 20401 0 0 0 blocking 
10 436 355 502 572 20402 0 0 1 blocking 
10 423 365 484 582 20403 0 0 1 blocking 
10 410 375 467 592 20404 0 0 0 blocking 
10 400 385 456 592 20405 0 0 1 blocking 
10 390 396 446 592 20406 0 0 1 blocking 
10 380 407 436 593 20407 0 0 0 blocking 
10 374 410 435 592 20408 0 0 1 blocking 
10 369 413 434 591 20409 0 0 1 blocking 
10 364 417 434 590 20410 0 0 0 blocking 
10 367 417 437 589 20411 0 0 1 blocking 
10 371 418 440 588 20412 0 0 1 blocking 
10 374 418 444 587 20413 0 0 1 blocking 
10 378 419 447 586 20414 0 0 1 blocking 
11 625 380 734 515 20395 0 0 1 blocking 
11 616 381 725 515 20396 0 0 1 standing 
11 607 382 717 515 20397 0 0 0 standing 
11 590 375 700 515 20398 0 0 1 standing 
11 573 369 683 515 20399 0 0 1 standing 
11 556 362 666 515 20400 0 0 1 standing 
11 540 356 649 515 20401 0 0 0 standing 
11 521 359 633 514 20402 0 0 1 standing 
11 502 362 618 514 20403 0 0 1 standing 
11 484 365 603 514 20404 0 0 0 standing 
11 473 365 592 514 20405 0 0 1 standing 
11 462 365 581 514 20406 0 0 1 standing 
11 452 365 571 514 20407 0 0 0 standing 
11 449 363 564 514 20408 0 0 1 standing 
11 446 361 557 514 20409 0 0 1 standing 
11 444 360 551 515 20410 0 0 0 standing 
11 448 360 549 513 20411 0 0 1 standing 
11 452 360 547 512 20412 0 0 1 standing 
11 457 360 545 511 20413 0 0 1 standing 
11 461 360 543 510 20414 0 0 1 standing 
