0 217 451 285 541 63605 0 1 0 standing 
0 217 452 285 543 63606 0 1 1 standing 
0 217 454 285 546 63607 0 1 1 standing 
0 217 455 285 548 63608 0 1 1 standing 
0 217 457 285 551 63609 0 1 0 standing 
0 219 455 287 550 63610 0 1 1 standing 
0 222 453 289 549 63611 0 1 1 standing 
0 225 451 292 548 63612 0 1 1 standing 
0 227 449 294 547 63613 0 1 1 standing 
0 230 447 296 546 63614 0 1 1 standing 
0 233 446 299 546 63615 0 1 0 standing 
0 232 445 298 548 63616 0 1 1 standing 
0 231 444 297 550 63617 0 1 1 standing 
0 230 443 296 553 63618 0 1 1 standing 
0 229 442 295 555 63619 0 1 1 standing 
0 228 441 294 557 63620 0 1 1 standing 
0 228 440 293 560 63621 0 1 0 standing 
0 223 438 288 559 63622 0 1 1 standing 
0 218 437 283 558 63623 0 1 1 standing 
0 213 436 278 557 63624 0 1 1 standing 
1 346 395 420 486 63605 0 0 0 standing 
1 352 398 419 486 63606 0 0 1 standing 
1 358 401 418 486 63607 0 0 1 standing 
1 365 405 417 487 63608 0 0 0 standing 
1 364 404 416 487 63609 0 0 1 standing 
1 364 403 415 487 63610 0 0 1 standing 
1 363 402 414 488 63611 0 0 1 standing 
1 363 401 413 488 63612 0 0 1 standing 
1 362 400 412 489 63613 0 0 1 standing 
1 362 399 411 489 63614 0 0 1 standing 
1 362 398 411 490 63615 0 0 0 standing 
1 361 396 409 489 63616 0 0 1 standing 
1 360 395 408 489 63617 0 0 1 standing 
1 359 393 407 489 63618 0 0 1 standing 
1 359 392 406 489 63619 0 0 0 standing 
1 358 392 406 489 63620 0 0 1 standing 
1 358 392 406 489 63621 0 0 1 standing 
1 358 392 406 489 63622 0 0 1 standing 
1 358 392 406 489 63623 0 0 1 standing 
1 358 392 406 489 63624 0 0 1 standing 
2 514 382 560 482 63605 0 0 0 standing 
2 513 381 559 482 63606 0 0 1 standing 
2 512 381 558 482 63607 0 0 1 standing 
2 511 380 557 482 63608 0 0 1 standing 
2 511 380 557 482 63609 0 0 0 standing 
2 509 379 555 481 63610 0 0 1 standing 
2 507 378 553 481 63611 0 0 1 standing 
2 505 377 551 480 63612 0 0 1 standing 
2 503 376 549 480 63613 0 0 1 standing 
2 501 375 547 479 63614 0 0 1 standing 
2 500 375 545 479 63615 0 0 0 standing 
2 497 375 543 479 63616 0 0 1 standing 
2 494 376 541 479 63617 0 0 1 standing 
2 491 377 539 479 63618 0 0 1 standing 
2 488 378 537 480 63619 0 0 0 standing 
2 485 374 533 479 63620 0 0 1 standing 
2 482 371 529 478 63621 0 0 1 standing 
2 479 368 525 478 63622 0 0 1 standing 
2 476 364 521 477 63623 0 0 1 standing 
2 473 361 517 476 63624 0 0 1 standing 
3 562 428 628 539 63605 0 0 0 standing 
3 563 426 628 539 63606 0 0 1 standing 
3 565 424 628 539 63607 0 0 1 standing 
3 567 423 628 540 63608 0 0 0 standing 
3 570 421 629 540 63609 0 0 1 standing 
3 573 419 631 540 63610 0 0 1 standing 
3 576 418 632 541 63611 0 0 1 standing 
3 579 416 634 541 63612 0 0 1 standing 
3 582 415 635 542 63613 0 0 1 standing 
3 585 413 637 542 63614 0 0 1 standing 
3 588 412 639 543 63615 0 0 0 standing 
3 588 412 639 543 63616 0 0 1 standing 
3 588 412 639 543 63617 0 0 1 standing 
3 589 412 640 543 63618 0 0 1 standing 
3 589 412 640 543 63619 0 0 1 standing 
3 589 412 640 543 63620 0 0 1 standing 
3 590 412 641 543 63621 0 0 0 standing 
3 588 412 639 543 63622 0 0 1 standing 
3 586 412 637 543 63623 0 0 1 standing 
3 584 412 635 543 63624 0 0 1 standing 
4 642 375 674 505 63605 0 0 0 standing 
4 643 374 675 504 63606 0 0 1 standing 
4 645 374 676 503 63607 0 0 1 standing 
4 646 373 678 502 63608 0 0 1 standing 
4 648 373 679 501 63609 0 0 1 standing 
4 649 372 681 500 63610 0 0 1 standing 
4 651 372 682 499 63611 0 0 1 standing 
4 652 371 683 498 63612 0 0 1 standing 
4 654 371 685 497 63613 0 0 1 standing 
4 655 370 686 496 63614 0 0 1 standing 
4 657 370 688 495 63615 0 0 0 standing 
4 658 371 690 496 63616 0 0 1 standing 
4 660 372 692 497 63617 0 0 1 standing 
4 662 373 694 498 63618 0 0 1 standing 
4 663 374 696 500 63619 0 0 1 standing 
4 665 376 699 501 63620 0 0 1 standing 
4 667 377 701 502 63621 0 0 1 standing 
4 668 378 703 504 63622 0 0 1 standing 
4 670 379 705 505 63623 0 0 1 standing 
4 672 380 707 506 63624 0 0 1 standing 
5 689 378 737 487 63605 0 0 0 standing 
5 690 377 738 487 63606 0 0 1 standing 
5 692 377 740 488 63607 0 0 1 standing 
5 694 377 742 488 63608 0 0 1 standing 
5 696 376 743 489 63609 0 0 1 standing 
5 698 376 745 489 63610 0 0 1 standing 
5 700 376 747 490 63611 0 0 0 standing 
5 702 374 749 489 63612 0 0 1 standing 
5 704 373 751 488 63613 0 0 1 standing 
5 706 371 753 487 63614 0 0 1 standing 
5 708 370 755 487 63615 0 0 0 standing 
5 709 370 756 487 63616 0 0 1 standing 
5 711 370 758 487 63617 0 0 1 standing 
5 713 370 760 487 63618 0 0 1 standing 
5 715 370 762 487 63619 0 0 1 standing 
5 717 370 764 487 63620 0 0 0 standing 
5 718 370 765 487 63621 0 0 1 standing 
5 719 370 766 487 63622 0 0 1 standing 
5 720 370 767 487 63623 0 0 1 standing 
5 721 370 768 487 63624 0 0 1 standing 
6 754 384 793 513 63605 0 0 0 standing 
6 756 383 795 512 63606 0 0 1 standing 
6 758 383 797 512 63607 0 0 1 standing 
6 760 383 799 512 63608 0 0 1 standing 
6 762 383 801 512 63609 0 0 1 standing 
6 764 383 803 512 63610 0 0 1 standing 
6 766 383 805 512 63611 0 0 1 standing 
6 768 383 807 512 63612 0 0 1 standing 
6 770 383 809 512 63613 0 0 1 standing 
6 772 383 811 512 63614 0 0 1 standing 
6 774 383 813 512 63615 0 0 0 standing 
6 777 382 816 511 63616 0 0 1 standing 
6 781 381 820 510 63617 0 0 1 standing 
6 785 381 824 510 63618 0 0 1 standing 
6 789 380 828 509 63619 0 0 1 standing 
6 793 380 832 509 63620 0 0 1 standing 
6 797 379 836 508 63621 0 0 1 standing 
6 801 378 840 507 63622 0 0 1 standing 
6 805 378 844 507 63623 0 0 1 standing 
6 809 377 848 506 63624 0 0 1 standing 
7 818 403 865 523 63605 0 0 0 standing 
7 819 403 866 523 63606 0 0 1 standing 
7 821 403 867 523 63607 0 0 1 standing 
7 823 403 868 523 63608 0 0 1 standing 
7 825 403 869 523 63609 0 0 1 standing 
7 827 403 870 523 63610 0 0 1 standing 
7 829 403 871 523 63611 0 0 1 standing 
7 831 403 873 523 63612 0 0 0 standing 
7 834 404 876 523 63613 0 0 1 standing 
7 838 405 879 524 63614 0 0 1 standing 
7 842 406 883 525 63615 0 0 0 standing 
7 846 405 887 525 63616 0 0 1 standing 
7 851 405 892 525 63617 0 0 1 standing 
7 856 404 896 525 63618 0 0 1 standing 
7 860 404 901 526 63619 0 0 1 standing 
7 865 403 906 526 63620 0 0 1 standing 
7 870 403 910 526 63621 0 0 1 standing 
7 874 402 915 527 63622 0 0 1 standing 
7 879 402 919 527 63623 0 0 1 standing 
7 884 401 924 527 63624 0 0 1 standing 
8 495 468 589 578 63605 0 1 0 standing 
8 494 467 590 579 63606 0 1 1 digging 
8 494 467 591 581 63607 0 1 1 digging 
8 494 467 593 582 63608 0 1 1 digging 
8 494 467 594 584 63609 0 1 1 digging 
8 494 467 596 586 63610 0 1 0 digging 
8 491 466 585 582 63611 0 1 1 digging 
8 489 465 575 579 63612 0 1 1 digging 
8 487 464 565 575 63613 0 1 1 digging 
8 485 463 555 572 63614 0 1 0 digging 
8 476 462 548 572 63615 0 1 1 digging 
8 467 461 541 573 63616 0 1 1 digging 
8 458 461 534 574 63617 0 1 1 digging 
8 450 460 527 574 63618 0 1 1 digging 
8 441 460 520 575 63619 0 1 1 digging 
8 432 459 513 576 63620 0 1 1 digging 
8 424 458 506 576 63621 0 1 1 digging 
8 415 458 499 577 63622 0 1 1 digging 
8 406 457 492 578 63623 0 1 1 digging 
8 398 457 486 579 63624 0 1 0 digging 
9 602 361 640 497 63605 0 0 0 digging 
9 603 366 640 498 63606 0 0 1 standing 
9 604 372 641 499 63607 0 0 1 standing 
9 605 377 641 501 63608 0 0 1 standing 
9 606 383 642 502 63609 0 0 1 standing 
9 607 389 643 504 63610 0 0 0 standing 
9 608 387 644 505 63611 0 0 1 standing 
9 609 385 645 507 63612 0 0 1 standing 
9 610 384 647 508 63613 0 0 1 standing 
9 611 382 648 510 63614 0 0 1 standing 
9 613 381 650 512 63615 0 0 0 standing 
9 613 382 650 511 63616 0 0 1 standing 
9 614 383 651 510 63617 0 0 1 standing 
9 615 384 652 510 63618 0 0 1 standing 
9 616 385 652 509 63619 0 0 1 standing 
9 617 386 653 508 63620 0 0 1 standing 
9 618 388 654 508 63621 0 0 0 standing 
9 616 389 652 507 63622 0 0 1 standing 
9 615 390 651 506 63623 0 0 1 standing 
9 614 391 650 505 63624 0 0 1 standing 
10 722 429 777 573 63605 0 0 0 standing 
10 722 429 777 573 63606 0 0 1 standing 
10 722 429 777 573 63607 0 0 1 standing 
10 722 429 777 573 63608 0 0 1 standing 
10 722 429 778 573 63609 0 0 1 standing 
10 722 429 778 573 63610 0 0 1 standing 
10 722 429 778 573 63611 0 0 1 standing 
10 722 429 779 573 63612 0 0 1 standing 
10 722 429 779 573 63613 0 0 1 standing 
10 722 429 779 573 63614 0 0 1 standing 
10 722 430 780 573 63615 0 0 0 standing 
10 722 430 780 573 63616 0 0 1 standing 
10 722 430 780 573 63617 0 0 1 standing 
10 722 431 780 574 63618 0 0 1 standing 
10 722 431 780 574 63619 0 0 1 standing 
10 723 432 781 575 63620 0 0 1 standing 
10 723 432 781 575 63621 0 0 1 standing 
10 723 432 781 575 63622 0 0 1 standing 
10 723 433 781 576 63623 0 0 1 standing 
10 723 433 781 576 63624 0 0 1 standing 
11 791 423 846 553 63605 0 0 0 standing 
11 792 423 847 552 63606 0 0 1 standing 
11 793 423 848 552 63607 0 0 1 standing 
11 794 423 849 552 63608 0 0 1 standing 
11 795 423 850 552 63609 0 0 1 standing 
11 797 423 851 552 63610 0 0 1 standing 
11 798 423 852 551 63611 0 0 1 standing 
11 799 423 853 551 63612 0 0 1 standing 
11 800 423 854 551 63613 0 0 1 standing 
11 801 423 855 551 63614 0 0 1 standing 
11 803 423 857 551 63615 0 0 0 standing 
11 805 423 859 551 63616 0 0 1 standing 
11 808 423 862 551 63617 0 0 1 standing 
11 810 424 865 551 63618 0 0 1 standing 
11 813 424 868 552 63619 0 0 1 standing 
11 815 425 871 552 63620 0 0 1 standing 
11 818 425 873 552 63621 0 0 1 standing 
11 820 425 876 553 63622 0 0 1 standing 
11 823 426 879 553 63623 0 0 1 standing 
11 825 426 882 553 63624 0 0 1 standing 
