0 292 448 384 576 60625 0 0 0 standing 
0 291 445 383 575 60626 0 0 1 standing 
0 291 443 383 574 60627 0 0 1 standing 
0 291 441 382 573 60628 0 0 1 standing 
0 291 439 382 572 60629 0 0 1 standing 
0 291 437 381 571 60630 0 0 1 standing 
0 290 435 381 570 60631 0 0 1 standing 
0 290 433 380 569 60632 0 0 1 standing 
0 290 431 380 568 60633 0 0 1 standing 
0 290 429 379 567 60634 0 0 1 standing 
0 290 427 379 566 60635 0 0 0 standing 
0 290 426 379 565 60636 0 0 1 standing 
0 291 426 379 565 60637 0 0 1 standing 
0 291 426 379 565 60638 0 0 1 standing 
0 292 426 379 565 60639 0 0 1 standing 
0 293 426 379 565 60640 0 0 1 standing 
0 293 426 379 565 60641 0 0 1 standing 
0 294 426 379 565 60642 0 0 1 standing 
0 294 426 379 565 60643 0 0 1 standing 
0 295 426 379 565 60644 0 0 1 standing 
1 378 365 447 464 60625 0 1 0 standing 
1 379 364 448 463 60626 0 1 1 standing 
1 381 363 450 462 60627 0 1 1 standing 
1 382 362 451 461 60628 0 1 1 standing 
1 384 361 453 460 60629 0 1 1 standing 
1 385 360 454 459 60630 0 1 1 standing 
1 387 359 456 458 60631 0 1 1 standing 
1 389 359 458 458 60632 0 1 0 standing 
1 391 358 461 457 60633 0 1 1 standing 
1 393 358 464 456 60634 0 1 1 standing 
1 395 357 467 456 60635 0 1 1 standing 
1 397 357 470 455 60636 0 1 1 standing 
1 399 357 474 455 60637 0 1 0 standing 
1 398 358 475 456 60638 0 1 1 standing 
1 397 359 476 457 60639 0 1 1 standing 
1 396 360 478 459 60640 0 1 0 standing 
1 400 361 479 461 60641 0 1 1 standing 
1 405 362 481 464 60642 0 1 1 standing 
1 409 363 483 466 60643 0 1 1 standing 
1 414 364 485 469 60644 0 1 1 standing 
2 385 463 456 539 60625 0 0 0 standing 
2 381 459 452 535 60626 0 0 1 falling 
2 377 455 448 532 60627 0 0 1 falling 
2 373 451 444 529 60628 0 0 1 falling 
2 369 447 440 526 60629 0 0 1 falling 
2 365 444 436 523 60630 0 0 1 falling 
2 361 440 432 520 60631 0 0 1 falling 
2 357 436 428 517 60632 0 0 1 falling 
2 353 432 424 514 60633 0 0 1 falling 
2 349 428 420 511 60634 0 0 1 falling 
2 346 425 416 508 60635 0 0 0 falling 
2 339 422 412 508 60636 0 0 1 falling 
2 333 420 409 508 60637 0 0 1 falling 
2 326 417 406 508 60638 0 0 1 falling 
2 320 415 402 508 60639 0 0 1 falling 
2 314 413 399 509 60640 0 0 1 falling 
2 307 410 396 509 60641 0 0 1 falling 
2 301 408 392 509 60642 0 0 1 falling 
2 294 405 389 509 60643 0 0 1 falling 
2 288 403 386 509 60644 0 0 1 falling 
3 487 531 566 690 60625 0 1 0 falling 
3 479 530 559 689 60626 0 1 1 standing 
3 472 530 552 689 60627 0 1 1 standing 
3 465 530 545 689 60628 0 1 1 standing 
3 457 530 539 688 60629 0 1 1 standing 
3 450 530 532 688 60630 0 1 1 standing 
3 443 530 525 688 60631 0 1 1 standing 
3 436 530 519 688 60632 0 1 0 standing 
3 431 528 518 686 60633 0 1 1 standing 
3 427 527 518 685 60634 0 1 1 standing 
3 423 526 517 683 60635 0 1 1 standing 
3 419 525 517 682 60636 0 1 0 standing 
3 419 524 518 681 60637 0 1 1 standing 
3 419 523 519 681 60638 0 1 1 standing 
3 419 522 521 681 60639 0 1 0 standing 
3 424 521 523 680 60640 0 1 1 standing 
3 430 520 526 679 60641 0 1 1 standing 
3 435 520 529 679 60642 0 1 1 standing 
3 441 519 531 678 60643 0 1 1 standing 
3 446 518 534 677 60644 0 1 1 standing 
4 531 438 588 608 60625 1 0 1 standing 
4 530 436 587 608 60626 1 0 1 setting 
4 530 435 587 608 60627 0 1 0 setting 
4 526 431 584 605 60628 0 1 1 setting 
4 523 427 581 602 60629 0 1 1 setting 
4 519 423 578 599 60630 0 1 1 setting 
4 516 419 575 596 60631 0 1 1 setting 
4 513 416 572 594 60632 0 1 0 setting 
4 509 420 568 592 60633 0 1 1 setting 
4 506 424 565 591 60634 0 1 1 setting 
4 503 428 562 589 60635 0 1 1 setting 
4 500 433 559 588 60636 0 1 0 setting 
4 493 441 552 590 60637 0 1 1 setting 
4 486 450 546 593 60638 0 1 1 setting 
4 479 459 539 595 60639 0 1 1 setting 
4 472 468 533 598 60640 0 1 0 setting 
4 465 468 527 598 60641 0 1 1 setting 
4 459 469 522 599 60642 0 1 1 setting 
4 452 469 517 599 60643 0 1 1 setting 
4 446 470 512 600 60644 0 1 1 setting 
5 597 429 670 564 60625 0 1 0 setting 
5 593 427 666 563 60626 0 1 1 standing 
5 590 425 662 562 60627 0 1 1 standing 
5 587 423 659 561 60628 0 1 1 standing 
5 584 421 655 560 60629 0 1 1 standing 
5 581 419 651 559 60630 0 1 1 standing 
5 578 418 648 559 60631 0 1 0 standing 
5 575 408 645 558 60632 0 1 1 standing 
5 572 398 643 558 60633 0 1 1 standing 
5 569 388 640 557 60634 0 1 1 standing 
5 566 378 638 557 60635 0 1 0 standing 
5 561 372 632 549 60636 0 1 1 standing 
5 556 366 626 542 60637 0 1 1 standing 
5 552 360 621 535 60638 0 1 0 standing 
5 548 359 617 533 60639 0 1 1 standing 
5 544 359 613 532 60640 0 1 1 standing 
5 540 359 609 531 60641 0 1 1 standing 
5 536 358 606 530 60642 0 1 1 standing 
5 532 358 602 529 60643 0 1 1 standing 
5 528 358 598 528 60644 0 1 1 standing 
6 1139 459 1232 584 60625 0 0 0 standing 
6 1133 455 1225 580 60626 0 0 1 standing 
6 1127 452 1219 577 60627 0 0 1 standing 
6 1121 448 1213 574 60628 0 0 1 standing 
6 1116 445 1207 571 60629 0 0 0 standing 
6 1115 446 1201 571 60630 0 0 1 standing 
6 1114 447 1196 572 60631 0 0 1 standing 
6 1114 448 1190 573 60632 0 0 1 standing 
6 1113 449 1185 573 60633 0 0 1 standing 
6 1112 450 1179 574 60634 0 0 1 standing 
6 1112 451 1174 575 60635 0 0 0 standing 
6 1108 452 1171 574 60636 0 0 1 standing 
6 1104 453 1168 574 60637 0 0 1 standing 
6 1101 454 1166 574 60638 0 0 1 standing 
6 1097 455 1163 574 60639 0 0 1 standing 
6 1094 457 1161 574 60640 0 0 1 standing 
6 1090 458 1158 574 60641 0 0 1 standing 
6 1086 459 1155 574 60642 0 0 1 standing 
6 1083 460 1153 574 60643 0 0 1 standing 
6 1079 461 1150 574 60644 0 0 1 standing 
7 906 483 992 620 60625 0 0 0 standing 
7 908 483 994 620 60626 0 0 1 standing 
7 910 483 996 620 60627 0 0 1 standing 
7 912 483 998 620 60628 0 0 1 standing 
7 914 483 1000 620 60629 0 0 1 standing 
7 917 483 1003 620 60630 0 0 1 standing 
7 919 483 1005 620 60631 0 0 1 standing 
7 921 483 1007 620 60632 0 0 1 standing 
7 923 483 1009 620 60633 0 0 1 standing 
7 925 483 1011 620 60634 0 0 1 standing 
7 928 483 1014 621 60635 0 0 0 standing 
7 927 484 1013 623 60636 0 0 1 standing 
7 927 486 1013 626 60637 0 0 1 standing 
7 927 488 1013 629 60638 0 0 1 standing 
7 927 490 1013 632 60639 0 0 1 standing 
7 926 491 1012 634 60640 0 0 1 standing 
7 926 493 1012 637 60641 0 0 1 standing 
7 926 495 1012 640 60642 0 0 1 standing 
7 926 497 1012 643 60643 0 0 0 standing 
7 925 495 1011 642 60644 0 0 1 standing 
8 996 418 1079 531 60625 0 0 0 standing 
8 991 417 1074 530 60626 0 0 1 standing 
8 986 416 1069 529 60627 0 0 1 standing 
8 981 416 1064 529 60628 0 0 1 standing 
8 976 415 1059 528 60629 0 0 1 standing 
8 971 415 1054 528 60630 0 0 1 standing 
8 966 414 1049 527 60631 0 0 1 standing 
8 961 413 1044 526 60632 0 0 1 standing 
8 956 413 1039 526 60633 0 0 1 standing 
8 951 412 1034 525 60634 0 0 1 standing 
8 947 412 1030 525 60635 0 0 0 standing 
8 942 410 1021 523 60636 0 0 1 standing 
8 937 409 1013 521 60637 0 0 1 standing 
8 932 408 1005 520 60638 0 0 1 standing 
8 927 407 996 518 60639 0 0 1 standing 
8 922 406 988 517 60640 0 0 1 standing 
8 917 404 980 515 60641 0 0 1 standing 
8 912 403 971 513 60642 0 0 1 standing 
8 907 402 963 512 60643 0 0 1 standing 
8 902 401 955 510 60644 0 0 1 standing 
9 728 392 785 515 60625 0 0 0 standing 
9 722 391 779 515 60626 0 0 1 standing 
9 716 391 773 515 60627 0 0 1 standing 
9 710 390 767 515 60628 0 0 1 standing 
9 704 390 761 515 60629 0 0 1 standing 
9 699 389 755 515 60630 0 0 1 standing 
9 693 389 749 515 60631 0 0 1 standing 
9 687 388 743 515 60632 0 0 1 standing 
9 681 388 737 515 60633 0 0 1 standing 
9 675 387 731 515 60634 0 0 1 standing 
9 670 387 726 516 60635 0 0 0 standing 
9 665 385 722 513 60636 0 0 1 standing 
9 661 384 719 511 60637 0 0 1 standing 
9 656 382 715 508 60638 0 0 1 standing 
9 652 381 712 506 60639 0 0 1 standing 
9 647 380 709 503 60640 0 0 1 standing 
9 643 378 705 501 60641 0 0 1 standing 
9 638 377 702 498 60642 0 0 1 standing 
9 634 376 699 496 60643 0 0 0 standing 
9 634 376 699 496 60644 0 0 1 standing 
10 717 449 770 574 60625 0 0 0 standing 
10 710 448 763 573 60626 0 0 1 standing 
10 704 447 757 572 60627 0 0 1 standing 
10 698 446 751 571 60628 0 0 1 standing 
10 692 445 745 570 60629 0 0 1 standing 
10 686 444 739 569 60630 0 0 1 standing 
10 680 443 733 568 60631 0 0 1 standing 
10 674 442 727 567 60632 0 0 1 standing 
10 668 441 721 566 60633 0 0 1 standing 
10 662 440 715 565 60634 0 0 1 standing 
10 656 439 709 564 60635 0 0 0 standing 
10 650 438 703 564 60636 0 0 1 standing 
10 645 438 698 565 60637 0 0 1 standing 
10 640 437 692 566 60638 0 0 1 standing 
10 634 437 687 566 60639 0 0 1 standing 
10 629 437 681 567 60640 0 0 1 standing 
10 624 436 676 568 60641 0 0 1 standing 
10 618 436 670 568 60642 0 0 1 standing 
10 613 435 665 569 60643 0 0 1 standing 
10 608 435 659 570 60644 0 0 1 standing 
11 720 477 787 634 60625 0 0 0 standing 
11 716 475 780 632 60626 0 0 1 falling 
11 712 473 774 630 60627 0 0 1 falling 
11 708 471 768 628 60628 0 0 1 falling 
11 705 470 762 627 60629 0 0 0 falling 
11 698 472 757 629 60630 0 0 1 falling 
11 692 474 753 632 60631 0 0 1 falling 
11 686 476 748 634 60632 0 0 1 falling 
11 680 478 744 637 60633 0 0 1 falling 
11 674 480 739 639 60634 0 0 1 falling 
11 668 483 735 642 60635 0 0 0 falling 
11 662 484 730 640 60636 0 0 1 falling 
11 656 486 725 639 60637 0 0 1 falling 
11 650 488 721 638 60638 0 0 1 falling 
11 644 489 716 636 60639 0 0 1 falling 
11 639 491 712 635 60640 0 0 1 falling 
11 633 493 707 634 60641 0 0 1 falling 
11 627 494 702 632 60642 0 0 1 falling 
11 621 496 698 631 60643 0 0 1 falling 
11 615 498 693 630 60644 0 0 1 falling 
