0 536 451 604 585 51975 0 1 0 setting 
0 536 450 604 587 51976 0 1 1 setting 
0 536 449 604 590 51977 0 1 1 setting 
0 537 448 605 593 51978 0 1 0 setting 
0 536 439 603 589 51979 0 1 1 setting 
0 536 430 602 585 51980 0 1 1 setting 
0 536 421 601 581 51981 0 1 1 setting 
0 536 413 600 577 51982 0 1 0 setting 
0 536 406 600 572 51983 0 1 1 setting 
0 537 399 601 568 51984 0 1 1 setting 
0 538 392 602 564 51985 0 1 0 setting 
0 539 390 599 560 51986 0 1 1 setting 
0 540 388 596 557 51987 0 1 1 setting 
0 541 386 593 554 51988 0 1 0 setting 
0 538 390 590 556 51989 0 1 1 setting 
0 536 395 588 558 51990 0 1 1 setting 
0 533 400 586 560 51991 0 1 1 setting 
0 531 405 584 563 51992 0 1 0 setting 
0 528 415 584 569 51993 0 1 1 setting 
0 525 425 585 575 51994 0 1 1 setting 
1 427 405 482 510 51975 0 1 0 setting 
1 428 404 490 510 51976 0 1 1 moving 
1 430 403 498 510 51977 0 1 1 moving 
1 432 403 506 511 51978 0 1 0 moving 
1 442 403 512 513 51979 0 1 1 moving 
1 452 403 519 515 51980 0 1 1 moving 
1 462 403 525 517 51981 0 1 1 moving 
1 472 404 532 519 51982 0 1 0 moving 
1 482 403 539 519 51983 0 1 1 moving 
1 492 402 546 520 51984 0 1 1 moving 
1 502 401 553 521 51985 0 1 0 moving 
1 508 394 553 517 51986 0 1 1 moving 
1 514 387 553 513 51987 0 1 1 moving 
1 520 381 553 510 51988 0 1 0 moving 
1 517 373 557 509 51989 0 1 1 moving 
1 514 366 561 508 51990 0 1 1 moving 
1 511 359 565 507 51991 0 1 1 moving 
1 509 352 569 506 51992 0 1 0 moving 
1 510 348 577 490 51993 0 1 1 moving 
1 512 344 586 474 51994 0 1 1 moving 
2 361 354 413 452 51975 0 1 0 moving 
2 366 350 416 451 51976 0 1 1 standing 
2 371 346 420 451 51977 0 1 1 standing 
2 376 343 424 451 51978 0 1 0 standing 
2 380 343 429 449 51979 0 1 1 standing 
2 385 343 434 448 51980 0 1 1 standing 
2 390 343 439 446 51981 0 1 1 standing 
2 395 343 445 445 51982 0 1 0 standing 
2 395 346 453 446 51983 0 1 1 standing 
2 395 349 461 448 51984 0 1 1 standing 
2 396 353 469 450 51985 0 1 0 standing 
2 400 353 474 451 51986 0 1 1 standing 
2 404 353 480 453 51987 0 1 1 standing 
2 408 353 486 455 51988 0 1 0 standing 
2 416 353 491 454 51989 0 1 1 standing 
2 424 353 497 453 51990 0 1 1 standing 
2 432 353 502 452 51991 0 1 1 standing 
2 440 353 508 451 51992 0 1 0 standing 
2 440 353 513 450 51993 0 1 1 standing 
2 440 353 519 450 51994 0 1 1 standing 
3 190 520 284 672 51975 0 1 0 standing 
3 189 521 285 673 51976 0 1 1 moving 
3 189 522 286 674 51977 0 1 1 moving 
3 189 523 288 676 51978 0 1 0 moving 
3 189 523 292 677 51979 0 1 1 moving 
3 190 524 297 679 51980 0 1 1 moving 
3 191 524 302 681 51981 0 1 1 moving 
3 192 525 307 683 51982 0 1 0 moving 
3 195 522 313 680 51983 0 1 1 moving 
3 199 519 319 677 51984 0 1 1 moving 
3 203 517 325 674 51985 0 1 0 moving 
3 212 516 331 673 51986 0 1 1 moving 
3 221 515 337 673 51987 0 1 1 moving 
3 231 514 344 673 51988 0 1 0 moving 
3 244 512 351 673 51989 0 1 1 moving 
3 257 511 358 673 51990 0 1 1 moving 
3 271 510 365 673 51991 0 1 0 moving 
3 274 508 378 670 51992 0 1 1 moving 
3 278 507 392 667 51993 0 1 1 moving 
3 282 506 405 664 51994 0 1 1 moving 
4 100 448 179 555 51975 0 1 0 moving 
4 98 448 186 555 51976 0 1 1 moving 
4 97 448 193 556 51977 0 1 1 moving 
4 96 448 200 557 51978 0 1 0 moving 
4 107 447 206 557 51979 0 1 1 moving 
4 118 446 213 557 51980 0 1 1 moving 
4 129 445 220 557 51981 0 1 1 moving 
4 140 444 227 558 51982 0 1 0 moving 
4 145 441 238 556 51983 0 1 1 moving 
4 150 438 250 554 51984 0 1 1 moving 
4 155 436 262 552 51985 0 1 0 moving 
4 164 435 269 550 51986 0 1 1 moving 
4 174 434 276 549 51987 0 1 1 moving 
4 184 433 284 548 51988 0 1 0 moving 
4 198 431 289 547 51989 0 1 1 moving 
4 213 430 295 547 51990 0 1 1 moving 
4 228 429 300 546 51991 0 1 1 moving 
4 243 428 306 546 51992 0 1 0 moving 
4 251 426 321 543 51993 0 1 1 moving 
4 259 424 336 540 51994 0 1 1 moving 
5 253 410 321 522 51975 0 0 0 moving 
5 260 408 326 519 51976 0 0 1 moving 
5 267 406 332 516 51977 0 0 1 moving 
5 275 404 338 513 51978 0 0 0 moving 
5 275 402 340 511 51979 0 0 1 moving 
5 275 401 343 509 51980 0 0 1 moving 
5 275 399 345 507 51981 0 0 1 moving 
5 276 398 348 506 51982 0 0 0 moving 
5 281 397 349 505 51983 0 0 1 moving 
5 286 397 351 505 51984 0 0 1 moving 
5 291 397 353 504 51985 0 0 1 moving 
5 296 397 355 504 51986 0 0 0 moving 
5 301 394 360 504 51987 0 0 1 moving 
5 307 391 366 504 51988 0 0 1 moving 
5 313 388 371 504 51989 0 0 1 moving 
5 319 385 377 504 51990 0 0 1 moving 
5 325 382 382 504 51991 0 0 1 moving 
5 331 380 388 504 51992 0 0 0 moving 
5 331 380 390 502 51993 0 0 1 moving 
5 332 381 393 501 51994 0 0 1 moving 
6 893 496 960 604 51975 0 0 0 moving 
6 895 496 964 604 51976 0 0 1 standing 
6 897 496 968 604 51977 0 0 1 standing 
6 899 496 973 605 51978 0 0 0 standing 
6 904 495 977 605 51979 0 0 1 standing 
6 909 495 981 605 51980 0 0 1 standing 
6 914 494 985 605 51981 0 0 1 standing 
6 920 494 989 606 51982 0 0 0 standing 
6 925 493 993 605 51983 0 0 1 standing 
6 931 492 998 605 51984 0 0 1 standing 
6 937 492 1003 605 51985 0 0 0 standing 
6 941 492 1012 606 51986 0 0 1 standing 
6 945 493 1021 607 51987 0 0 1 standing 
6 950 494 1030 608 51988 0 0 0 standing 
6 954 492 1033 606 51989 0 0 1 standing 
6 959 491 1036 605 51990 0 0 1 standing 
6 964 490 1039 604 51991 0 0 1 standing 
6 969 489 1042 603 51992 0 0 0 standing 
6 972 491 1045 604 51993 0 0 1 standing 
6 975 493 1049 605 51994 0 0 1 standing 
7 1009 450 1070 558 51975 0 0 0 standing 
7 1009 449 1069 558 51976 0 0 1 standing 
7 1010 449 1069 558 51977 0 0 1 standing 
7 1011 449 1069 558 51978 0 0 0 standing 
7 1013 447 1070 557 51979 0 0 1 standing 
7 1015 446 1071 556 51980 0 0 1 standing 
7 1017 445 1073 556 51981 0 0 1 standing 
7 1019 443 1074 555 51982 0 0 1 standing 
7 1021 442 1076 555 51983 0 0 1 standing 
7 1023 441 1077 554 51984 0 0 1 standing 
7 1025 440 1079 554 51985 0 0 0 standing 
7 1026 439 1079 553 51986 0 0 1 standing 
7 1027 438 1080 552 51987 0 0 1 standing 
7 1028 438 1081 552 51988 0 0 0 standing 
7 1028 439 1081 552 51989 0 0 1 standing 
7 1029 440 1082 552 51990 0 0 1 standing 
7 1030 441 1083 552 51991 0 0 1 standing 
7 1031 442 1084 552 51992 0 0 0 standing 
7 1030 441 1083 550 51993 0 0 1 standing 
7 1029 441 1082 549 51994 0 0 1 standing 
8 877 396 933 491 51975 0 0 0 standing 
8 877 395 933 490 51976 0 0 1 standing 
8 877 394 933 490 51977 0 0 1 standing 
8 877 393 933 490 51978 0 0 1 standing 
8 878 392 933 489 51979 0 0 1 standing 
8 878 391 933 489 51980 0 0 1 standing 
8 878 390 933 489 51981 0 0 1 standing 
8 879 390 933 489 51982 0 0 0 standing 
8 879 390 933 489 51983 0 0 1 standing 
8 879 390 933 489 51984 0 0 1 standing 
8 879 390 934 490 51985 0 0 0 standing 
8 880 389 935 489 51986 0 0 1 standing 
8 881 388 936 488 51987 0 0 1 standing 
8 883 388 937 487 51988 0 0 0 standing 
8 882 387 936 486 51989 0 0 1 standing 
8 881 387 935 485 51990 0 0 1 standing 
8 880 387 934 485 51991 0 0 1 standing 
8 879 386 933 484 51992 0 0 1 standing 
8 878 386 932 484 51993 0 0 1 standing 
8 877 386 931 483 51994 0 0 1 standing 
9 649 459 713 581 51975 0 0 0 standing 
9 651 460 713 580 51976 0 0 1 standing 
9 653 461 713 580 51977 0 0 1 standing 
9 656 462 713 580 51978 0 0 1 standing 
9 658 463 713 580 51979 0 0 1 standing 
9 661 465 713 580 51980 0 0 1 standing 
9 663 466 713 580 51981 0 0 1 standing 
9 665 467 713 580 51982 0 0 1 standing 
9 668 468 713 580 51983 0 0 1 standing 
9 670 469 713 580 51984 0 0 1 standing 
9 673 471 714 580 51985 0 0 0 standing 
9 672 472 712 581 51986 0 0 1 standing 
9 671 473 711 582 51987 0 0 1 standing 
9 670 475 710 583 51988 0 0 0 standing 
9 665 473 717 586 51989 0 0 1 standing 
9 660 472 724 590 51990 0 0 1 standing 
9 655 470 731 594 51991 0 0 1 standing 
9 651 469 739 598 51992 0 0 0 standing 
9 649 474 740 596 51993 0 0 1 standing 
9 647 479 741 594 51994 0 0 1 standing 
10 640 420 694 549 51975 0 0 0 standing 
10 641 419 694 548 51976 0 0 1 standing 
10 642 418 695 547 51977 0 0 1 standing 
10 643 418 695 546 51978 0 0 1 standing 
10 644 417 696 546 51979 0 0 1 standing 
10 645 417 697 545 51980 0 0 1 standing 
10 646 416 697 544 51981 0 0 1 standing 
10 647 415 698 544 51982 0 0 1 standing 
10 648 415 698 543 51983 0 0 1 standing 
10 649 414 699 542 51984 0 0 1 standing 
10 651 414 700 542 51985 0 0 0 standing 
10 651 412 699 540 51986 0 0 1 standing 
10 652 411 698 539 51987 0 0 1 standing 
10 653 410 698 538 51988 0 0 0 standing 
10 652 409 696 537 51989 0 0 1 standing 
10 651 408 695 536 51990 0 0 1 standing 
10 650 407 694 535 51991 0 0 1 standing 
10 650 406 693 534 51992 0 0 0 standing 
10 648 404 690 532 51993 0 0 1 standing 
10 647 402 687 530 51994 0 0 1 standing 
11 646 399 702 514 51975 0 0 0 standing 
11 646 398 702 513 51976 0 0 1 standing 
11 646 397 702 512 51977 0 0 1 standing 
11 646 397 702 512 51978 0 0 1 standing 
11 647 396 703 511 51979 0 0 1 standing 
11 647 396 703 511 51980 0 0 1 standing 
11 647 395 703 510 51981 0 0 1 standing 
11 648 394 704 509 51982 0 0 1 standing 
11 648 394 704 509 51983 0 0 1 standing 
11 648 393 704 508 51984 0 0 1 standing 
11 649 393 705 508 51985 0 0 0 standing 
11 650 391 704 506 51986 0 0 1 standing 
11 651 389 704 504 51987 0 0 1 standing 
11 652 388 704 502 51988 0 0 0 standing 
11 652 387 703 501 51989 0 0 1 standing 
11 653 387 702 501 51990 0 0 1 standing 
11 654 387 701 501 51991 0 0 1 standing 
11 655 387 700 501 51992 0 0 0 standing 
11 653 385 697 499 51993 0 0 1 standing 
11 651 383 694 497 51994 0 0 1 standing 
