0 461 418 529 492 96985 0 1 0 falling 
0 481 418 552 493 96986 0 1 1 falling 
0 501 419 575 494 96987 0 1 1 falling 
0 521 420 598 495 96988 0 1 1 falling 
0 541 420 621 496 96989 0 1 1 falling 
0 561 421 645 497 96990 0 1 1 falling 
0 581 422 668 498 96991 0 1 1 falling 
0 601 422 691 499 96992 0 1 1 falling 
0 621 423 714 500 96993 0 1 1 falling 
0 641 424 737 501 96994 0 1 1 falling 
0 661 425 761 502 96995 0 1 0 falling 
0 682 426 781 514 96996 0 1 1 falling 
0 704 427 801 526 96997 0 1 1 falling 
0 726 429 822 538 96998 0 1 0 falling 
0 741 434 833 538 96999 0 1 1 falling 
0 756 439 844 539 97000 0 1 1 falling 
0 772 445 855 540 97001 0 1 0 falling 
0 781 451 868 542 97002 0 1 1 falling 
0 790 457 881 544 97003 0 1 1 falling 
0 799 464 894 547 97004 0 1 0 falling 
1 659 515 718 660 96985 0 0 0 falling 
1 673 515 733 660 96986 0 0 1 standing 
1 687 516 749 661 96987 0 0 1 standing 
1 701 516 764 661 96988 0 0 1 standing 
1 715 517 780 662 96989 0 0 1 standing 
1 729 517 795 662 96990 0 0 1 standing 
1 743 518 811 663 96991 0 0 1 standing 
1 757 518 826 663 96992 0 0 1 standing 
1 771 519 842 664 96993 0 0 1 standing 
1 785 519 857 664 96994 0 0 1 standing 
1 800 520 873 665 96995 0 0 0 standing 
1 811 521 883 665 96996 0 0 1 standing 
1 822 523 893 666 96997 0 0 1 standing 
1 833 524 903 666 96998 0 0 1 standing 
1 844 526 913 667 96999 0 0 1 standing 
1 855 528 924 668 97000 0 0 0 standing 
1 862 527 931 668 97001 0 0 1 standing 
1 869 527 939 669 97002 0 0 1 standing 
1 876 526 947 670 97003 0 0 1 standing 
1 883 526 955 671 97004 0 0 1 standing 
2 747 449 807 570 96985 0 0 0 standing 
2 759 450 819 571 96986 0 0 1 standing 
2 772 451 831 573 96987 0 0 1 standing 
2 784 452 843 574 96988 0 0 1 standing 
2 797 453 855 576 96989 0 0 1 standing 
2 810 454 867 577 96990 0 0 1 standing 
2 822 455 879 579 96991 0 0 1 standing 
2 835 456 891 580 96992 0 0 1 standing 
2 847 457 903 582 96993 0 0 1 standing 
2 860 458 915 583 96994 0 0 1 standing 
2 873 460 928 585 96995 0 0 0 standing 
2 880 461 935 586 96996 0 0 1 standing 
2 887 462 943 588 96997 0 0 1 standing 
2 894 463 951 589 96998 0 0 1 standing 
2 901 464 958 591 96999 0 0 1 standing 
2 908 466 966 592 97000 0 0 1 standing 
2 915 467 974 594 97001 0 0 1 standing 
2 922 468 981 595 97002 0 0 1 standing 
2 929 469 989 597 97003 0 0 1 standing 
2 936 470 997 598 97004 0 0 1 standing 
3 833 429 901 549 96985 0 0 0 standing 
3 842 428 907 548 96986 0 0 1 standing 
3 852 428 913 548 96987 0 0 1 standing 
3 862 428 920 548 96988 0 0 1 standing 
3 872 428 926 548 96989 0 0 1 standing 
3 882 428 933 548 96990 0 0 0 standing 
3 892 428 943 548 96991 0 0 1 standing 
3 902 428 953 548 96992 0 0 1 standing 
3 912 429 963 548 96993 0 0 1 standing 
3 922 429 973 548 96994 0 0 1 standing 
3 932 430 984 549 96995 0 0 0 standing 
3 936 431 988 550 96996 0 0 1 standing 
3 941 432 993 551 96997 0 0 1 standing 
3 946 433 998 552 96998 0 0 1 standing 
3 950 434 1002 553 96999 0 0 1 standing 
3 955 435 1007 555 97000 0 0 1 standing 
3 960 436 1012 556 97001 0 0 1 standing 
3 964 437 1016 557 97002 0 0 1 standing 
3 969 438 1021 558 97003 0 0 1 standing 
3 974 439 1026 559 97004 0 0 1 standing 
4 837 347 909 465 96985 0 0 0 standing 
4 852 349 924 465 96986 0 0 1 moving 
4 867 352 940 465 96987 0 0 1 moving 
4 882 354 956 465 96988 0 0 1 moving 
4 897 357 972 465 96989 0 0 1 moving 
4 913 360 988 465 96990 0 0 0 moving 
4 924 357 998 465 96991 0 0 1 moving 
4 936 354 1009 465 96992 0 0 1 moving 
4 947 352 1020 465 96993 0 0 1 moving 
4 959 349 1031 465 96994 0 0 1 moving 
4 971 347 1042 465 96995 0 0 0 moving 
4 975 347 1045 465 96996 0 0 1 moving 
4 979 348 1048 466 96997 0 0 1 moving 
4 983 349 1051 467 96998 0 0 1 moving 
4 987 350 1054 467 96999 0 0 1 moving 
4 991 351 1058 468 97000 0 0 1 moving 
4 995 351 1061 469 97001 0 0 1 moving 
4 999 352 1064 469 97002 0 0 1 moving 
4 1003 353 1067 470 97003 0 0 1 moving 
4 1007 354 1070 471 97004 0 0 1 moving 
5 510 348 567 467 96985 0 0 0 moving 
5 524 348 581 467 96986 0 0 1 standing 
5 539 349 596 468 96987 0 0 1 standing 
5 554 350 611 469 96988 0 0 1 standing 
5 568 350 626 469 96989 0 0 1 standing 
5 583 351 641 470 96990 0 0 1 standing 
5 598 352 655 471 96991 0 0 1 standing 
5 612 352 670 471 96992 0 0 1 standing 
5 627 353 685 472 96993 0 0 1 standing 
5 642 354 700 473 96994 0 0 1 standing 
5 657 355 715 474 96995 0 0 0 standing 
5 666 354 724 473 96996 0 0 1 standing 
5 675 353 733 472 96997 0 0 1 standing 
5 684 352 742 471 96998 0 0 1 standing 
5 693 351 751 470 96999 0 0 1 standing 
5 702 350 761 469 97000 0 0 0 standing 
5 708 351 766 470 97001 0 0 1 standing 
5 714 352 772 471 97002 0 0 1 standing 
5 720 353 778 472 97003 0 0 1 standing 
5 726 354 784 473 97004 0 0 1 standing 
6 363 467 431 618 96985 0 0 0 standing 
6 376 466 444 617 96986 0 0 1 standing 
6 390 466 457 617 96987 0 0 1 standing 
6 404 466 470 617 96988 0 0 1 standing 
6 418 466 483 616 96989 0 0 1 standing 
6 432 466 496 616 96990 0 0 1 standing 
6 446 465 509 616 96991 0 0 1 standing 
6 460 465 522 615 96992 0 0 1 standing 
6 474 465 535 615 96993 0 0 1 standing 
6 488 465 548 615 96994 0 0 1 standing 
6 502 465 561 615 96995 0 0 0 standing 
6 510 466 569 616 96996 0 0 1 standing 
6 519 468 577 617 96997 0 0 1 standing 
6 527 469 586 619 96998 0 0 1 standing 
6 536 471 594 620 96999 0 0 1 standing 
6 545 472 603 622 97000 0 0 1 standing 
6 553 474 611 623 97001 0 0 1 standing 
6 562 475 619 624 97002 0 0 1 standing 
6 570 477 628 626 97003 0 0 1 standing 
6 579 478 636 627 97004 0 0 1 standing 
7 201 391 279 513 96985 0 0 0 standing 
7 211 389 288 511 96986 0 0 1 standing 
7 222 388 297 509 96987 0 0 1 standing 
7 232 387 306 508 96988 0 0 1 standing 
7 243 386 315 506 96989 0 0 1 standing 
7 254 385 325 505 96990 0 0 0 standing 
7 264 384 333 505 96991 0 0 1 standing 
7 275 383 341 505 96992 0 0 1 standing 
7 285 383 349 505 96993 0 0 1 standing 
7 296 382 357 505 96994 0 0 1 standing 
7 307 382 365 505 96995 0 0 0 standing 
7 310 382 370 505 96996 0 0 1 standing 
7 314 383 376 505 96997 0 0 1 standing 
7 318 383 382 505 96998 0 0 1 standing 
7 322 384 387 505 96999 0 0 1 standing 
7 325 384 393 506 97000 0 0 1 standing 
7 329 385 399 506 97001 0 0 1 standing 
7 333 385 404 506 97002 0 0 1 standing 
7 337 386 410 506 97003 0 0 1 standing 
7 341 387 416 507 97004 0 0 0 standing 
8 135 465 196 608 96985 0 0 0 standing 
8 143 465 207 608 96986 0 0 1 standing 
8 151 466 218 608 96987 0 0 1 standing 
8 159 467 229 608 96988 0 0 1 standing 
8 168 468 241 609 96989 0 0 1 standing 
8 176 469 252 609 96990 0 0 1 standing 
8 184 470 263 609 96991 0 0 1 standing 
8 193 471 275 610 96992 0 0 1 standing 
8 201 472 286 610 96993 0 0 1 standing 
8 209 473 297 610 96994 0 0 1 standing 
8 218 474 309 611 96995 0 0 0 standing 
8 223 473 311 611 96996 0 0 1 standing 
8 229 473 313 612 96997 0 0 1 standing 
8 235 473 315 613 96998 0 0 1 standing 
8 240 472 317 614 96999 0 0 1 standing 
8 246 472 319 615 97000 0 0 1 standing 
8 252 472 321 616 97001 0 0 1 standing 
8 257 471 323 617 97002 0 0 1 standing 
8 263 471 325 618 97003 0 0 1 standing 
8 269 471 327 619 97004 0 0 1 standing 
9 380 424 424 566 96985 0 0 0 standing 
9 393 423 437 566 96986 0 0 1 standing 
9 407 423 451 566 96987 0 0 1 standing 
9 420 423 465 566 96988 0 0 1 standing 
9 434 423 479 566 96989 0 0 1 standing 
9 448 423 493 566 96990 0 0 1 standing 
9 461 423 506 566 96991 0 0 1 standing 
9 475 423 520 566 96992 0 0 1 standing 
9 488 423 534 566 96993 0 0 1 standing 
9 502 423 548 566 96994 0 0 1 standing 
9 516 423 562 566 96995 0 0 0 standing 
9 523 425 569 568 96996 0 0 1 standing 
9 531 427 577 570 96997 0 0 1 standing 
9 539 429 585 572 96998 0 0 1 standing 
9 547 431 593 574 96999 0 0 1 standing 
9 555 434 601 576 97000 0 0 1 standing 
9 562 436 608 578 97001 0 0 1 standing 
9 570 438 616 580 97002 0 0 1 standing 
9 578 440 624 582 97003 0 0 1 standing 
9 586 442 632 584 97004 0 0 1 standing 
10 384 381 426 511 96985 0 0 0 standing 
10 397 381 439 511 96986 0 0 1 standing 
10 411 382 453 512 96987 0 0 1 standing 
10 424 382 466 512 96988 0 0 1 standing 
10 438 383 480 513 96989 0 0 1 standing 
10 452 383 494 513 96990 0 0 1 standing 
10 465 384 507 514 96991 0 0 1 standing 
10 479 384 521 514 96992 0 0 1 standing 
10 492 385 534 515 96993 0 0 1 standing 
10 506 385 548 515 96994 0 0 1 standing 
10 520 386 562 516 96995 0 0 0 standing 
10 529 386 571 516 96996 0 0 1 standing 
10 538 387 580 517 96997 0 0 1 standing 
10 548 388 590 518 96998 0 0 1 standing 
10 557 389 599 519 96999 0 0 1 standing 
10 567 390 609 520 97000 0 0 0 standing 
10 573 390 615 520 97001 0 0 1 standing 
10 580 391 622 521 97002 0 0 1 standing 
10 586 392 628 522 97003 0 0 1 standing 
10 593 393 635 523 97004 0 0 1 standing 
11 70 420 144 561 96985 0 0 0 standing 
11 80 419 149 559 96986 0 0 1 standing 
11 90 418 154 557 96987 0 0 1 standing 
11 100 417 160 555 96988 0 0 1 standing 
11 110 416 165 553 96989 0 0 1 standing 
11 121 415 171 552 96990 0 0 0 standing 
11 123 416 179 552 96991 0 0 1 standing 
11 125 417 187 553 96992 0 0 1 standing 
11 128 418 195 553 96993 0 0 1 standing 
11 130 419 203 554 96994 0 0 1 standing 
11 133 420 212 555 96995 0 0 0 standing 
11 139 419 214 554 96996 0 0 1 standing 
11 145 419 217 554 96997 0 0 1 standing 
11 151 418 220 554 96998 0 0 1 standing 
11 157 418 223 553 96999 0 0 1 standing 
11 163 417 226 553 97000 0 0 1 standing 
11 169 417 229 553 97001 0 0 1 standing 
11 175 416 232 552 97002 0 0 1 standing 
11 181 416 235 552 97003 0 0 1 standing 
11 187 416 238 552 97004 0 0 0 standing 
