0 35 416 111 546 20490 0 0 0 digging 
0 38 416 114 546 20491 0 0 1 digging 
0 42 416 118 546 20492 0 0 1 digging 
0 45 416 121 546 20493 0 0 1 digging 
0 49 416 125 546 20494 0 0 1 digging 
0 52 416 128 546 20495 0 0 1 digging 
0 56 416 132 546 20496 0 0 1 digging 
0 59 416 135 546 20497 0 0 1 digging 
0 63 416 139 546 20498 0 0 1 digging 
0 66 416 142 546 20499 0 0 1 digging 
0 70 416 146 546 20500 0 0 1 digging 
0 74 416 150 546 20501 0 0 1 digging 
0 77 416 153 546 20502 0 0 1 digging 
0 81 416 157 546 20503 0 0 1 digging 
0 84 416 160 546 20504 0 0 1 digging 
0 88 416 164 546 20505 0 0 1 digging 
0 91 416 167 546 20506 0 0 1 digging 
0 95 416 171 546 20507 0 0 1 digging 
0 98 416 174 546 20508 0 0 1 digging 
0 102 416 178 546 20509 0 0 1 digging 
1 204 330 273 441 20490 0 0 0 digging 
1 207 328 276 439 20491 0 0 1 standing 
1 211 327 280 438 20492 0 0 1 standing 
1 214 326 284 437 20493 0 0 1 standing 
1 218 325 287 436 20494 0 0 1 standing 
1 222 324 291 435 20495 0 0 1 standing 
1 225 322 295 434 20496 0 0 1 standing 
1 229 321 298 433 20497 0 0 1 standing 
1 232 320 302 432 20498 0 0 1 standing 
1 236 319 306 431 20499 0 0 1 standing 
1 240 318 310 430 20500 0 0 0 standing 
1 251 317 321 429 20501 0 0 1 standing 
1 262 316 332 428 20502 0 0 1 standing 
1 274 316 344 428 20503 0 0 1 standing 
1 285 315 355 427 20504 0 0 1 standing 
1 297 315 367 427 20505 0 0 1 standing 
1 308 314 378 426 20506 0 0 1 standing 
1 319 313 389 425 20507 0 0 1 standing 
1 331 313 401 425 20508 0 0 1 standing 
1 342 312 412 424 20509 0 0 1 standing 
2 235 434 315 554 20490 0 0 0 standing 
2 235 434 315 554 20491 0 0 1 standing 
2 236 435 316 555 20492 0 0 1 standing 
2 237 436 316 556 20493 0 0 1 standing 
2 237 437 317 557 20494 0 0 1 standing 
2 238 438 318 558 20495 0 0 1 standing 
2 239 439 318 559 20496 0 0 1 standing 
2 239 440 319 560 20497 0 0 1 standing 
2 240 441 319 561 20498 0 0 1 standing 
2 241 442 320 562 20499 0 0 1 standing 
2 242 443 321 563 20500 0 0 0 standing 
2 248 442 327 562 20501 0 0 1 standing 
2 254 441 333 561 20502 0 0 1 standing 
2 260 441 339 561 20503 0 0 1 standing 
2 267 440 346 560 20504 0 0 1 standing 
2 273 440 352 560 20505 0 0 1 standing 
2 279 439 358 559 20506 0 0 1 standing 
2 286 438 365 558 20507 0 0 1 standing 
2 292 438 371 558 20508 0 0 1 standing 
2 298 437 377 557 20509 0 0 1 standing 
3 404 419 522 565 20490 0 0 0 standing 
3 401 418 516 564 20491 0 0 1 standing 
3 399 418 511 563 20492 0 0 1 standing 
3 396 418 505 563 20493 0 0 1 standing 
3 394 417 500 562 20494 0 0 1 standing 
3 392 417 494 562 20495 0 0 1 standing 
3 389 417 489 561 20496 0 0 1 standing 
3 387 416 483 560 20497 0 0 1 standing 
3 384 416 478 560 20498 0 0 1 standing 
3 382 416 472 559 20499 0 0 1 standing 
3 380 416 467 559 20500 0 0 0 standing 
3 387 416 474 559 20501 0 0 1 standing 
3 394 416 481 559 20502 0 0 1 standing 
3 401 416 488 559 20503 0 0 1 standing 
3 408 416 495 559 20504 0 0 1 standing 
3 415 416 502 559 20505 0 0 1 standing 
3 422 416 509 559 20506 0 0 1 standing 
3 429 416 516 559 20507 0 0 1 standing 
3 436 416 523 559 20508 0 0 1 standing 
3 443 416 530 559 20509 0 0 1 standing 
4 600 327 654 451 20490 0 1 0 standing 
4 603 317 657 447 20491 0 1 1 blocking 
4 606 307 660 444 20492 0 1 1 blocking 
4 609 297 663 441 20493 0 1 1 blocking 
4 613 287 666 437 20494 0 1 1 blocking 
4 616 277 669 434 20495 0 1 1 blocking 
4 619 267 672 431 20496 0 1 1 blocking 
4 623 257 675 427 20497 0 1 1 blocking 
4 626 247 678 424 20498 0 1 1 blocking 
4 629 237 681 421 20499 0 1 1 blocking 
4 633 227 685 418 20500 0 1 0 blocking 
4 639 226 691 417 20501 0 1 1 blocking 
4 646 225 698 416 20502 0 1 1 blocking 
4 652 224 704 415 20503 0 1 1 blocking 
4 659 224 711 415 20504 0 1 1 blocking 
4 666 223 718 414 20505 0 1 1 blocking 
4 672 222 724 413 20506 0 1 1 blocking 
4 679 222 731 413 20507 0 1 1 blocking 
4 685 221 737 412 20508 0 1 1 blocking 
4 692 220 744 411 20509 0 1 1 blocking 
5 607 296 657 419 20490 0 1 0 blocking 
5 609 286 659 415 20491 0 1 1 blocking 
5 612 276 661 412 20492 0 1 1 blocking 
5 615 267 664 409 20493 0 1 1 blocking 
5 617 257 666 406 20494 0 1 1 blocking 
5 620 248 669 403 20495 0 1 1 blocking 
5 623 238 671 399 20496 0 1 1 blocking 
5 625 228 673 396 20497 0 1 1 blocking 
5 628 219 676 393 20498 0 1 1 blocking 
5 631 209 678 390 20499 0 1 1 blocking 
5 634 200 681 387 20500 0 1 0 blocking 
5 643 202 690 389 20501 0 1 1 blocking 
5 653 204 700 391 20502 0 1 1 blocking 
5 663 206 710 393 20503 0 1 1 blocking 
5 673 208 720 396 20504 0 1 1 blocking 
5 683 211 730 398 20505 0 1 1 blocking 
5 693 213 740 400 20506 0 1 1 blocking 
5 703 215 750 403 20507 0 1 1 blocking 
5 713 217 760 405 20508 0 1 1 blocking 
5 723 219 770 407 20509 0 1 1 blocking 
6 719 342 780 471 20490 0 0 0 blocking 
6 720 342 781 471 20491 0 0 1 waiting 
6 722 343 783 472 20492 0 0 1 waiting 
6 724 343 784 473 20493 0 0 1 waiting 
6 725 344 786 473 20494 0 0 1 waiting 
6 727 344 787 474 20495 0 0 1 waiting 
6 729 345 789 475 20496 0 0 1 waiting 
6 730 345 790 475 20497 0 0 1 waiting 
6 732 346 792 476 20498 0 0 1 waiting 
6 734 346 793 477 20499 0 0 1 waiting 
6 736 347 795 478 20500 0 0 0 waiting 
6 743 346 802 477 20501 0 0 1 waiting 
6 751 346 810 477 20502 0 0 1 waiting 
6 758 346 817 477 20503 0 0 1 waiting 
6 766 346 825 477 20504 0 0 1 waiting 
6 773 346 832 477 20505 0 0 1 waiting 
6 781 345 840 476 20506 0 0 1 waiting 
6 788 345 847 476 20507 0 0 1 waiting 
6 796 345 855 476 20508 0 0 1 waiting 
6 803 345 862 476 20509 0 0 1 waiting 
7 773 287 829 420 20490 0 1 0 waiting 
7 773 281 829 415 20491 0 1 1 spiking 
7 774 275 830 411 20492 0 1 1 spiking 
7 775 269 830 406 20493 0 1 1 spiking 
7 776 263 831 402 20494 0 1 1 spiking 
7 777 257 832 398 20495 0 1 1 spiking 
7 778 251 832 393 20496 0 1 1 spiking 
7 779 245 833 389 20497 0 1 1 spiking 
7 780 239 833 384 20498 0 1 1 spiking 
7 781 233 834 380 20499 0 1 1 spiking 
7 782 227 835 376 20500 0 1 0 spiking 
7 785 224 838 378 20501 0 1 1 spiking 
7 789 222 842 380 20502 0 1 1 spiking 
7 793 219 846 383 20503 0 1 1 spiking 
7 797 217 849 385 20504 0 1 1 spiking 
7 801 214 853 387 20505 0 1 1 spiking 
7 805 212 857 390 20506 0 1 0 spiking 
7 815 224 868 395 20507 0 1 1 spiking 
7 826 236 879 400 20508 0 1 1 spiking 
7 837 248 890 405 20509 0 1 1 spiking 
8 794 437 849 600 20490 0 0 0 spiking 
8 790 434 847 596 20491 0 0 1 standing 
8 787 432 845 593 20492 0 0 1 standing 
8 784 430 844 590 20493 0 0 1 standing 
8 781 428 842 587 20494 0 0 1 standing 
8 778 426 841 584 20495 0 0 1 standing 
8 775 424 839 581 20496 0 0 1 standing 
8 772 422 837 578 20497 0 0 1 standing 
8 769 420 836 575 20498 0 0 1 standing 
8 766 418 834 572 20499 0 0 1 standing 
8 763 416 833 569 20500 0 0 0 standing 
8 768 414 838 567 20501 0 0 1 standing 
8 774 412 844 565 20502 0 0 1 standing 
8 780 410 850 563 20503 0 0 1 standing 
8 785 408 855 561 20504 0 0 1 standing 
8 791 407 861 560 20505 0 0 1 standing 
8 797 405 867 558 20506 0 0 1 standing 
8 802 403 872 556 20507 0 0 1 standing 
8 808 401 878 554 20508 0 0 1 standing 
8 814 399 884 552 20509 0 0 1 standing 
9 875 389 968 510 20490 0 0 0 standing 
9 876 388 969 509 20491 0 0 1 standing 
9 878 388 971 509 20492 0 0 1 standing 
9 879 388 972 509 20493 0 0 1 standing 
9 881 388 974 508 20494 0 0 1 standing 
9 882 388 975 508 20495 0 0 1 standing 
9 884 387 977 508 20496 0 0 1 standing 
9 885 387 978 507 20497 0 0 1 standing 
9 887 387 980 507 20498 0 0 1 standing 
9 888 387 981 507 20499 0 0 1 standing 
9 890 387 983 507 20500 0 0 0 standing 
9 897 387 990 507 20501 0 0 1 standing 
9 905 388 998 508 20502 0 0 1 standing 
9 913 389 1006 509 20503 0 0 1 standing 
9 921 390 1014 510 20504 0 0 1 standing 
9 929 391 1022 511 20505 0 0 1 standing 
9 937 391 1030 511 20506 0 0 1 standing 
9 945 392 1038 512 20507 0 0 1 standing 
9 953 393 1046 513 20508 0 0 1 standing 
9 961 394 1054 514 20509 0 0 1 standing 
10 884 318 962 443 20490 0 0 0 standing 
10 883 318 960 443 20491 0 0 1 standing 
10 883 319 958 444 20492 0 0 1 standing 
10 883 320 956 445 20493 0 0 1 standing 
10 883 321 954 446 20494 0 0 1 standing 
10 883 322 952 447 20495 0 0 1 standing 
10 883 322 950 447 20496 0 0 1 standing 
10 883 323 948 448 20497 0 0 1 standing 
10 883 324 946 449 20498 0 0 1 standing 
10 883 325 944 450 20499 0 0 1 standing 
10 883 326 943 451 20500 0 0 0 standing 
10 890 326 950 451 20501 0 0 1 standing 
10 897 327 957 452 20502 0 0 1 standing 
10 904 327 964 452 20503 0 0 1 standing 
10 911 328 971 453 20504 0 0 1 standing 
10 918 329 978 454 20505 0 0 1 standing 
10 925 329 985 454 20506 0 0 1 standing 
10 932 330 992 455 20507 0 0 1 standing 
10 939 330 999 455 20508 0 0 1 standing 
10 946 331 1006 456 20509 0 0 1 standing 
11 1157 343 1218 467 20490 0 0 0 standing 
11 1159 342 1220 466 20491 0 0 1 standing 
11 1161 342 1222 466 20492 0 0 1 standing 
11 1163 341 1224 465 20493 0 0 1 standing 
11 1166 341 1226 465 20494 0 0 1 standing 
11 1168 340 1228 465 20495 0 0 1 standing 
11 1170 340 1230 464 20496 0 0 1 standing 
11 1173 339 1232 464 20497 0 0 1 standing 
11 1175 339 1234 463 20498 0 0 1 standing 
11 1177 338 1236 463 20499 0 0 1 standing 
11 1180 338 1239 463 20500 1 0 0 standing 
11 1180 338 1239 463 20501 1 0 1 standing 
11 1180 338 1239 463 20502 1 0 1 standing 
11 1180 338 1239 463 20503 1 0 1 standing 
11 1180 338 1239 463 20504 1 0 1 standing 
11 1180 338 1239 463 20505 1 0 1 standing 
11 1180 338 1239 463 20506 1 0 1 standing 
11 1180 338 1239 463 20507 1 0 1 standing 
11 1180 338 1239 463 20508 1 0 1 standing 
11 1180 338 1239 463 20509 1 0 1 standing 
