0 1104 446 1164 570 101935 0 0 0 waiting 
0 1097 447 1157 567 101936 0 0 1 waiting 
0 1091 448 1150 565 101937 0 0 1 waiting 
0 1085 449 1144 563 101938 0 0 0 waiting 
0 1077 448 1134 563 101939 0 0 1 waiting 
0 1069 447 1124 563 101940 0 0 1 waiting 
0 1062 446 1115 564 101941 0 0 0 waiting 
0 1052 447 1105 565 101942 0 0 1 waiting 
0 1042 448 1095 566 101943 0 0 1 waiting 
0 1033 449 1085 568 101944 0 0 0 waiting 
0 1016 449 1072 566 101945 0 0 1 waiting 
0 999 449 1060 564 101946 0 0 1 waiting 
0 983 449 1048 562 101947 0 0 0 waiting 
0 963 449 1030 562 101948 0 0 1 waiting 
0 944 449 1013 562 101949 0 0 1 waiting 
0 925 449 996 562 101950 0 0 0 waiting 
0 927 445 996 561 101951 0 0 1 waiting 
0 930 441 996 560 101952 0 0 1 waiting 
0 932 437 996 560 101953 0 0 1 waiting 
0 935 433 996 559 101954 0 0 1 waiting 
1 968 401 1028 513 101935 0 0 0 waiting 
1 962 401 1022 511 101936 0 0 1 waiting 
1 957 402 1016 510 101937 0 0 1 waiting 
1 952 403 1011 509 101938 0 0 0 waiting 
1 945 403 1004 508 101939 0 0 1 waiting 
1 939 403 998 507 101940 0 0 1 waiting 
1 933 403 992 506 101941 0 0 0 waiting 
1 922 403 983 506 101942 0 0 1 waiting 
1 912 404 974 506 101943 0 0 1 waiting 
1 902 405 966 507 101944 0 0 0 waiting 
1 886 406 954 505 101945 0 0 1 waiting 
1 870 407 942 504 101946 0 0 1 waiting 
1 855 409 930 503 101947 0 0 0 waiting 
1 836 408 913 502 101948 0 0 1 waiting 
1 818 407 896 501 101949 0 0 1 waiting 
1 800 406 879 500 101950 0 0 0 waiting 
1 802 404 878 499 101951 0 0 1 waiting 
1 804 402 877 499 101952 0 0 1 waiting 
1 806 401 876 499 101953 0 0 1 waiting 
1 808 399 875 499 101954 0 0 1 waiting 
2 1019 499 1084 611 101935 0 0 0 waiting 
2 1012 497 1077 611 101936 0 0 1 waiting 
2 1006 495 1071 611 101937 0 0 1 waiting 
2 1000 494 1065 612 101938 0 0 0 waiting 
2 993 493 1057 609 101939 0 0 1 waiting 
2 986 493 1050 606 101940 0 0 1 waiting 
2 979 493 1043 604 101941 0 0 0 waiting 
2 969 492 1031 606 101942 0 0 1 waiting 
2 960 491 1020 608 101943 0 0 1 waiting 
2 951 491 1009 610 101944 0 0 0 waiting 
2 937 490 996 609 101945 0 0 1 waiting 
2 923 489 984 608 101946 0 0 1 waiting 
2 909 488 972 607 101947 0 0 0 waiting 
2 894 487 954 604 101948 0 0 1 waiting 
2 880 486 936 601 101949 0 0 1 waiting 
2 866 486 919 599 101950 0 0 0 waiting 
2 867 485 921 600 101951 0 0 1 waiting 
2 869 485 924 601 101952 0 0 1 waiting 
2 871 485 926 602 101953 0 0 1 waiting 
2 873 485 929 603 101954 0 0 1 waiting 
3 718 375 766 500 101935 0 0 0 waiting 
3 710 373 763 504 101936 0 0 1 blocking 
3 702 371 761 508 101937 0 0 1 blocking 
3 694 370 759 512 101938 0 0 0 blocking 
3 690 367 752 505 101939 0 0 1 blocking 
3 686 364 745 499 101940 0 0 1 blocking 
3 682 362 739 493 101941 0 0 0 blocking 
3 671 360 733 489 101942 0 0 1 blocking 
3 660 358 727 486 101943 0 0 1 blocking 
3 650 356 722 483 101944 0 0 0 blocking 
3 638 356 718 482 101945 0 0 1 blocking 
3 626 356 714 481 101946 0 0 1 blocking 
3 615 356 710 481 101947 0 0 0 blocking 
3 601 359 694 480 101948 0 0 1 blocking 
3 587 362 678 479 101949 0 0 1 blocking 
3 573 365 662 478 101950 0 0 0 blocking 
3 577 364 663 477 101951 0 0 1 blocking 
3 581 364 665 476 101952 0 0 1 blocking 
3 586 363 667 476 101953 0 0 1 blocking 
3 590 363 669 475 101954 0 0 1 blocking 
4 699 378 771 536 101935 0 1 0 blocking 
4 689 374 767 532 101936 0 1 1 blocking 
4 680 370 764 529 101937 0 1 1 blocking 
4 670 366 761 526 101938 0 1 1 blocking 
4 661 362 758 523 101939 0 1 1 blocking 
4 652 359 755 520 101940 0 1 0 blocking 
4 644 359 748 521 101941 0 1 1 blocking 
4 637 360 741 522 101942 0 1 1 blocking 
4 629 360 734 523 101943 0 1 1 blocking 
4 622 361 727 524 101944 0 1 0 blocking 
4 613 365 711 528 101945 0 1 1 blocking 
4 604 369 696 533 101946 0 1 1 blocking 
4 595 373 681 538 101947 0 1 1 blocking 
4 586 377 666 543 101948 0 1 1 blocking 
4 577 381 651 548 101949 0 1 1 blocking 
4 568 385 636 553 101950 0 1 1 blocking 
4 559 389 621 558 101951 0 1 1 blocking 
4 550 393 606 563 101952 0 1 1 blocking 
4 542 397 591 568 101953 0 1 0 blocking 
4 553 401 604 571 101954 0 1 1 blocking 
5 697 447 765 600 101935 0 1 0 blocking 
5 689 441 756 596 101936 0 1 1 blocking 
5 681 436 747 592 101937 0 1 1 blocking 
5 674 431 739 588 101938 0 1 1 blocking 
5 666 425 730 584 101939 0 1 1 blocking 
5 659 420 721 581 101940 0 1 1 blocking 
5 651 415 713 577 101941 0 1 1 blocking 
5 644 409 704 573 101942 0 1 1 blocking 
5 636 404 695 569 101943 0 1 1 blocking 
5 629 399 687 566 101944 0 1 0 blocking 
5 619 400 676 564 101945 0 1 1 blocking 
5 609 401 665 563 101946 0 1 1 blocking 
5 599 403 654 561 101947 0 1 1 blocking 
5 589 404 643 560 101948 0 1 1 blocking 
5 579 405 632 559 101949 0 1 1 blocking 
5 569 407 621 557 101950 0 1 1 blocking 
5 559 408 610 556 101951 0 1 1 blocking 
5 549 410 599 555 101952 0 1 0 blocking 
5 557 417 606 558 101953 0 1 1 blocking 
5 565 424 613 561 101954 0 1 1 blocking 
6 608 361 668 529 101935 0 0 0 blocking 
6 602 364 661 532 101936 0 0 1 standing 
6 596 368 654 535 101937 0 0 1 standing 
6 591 372 648 538 101938 0 0 0 standing 
6 584 381 641 543 101939 0 0 1 standing 
6 578 390 635 549 101940 0 0 1 standing 
6 572 400 629 555 101941 0 0 0 standing 
6 559 403 617 554 101942 0 0 1 standing 
6 546 407 605 554 101943 0 0 1 standing 
6 533 411 594 554 101944 0 0 1 standing 
6 520 414 582 553 101945 0 0 1 standing 
6 507 418 570 553 101946 0 0 1 standing 
6 495 422 559 553 101947 0 0 0 standing 
6 474 420 544 551 101948 0 0 1 standing 
6 453 418 529 549 101949 0 0 1 standing 
6 432 416 514 548 101950 0 0 0 standing 
6 432 415 506 547 101951 0 0 1 standing 
6 432 415 499 547 101952 0 0 1 standing 
6 432 415 492 546 101953 0 0 1 standing 
6 432 415 485 546 101954 0 0 1 standing 
7 470 335 563 456 101935 0 0 0 standing 
7 475 344 562 456 101936 0 0 1 standing 
7 480 354 562 456 101937 0 0 1 standing 
7 486 364 562 457 101938 0 0 0 standing 
7 493 361 563 458 101939 0 0 1 standing 
7 500 359 565 459 101940 0 0 1 standing 
7 508 357 567 460 101941 0 0 0 standing 
7 505 356 561 462 101942 0 0 1 standing 
7 502 355 555 464 101943 0 0 1 standing 
7 499 355 550 466 101944 0 0 0 standing 
7 492 354 545 466 101945 0 0 1 standing 
7 485 354 540 466 101946 0 0 1 standing 
7 478 354 535 466 101947 0 0 0 standing 
7 466 353 526 466 101948 0 0 1 standing 
7 454 353 517 466 101949 0 0 1 standing 
7 443 353 508 466 101950 0 0 0 standing 
7 447 355 512 466 101951 0 0 1 standing 
7 452 358 517 467 101952 0 0 1 standing 
7 456 361 521 467 101953 0 0 1 standing 
7 461 364 526 468 101954 0 0 1 standing 
8 543 382 612 537 101935 0 1 0 standing 
8 540 375 612 533 101936 0 1 1 standing 
8 538 369 612 529 101937 0 1 1 standing 
8 536 362 612 525 101938 0 1 1 standing 
8 533 356 612 521 101939 0 1 1 standing 
8 531 349 612 517 101940 0 1 1 standing 
8 529 343 612 513 101941 0 1 1 standing 
8 527 337 613 510 101942 0 1 0 standing 
8 518 345 602 511 101943 0 1 1 standing 
8 510 353 591 512 101944 0 1 1 standing 
8 502 361 581 513 101945 0 1 1 standing 
8 494 369 570 514 101946 0 1 1 standing 
8 486 378 560 516 101947 0 1 0 standing 
8 484 383 557 520 101948 0 1 1 standing 
8 482 388 554 524 101949 0 1 1 standing 
8 480 393 552 529 101950 0 1 1 standing 
8 478 398 549 533 101951 0 1 1 standing 
8 476 403 547 538 101952 0 1 0 standing 
8 488 406 558 540 101953 0 1 1 standing 
8 500 409 570 542 101954 0 1 1 standing 
9 376 429 459 543 101935 0 0 0 standing 
9 386 428 462 541 101936 0 0 1 standing 
9 396 428 466 539 101937 0 0 1 standing 
9 406 428 470 537 101938 0 0 0 standing 
9 407 425 473 537 101939 0 0 1 standing 
9 409 422 476 537 101940 0 0 1 standing 
9 411 419 480 538 101941 0 0 0 standing 
9 411 415 479 535 101942 0 0 1 standing 
9 412 411 478 533 101943 0 0 1 standing 
9 413 408 478 531 101944 0 0 0 standing 
9 404 405 471 529 101945 0 0 1 standing 
9 395 403 464 527 101946 0 0 1 standing 
9 387 401 457 526 101947 0 0 0 standing 
9 378 404 450 525 101948 0 0 1 standing 
9 369 407 444 524 101949 0 0 1 standing 
9 361 410 438 524 101950 0 0 0 standing 
9 366 411 441 524 101951 0 0 1 standing 
9 371 412 444 525 101952 0 0 1 standing 
9 376 413 447 525 101953 0 0 1 standing 
9 381 414 450 526 101954 0 0 1 standing 
10 275 499 394 638 101935 0 0 0 standing 
10 285 503 390 639 101936 0 0 1 moving 
10 296 507 387 641 101937 0 0 1 moving 
10 307 512 384 643 101938 0 0 0 moving 
10 316 508 395 643 101939 0 0 1 moving 
10 325 504 406 643 101940 0 0 1 moving 
10 334 500 417 644 101941 0 0 0 moving 
10 334 497 417 641 101942 0 0 1 moving 
10 334 494 418 638 101943 0 0 1 moving 
10 335 492 419 636 101944 0 0 0 moving 
10 336 491 415 635 101945 0 0 1 moving 
10 337 491 412 634 101946 0 0 1 moving 
10 338 491 409 634 101947 0 0 0 moving 
10 329 489 401 633 101948 0 0 1 moving 
10 320 488 393 632 101949 0 0 1 moving 
10 312 487 385 631 101950 0 0 0 moving 
10 320 489 395 631 101951 0 0 1 moving 
10 329 491 405 632 101952 0 0 1 moving 
10 338 494 415 633 101953 0 0 1 moving 
10 347 496 425 634 101954 0 0 1 moving 
11 302 395 378 508 101935 0 0 0 moving 
11 297 395 372 508 101936 0 0 1 standing 
11 292 396 366 509 101937 0 0 1 standing 
11 288 397 360 510 101938 0 0 0 standing 
11 285 396 356 510 101939 0 0 1 standing 
11 282 395 352 510 101940 0 0 1 standing 
11 279 394 348 511 101941 0 0 0 standing 
11 274 394 339 509 101942 0 0 1 standing 
11 270 394 330 508 101943 0 0 1 standing 
11 266 394 321 507 101944 0 0 0 standing 
11 256 395 310 511 101945 0 0 1 standing 
11 247 396 299 515 101946 0 0 1 standing 
11 238 397 289 520 101947 0 0 0 standing 
11 223 401 275 521 101948 0 0 1 standing 
11 208 405 261 523 101949 0 0 1 standing 
11 193 410 247 525 101950 0 0 0 standing 
11 193 416 248 524 101951 0 0 1 standing 
11 193 422 249 524 101952 0 0 1 standing 
11 194 429 250 524 101953 0 0 1 standing 
11 194 435 251 524 101954 0 0 1 standing 
