0 750 470 828 592 36095 0 1 0 setting 
0 755 462 831 591 36096 0 1 1 setting 
0 760 454 835 591 36097 0 1 1 setting 
0 765 446 838 591 36098 0 1 1 setting 
0 770 438 842 591 36099 0 1 1 setting 
0 775 430 845 591 36100 0 1 1 setting 
0 781 422 849 591 36101 0 1 0 setting 
0 771 420 849 587 36102 0 1 1 setting 
0 761 419 849 584 36103 0 1 1 setting 
0 751 417 850 580 36104 0 1 1 setting 
0 741 416 850 577 36105 0 1 1 setting 
0 732 415 851 574 36106 0 1 0 setting 
0 728 425 849 580 36107 0 1 1 setting 
0 725 436 848 586 36108 0 1 1 setting 
0 721 446 847 592 36109 0 1 1 setting 
0 718 457 846 598 36110 0 1 1 setting 
0 714 467 845 604 36111 0 1 1 setting 
0 711 478 844 610 36112 0 1 0 setting 
0 715 485 845 609 36113 0 1 1 setting 
0 720 492 846 608 36114 0 1 1 setting 
1 681 460 733 616 36095 0 0 0 setting 
1 679 460 734 615 36096 0 0 1 standing 
1 678 460 735 614 36097 0 0 1 standing 
1 677 460 736 614 36098 0 0 0 standing 
1 676 458 735 612 36099 0 0 1 standing 
1 676 456 735 611 36100 0 0 1 standing 
1 676 455 735 610 36101 0 0 0 standing 
1 668 456 730 611 36102 0 0 1 standing 
1 661 457 725 612 36103 0 0 1 standing 
1 654 459 721 614 36104 0 0 0 standing 
1 649 461 717 616 36105 0 0 1 standing 
1 644 463 714 618 36106 0 0 1 standing 
1 640 466 711 620 36107 0 0 0 standing 
1 638 467 715 627 36108 0 0 1 standing 
1 636 468 719 635 36109 0 0 1 standing 
1 634 469 723 643 36110 0 0 0 standing 
1 632 469 729 643 36111 0 0 1 standing 
1 631 470 735 643 36112 0 0 1 standing 
1 630 470 741 643 36113 0 0 1 standing 
1 629 471 747 643 36114 0 0 1 standing 
2 218 370 270 487 36095 0 0 0 standing 
2 217 370 269 490 36096 0 0 1 moving 
2 217 370 269 493 36097 0 0 1 moving 
2 217 371 269 496 36098 0 0 0 moving 
2 213 372 267 497 36099 0 0 1 moving 
2 209 374 265 498 36100 0 0 1 moving 
2 205 376 264 500 36101 0 0 0 moving 
2 199 376 260 500 36102 0 0 1 moving 
2 194 376 256 500 36103 0 0 1 moving 
2 189 376 252 500 36104 0 0 0 moving 
2 184 373 247 501 36105 0 0 1 moving 
2 179 370 242 503 36106 0 0 1 moving 
2 175 368 238 505 36107 0 0 0 moving 
2 168 370 232 507 36108 0 0 1 moving 
2 162 372 226 509 36109 0 0 1 moving 
2 156 374 220 511 36110 0 0 0 moving 
2 150 373 213 511 36111 0 0 1 moving 
2 145 372 206 511 36112 0 0 1 moving 
2 139 371 199 512 36113 0 0 1 moving 
2 134 370 192 512 36114 0 0 1 moving 
3 689 420 754 564 36095 0 0 0 moving 
3 691 419 754 563 36096 0 0 1 standing 
3 693 419 754 563 36097 0 0 1 standing 
3 696 419 754 563 36098 0 0 0 standing 
3 699 415 757 563 36099 0 0 1 standing 
3 702 412 760 563 36100 0 0 1 standing 
3 706 409 764 564 36101 0 0 0 standing 
3 705 407 763 563 36102 0 0 1 standing 
3 704 405 762 562 36103 0 0 1 standing 
3 704 403 761 562 36104 0 0 0 standing 
3 700 403 766 561 36105 0 0 1 standing 
3 696 403 771 560 36106 0 0 1 standing 
3 692 403 776 560 36107 0 0 0 standing 
3 692 403 774 559 36108 0 0 1 standing 
3 693 403 772 558 36109 0 0 1 standing 
3 694 403 770 558 36110 0 0 0 standing 
3 698 402 769 557 36111 0 0 1 standing 
3 702 401 768 557 36112 0 0 1 standing 
3 707 400 768 557 36113 0 0 1 standing 
3 711 399 767 557 36114 0 0 1 standing 
4 746 382 815 514 36095 0 0 0 standing 
4 746 384 815 514 36096 0 0 1 standing 
4 746 386 815 514 36097 0 0 1 standing 
4 746 389 815 514 36098 0 0 0 standing 
4 745 388 814 513 36099 0 0 1 standing 
4 745 388 814 513 36100 0 0 1 standing 
4 745 388 814 513 36101 0 0 0 standing 
4 747 383 811 504 36102 0 0 1 standing 
4 749 378 808 495 36103 0 0 1 standing 
4 751 373 806 487 36104 0 0 0 standing 
4 748 373 805 486 36105 0 0 1 standing 
4 746 373 805 486 36106 0 0 1 standing 
4 744 373 805 486 36107 0 0 0 standing 
4 742 374 803 487 36108 0 0 1 standing 
4 741 375 802 488 36109 0 0 1 standing 
4 740 376 801 489 36110 0 0 0 standing 
4 735 374 796 494 36111 0 0 1 standing 
4 731 372 791 500 36112 0 0 1 standing 
4 727 371 787 505 36113 0 0 1 standing 
4 723 369 782 511 36114 0 0 1 standing 
5 849 399 932 531 36095 0 0 0 standing 
5 849 399 934 531 36096 0 0 1 standing 
5 849 400 936 531 36097 0 0 1 standing 
5 849 401 938 532 36098 0 0 0 standing 
5 848 399 937 532 36099 0 0 1 standing 
5 847 397 936 532 36100 0 0 1 standing 
5 847 395 936 533 36101 0 0 0 standing 
5 847 392 933 533 36102 0 0 1 standing 
5 848 389 930 534 36103 0 0 1 standing 
5 849 386 927 535 36104 0 0 0 standing 
5 858 383 928 532 36105 0 0 1 standing 
5 867 380 929 529 36106 0 0 1 standing 
5 876 377 931 526 36107 0 0 0 standing 
5 877 378 934 527 36108 0 0 1 standing 
5 879 380 937 528 36109 0 0 1 standing 
5 881 382 940 530 36110 0 0 0 standing 
5 880 380 941 529 36111 0 0 1 standing 
5 879 378 942 528 36112 0 0 1 standing 
5 879 377 944 527 36113 0 0 1 standing 
5 878 375 945 526 36114 0 0 1 standing 
6 954 418 1016 557 36095 0 0 0 standing 
6 955 423 1020 556 36096 0 0 1 digging 
6 957 428 1025 555 36097 0 0 1 digging 
6 959 433 1030 554 36098 0 0 0 digging 
6 958 437 1028 560 36099 0 0 1 digging 
6 957 441 1027 566 36100 0 0 1 digging 
6 956 446 1026 572 36101 0 0 0 digging 
6 955 447 1021 574 36102 0 0 1 digging 
6 955 448 1017 577 36103 0 0 1 digging 
6 955 449 1013 580 36104 0 0 0 digging 
6 951 450 1009 577 36105 0 0 1 digging 
6 947 452 1005 575 36106 0 0 1 digging 
6 943 454 1001 573 36107 0 0 0 digging 
6 939 453 996 575 36108 0 0 1 digging 
6 935 452 992 577 36109 0 0 1 digging 
6 931 452 988 579 36110 0 0 0 digging 
6 927 448 984 578 36111 0 0 1 digging 
6 923 445 980 578 36112 0 0 1 digging 
6 920 442 976 577 36113 0 0 1 digging 
6 916 439 972 577 36114 0 0 1 digging 
7 591 363 655 591 36095 0 0 0 digging 
7 591 378 654 590 36096 0 0 1 standing 
7 591 394 654 590 36097 0 0 1 standing 
7 591 410 654 590 36098 0 0 0 standing 
7 591 410 652 590 36099 0 0 1 standing 
7 591 411 651 590 36100 0 0 1 standing 
7 591 411 649 591 36101 0 0 1 standing 
7 591 412 648 591 36102 0 0 1 standing 
7 591 412 646 591 36103 0 0 1 standing 
7 591 413 645 592 36104 0 0 0 standing 
7 585 413 639 592 36105 0 0 1 standing 
7 580 413 634 592 36106 0 0 1 standing 
7 575 413 629 593 36107 0 0 0 standing 
7 566 415 622 592 36108 0 0 1 standing 
7 558 417 615 592 36109 0 0 1 standing 
7 550 419 609 592 36110 0 0 0 standing 
7 544 415 603 589 36111 0 0 1 standing 
7 539 411 598 587 36112 0 0 1 standing 
7 534 408 592 584 36113 0 0 1 standing 
7 529 404 587 582 36114 0 0 1 standing 
8 596 377 663 595 36095 0 0 0 standing 
8 596 387 662 596 36096 0 0 1 standing 
8 596 397 662 597 36097 0 0 1 standing 
8 596 407 662 598 36098 0 0 0 standing 
8 595 408 661 599 36099 0 0 1 standing 
8 594 409 660 601 36100 0 0 1 standing 
8 594 411 660 603 36101 0 0 0 standing 
8 582 417 650 603 36102 0 0 1 standing 
8 570 423 640 603 36103 0 0 1 standing 
8 559 430 631 603 36104 0 0 0 standing 
8 543 432 618 609 36105 0 0 1 standing 
8 527 434 606 615 36106 0 0 1 standing 
8 512 437 594 622 36107 0 0 0 standing 
8 498 438 584 621 36108 0 0 1 standing 
8 484 439 574 621 36109 0 0 1 standing 
8 470 440 565 621 36110 0 0 0 standing 
8 464 438 558 620 36111 0 0 1 standing 
8 459 437 551 620 36112 0 0 1 standing 
8 454 436 545 619 36113 0 0 1 standing 
8 449 435 538 619 36114 0 0 1 standing 
9 443 414 529 538 36095 0 0 0 standing 
9 444 413 527 537 36096 0 0 1 standing 
9 446 412 525 536 36097 0 0 1 standing 
9 448 412 524 536 36098 0 0 0 standing 
9 447 412 523 535 36099 0 0 1 standing 
9 446 412 523 535 36100 0 0 1 standing 
9 446 412 523 535 36101 0 0 0 standing 
9 442 407 521 534 36102 0 0 1 standing 
9 438 402 519 534 36103 0 0 1 standing 
9 434 398 517 534 36104 0 0 0 standing 
9 433 396 516 534 36105 0 0 1 standing 
9 433 394 515 534 36106 0 0 1 standing 
9 433 392 515 534 36107 0 0 0 standing 
9 439 390 514 530 36108 0 0 1 standing 
9 445 388 513 526 36109 0 0 1 standing 
9 452 386 512 522 36110 0 0 0 standing 
9 447 385 516 521 36111 0 0 1 standing 
9 443 384 521 520 36112 0 0 1 standing 
9 438 383 526 520 36113 0 0 1 standing 
9 434 382 531 519 36114 0 0 1 standing 
10 368 459 434 612 36095 0 0 0 standing 
10 370 456 433 611 36096 0 0 1 standing 
10 372 453 432 611 36097 0 0 1 standing 
10 374 451 432 611 36098 0 0 0 standing 
10 374 445 431 609 36099 0 0 1 standing 
10 375 439 430 607 36100 0 0 1 standing 
10 376 433 429 606 36101 0 0 0 standing 
10 371 432 424 604 36102 0 0 1 standing 
10 366 431 420 603 36103 0 0 1 standing 
10 361 430 416 602 36104 0 0 0 standing 
10 357 429 411 603 36105 0 0 1 standing 
10 353 428 407 604 36106 0 0 1 standing 
10 350 428 403 606 36107 0 0 0 standing 
10 342 428 397 607 36108 0 0 1 standing 
10 334 429 392 608 36109 0 0 1 standing 
10 327 430 387 610 36110 0 0 0 standing 
10 319 428 380 609 36111 0 0 1 standing 
10 312 427 373 609 36112 0 0 1 standing 
10 304 426 366 609 36113 0 0 1 standing 
10 297 425 359 609 36114 0 0 1 standing 
11 2 449 63 597 36095 0 0 0 standing 
11 1 453 62 600 36096 0 0 1 moving 
11 1 458 61 604 36097 0 0 1 moving 
11 1 463 61 608 36098 0 0 0 moving 
11 0 461 60 607 36099 0 0 1 moving 
11 0 459 59 606 36100 0 0 1 moving 
11 0 457 59 605 36101 0 0 0 moving 
11 0 453 58 595 36102 0 0 1 moving 
11 0 449 58 585 36103 0 0 1 moving 
11 0 445 58 575 36104 0 0 0 moving 
11 0 440 58 577 36105 0 0 1 moving 
11 0 435 58 579 36106 0 0 1 moving 
11 0 431 58 581 36107 0 0 0 moving 
11 0 430 54 568 36108 0 0 1 moving 
11 0 430 50 555 36109 0 0 1 moving 
11 0 430 46 542 36110 0 0 0 moving 
11 0 429 40 532 36111 0 0 1 moving 
11 0 428 34 523 36112 0 0 1 moving 
11 0 427 28 514 36113 0 0 0 moving 
11 0 427 28 514 36114 0 0 1 moving 
