0 837 461 903 589 52730 0 1 0 setting 
0 824 455 894 584 52731 0 1 1 setting 
0 812 449 885 580 52732 0 1 1 setting 
0 800 444 876 575 52733 0 1 1 setting 
0 788 438 867 571 52734 0 1 1 setting 
0 776 433 859 566 52735 0 1 1 setting 
0 764 427 850 562 52736 0 1 1 setting 
0 752 421 841 557 52737 0 1 1 setting 
0 740 416 832 553 52738 0 1 1 setting 
0 728 410 823 548 52739 0 1 1 setting 
0 716 405 815 544 52740 0 1 0 setting 
0 715 408 809 544 52741 0 1 1 setting 
0 714 412 804 544 52742 0 1 1 setting 
0 713 416 798 544 52743 0 1 1 setting 
0 713 420 793 544 52744 0 1 1 setting 
0 712 424 787 545 52745 0 1 1 setting 
0 711 427 782 545 52746 0 1 1 setting 
0 711 431 776 545 52747 0 1 1 setting 
0 710 435 771 545 52748 0 1 1 setting 
0 709 439 765 545 52749 0 1 1 setting 
1 754 412 821 525 52730 0 0 0 setting 
1 740 411 811 524 52731 0 0 1 standing 
1 726 411 801 523 52732 0 0 1 standing 
1 713 411 792 522 52733 0 0 0 standing 
1 700 409 781 519 52734 0 0 1 standing 
1 687 407 771 517 52735 0 0 1 standing 
1 675 405 761 515 52736 0 0 0 standing 
1 670 401 755 515 52737 0 0 1 standing 
1 665 398 750 516 52738 0 0 1 standing 
1 660 395 745 517 52739 0 0 0 standing 
1 659 392 742 516 52740 0 0 1 standing 
1 659 389 739 515 52741 0 0 1 standing 
1 659 386 736 515 52742 0 0 0 standing 
1 658 384 734 513 52743 0 0 1 standing 
1 657 383 732 511 52744 0 0 1 standing 
1 657 382 731 510 52745 0 0 0 standing 
1 667 382 733 507 52746 0 0 1 standing 
1 678 382 735 505 52747 0 0 1 standing 
1 689 383 738 503 52748 0 0 0 standing 
1 689 383 741 502 52749 0 0 1 standing 
2 1034 451 1104 562 52730 0 0 0 standing 
2 1017 451 1083 560 52731 0 0 1 standing 
2 1001 451 1063 559 52732 0 0 1 standing 
2 985 452 1043 558 52733 0 0 0 standing 
2 969 449 1027 558 52734 0 0 1 standing 
2 954 447 1011 558 52735 0 0 1 standing 
2 939 445 996 558 52736 0 0 0 standing 
2 918 446 982 562 52737 0 0 1 standing 
2 897 448 969 566 52738 0 0 1 standing 
2 876 450 956 570 52739 0 0 0 standing 
2 864 452 944 575 52740 0 0 1 standing 
2 853 454 932 581 52741 0 0 1 standing 
2 842 456 921 587 52742 0 0 0 standing 
2 836 457 915 588 52743 0 0 1 standing 
2 830 458 909 589 52744 0 0 1 standing 
2 825 460 904 591 52745 0 0 0 standing 
2 829 457 904 590 52746 0 0 1 standing 
2 833 454 904 590 52747 0 0 1 standing 
2 838 451 904 590 52748 0 0 1 standing 
2 842 448 904 590 52749 0 0 1 standing 
3 546 394 593 533 52730 0 0 0 standing 
3 535 394 582 533 52731 0 0 1 standing 
3 524 394 571 533 52732 0 0 1 standing 
3 513 394 560 534 52733 0 0 0 standing 
3 499 396 546 536 52734 0 0 1 standing 
3 486 398 533 538 52735 0 0 1 standing 
3 473 400 520 540 52736 0 0 0 standing 
3 461 397 508 538 52737 0 0 1 standing 
3 449 395 496 536 52738 0 0 1 standing 
3 437 393 484 534 52739 0 0 0 standing 
3 428 394 475 535 52740 0 0 1 standing 
3 420 395 467 536 52741 0 0 1 standing 
3 412 396 459 537 52742 0 0 0 standing 
3 409 399 456 540 52743 0 0 1 standing 
3 406 402 453 543 52744 0 0 1 standing 
3 404 406 451 547 52745 0 0 0 standing 
3 403 406 450 542 52746 0 0 1 standing 
3 403 407 450 537 52747 0 0 1 standing 
3 402 407 449 532 52748 0 0 1 standing 
3 402 408 449 527 52749 0 0 1 standing 
4 475 414 542 556 52730 0 0 0 standing 
4 463 414 530 556 52731 0 0 1 standing 
4 451 415 518 557 52732 0 0 1 standing 
4 440 416 506 558 52733 0 0 0 standing 
4 429 414 495 556 52734 0 0 1 standing 
4 418 412 484 554 52735 0 0 1 standing 
4 408 411 474 553 52736 0 0 0 standing 
4 395 411 457 553 52737 0 0 1 standing 
4 383 412 440 553 52738 0 0 1 standing 
4 371 413 424 554 52739 0 0 0 standing 
4 360 411 413 557 52740 0 0 1 standing 
4 350 410 402 560 52741 0 0 1 standing 
4 340 409 392 564 52742 0 0 0 standing 
4 332 409 384 564 52743 0 0 1 standing 
4 324 410 376 565 52744 0 0 1 standing 
4 317 411 369 566 52745 0 0 0 standing 
4 317 411 369 566 52746 0 0 1 standing 
4 317 411 369 566 52747 0 0 1 standing 
4 317 411 369 566 52748 0 0 1 standing 
4 317 411 369 566 52749 0 0 1 standing 
5 334 465 407 588 52730 0 0 0 standing 
5 323 465 395 587 52731 0 0 1 standing 
5 313 465 383 587 52732 0 0 1 standing 
5 303 465 372 587 52733 0 0 0 standing 
5 295 464 358 587 52734 0 0 1 standing 
5 287 463 345 587 52735 0 0 1 standing 
5 280 463 332 588 52736 0 0 0 standing 
5 273 464 328 588 52737 0 0 1 standing 
5 266 465 324 588 52738 0 0 1 standing 
5 259 466 321 588 52739 0 0 0 standing 
5 249 465 316 591 52740 0 0 1 standing 
5 239 465 312 594 52741 0 0 1 standing 
5 229 465 308 597 52742 0 0 0 standing 
5 227 465 305 596 52743 0 0 1 standing 
5 225 465 302 596 52744 0 0 1 standing 
5 223 465 299 596 52745 0 0 0 standing 
5 230 466 300 597 52746 0 0 1 standing 
5 238 467 301 598 52747 0 0 1 standing 
5 246 468 302 600 52748 0 0 1 standing 
5 254 469 303 601 52749 0 0 1 standing 
6 339 437 382 556 52730 0 0 0 standing 
6 325 434 368 552 52731 0 0 1 standing 
6 311 431 354 549 52732 0 0 1 standing 
6 298 428 341 546 52733 0 0 0 standing 
6 286 427 329 548 52734 0 0 1 standing 
6 274 426 317 551 52735 0 0 1 standing 
6 263 426 305 554 52736 0 0 0 standing 
6 250 427 292 555 52737 0 0 1 standing 
6 237 428 279 556 52738 0 0 1 standing 
6 224 429 267 557 52739 0 0 0 standing 
6 213 429 257 556 52740 0 0 1 standing 
6 203 429 248 556 52741 0 0 1 standing 
6 193 429 239 556 52742 0 0 0 standing 
6 184 428 231 556 52743 0 0 1 standing 
6 175 428 223 557 52744 0 0 1 standing 
6 166 428 216 558 52745 0 0 0 standing 
6 163 430 216 558 52746 0 0 1 standing 
6 160 433 216 559 52747 0 0 1 standing 
6 157 436 217 560 52748 0 0 0 standing 
6 157 436 217 560 52749 0 0 1 standing 
7 449 409 508 527 52730 0 0 0 standing 
7 438 410 497 528 52731 0 0 1 standing 
7 428 411 487 529 52732 0 0 1 standing 
7 418 412 477 530 52733 0 0 0 standing 
7 412 409 466 530 52734 0 0 1 standing 
7 406 407 455 530 52735 0 0 1 standing 
7 400 405 445 530 52736 0 0 0 standing 
7 387 404 432 529 52737 0 0 1 standing 
7 374 403 419 528 52738 0 0 1 standing 
7 362 402 407 527 52739 0 0 0 standing 
7 355 404 401 531 52740 0 0 1 standing 
7 349 406 395 535 52741 0 0 1 standing 
7 343 409 389 540 52742 0 0 0 standing 
7 337 410 383 541 52743 0 0 1 standing 
7 332 411 378 542 52744 0 0 1 standing 
7 327 413 373 544 52745 0 0 0 standing 
7 325 413 371 544 52746 0 0 1 standing 
7 323 413 369 544 52747 0 0 1 standing 
7 321 414 367 545 52748 0 0 0 standing 
7 321 414 367 545 52749 0 0 1 standing 
8 272 464 339 604 52730 0 0 0 standing 
8 258 463 325 604 52731 0 0 1 standing 
8 244 462 311 604 52732 0 0 1 standing 
8 231 462 297 605 52733 0 0 0 standing 
8 215 461 284 606 52734 0 0 1 standing 
8 199 461 271 607 52735 0 0 1 standing 
8 183 461 258 608 52736 0 0 0 standing 
8 169 462 246 609 52737 0 0 1 standing 
8 155 463 234 610 52738 0 0 1 standing 
8 142 465 222 611 52739 0 0 0 standing 
8 129 466 209 610 52740 0 0 1 standing 
8 116 467 197 609 52741 0 0 1 standing 
8 103 468 185 609 52742 0 0 0 standing 
8 97 467 177 610 52743 0 0 1 standing 
8 92 466 170 611 52744 0 0 1 standing 
8 87 466 163 612 52745 0 0 0 standing 
8 86 465 157 613 52746 0 0 1 standing 
8 85 465 151 615 52747 0 0 1 standing 
8 84 465 145 616 52748 0 0 1 standing 
8 83 465 139 618 52749 0 0 1 standing 
9 49 457 108 594 52730 0 0 0 standing 
9 38 456 98 591 52731 0 0 1 standing 
9 27 455 88 588 52732 0 0 1 standing 
9 17 455 79 585 52733 0 0 0 standing 
9 11 456 68 586 52734 0 0 1 standing 
9 5 457 57 587 52735 0 0 1 standing 
9 0 458 46 588 52736 1 0 0 standing 
9 119 491 160 621 52737 1 0 1 standing 
9 239 525 274 654 52738 1 0 1 standing 
9 359 559 389 687 52739 1 0 0 standing 
9 359 559 389 687 52740 1 0 1 standing 
9 359 559 389 687 52741 1 0 1 standing 
9 359 559 389 687 52742 1 0 1 standing 
9 359 559 389 687 52743 1 0 1 standing 
9 359 559 389 687 52744 1 0 1 standing 
9 359 559 389 687 52745 1 0 1 standing 
9 359 559 389 687 52746 1 0 1 standing 
9 359 559 389 687 52747 1 0 1 standing 
9 359 559 389 687 52748 1 0 1 standing 
9 359 559 389 687 52749 1 0 1 standing 
10 552 373 593 528 52730 0 0 0 standing 
10 538 376 579 531 52731 0 0 1 moving 
10 524 380 566 535 52732 0 0 1 moving 
10 510 384 553 539 52733 0 0 0 moving 
10 501 394 551 536 52734 0 0 1 moving 
10 492 404 550 533 52735 0 0 1 moving 
10 483 415 549 530 52736 0 0 0 moving 
10 480 414 545 529 52737 0 0 1 moving 
10 477 414 541 529 52738 0 0 1 moving 
10 474 414 538 529 52739 0 0 0 moving 
10 471 415 536 530 52740 0 0 1 moving 
10 469 416 535 531 52741 0 0 1 moving 
10 467 417 534 533 52742 0 0 0 moving 
10 464 418 535 537 52743 0 0 1 moving 
10 461 419 536 541 52744 0 0 1 moving 
10 459 421 538 545 52745 0 0 0 moving 
10 470 422 546 545 52746 0 0 1 moving 
10 481 424 554 546 52747 0 0 1 moving 
10 492 426 563 546 52748 0 0 1 moving 
10 503 428 571 547 52749 0 0 1 moving 
11 541 388 597 532 52730 0 0 0 moving 
11 529 389 585 533 52731 0 0 1 standing 
11 518 390 574 534 52732 0 0 1 standing 
11 507 391 563 535 52733 0 0 0 standing 
11 493 393 549 537 52734 0 0 1 standing 
11 479 395 536 539 52735 0 0 1 standing 
11 466 397 523 541 52736 0 0 0 standing 
11 452 414 513 542 52737 0 0 1 standing 
11 438 432 503 543 52738 0 0 1 standing 
11 425 450 493 544 52739 0 0 0 standing 
11 419 450 486 543 52740 0 0 1 standing 
11 413 450 480 543 52741 0 0 1 standing 
11 407 450 474 543 52742 0 0 0 standing 
11 401 451 478 545 52743 0 0 1 standing 
11 396 453 482 547 52744 0 0 1 standing 
11 391 455 487 550 52745 0 0 0 standing 
11 398 456 489 553 52746 0 0 1 standing 
11 406 457 491 556 52747 0 0 1 standing 
11 413 458 493 559 52748 0 0 1 standing 
11 421 459 495 562 52749 0 0 1 standing 
