0 136 444 197 594 43100 0 0 0 standing 
0 133 442 194 593 43101 0 0 1 standing 
0 130 441 191 592 43102 0 0 1 standing 
0 127 440 188 591 43103 0 0 1 standing 
0 125 439 186 590 43104 0 0 1 standing 
0 122 438 183 589 43105 0 0 1 standing 
0 119 437 180 588 43106 0 0 1 standing 
0 117 436 178 587 43107 0 0 1 standing 
0 114 435 175 586 43108 0 0 1 standing 
0 111 434 172 585 43109 0 0 1 standing 
0 109 433 170 584 43110 0 0 0 standing 
0 106 433 167 584 43111 0 0 1 standing 
0 103 434 164 584 43112 0 0 1 standing 
0 100 434 161 585 43113 0 0 1 standing 
0 97 435 158 585 43114 0 0 1 standing 
0 95 435 155 586 43115 0 0 1 standing 
0 92 436 152 586 43116 0 0 1 standing 
0 89 436 149 586 43117 0 0 1 standing 
0 86 437 146 587 43118 0 0 1 standing 
0 83 437 143 587 43119 0 0 1 standing 
1 398 486 444 626 43100 0 0 0 standing 
1 392 484 439 624 43101 0 0 1 standing 
1 386 482 435 623 43102 0 0 1 standing 
1 380 480 430 621 43103 0 0 1 standing 
1 374 479 426 620 43104 0 0 1 standing 
1 369 477 421 619 43105 0 0 1 standing 
1 363 475 417 617 43106 0 0 1 standing 
1 357 474 412 616 43107 0 0 1 standing 
1 351 472 408 614 43108 0 0 1 standing 
1 345 470 403 613 43109 0 0 1 standing 
1 340 469 399 612 43110 0 0 0 standing 
1 333 467 392 610 43111 0 0 1 standing 
1 327 465 386 609 43112 0 0 1 standing 
1 321 463 380 608 43113 0 0 1 standing 
1 315 461 374 607 43114 0 0 1 standing 
1 309 459 368 606 43115 0 0 1 standing 
1 303 457 361 605 43116 0 0 1 standing 
1 297 455 355 604 43117 0 0 1 standing 
1 291 453 349 603 43118 0 0 1 standing 
1 285 451 343 602 43119 0 0 1 standing 
2 379 435 428 551 43100 0 0 0 standing 
2 371 435 420 552 43101 0 0 1 standing 
2 364 436 413 553 43102 0 0 1 standing 
2 357 437 406 554 43103 0 0 1 standing 
2 349 438 398 555 43104 0 0 1 standing 
2 342 439 391 556 43105 0 0 1 standing 
2 335 439 384 557 43106 0 0 1 standing 
2 327 440 376 558 43107 0 0 1 standing 
2 320 441 369 559 43108 0 0 1 standing 
2 313 442 362 560 43109 0 0 1 standing 
2 306 443 355 562 43110 0 0 0 standing 
2 296 443 347 563 43111 0 0 1 standing 
2 287 443 340 565 43112 0 0 1 standing 
2 277 443 332 567 43113 0 0 1 standing 
2 268 444 325 569 43114 0 0 1 standing 
2 258 444 317 571 43115 0 0 1 standing 
2 249 444 310 573 43116 0 0 1 standing 
2 239 445 302 575 43117 0 0 1 standing 
2 230 445 295 577 43118 0 0 1 standing 
2 220 445 287 579 43119 0 0 1 standing 
3 611 438 685 565 43100 0 1 0 standing 
3 615 438 690 565 43101 0 1 1 standing 
3 620 439 695 566 43102 0 1 1 standing 
3 625 439 700 566 43103 0 1 1 standing 
3 630 440 705 567 43104 0 1 1 standing 
3 635 441 710 568 43105 0 1 1 standing 
3 640 441 715 568 43106 0 1 1 standing 
3 645 442 720 569 43107 0 1 1 standing 
3 650 442 725 569 43108 0 1 1 standing 
3 655 443 730 570 43109 0 1 1 standing 
3 660 444 735 571 43110 0 1 0 standing 
3 664 443 739 570 43111 0 1 1 standing 
3 668 442 743 569 43112 0 1 1 standing 
3 672 442 747 569 43113 0 1 1 standing 
3 677 441 752 568 43114 0 1 1 standing 
3 681 441 756 568 43115 0 1 1 standing 
3 685 440 760 567 43116 0 1 1 standing 
3 690 439 765 566 43117 0 1 1 standing 
3 694 439 769 566 43118 0 1 1 standing 
3 698 438 773 565 43119 0 1 1 standing 
4 868 499 928 618 43100 0 1 0 standing 
4 863 496 923 615 43101 0 1 1 standing 
4 859 494 919 613 43102 0 1 1 standing 
4 854 492 914 611 43103 0 1 1 standing 
4 850 489 910 608 43104 0 1 1 standing 
4 846 487 906 606 43105 0 1 1 standing 
4 841 485 901 604 43106 0 1 1 standing 
4 837 482 897 601 43107 0 1 1 standing 
4 832 480 892 599 43108 0 1 1 standing 
4 828 478 888 597 43109 0 1 1 standing 
4 824 476 884 595 43110 0 1 0 standing 
4 824 476 884 595 43111 0 1 1 standing 
4 824 476 884 595 43112 0 1 1 standing 
4 824 476 884 595 43113 0 1 1 standing 
4 824 476 884 595 43114 0 1 1 standing 
4 824 476 884 595 43115 0 1 1 standing 
4 824 476 884 595 43116 0 1 1 standing 
4 824 476 884 595 43117 0 1 1 standing 
4 824 476 884 595 43118 0 1 1 standing 
4 824 476 884 595 43119 0 1 1 standing 
5 972 438 1020 564 43100 0 1 0 standing 
5 967 438 1016 564 43101 0 1 1 standing 
5 963 438 1012 564 43102 0 1 1 standing 
5 958 438 1009 564 43103 0 1 1 standing 
5 954 438 1005 564 43104 0 1 1 standing 
5 949 439 1002 564 43105 0 1 1 standing 
5 945 439 998 564 43106 0 1 1 standing 
5 940 439 994 564 43107 0 1 1 standing 
5 936 439 991 564 43108 0 1 1 standing 
5 931 439 987 564 43109 0 1 1 standing 
5 927 440 984 565 43110 0 1 0 standing 
5 922 439 979 564 43111 0 1 1 standing 
5 917 438 975 564 43112 0 1 1 standing 
5 913 438 970 563 43113 0 1 1 standing 
5 908 437 966 563 43114 0 1 1 standing 
5 904 437 961 562 43115 0 1 1 standing 
5 899 436 957 562 43116 0 1 1 standing 
5 894 435 952 561 43117 0 1 1 standing 
5 890 435 948 561 43118 0 1 1 standing 
5 885 434 943 560 43119 0 1 1 standing 
6 787 438 833 553 43100 0 1 0 standing 
6 786 437 832 552 43101 0 1 1 standing 
6 786 436 832 552 43102 0 1 1 standing 
6 785 435 831 552 43103 0 1 1 standing 
6 785 434 831 552 43104 0 1 1 standing 
6 784 433 830 552 43105 0 1 1 standing 
6 784 432 830 552 43106 0 1 1 standing 
6 783 432 829 552 43107 0 1 1 standing 
6 783 431 829 552 43108 0 1 1 standing 
6 782 430 828 552 43109 0 1 1 standing 
6 782 429 828 552 43110 0 1 1 standing 
6 781 428 827 551 43111 0 1 1 standing 
6 781 427 827 551 43112 0 1 1 standing 
6 780 426 826 551 43113 0 1 1 standing 
6 780 426 826 551 43114 0 1 1 standing 
6 779 425 825 551 43115 0 1 1 standing 
6 779 424 825 551 43116 0 1 1 standing 
6 778 423 824 551 43117 0 1 1 standing 
6 778 422 824 551 43118 0 1 1 standing 
6 777 421 823 551 43119 0 1 1 standing 
7 203 432 252 542 43100 0 0 0 standing 
7 199 432 248 542 43101 0 0 1 standing 
7 196 432 245 542 43102 0 0 1 standing 
7 192 432 241 542 43103 0 0 1 standing 
7 189 432 238 542 43104 0 0 1 standing 
7 186 432 235 542 43105 0 0 1 standing 
7 182 432 231 542 43106 0 0 1 standing 
7 179 432 228 542 43107 0 0 1 standing 
7 175 432 224 542 43108 0 0 1 standing 
7 172 432 221 542 43109 0 0 1 standing 
7 169 432 218 543 43110 0 0 0 standing 
7 165 431 214 545 43111 0 0 1 standing 
7 162 431 211 547 43112 0 0 1 standing 
7 159 431 208 550 43113 0 0 1 standing 
7 156 431 205 552 43114 0 0 1 standing 
7 153 431 202 555 43115 0 0 1 standing 
7 150 430 198 557 43116 0 0 1 standing 
7 147 430 195 559 43117 0 0 1 standing 
7 144 430 192 562 43118 0 0 1 standing 
7 141 430 189 564 43119 0 0 1 standing 
8 436 444 485 579 43100 0 0 0 standing 
8 431 442 480 577 43101 0 0 1 standing 
8 427 440 476 575 43102 0 0 1 standing 
8 422 438 471 574 43103 0 0 1 standing 
8 418 437 467 572 43104 0 0 1 standing 
8 413 435 462 571 43105 0 0 1 standing 
8 409 433 458 569 43106 0 0 1 standing 
8 404 432 453 567 43107 0 0 1 standing 
8 400 430 449 566 43108 0 0 1 standing 
8 395 428 444 564 43109 0 0 1 standing 
8 391 427 440 563 43110 0 0 0 standing 
8 384 427 435 564 43111 0 0 1 standing 
8 377 427 430 565 43112 0 0 1 standing 
8 370 427 425 566 43113 0 0 1 standing 
8 363 427 420 567 43114 0 0 1 standing 
8 356 427 415 568 43115 0 0 1 standing 
8 349 427 410 569 43116 0 0 1 standing 
8 342 427 405 570 43117 0 0 1 standing 
8 335 427 400 571 43118 0 0 1 standing 
8 328 427 395 572 43119 0 0 1 standing 
9 869 438 919 555 43100 0 1 0 standing 
9 867 437 917 555 43101 0 1 1 standing 
9 866 437 916 555 43102 0 1 1 standing 
9 865 437 915 555 43103 0 1 1 standing 
9 863 437 914 555 43104 0 1 1 standing 
9 862 437 913 555 43105 0 1 1 standing 
9 861 437 912 555 43106 0 1 1 standing 
9 859 437 911 555 43107 0 1 1 standing 
9 858 437 910 555 43108 0 1 1 standing 
9 857 437 909 555 43109 0 1 1 standing 
9 856 437 908 556 43110 0 1 0 standing 
9 852 436 904 556 43111 0 1 1 standing 
9 849 436 901 556 43112 0 1 1 standing 
9 846 436 898 556 43113 0 1 1 standing 
9 842 436 894 556 43114 0 1 1 standing 
9 839 436 891 556 43115 0 1 1 standing 
9 836 436 888 556 43116 0 1 1 standing 
9 832 436 884 556 43117 0 1 1 standing 
9 829 436 881 556 43118 0 1 1 standing 
9 826 436 878 556 43119 0 1 1 standing 
10 930 462 1003 595 43100 0 1 0 standing 
10 924 462 997 595 43101 0 1 1 standing 
10 919 462 992 595 43102 0 1 1 standing 
10 913 462 986 595 43103 0 1 1 standing 
10 908 462 981 595 43104 0 1 1 standing 
10 902 462 975 595 43105 0 1 1 standing 
10 897 462 970 595 43106 0 1 1 standing 
10 891 462 964 595 43107 0 1 1 standing 
10 886 462 959 595 43108 0 1 1 standing 
10 880 462 953 595 43109 0 1 1 standing 
10 875 462 948 595 43110 0 1 0 standing 
10 871 460 942 593 43111 0 1 1 standing 
10 867 459 936 592 43112 0 1 1 standing 
10 863 458 930 591 43113 0 1 1 standing 
10 859 456 924 589 43114 0 1 1 standing 
10 856 455 919 588 43115 0 1 1 standing 
10 852 454 913 587 43116 0 1 1 standing 
10 848 452 907 585 43117 0 1 1 standing 
10 844 451 901 584 43118 0 1 1 standing 
10 840 450 895 583 43119 0 1 1 standing 
