0 579 385 632 549 52165 0 0 0 moving 
0 575 384 628 548 52166 0 0 1 moving 
0 572 383 625 547 52167 0 0 1 moving 
0 568 382 621 546 52168 0 0 1 moving 
0 565 381 618 545 52169 0 0 0 moving 
0 561 381 614 543 52170 0 0 1 moving 
0 557 381 610 542 52171 0 0 1 moving 
0 553 381 606 540 52172 0 0 1 moving 
0 550 381 602 539 52173 0 0 0 moving 
0 546 379 597 536 52174 0 0 1 moving 
0 542 377 592 534 52175 0 0 1 moving 
0 538 375 588 531 52176 0 0 1 moving 
0 534 373 583 529 52177 0 0 1 moving 
0 531 372 579 527 52178 0 0 0 moving 
0 527 372 574 526 52179 0 0 1 moving 
0 523 372 569 525 52180 0 0 1 moving 
0 519 373 564 524 52181 0 0 1 moving 
0 516 373 559 523 52182 0 0 1 moving 
0 512 374 554 522 52183 0 0 1 moving 
0 508 374 549 521 52184 0 0 1 moving 
1 53 405 161 523 52165 0 1 0 moving 
1 61 403 165 521 52166 0 1 1 moving 
1 70 402 169 520 52167 0 1 1 moving 
1 79 401 174 519 52168 0 1 0 moving 
1 85 399 185 518 52169 0 1 1 moving 
1 91 397 196 518 52170 0 1 1 moving 
1 97 395 207 518 52171 0 1 1 moving 
1 104 394 218 518 52172 0 1 0 moving 
1 107 394 221 516 52173 0 1 1 moving 
1 110 395 225 514 52174 0 1 1 moving 
1 114 396 229 513 52175 0 1 0 moving 
1 123 394 233 511 52176 0 1 1 moving 
1 133 393 238 509 52177 0 1 1 moving 
1 142 392 242 507 52178 0 1 1 moving 
1 152 391 247 505 52179 0 1 1 moving 
1 162 390 252 504 52180 0 1 1 moving 
1 171 389 256 502 52181 0 1 1 moving 
1 181 388 261 500 52182 0 1 1 moving 
1 190 387 265 498 52183 0 1 1 moving 
1 200 386 270 496 52184 0 1 1 moving 
2 304 470 376 642 52165 0 1 0 moving 
2 299 466 368 642 52166 0 1 1 standing 
2 294 462 360 642 52167 0 1 1 standing 
2 289 459 353 643 52168 0 1 0 standing 
2 273 461 344 642 52169 0 1 1 standing 
2 257 464 336 641 52170 0 1 1 standing 
2 241 467 327 640 52171 0 1 1 standing 
2 226 470 319 639 52172 0 1 0 standing 
2 220 477 315 644 52173 0 1 1 standing 
2 214 484 311 649 52174 0 1 1 standing 
2 209 491 307 654 52175 0 1 0 standing 
2 205 489 307 654 52176 0 1 1 standing 
2 202 487 307 654 52177 0 1 1 standing 
2 199 486 307 654 52178 0 1 0 standing 
2 202 484 309 652 52179 0 1 1 standing 
2 205 482 311 650 52180 0 1 1 standing 
2 208 480 313 648 52181 0 1 1 standing 
2 212 478 315 646 52182 0 1 1 standing 
2 215 476 317 644 52183 0 1 1 standing 
2 218 474 319 642 52184 0 1 1 standing 
3 346 396 421 564 52165 0 1 0 standing 
3 342 385 415 558 52166 0 1 1 setting 
3 339 374 409 552 52167 0 1 1 setting 
3 336 363 404 546 52168 0 1 0 setting 
3 332 358 397 540 52169 0 1 1 setting 
3 328 354 391 535 52170 0 1 1 setting 
3 324 349 384 529 52171 0 1 1 setting 
3 320 345 378 524 52172 0 1 0 setting 
3 316 347 374 525 52173 0 1 1 setting 
3 313 349 370 527 52174 0 1 1 setting 
3 310 351 366 529 52175 0 1 0 setting 
3 304 357 359 533 52176 0 1 1 setting 
3 299 363 353 538 52177 0 1 1 setting 
3 293 369 347 542 52178 0 1 1 setting 
3 288 376 341 547 52179 0 1 0 setting 
3 283 378 336 544 52180 0 1 1 setting 
3 279 381 332 542 52181 0 1 1 setting 
3 275 384 327 540 52182 0 1 1 setting 
3 271 387 323 538 52183 0 1 1 setting 
3 267 390 318 536 52184 0 1 1 setting 
4 428 356 482 498 52165 0 1 0 setting 
4 428 353 482 495 52166 0 1 1 standing 
4 428 351 482 492 52167 0 1 1 standing 
4 429 349 482 489 52168 0 1 0 standing 
4 428 347 481 486 52169 0 1 1 standing 
4 427 345 480 483 52170 0 1 1 standing 
4 426 343 479 480 52171 0 1 1 standing 
4 426 341 479 478 52172 0 1 0 standing 
4 428 339 481 475 52173 0 1 1 standing 
4 430 337 483 472 52174 0 1 1 standing 
4 433 335 486 470 52175 0 1 0 standing 
4 432 334 486 467 52176 0 1 1 standing 
4 432 333 486 464 52177 0 1 1 standing 
4 432 333 486 462 52178 0 1 0 standing 
4 428 332 486 458 52179 0 1 1 standing 
4 424 331 486 454 52180 0 1 1 standing 
4 420 330 486 451 52181 0 1 0 standing 
4 420 330 486 451 52182 0 1 1 standing 
4 421 331 487 451 52183 0 1 1 standing 
4 421 331 487 451 52184 0 1 1 standing 
5 266 350 304 480 52165 0 0 0 standing 
5 262 350 303 481 52166 0 0 1 standing 
5 258 350 302 482 52167 0 0 1 standing 
5 254 351 301 483 52168 0 0 0 standing 
5 250 351 296 481 52169 0 0 1 standing 
5 246 352 291 479 52170 0 0 1 standing 
5 242 352 286 477 52171 0 0 1 standing 
5 239 353 282 476 52172 0 0 0 standing 
5 233 351 276 475 52173 0 0 1 standing 
5 227 349 271 475 52174 0 0 1 standing 
5 222 348 266 475 52175 0 0 0 standing 
5 217 349 262 476 52176 0 0 1 standing 
5 213 351 258 477 52177 0 0 1 standing 
5 208 353 255 478 52178 0 0 1 standing 
5 204 355 251 479 52179 0 0 1 standing 
5 199 357 248 480 52180 0 0 1 standing 
5 195 359 244 481 52181 0 0 1 standing 
5 190 361 240 482 52182 0 0 1 standing 
5 186 363 237 483 52183 0 0 1 standing 
5 181 365 233 484 52184 0 0 1 standing 
6 1033 461 1087 599 52165 0 0 0 standing 
6 1037 461 1097 601 52166 0 0 1 moving 
6 1041 462 1107 603 52167 0 0 1 moving 
6 1046 463 1118 605 52168 0 0 0 moving 
6 1052 465 1127 606 52169 0 0 1 moving 
6 1059 468 1137 607 52170 0 0 1 moving 
6 1066 470 1146 608 52171 0 0 1 moving 
6 1073 473 1156 610 52172 0 0 0 moving 
6 1076 472 1157 608 52173 0 0 1 moving 
6 1079 471 1158 606 52174 0 0 1 moving 
6 1082 471 1159 604 52175 0 0 0 moving 
6 1084 470 1160 604 52176 0 0 1 moving 
6 1086 470 1161 604 52177 0 0 1 moving 
6 1089 470 1162 605 52178 0 0 0 moving 
6 1089 470 1161 604 52179 0 0 1 moving 
6 1090 470 1161 604 52180 0 0 1 moving 
6 1091 470 1160 604 52181 0 0 1 moving 
6 1092 470 1160 603 52182 0 0 1 moving 
6 1093 470 1159 603 52183 0 0 1 moving 
6 1094 470 1159 603 52184 0 0 1 moving 
7 1097 397 1169 527 52165 0 0 0 moving 
7 1098 396 1169 527 52166 0 0 1 standing 
7 1100 396 1170 527 52167 0 0 1 standing 
7 1102 396 1171 527 52168 0 0 0 standing 
7 1101 394 1167 525 52169 0 0 1 standing 
7 1101 393 1164 523 52170 0 0 1 standing 
7 1100 392 1161 521 52171 0 0 1 standing 
7 1100 391 1158 520 52172 0 0 0 standing 
7 1098 393 1158 522 52173 0 0 1 standing 
7 1097 395 1158 524 52174 0 0 1 standing 
7 1096 397 1158 526 52175 0 0 0 standing 
7 1093 398 1155 520 52176 0 0 1 standing 
7 1091 399 1152 515 52177 0 0 1 standing 
7 1088 400 1149 509 52178 0 0 1 standing 
7 1086 402 1147 504 52179 0 0 0 standing 
7 1082 399 1143 505 52180 0 0 1 standing 
7 1079 397 1140 507 52181 0 0 1 standing 
7 1076 395 1137 509 52182 0 0 1 standing 
7 1072 393 1133 510 52183 0 0 1 standing 
7 1069 391 1130 512 52184 0 0 1 standing 
8 926 346 967 457 52165 0 0 0 standing 
8 923 346 965 455 52166 0 0 1 standing 
8 921 346 963 453 52167 0 0 1 standing 
8 919 347 962 452 52168 0 0 0 standing 
8 917 345 962 451 52169 0 0 1 standing 
8 915 344 962 450 52170 0 0 1 standing 
8 914 343 962 449 52171 0 0 1 standing 
8 912 341 962 448 52172 0 0 1 standing 
8 911 340 962 447 52173 0 0 1 standing 
8 909 339 962 446 52174 0 0 1 standing 
8 908 338 962 446 52175 0 0 0 standing 
8 905 337 961 445 52176 0 0 1 standing 
8 903 337 960 444 52177 0 0 1 standing 
8 901 337 960 444 52178 0 0 0 standing 
8 897 337 956 444 52179 0 0 1 standing 
8 893 337 952 444 52180 0 0 1 standing 
8 889 337 948 444 52181 0 0 1 standing 
8 886 337 945 444 52182 0 0 1 standing 
8 882 337 941 444 52183 0 0 1 standing 
8 878 337 937 444 52184 0 0 1 standing 
9 679 423 744 569 52165 0 0 0 standing 
9 680 423 741 568 52166 0 0 1 standing 
9 681 423 738 567 52167 0 0 1 standing 
9 682 423 736 567 52168 0 0 0 standing 
9 678 423 732 567 52169 0 0 1 standing 
9 674 423 729 568 52170 0 0 1 standing 
9 670 424 726 568 52171 0 0 1 standing 
9 667 424 722 569 52172 0 0 1 standing 
9 663 425 719 569 52173 0 0 1 standing 
9 659 425 716 570 52174 0 0 1 standing 
9 656 426 713 571 52175 0 0 0 standing 
9 652 426 709 570 52176 0 0 1 standing 
9 648 426 705 569 52177 0 0 1 standing 
9 644 426 701 569 52178 0 0 0 standing 
9 641 425 700 568 52179 0 0 1 standing 
9 638 424 699 568 52180 0 0 1 standing 
9 635 424 699 567 52181 0 0 1 standing 
9 632 423 698 567 52182 0 0 1 standing 
9 629 423 698 566 52183 0 0 1 standing 
9 626 422 697 566 52184 0 0 1 standing 
10 660 389 720 532 52165 0 0 0 standing 
10 657 389 716 531 52166 0 0 1 standing 
10 655 389 713 531 52167 0 0 1 standing 
10 653 389 710 531 52168 0 0 1 standing 
10 651 389 707 531 52169 0 0 1 standing 
10 649 389 704 531 52170 0 0 1 standing 
10 646 389 701 531 52171 0 0 1 standing 
10 644 389 698 531 52172 0 0 1 standing 
10 642 389 695 531 52173 0 0 1 standing 
10 640 389 692 531 52174 0 0 1 standing 
10 638 389 689 531 52175 0 0 0 standing 
10 634 391 686 533 52176 0 0 1 standing 
10 631 393 683 535 52177 0 0 1 standing 
10 628 396 681 538 52178 0 0 0 standing 
10 625 396 678 538 52179 0 0 1 standing 
10 623 396 675 538 52180 0 0 1 standing 
10 620 397 672 539 52181 0 0 1 standing 
10 618 397 670 539 52182 0 0 1 standing 
10 615 398 667 540 52183 0 0 1 standing 
10 613 398 664 540 52184 0 0 1 standing 
11 683 354 720 464 52165 0 0 0 standing 
11 680 353 717 463 52166 0 0 1 standing 
11 677 352 714 462 52167 0 0 1 standing 
11 674 352 711 462 52168 0 0 0 standing 
11 671 351 708 461 52169 0 0 1 standing 
11 669 351 706 461 52170 0 0 1 standing 
11 666 350 703 460 52171 0 0 1 standing 
11 664 350 701 460 52172 0 0 0 standing 
11 660 352 697 462 52173 0 0 1 standing 
11 657 354 694 464 52174 0 0 1 standing 
11 654 357 691 467 52175 0 0 0 standing 
11 649 358 688 468 52176 0 0 1 standing 
11 644 359 685 469 52177 0 0 1 standing 
11 640 361 683 470 52178 0 0 0 standing 
11 637 362 682 471 52179 0 0 1 standing 
11 635 364 681 473 52180 0 0 1 standing 
11 633 365 680 474 52181 0 0 1 standing 
11 630 367 679 476 52182 0 0 1 standing 
11 628 368 678 477 52183 0 0 1 standing 
11 626 370 677 479 52184 0 0 1 standing 
