0 125 374 165 508 43880 0 0 0 standing 
0 123 374 163 507 43881 0 0 1 standing 
0 121 374 161 506 43882 0 0 1 standing 
0 120 375 159 506 43883 0 0 0 standing 
0 115 373 154 504 43884 0 0 1 standing 
0 110 372 149 503 43885 0 0 1 standing 
0 105 371 144 502 43886 0 0 1 standing 
0 100 370 139 500 43887 0 0 1 standing 
0 95 368 134 499 43888 0 0 1 standing 
0 90 367 129 498 43889 0 0 1 standing 
0 85 366 124 496 43890 0 0 1 standing 
0 80 365 119 495 43891 0 0 1 standing 
0 75 364 115 494 43892 0 0 0 standing 
0 71 363 110 493 43893 0 0 1 standing 
0 67 362 105 493 43894 0 0 1 standing 
0 63 362 101 493 43895 0 0 0 standing 
0 61 362 105 495 43896 0 0 1 standing 
0 60 362 109 497 43897 0 0 1 standing 
0 59 362 114 500 43898 0 0 0 standing 
0 59 362 112 499 43899 0 0 1 standing 
1 166 397 232 537 43880 0 0 0 standing 
1 159 396 225 537 43881 0 0 1 standing 
1 153 395 218 537 43882 0 0 1 standing 
1 147 395 211 538 43883 0 0 0 standing 
1 142 396 207 539 43884 0 0 1 standing 
1 138 398 203 541 43885 0 0 1 standing 
1 134 400 200 543 43886 0 0 0 standing 
1 125 400 195 543 43887 0 0 1 standing 
1 116 401 191 543 43888 0 0 1 standing 
1 108 402 187 544 43889 0 0 0 standing 
1 98 402 181 544 43890 0 0 1 standing 
1 88 402 175 545 43891 0 0 1 standing 
1 78 403 169 546 43892 0 0 0 standing 
1 71 400 157 547 43893 0 0 1 standing 
1 65 397 145 548 43894 0 0 1 standing 
1 59 395 134 550 43895 0 0 0 standing 
1 53 395 128 550 43896 0 0 1 standing 
1 47 395 122 550 43897 0 0 1 standing 
1 42 395 117 550 43898 0 0 1 standing 
1 36 395 111 550 43899 0 0 1 standing 
2 311 391 383 534 43880 0 0 0 standing 
2 307 389 371 534 43881 0 0 1 standing 
2 303 387 359 535 43882 0 0 1 standing 
2 300 385 347 536 43883 0 0 0 standing 
2 294 383 339 536 43884 0 0 1 standing 
2 288 381 331 536 43885 0 0 1 standing 
2 282 380 324 536 43886 0 0 0 standing 
2 271 383 316 540 43887 0 0 1 standing 
2 260 386 309 544 43888 0 0 1 standing 
2 250 389 302 549 43889 0 0 0 standing 
2 241 391 297 551 43890 0 0 1 standing 
2 233 394 293 553 43891 0 0 1 standing 
2 225 397 289 556 43892 0 0 0 standing 
2 220 397 286 556 43893 0 0 1 standing 
2 216 397 284 556 43894 0 0 1 standing 
2 212 398 281 556 43895 0 0 1 standing 
2 208 398 279 556 43896 0 0 1 standing 
2 203 398 277 556 43897 0 0 1 standing 
2 199 399 274 556 43898 0 0 1 standing 
2 195 399 272 556 43899 0 0 1 standing 
3 417 407 461 531 43880 0 0 0 standing 
3 412 406 457 530 43881 0 0 1 standing 
3 407 405 453 530 43882 0 0 1 standing 
3 402 404 450 530 43883 0 0 1 standing 
3 397 403 446 529 43884 0 0 1 standing 
3 392 402 442 529 43885 0 0 1 standing 
3 387 401 439 529 43886 0 0 1 standing 
3 382 400 435 528 43887 0 0 1 standing 
3 377 399 431 528 43888 0 0 1 standing 
3 373 398 428 528 43889 0 0 0 standing 
3 367 398 422 530 43890 0 0 1 standing 
3 361 398 416 533 43891 0 0 1 standing 
3 356 398 411 536 43892 0 0 0 standing 
3 351 399 408 538 43893 0 0 1 standing 
3 346 400 406 541 43894 0 0 1 standing 
3 342 401 404 544 43895 0 0 0 standing 
3 342 401 402 544 43896 0 0 1 standing 
3 342 402 400 544 43897 0 0 1 standing 
3 342 402 398 544 43898 0 0 1 standing 
3 342 403 396 544 43899 0 0 1 standing 
4 425 357 461 479 43880 0 0 0 standing 
4 422 356 458 478 43881 0 0 1 standing 
4 419 356 455 478 43882 0 0 1 standing 
4 416 356 452 478 43883 0 0 1 standing 
4 413 355 449 478 43884 0 0 1 standing 
4 411 355 447 478 43885 0 0 1 standing 
4 408 355 444 478 43886 0 0 1 standing 
4 405 354 441 478 43887 0 0 1 standing 
4 402 354 438 478 43888 0 0 1 standing 
4 399 354 435 478 43889 0 0 1 standing 
4 397 354 433 478 43890 0 0 0 standing 
4 394 353 430 483 43891 0 0 1 standing 
4 391 353 427 488 43892 0 0 1 standing 
4 388 352 424 493 43893 0 0 1 standing 
4 385 352 421 498 43894 0 0 1 standing 
4 383 352 418 503 43895 0 0 0 standing 
4 382 352 418 502 43896 0 0 1 standing 
4 381 352 419 501 43897 0 0 1 standing 
4 381 353 420 500 43898 0 0 0 standing 
4 381 353 420 500 43899 0 0 1 standing 
5 396 329 443 456 43880 0 0 0 standing 
5 391 329 438 457 43881 0 0 1 standing 
5 387 330 434 458 43882 0 0 1 standing 
5 383 331 430 459 43883 0 0 1 standing 
5 379 332 425 460 43884 0 0 1 standing 
5 374 332 421 462 43885 0 0 1 standing 
5 370 333 417 463 43886 0 0 1 standing 
5 366 334 412 464 43887 0 0 1 standing 
5 362 335 408 465 43888 0 0 1 standing 
5 358 336 404 467 43889 0 0 0 standing 
5 355 334 402 466 43890 0 0 1 standing 
5 352 332 401 465 43891 0 0 1 standing 
5 349 330 400 465 43892 0 0 0 standing 
5 346 330 397 464 43893 0 0 1 standing 
5 343 330 394 463 43894 0 0 1 standing 
5 340 330 391 462 43895 0 0 0 standing 
5 340 331 391 462 43896 0 0 1 standing 
5 341 332 391 463 43897 0 0 1 standing 
5 342 334 391 463 43898 0 0 1 standing 
5 343 335 391 464 43899 0 0 1 standing 
6 507 449 571 591 43880 0 0 0 standing 
6 503 448 574 592 43881 0 0 1 moving 
6 499 448 577 594 43882 0 0 1 moving 
6 495 448 581 596 43883 0 0 0 moving 
6 500 447 583 596 43884 0 0 1 moving 
6 505 447 586 597 43885 0 0 1 moving 
6 511 447 589 598 43886 0 0 0 moving 
6 517 446 594 598 43887 0 0 1 moving 
6 524 446 599 599 43888 0 0 1 moving 
6 531 446 605 600 43889 0 0 0 moving 
6 533 446 611 601 43890 0 0 1 moving 
6 535 447 618 602 43891 0 0 1 moving 
6 537 448 625 603 43892 0 0 0 moving 
6 547 451 634 605 43893 0 0 1 moving 
6 558 454 643 608 43894 0 0 1 moving 
6 569 457 652 611 43895 0 0 1 moving 
6 580 461 661 614 43896 0 0 1 moving 
6 590 464 670 616 43897 0 0 1 moving 
6 601 467 679 619 43898 0 0 1 moving 
6 612 470 688 622 43899 0 0 1 moving 
7 572 406 622 561 43880 0 0 0 moving 
7 574 408 632 562 43881 0 0 1 standing 
7 576 411 643 563 43882 0 0 1 standing 
7 579 414 654 565 43883 0 0 0 standing 
7 579 414 654 565 43884 0 0 1 standing 
7 579 414 654 565 43885 0 0 1 standing 
7 580 415 654 566 43886 0 0 0 standing 
7 583 415 652 566 43887 0 0 1 standing 
7 587 415 651 566 43888 0 0 1 standing 
7 591 416 650 566 43889 0 0 0 standing 
7 590 413 648 561 43890 0 0 1 standing 
7 590 410 646 557 43891 0 0 1 standing 
7 590 407 645 553 43892 0 0 1 standing 
7 589 404 643 549 43893 0 0 1 standing 
7 589 401 641 545 43894 0 0 1 standing 
7 589 398 640 541 43895 0 0 0 standing 
7 589 394 639 537 43896 0 0 1 standing 
7 589 390 638 533 43897 0 0 1 standing 
7 589 386 637 529 43898 0 0 0 standing 
7 589 384 637 528 43899 0 0 1 standing 
8 623 344 676 450 43880 0 0 0 standing 
8 622 340 675 448 43881 0 0 1 standing 
8 622 337 674 446 43882 0 0 1 standing 
8 622 334 674 444 43883 0 0 0 standing 
8 619 330 675 441 43884 0 0 1 standing 
8 617 326 676 438 43885 0 0 1 standing 
8 615 323 678 435 43886 0 0 0 standing 
8 616 322 676 433 43887 0 0 1 standing 
8 618 321 675 432 43888 0 0 1 standing 
8 620 320 674 431 43889 0 0 0 standing 
8 619 320 672 430 43890 0 0 1 standing 
8 618 320 670 429 43891 0 0 1 standing 
8 617 320 668 428 43892 0 0 0 standing 
8 616 321 665 429 43893 0 0 1 standing 
8 615 323 662 430 43894 0 0 1 standing 
8 615 325 659 432 43895 0 0 0 standing 
8 616 323 660 430 43896 0 0 1 standing 
8 617 322 661 429 43897 0 0 1 standing 
8 619 320 662 427 43898 0 0 1 standing 
8 620 319 663 426 43899 0 0 1 standing 
9 744 375 803 498 43880 0 0 0 standing 
9 744 374 807 498 43881 0 0 1 standing 
9 744 374 811 499 43882 0 0 1 standing 
9 745 374 816 500 43883 0 0 0 standing 
9 744 372 816 498 43884 0 0 1 standing 
9 743 370 816 497 43885 0 0 1 standing 
9 742 369 817 496 43886 0 0 0 standing 
9 744 365 816 493 43887 0 0 1 standing 
9 746 361 815 490 43888 0 0 1 standing 
9 748 357 814 488 43889 0 0 0 standing 
9 751 354 813 486 43890 0 0 1 standing 
9 754 351 812 485 43891 0 0 1 standing 
9 757 348 812 484 43892 0 0 0 standing 
9 760 346 815 482 43893 0 0 1 standing 
9 763 345 818 480 43894 0 0 1 standing 
9 767 344 822 479 43895 0 0 0 standing 
9 770 344 826 479 43896 0 0 1 standing 
9 773 345 831 479 43897 0 0 1 standing 
9 776 346 835 479 43898 0 0 1 standing 
9 779 347 840 479 43899 0 0 1 standing 
10 951 452 1027 548 43880 0 1 0 standing 
10 953 452 1029 548 43881 0 1 1 digging 
10 956 453 1032 549 43882 0 1 1 digging 
10 959 454 1035 550 43883 0 1 1 digging 
10 962 455 1038 551 43884 0 1 1 digging 
10 965 456 1041 552 43885 0 1 1 digging 
10 968 457 1044 553 43886 0 1 1 digging 
10 971 458 1047 554 43887 0 1 1 digging 
10 974 459 1050 555 43888 0 1 1 digging 
10 977 460 1053 556 43889 0 1 1 digging 
10 980 461 1056 557 43890 0 1 0 digging 
10 982 459 1061 557 43891 0 1 1 digging 
10 984 457 1066 558 43892 0 1 1 digging 
10 987 455 1071 559 43893 0 1 0 digging 
10 989 463 1076 560 43894 0 1 1 digging 
10 992 472 1082 561 43895 0 1 1 digging 
10 994 481 1088 562 43896 0 1 1 digging 
10 997 489 1094 564 43897 0 1 1 digging 
10 999 498 1100 565 43898 0 1 1 digging 
10 1002 507 1106 566 43899 0 1 1 digging 
11 1035 425 1177 482 43880 0 0 0 digging 
11 1050 427 1190 486 43881 0 0 1 falling 
11 1065 429 1203 490 43882 0 0 1 falling 
11 1081 431 1216 494 43883 0 0 0 falling 
11 1091 428 1226 494 43884 0 0 1 falling 
11 1101 425 1236 494 43885 0 0 1 falling 
11 1111 423 1246 495 43886 0 0 0 falling 
11 1127 414 1254 491 43887 0 0 1 falling 
11 1143 405 1262 487 43888 0 0 1 falling 
11 1159 396 1271 483 43889 0 0 0 falling 
11 1166 389 1273 483 43890 0 0 1 falling 
11 1174 382 1275 483 43891 0 0 1 falling 
11 1182 376 1277 483 43892 0 0 0 falling 
11 1193 375 1277 485 43893 0 0 1 falling 
11 1204 375 1277 487 43894 0 0 1 falling 
11 1216 375 1278 490 43895 0 0 0 falling 
11 1221 391 1278 490 43896 0 0 1 falling 
11 1226 408 1278 490 43897 0 0 1 falling 
11 1232 425 1278 491 43898 0 0 0 falling 
11 1233 424 1277 490 43899 0 0 1 falling 
