0 226 408 292 530 47975 0 0 0 standing 
0 225 407 291 529 47976 0 0 1 standing 
0 224 407 290 529 47977 0 0 1 standing 
0 223 407 289 528 47978 0 0 1 standing 
0 223 406 288 528 47979 0 0 1 standing 
0 222 406 288 528 47980 0 0 1 standing 
0 221 406 287 527 47981 0 0 1 standing 
0 221 405 286 527 47982 0 0 1 standing 
0 220 405 285 526 47983 0 0 1 standing 
0 219 405 284 526 47984 0 0 1 standing 
0 219 405 284 526 47985 0 0 0 standing 
0 217 402 282 527 47986 0 0 1 standing 
0 216 400 281 528 47987 0 0 1 standing 
0 215 398 280 529 47988 0 0 1 standing 
0 214 395 278 530 47989 0 0 1 standing 
0 213 393 277 531 47990 0 0 1 standing 
0 211 391 276 532 47991 0 0 1 standing 
0 210 388 274 533 47992 0 0 1 standing 
0 209 386 273 534 47993 0 0 1 standing 
0 208 384 272 535 47994 0 0 1 standing 
1 473 383 569 589 47975 0 0 0 standing 
1 472 381 569 587 47976 0 0 1 standing 
1 471 380 569 586 47977 0 0 1 standing 
1 470 379 569 585 47978 0 0 1 standing 
1 469 378 570 584 47979 0 0 1 standing 
1 468 376 570 583 47980 0 0 1 standing 
1 467 375 570 581 47981 0 0 1 standing 
1 466 374 570 580 47982 0 0 1 standing 
1 465 373 571 579 47983 0 0 1 standing 
1 464 371 571 578 47984 0 0 1 standing 
1 463 370 571 577 47985 0 0 1 standing 
1 462 369 571 575 47986 0 0 1 standing 
1 461 368 572 574 47987 0 0 1 standing 
1 460 366 572 573 47988 0 0 1 standing 
1 459 365 572 572 47989 0 0 1 standing 
1 458 364 572 571 47990 0 0 1 standing 
1 457 363 573 569 47991 0 0 1 standing 
1 456 361 573 568 47992 0 0 1 standing 
1 455 360 573 567 47993 0 0 1 standing 
1 454 359 573 566 47994 0 0 1 standing 
2 712 318 797 498 47975 0 0 0 standing 
2 710 318 793 498 47976 0 0 1 standing 
2 709 318 789 498 47977 0 0 1 standing 
2 708 318 785 498 47978 0 0 1 standing 
2 707 318 782 498 47979 0 0 1 standing 
2 706 319 778 498 47980 0 0 1 standing 
2 704 319 774 498 47981 0 0 1 standing 
2 703 319 771 498 47982 0 0 1 standing 
2 702 319 767 498 47983 0 0 1 standing 
2 701 319 763 498 47984 0 0 1 standing 
2 700 320 760 499 47985 0 0 0 standing 
2 693 320 758 499 47986 0 0 1 standing 
2 687 320 756 499 47987 0 0 1 standing 
2 681 320 754 499 47988 0 0 1 standing 
2 674 321 752 500 47989 0 0 1 standing 
2 668 321 751 500 47990 0 0 1 standing 
2 662 321 749 500 47991 0 0 1 standing 
2 655 322 747 501 47992 0 0 1 standing 
2 649 322 745 501 47993 0 0 1 standing 
2 643 322 743 501 47994 0 0 1 standing 
3 1044 348 1122 542 47975 0 1 0 standing 
3 1050 347 1128 541 47976 0 1 1 standing 
3 1056 347 1134 541 47977 0 1 1 standing 
3 1062 347 1140 540 47978 0 1 1 standing 
3 1068 346 1146 540 47979 0 1 1 standing 
3 1074 346 1152 539 47980 0 1 1 standing 
3 1080 346 1158 539 47981 0 1 1 standing 
3 1086 345 1164 538 47982 0 1 1 standing 
3 1092 345 1170 538 47983 0 1 1 standing 
3 1098 345 1176 537 47984 0 1 1 standing 
3 1104 345 1182 537 47985 0 1 0 standing 
3 1110 345 1188 536 47986 0 1 1 standing 
3 1116 345 1194 536 47987 0 1 1 standing 
3 1122 345 1200 536 47988 0 1 1 standing 
3 1128 345 1206 536 47989 0 1 1 standing 
3 1134 345 1212 536 47990 0 1 1 standing 
3 1140 345 1218 536 47991 0 1 1 standing 
3 1146 345 1224 536 47992 0 1 1 standing 
3 1152 345 1230 536 47993 0 1 1 standing 
3 1158 345 1236 536 47994 0 1 1 standing 
4 1138 319 1207 512 47975 0 1 0 standing 
4 1140 319 1209 512 47976 0 1 1 standing 
4 1143 319 1212 512 47977 0 1 1 standing 
4 1146 320 1215 513 47978 0 1 1 standing 
4 1149 320 1218 513 47979 0 1 1 standing 
4 1152 321 1221 514 47980 0 1 1 standing 
4 1154 321 1223 514 47981 0 1 1 standing 
4 1157 321 1226 514 47982 0 1 1 standing 
4 1160 322 1229 515 47983 0 1 1 standing 
4 1163 322 1232 515 47984 0 1 1 standing 
4 1166 323 1235 516 47985 0 1 0 standing 
4 1169 323 1238 516 47986 0 1 1 standing 
4 1173 323 1242 516 47987 0 1 1 standing 
4 1177 323 1246 516 47988 0 1 1 standing 
4 1180 323 1249 516 47989 0 1 1 standing 
4 1184 323 1253 516 47990 0 1 1 standing 
4 1188 323 1257 516 47991 0 1 1 standing 
4 1191 323 1260 516 47992 0 1 1 standing 
4 1195 323 1264 516 47993 0 1 1 standing 
4 1199 323 1268 516 47994 0 1 1 standing 
5 1232 371 1276 547 47975 0 1 0 standing 
5 1232 371 1276 547 47976 0 1 1 standing 
5 1233 371 1276 547 47977 0 1 1 standing 
5 1234 372 1276 547 47978 0 1 1 standing 
5 1234 372 1276 548 47979 0 1 1 standing 
5 1235 373 1277 548 47980 0 1 1 standing 
5 1236 373 1277 548 47981 0 1 1 standing 
5 1236 373 1277 549 47982 0 1 1 standing 
5 1237 374 1277 549 47983 0 1 1 standing 
5 1238 374 1277 549 47984 0 1 1 standing 
5 1239 375 1278 550 47985 1 1 0 standing 
5 1239 375 1278 550 47986 1 1 1 standing 
5 1239 375 1278 550 47987 1 1 1 standing 
5 1239 375 1278 550 47988 1 1 1 standing 
5 1239 375 1278 550 47989 1 1 1 standing 
5 1239 375 1278 550 47990 1 1 1 standing 
5 1239 375 1278 550 47991 1 1 1 standing 
5 1239 375 1278 550 47992 1 1 1 standing 
5 1239 375 1278 550 47993 1 1 1 standing 
5 1239 375 1278 550 47994 1 1 1 standing 
6 449 296 494 471 47975 0 0 0 standing 
6 449 297 494 472 47976 0 0 1 standing 
6 449 298 494 473 47977 0 0 1 standing 
6 449 299 494 474 47978 0 0 1 standing 
6 449 300 494 475 47979 0 0 1 standing 
6 450 301 495 476 47980 0 0 1 standing 
6 450 302 495 477 47981 0 0 1 standing 
6 450 303 495 478 47982 0 0 1 standing 
6 450 304 495 479 47983 0 0 1 standing 
6 450 305 495 480 47984 0 0 1 standing 
6 451 306 496 482 47985 0 0 0 standing 
6 451 306 496 482 47986 0 0 1 standing 
6 451 306 496 482 47987 0 0 1 standing 
6 451 306 496 482 47988 0 0 1 standing 
6 451 306 496 482 47989 0 0 1 standing 
6 451 306 496 482 47990 0 0 1 standing 
6 451 306 496 482 47991 0 0 1 standing 
6 451 306 496 482 47992 0 0 1 standing 
6 451 306 496 482 47993 0 0 1 standing 
6 451 306 496 482 47994 0 0 1 standing 
7 742 235 806 397 47975 0 0 0 standing 
7 737 235 801 397 47976 0 0 1 standing 
7 733 235 797 397 47977 0 0 1 standing 
7 729 235 793 397 47978 0 0 1 standing 
7 725 235 789 397 47979 0 0 1 standing 
7 721 235 785 398 47980 0 0 1 standing 
7 717 235 781 398 47981 0 0 1 standing 
7 713 235 777 398 47982 0 0 1 standing 
7 709 235 773 398 47983 0 0 1 standing 
7 705 235 769 398 47984 0 0 1 standing 
7 701 236 765 399 47985 0 0 0 standing 
7 698 235 762 398 47986 0 0 1 standing 
7 695 234 759 397 47987 0 0 1 standing 
7 692 233 756 396 47988 0 0 1 standing 
7 690 232 754 395 47989 0 0 1 standing 
7 687 231 751 394 47990 0 0 1 standing 
7 684 230 748 393 47991 0 0 1 standing 
7 682 229 746 392 47992 0 0 1 standing 
7 679 228 743 391 47993 0 0 1 standing 
7 676 227 740 390 47994 0 0 1 standing 
8 830 269 895 441 47975 0 0 0 standing 
8 828 269 893 441 47976 0 0 1 standing 
8 826 270 891 442 47977 0 0 1 standing 
8 824 270 889 443 47978 0 0 1 standing 
8 823 271 888 443 47979 0 0 1 standing 
8 821 272 886 444 47980 0 0 1 standing 
8 819 272 884 445 47981 0 0 1 standing 
8 818 273 883 445 47982 0 0 1 standing 
8 816 274 881 446 47983 0 0 1 standing 
8 814 274 879 447 47984 0 0 1 standing 
8 813 275 878 448 47985 0 0 1 standing 
8 811 276 876 448 47986 0 0 1 standing 
8 809 276 874 449 47987 0 0 1 standing 
8 807 277 872 450 47988 0 0 1 standing 
8 806 278 871 450 47989 0 0 1 standing 
8 804 278 869 451 47990 0 0 1 standing 
8 802 279 867 452 47991 0 0 1 standing 
8 801 280 866 452 47992 0 0 1 standing 
8 799 280 864 453 47993 0 0 1 standing 
8 797 281 862 454 47994 0 0 1 standing 
9 1103 360 1172 557 47975 0 1 0 standing 
9 1109 360 1178 557 47976 0 1 1 standing 
9 1116 360 1185 558 47977 0 1 1 standing 
9 1122 361 1192 558 47978 0 1 1 standing 
9 1129 361 1198 559 47979 0 1 1 standing 
9 1136 362 1205 559 47980 0 1 1 standing 
9 1142 362 1212 560 47981 0 1 1 standing 
9 1149 362 1218 560 47982 0 1 1 standing 
9 1155 363 1225 561 47983 0 1 1 standing 
9 1162 363 1232 561 47984 0 1 1 standing 
9 1169 364 1239 562 47985 0 1 0 standing 
9 1172 363 1242 561 47986 0 1 1 standing 
9 1176 362 1246 560 47987 0 1 1 standing 
9 1179 361 1249 559 47988 0 1 1 standing 
9 1183 360 1253 558 47989 0 1 1 standing 
9 1186 359 1257 557 47990 0 1 1 standing 
9 1190 358 1260 556 47991 0 1 1 standing 
9 1193 357 1264 555 47992 0 1 1 standing 
9 1197 356 1267 554 47993 0 1 1 standing 
9 1200 355 1271 553 47994 0 1 1 standing 
10 1177 303 1249 499 47975 0 1 0 standing 
10 1181 305 1251 501 47976 0 1 1 standing 
10 1185 307 1254 503 47977 0 1 1 standing 
10 1189 309 1257 505 47978 0 1 1 standing 
10 1194 312 1260 508 47979 0 1 1 standing 
10 1198 314 1263 510 47980 0 1 1 standing 
10 1202 316 1265 512 47981 0 1 1 standing 
10 1207 319 1268 515 47982 0 1 1 standing 
10 1211 321 1271 517 47983 0 1 1 standing 
10 1215 323 1274 519 47984 0 1 1 standing 
10 1220 326 1277 522 47985 0 1 0 standing 
10 1220 326 1277 522 47986 0 1 1 standing 
10 1220 326 1277 522 47987 0 1 1 standing 
10 1220 326 1277 522 47988 0 1 1 standing 
10 1220 326 1277 522 47989 0 1 1 standing 
10 1220 326 1277 522 47990 0 1 1 standing 
10 1220 326 1277 522 47991 0 1 1 standing 
10 1220 326 1277 522 47992 0 1 1 standing 
10 1220 326 1277 522 47993 0 1 1 standing 
10 1220 326 1277 522 47994 0 1 1 standing 
