0 1090 405 1155 547 99605 0 0 0 standing 
0 1089 403 1153 545 99606 0 0 1 standing 
0 1089 402 1152 543 99607 0 0 1 standing 
0 1089 400 1151 541 99608 0 0 1 standing 
0 1089 399 1150 539 99609 0 0 1 standing 
0 1089 398 1149 537 99610 0 0 0 standing 
0 1095 397 1154 535 99611 0 0 1 standing 
0 1101 396 1159 534 99612 0 0 1 standing 
0 1108 396 1164 533 99613 0 0 1 standing 
0 1114 395 1169 532 99614 0 0 1 standing 
0 1121 395 1175 531 99615 0 0 0 standing 
0 1128 395 1182 531 99616 0 0 1 standing 
0 1135 396 1189 532 99617 0 0 1 standing 
0 1142 396 1196 532 99618 0 0 1 standing 
0 1149 397 1203 533 99619 0 0 1 standing 
0 1157 398 1211 534 99620 0 0 0 standing 
0 1162 398 1216 534 99621 0 0 1 standing 
0 1167 399 1221 535 99622 0 0 1 standing 
0 1172 400 1226 536 99623 0 0 1 standing 
0 1177 401 1231 537 99624 0 0 1 standing 
1 280 371 333 492 99605 0 1 0 standing 
1 277 372 330 490 99606 0 1 1 digging 
1 274 373 327 489 99607 0 1 1 digging 
1 272 374 325 488 99608 0 1 0 digging 
1 278 374 331 485 99609 0 1 1 digging 
1 285 374 338 483 99610 0 1 1 digging 
1 292 374 344 481 99611 0 1 1 digging 
1 299 374 351 479 99612 0 1 1 digging 
1 306 374 358 477 99613 0 1 0 digging 
1 317 372 369 477 99614 0 1 1 digging 
1 329 370 381 477 99615 0 1 1 digging 
1 340 368 392 477 99616 0 1 1 digging 
1 352 367 404 477 99617 0 1 1 digging 
1 363 365 415 477 99618 0 1 1 digging 
1 375 363 427 477 99619 0 1 1 digging 
1 387 362 439 477 99620 0 1 0 digging 
1 392 360 444 477 99621 0 1 1 digging 
1 397 358 449 477 99622 0 1 1 digging 
1 403 357 454 477 99623 0 1 1 digging 
1 408 355 459 477 99624 0 1 1 digging 
2 322 339 376 457 99605 0 1 0 digging 
2 322 341 376 456 99606 0 1 1 digging 
2 322 343 376 456 99607 0 1 1 digging 
2 322 346 376 456 99608 0 1 1 digging 
2 322 348 376 456 99609 0 1 1 digging 
2 322 350 376 456 99610 0 1 1 digging 
2 323 353 377 456 99611 0 1 0 digging 
2 331 354 385 454 99612 0 1 1 digging 
2 340 355 393 453 99613 0 1 1 digging 
2 348 356 401 452 99614 0 1 1 digging 
2 357 358 410 451 99615 0 1 0 digging 
2 362 354 415 451 99616 0 1 1 digging 
2 368 351 420 451 99617 0 1 1 digging 
2 373 348 426 451 99618 0 1 1 digging 
2 379 345 431 452 99619 0 1 1 digging 
2 384 342 437 452 99620 0 1 1 digging 
2 390 339 442 452 99621 0 1 1 digging 
2 395 336 447 453 99622 0 1 1 digging 
2 401 333 453 453 99623 0 1 1 digging 
2 406 330 458 453 99624 0 1 1 digging 
3 386 366 430 507 99605 0 0 0 digging 
3 385 366 429 507 99606 0 0 1 standing 
3 384 367 428 508 99607 0 0 1 standing 
3 383 368 427 509 99608 0 0 0 standing 
3 388 366 432 507 99609 0 0 1 standing 
3 394 364 438 505 99610 0 0 1 standing 
3 400 362 444 503 99611 0 0 1 standing 
3 406 360 450 501 99612 0 0 1 standing 
3 412 358 456 499 99613 0 0 0 standing 
3 422 356 466 496 99614 0 0 1 standing 
3 432 355 476 494 99615 0 0 1 standing 
3 442 353 486 491 99616 0 0 1 standing 
3 452 352 496 489 99617 0 0 1 standing 
3 462 350 506 486 99618 0 0 1 standing 
3 472 349 516 484 99619 0 0 1 standing 
3 482 347 526 481 99620 0 0 1 standing 
3 492 346 536 479 99621 0 0 1 standing 
3 502 345 546 477 99622 0 0 0 standing 
3 511 346 555 477 99623 0 0 1 standing 
3 520 347 564 477 99624 0 0 1 standing 
4 317 464 379 626 99605 0 0 0 standing 
4 316 464 378 626 99606 0 0 1 standing 
4 315 464 377 626 99607 0 0 1 standing 
4 314 464 376 626 99608 0 0 1 standing 
4 313 465 375 627 99609 0 0 0 standing 
4 318 465 380 627 99610 0 0 1 standing 
4 324 466 386 628 99611 0 0 1 standing 
4 330 466 392 628 99612 0 0 1 standing 
4 336 467 398 629 99613 0 0 1 standing 
4 342 467 404 629 99614 0 0 1 standing 
4 348 468 410 630 99615 0 0 0 standing 
4 352 468 414 627 99616 0 0 1 standing 
4 357 468 418 624 99617 0 0 1 standing 
4 362 468 423 621 99618 0 0 0 standing 
4 366 469 427 623 99619 0 0 1 standing 
4 370 470 431 626 99620 0 0 1 standing 
4 374 472 435 628 99621 0 0 1 standing 
4 378 473 439 631 99622 0 0 1 standing 
4 382 475 444 634 99623 0 0 0 standing 
4 382 475 444 634 99624 0 0 1 standing 
5 59 399 110 536 99605 0 0 0 standing 
5 57 398 108 535 99606 0 0 1 standing 
5 55 398 106 534 99607 0 0 1 standing 
5 53 398 104 533 99608 0 0 0 standing 
5 60 396 110 531 99609 0 0 1 standing 
5 67 395 117 529 99610 0 0 1 standing 
5 74 394 124 527 99611 0 0 1 standing 
5 81 393 131 525 99612 0 0 0 standing 
5 91 392 141 523 99613 0 0 1 standing 
5 102 391 152 522 99614 0 0 1 standing 
5 113 391 163 521 99615 0 0 0 standing 
5 124 390 173 520 99616 0 0 1 standing 
5 135 390 184 520 99617 0 0 1 standing 
5 146 390 194 520 99618 0 0 1 standing 
5 157 389 205 519 99619 0 0 1 standing 
5 168 389 215 519 99620 0 0 1 standing 
5 180 389 226 519 99621 0 0 0 standing 
5 188 390 233 520 99622 0 0 1 standing 
5 196 392 240 522 99623 0 0 1 standing 
5 204 394 247 523 99624 0 0 1 standing 
6 473 314 528 460 99605 0 0 0 standing 
6 473 317 528 461 99606 0 0 1 standing 
6 473 320 528 463 99607 0 0 1 standing 
6 473 323 528 465 99608 0 0 1 standing 
6 474 327 528 467 99609 0 0 0 standing 
6 484 327 538 465 99610 0 0 1 standing 
6 495 327 549 463 99611 0 0 1 standing 
6 505 327 559 461 99612 0 0 1 standing 
6 516 327 570 459 99613 0 0 1 standing 
6 527 328 581 458 99614 0 0 0 standing 
6 541 327 595 457 99615 0 0 1 standing 
6 555 326 609 456 99616 0 0 1 standing 
6 569 325 623 455 99617 0 0 1 standing 
6 583 324 637 454 99618 0 0 1 standing 
6 597 323 651 453 99619 0 0 1 standing 
6 611 323 665 452 99620 0 0 1 standing 
6 625 322 679 451 99621 0 0 1 standing 
6 639 321 693 450 99622 0 0 1 standing 
6 653 320 707 449 99623 0 0 1 standing 
6 667 319 721 448 99624 0 0 1 standing 
7 640 395 697 507 99605 0 0 0 standing 
7 641 393 698 507 99606 0 0 1 standing 
7 643 391 699 508 99607 0 0 1 standing 
7 644 389 700 508 99608 0 0 1 standing 
7 646 388 702 509 99609 0 0 0 standing 
7 655 387 710 509 99610 0 0 1 standing 
7 664 387 719 510 99611 0 0 1 standing 
7 673 386 728 510 99612 0 0 1 standing 
7 682 386 737 511 99613 0 0 1 standing 
7 691 386 746 512 99614 0 0 1 standing 
7 700 385 755 512 99615 0 0 1 standing 
7 709 385 764 513 99616 0 0 1 standing 
7 718 385 773 514 99617 0 0 0 standing 
7 726 384 781 514 99618 0 0 1 standing 
7 734 384 790 514 99619 0 0 1 standing 
7 742 384 798 514 99620 0 0 1 standing 
7 751 384 807 515 99621 0 0 0 standing 
7 753 382 809 514 99622 0 0 1 standing 
7 756 381 812 514 99623 0 0 1 standing 
7 759 380 815 513 99624 0 0 1 standing 
8 833 338 877 456 99605 0 0 0 standing 
8 835 336 879 455 99606 0 0 1 standing 
8 837 334 881 454 99607 0 0 1 standing 
8 839 332 883 453 99608 0 0 1 standing 
8 841 330 885 452 99609 0 0 1 standing 
8 843 329 887 452 99610 0 0 0 standing 
8 853 328 897 452 99611 0 0 1 standing 
8 863 327 907 452 99612 0 0 1 standing 
8 874 326 917 452 99613 0 0 1 standing 
8 884 325 927 452 99614 0 0 1 standing 
8 895 325 938 453 99615 0 0 0 standing 
8 905 325 948 454 99616 0 0 1 standing 
8 916 325 959 455 99617 0 0 1 standing 
8 927 325 969 456 99618 0 0 1 standing 
8 938 325 980 457 99619 0 0 1 standing 
8 949 326 991 458 99620 0 0 0 standing 
8 956 326 998 459 99621 0 0 1 standing 
8 964 326 1006 460 99622 0 0 1 standing 
8 972 326 1014 461 99623 0 0 1 standing 
8 980 326 1022 462 99624 0 0 1 standing 
9 851 467 915 598 99605 0 0 0 standing 
9 853 463 917 595 99606 0 0 1 standing 
9 855 460 919 593 99607 0 0 1 standing 
9 857 457 921 591 99608 0 0 1 standing 
9 859 454 923 588 99609 0 0 1 standing 
9 861 451 925 586 99610 0 0 1 standing 
9 863 448 927 584 99611 0 0 0 standing 
9 870 448 934 585 99612 0 0 1 standing 
9 878 448 941 586 99613 0 0 1 standing 
9 885 448 948 587 99614 0 0 1 standing 
9 893 449 956 588 99615 0 0 0 standing 
9 900 448 963 587 99616 0 0 1 standing 
9 907 448 970 587 99617 0 0 1 standing 
9 914 447 977 586 99618 0 0 1 standing 
9 922 447 985 586 99619 0 0 1 standing 
9 929 446 992 585 99620 0 0 1 standing 
9 936 446 999 585 99621 0 0 1 standing 
9 944 445 1007 584 99622 0 0 1 standing 
9 951 445 1014 584 99623 0 0 1 standing 
9 958 444 1021 583 99624 0 0 1 standing 
10 1 477 45 623 99605 0 0 0 standing 
10 1 474 47 620 99606 0 0 1 moving 
10 1 471 50 617 99607 0 0 1 moving 
10 1 469 53 615 99608 0 0 0 moving 
10 8 466 67 615 99609 0 0 1 moving 
10 16 464 81 615 99610 0 0 1 moving 
10 24 461 95 615 99611 0 0 1 moving 
10 32 459 109 615 99612 0 0 1 moving 
10 40 457 124 616 99613 0 0 0 moving 
10 60 454 143 612 99614 0 0 1 moving 
10 80 452 163 609 99615 0 0 1 moving 
10 100 450 182 605 99616 0 0 1 moving 
10 121 448 202 602 99617 0 0 1 moving 
10 141 446 221 599 99618 0 0 1 moving 
10 161 444 241 595 99619 0 0 1 moving 
10 181 442 260 592 99620 0 0 1 moving 
10 202 440 280 589 99621 0 0 0 moving 
10 212 438 299 586 99622 0 0 1 moving 
10 222 436 319 583 99623 0 0 1 moving 
10 232 434 339 580 99624 0 0 1 moving 
11 478 295 515 439 99605 0 0 0 moving 
11 477 300 515 442 99606 0 0 1 standing 
11 477 305 516 446 99607 0 0 1 standing 
11 477 311 516 449 99608 0 0 1 standing 
11 477 316 517 453 99609 0 0 1 standing 
11 477 322 518 457 99610 0 0 0 standing 
11 489 322 529 456 99611 0 0 1 standing 
11 501 323 540 455 99612 0 0 1 standing 
11 513 323 551 454 99613 0 0 1 standing 
11 525 324 562 453 99614 0 0 1 standing 
11 537 325 573 453 99615 0 0 0 standing 
11 550 324 586 452 99616 0 0 1 standing 
11 563 323 599 451 99617 0 0 1 standing 
11 576 323 612 451 99618 0 0 1 standing 
11 589 322 625 450 99619 0 0 1 standing 
11 602 322 638 450 99620 0 0 1 standing 
11 615 321 651 449 99621 0 0 1 standing 
11 628 320 664 448 99622 0 0 1 standing 
11 641 320 677 448 99623 0 0 1 standing 
11 654 319 690 447 99624 0 0 1 standing 
