0 549 349 629 443 13825 0 1 0 moving 
0 545 347 626 443 13826 0 1 1 moving 
0 542 346 623 443 13827 0 1 1 moving 
0 538 345 620 443 13828 0 1 1 moving 
0 535 344 618 443 13829 0 1 1 moving 
0 531 343 615 443 13830 0 1 1 moving 
0 528 341 612 443 13831 0 1 1 moving 
0 524 340 610 443 13832 0 1 1 moving 
0 521 339 607 443 13833 0 1 1 moving 
0 517 338 604 443 13834 0 1 1 moving 
0 514 337 602 444 13835 0 1 0 moving 
0 511 339 599 444 13836 0 1 1 moving 
0 508 341 596 444 13837 0 1 1 moving 
0 505 343 593 444 13838 0 1 1 moving 
0 503 345 590 444 13839 0 1 1 moving 
0 500 348 588 445 13840 0 1 1 moving 
0 497 350 585 445 13841 0 1 1 moving 
0 495 352 582 445 13842 0 1 1 moving 
0 492 354 579 445 13843 0 1 1 moving 
0 489 356 576 445 13844 0 1 1 moving 
1 606 468 717 619 13825 0 1 0 moving 
1 602 464 713 615 13826 0 1 1 moving 
1 599 461 710 612 13827 0 1 1 moving 
1 596 458 707 609 13828 0 1 1 moving 
1 592 455 703 606 13829 0 1 1 moving 
1 589 452 700 603 13830 0 1 1 moving 
1 586 449 697 600 13831 0 1 1 moving 
1 582 446 693 597 13832 0 1 1 moving 
1 579 443 690 594 13833 0 1 1 moving 
1 576 440 687 591 13834 0 1 1 moving 
1 573 437 684 588 13835 0 1 0 moving 
1 565 429 675 582 13836 0 1 1 moving 
1 558 422 667 576 13837 0 1 1 moving 
1 550 414 659 570 13838 0 1 1 moving 
1 543 407 651 565 13839 0 1 1 moving 
1 535 399 643 559 13840 0 1 1 moving 
1 528 392 634 553 13841 0 1 1 moving 
1 520 384 626 548 13842 0 1 1 moving 
1 513 377 618 542 13843 0 1 1 moving 
1 505 369 610 536 13844 0 1 1 moving 
2 855 461 936 594 13825 0 1 0 moving 
2 842 452 922 590 13826 0 1 1 setting 
2 829 443 909 586 13827 0 1 1 setting 
2 816 434 896 582 13828 0 1 1 setting 
2 803 426 883 578 13829 0 1 1 setting 
2 790 417 870 575 13830 0 1 1 setting 
2 777 408 857 571 13831 0 1 1 setting 
2 764 400 844 567 13832 0 1 1 setting 
2 751 391 831 563 13833 0 1 1 setting 
2 738 382 818 559 13834 0 1 1 setting 
2 725 374 805 556 13835 0 1 0 setting 
2 709 376 789 560 13836 0 1 1 setting 
2 694 379 774 564 13837 0 1 1 setting 
2 679 382 758 568 13838 0 1 1 setting 
2 664 385 743 572 13839 0 1 0 setting 
2 648 394 727 575 13840 0 1 1 setting 
2 633 404 712 579 13841 0 1 1 setting 
2 618 414 697 583 13842 0 1 1 setting 
2 603 423 682 586 13843 0 1 1 setting 
2 588 433 667 590 13844 0 1 1 setting 
3 389 474 487 622 13825 0 1 0 setting 
3 383 471 481 619 13826 0 1 1 moving 
3 378 469 476 616 13827 0 1 1 moving 
3 373 466 471 614 13828 0 1 1 moving 
3 368 464 466 611 13829 0 1 1 moving 
3 363 461 461 609 13830 0 1 1 moving 
3 357 459 455 606 13831 0 1 1 moving 
3 352 456 450 603 13832 0 1 1 moving 
3 347 454 445 601 13833 0 1 1 moving 
3 342 451 440 598 13834 0 1 1 moving 
3 337 449 435 596 13835 0 1 0 moving 
3 334 447 432 594 13836 0 1 1 moving 
3 331 445 429 592 13837 0 1 1 moving 
3 328 444 426 591 13838 0 1 1 moving 
3 325 442 423 589 13839 0 1 1 moving 
3 322 441 420 588 13840 0 1 1 moving 
3 319 439 417 586 13841 0 1 1 moving 
3 316 437 414 584 13842 0 1 1 moving 
3 313 436 411 583 13843 0 1 1 moving 
3 310 434 408 581 13844 0 1 1 moving 
4 265 454 340 577 13825 0 0 0 moving 
4 248 451 325 576 13826 0 0 1 standing 
4 231 448 310 575 13827 0 0 1 standing 
4 215 446 296 575 13828 0 0 1 standing 
4 198 443 281 574 13829 0 0 1 standing 
4 182 441 267 574 13830 0 0 1 standing 
4 165 438 252 573 13831 0 0 1 standing 
4 148 435 237 572 13832 0 0 1 standing 
4 132 433 223 572 13833 0 0 1 standing 
4 115 430 208 571 13834 0 0 1 standing 
4 99 428 194 571 13835 0 0 0 standing 
4 89 426 182 569 13836 0 0 1 standing 
4 79 425 170 568 13837 0 0 1 standing 
4 69 424 158 567 13838 0 0 1 standing 
4 59 423 146 566 13839 0 0 1 standing 
4 49 422 135 565 13840 0 0 1 standing 
4 39 420 123 563 13841 0 0 1 standing 
4 29 419 111 562 13842 0 0 1 standing 
4 19 418 99 561 13843 0 0 1 standing 
4 9 417 87 560 13844 0 0 1 standing 
5 247 525 365 686 13825 0 1 0 standing 
5 244 524 362 685 13826 0 1 1 moving 
5 241 524 359 685 13827 0 1 1 moving 
5 239 523 357 684 13828 0 1 1 moving 
5 236 523 354 684 13829 0 1 1 moving 
5 234 522 352 684 13830 0 1 1 moving 
5 231 522 349 683 13831 0 1 1 moving 
5 228 521 346 683 13832 0 1 1 moving 
5 226 521 344 682 13833 0 1 1 moving 
5 223 520 341 682 13834 0 1 1 moving 
5 221 520 339 682 13835 0 1 0 moving 
5 220 520 339 682 13836 0 1 1 moving 
5 219 520 339 682 13837 0 1 1 moving 
5 218 520 339 682 13838 0 1 1 moving 
5 217 520 339 682 13839 0 1 1 moving 
5 217 520 339 682 13840 0 1 1 moving 
5 216 520 339 682 13841 0 1 1 moving 
5 215 520 339 682 13842 0 1 1 moving 
5 214 520 339 682 13843 0 1 1 moving 
5 213 520 339 682 13844 0 1 1 moving 
6 967 441 1034 600 13825 0 0 0 moving 
6 952 440 1019 599 13826 0 0 1 blocking 
6 938 439 1005 599 13827 0 0 1 blocking 
6 924 438 991 599 13828 0 0 1 blocking 
6 910 437 977 599 13829 0 0 1 blocking 
6 896 436 963 599 13830 0 0 1 blocking 
6 882 435 948 598 13831 0 0 1 blocking 
6 868 434 934 598 13832 0 0 1 blocking 
6 854 433 920 598 13833 0 0 1 blocking 
6 840 432 906 598 13834 0 0 1 blocking 
6 826 432 892 598 13835 0 0 0 blocking 
6 811 433 876 598 13836 0 0 1 blocking 
6 796 434 861 599 13837 0 0 1 blocking 
6 781 435 846 600 13838 0 0 1 blocking 
6 766 436 831 601 13839 0 0 1 blocking 
6 751 437 816 602 13840 0 0 1 blocking 
6 736 438 801 603 13841 0 0 1 blocking 
6 721 439 786 604 13842 0 0 1 blocking 
6 706 440 771 605 13843 0 0 1 blocking 
6 691 441 756 606 13844 0 0 1 blocking 
7 955 415 1026 568 13825 0 0 0 blocking 
7 941 414 1012 567 13826 0 0 1 blocking 
7 928 414 999 567 13827 0 0 1 blocking 
7 915 413 986 566 13828 0 0 1 blocking 
7 902 413 973 566 13829 0 0 1 blocking 
7 889 412 960 565 13830 0 0 1 blocking 
7 875 412 946 565 13831 0 0 1 blocking 
7 862 411 933 564 13832 0 0 1 blocking 
7 849 411 920 564 13833 0 0 1 blocking 
7 836 410 907 563 13834 0 0 1 blocking 
7 823 410 894 563 13835 0 0 0 blocking 
7 808 410 875 562 13836 0 0 1 blocking 
7 793 410 856 562 13837 0 0 1 blocking 
7 778 410 838 562 13838 0 0 1 blocking 
7 763 411 819 562 13839 0 0 1 blocking 
7 748 411 801 562 13840 0 0 1 blocking 
7 733 411 782 562 13841 0 0 1 blocking 
7 719 412 764 562 13842 0 0 0 blocking 
7 704 412 754 562 13843 0 0 1 blocking 
7 689 412 744 563 13844 0 0 1 blocking 
8 958 394 1027 527 13825 0 0 0 blocking 
8 944 393 1013 526 13826 0 0 1 standing 
8 930 393 999 526 13827 0 0 1 standing 
8 916 393 986 526 13828 0 0 1 standing 
8 903 393 972 526 13829 0 0 1 standing 
8 889 393 959 526 13830 0 0 1 standing 
8 875 392 945 525 13831 0 0 1 standing 
8 862 392 931 525 13832 0 0 1 standing 
8 848 392 918 525 13833 0 0 1 standing 
8 834 392 904 525 13834 0 0 1 standing 
8 821 392 891 525 13835 0 0 0 standing 
8 807 391 876 524 13836 0 0 1 standing 
8 793 391 861 523 13837 0 0 1 standing 
8 779 391 846 523 13838 0 0 1 standing 
8 765 390 831 522 13839 0 0 1 standing 
8 751 390 816 521 13840 0 0 1 standing 
8 737 390 801 521 13841 0 0 1 standing 
8 723 389 786 520 13842 0 0 1 standing 
8 709 389 771 519 13843 0 0 1 standing 
8 695 389 757 519 13844 0 0 0 standing 
9 1207 484 1260 649 13825 1 0 1 standing 
9 1212 485 1262 650 13826 1 0 1 standing 
9 1216 486 1265 651 13827 1 0 1 standing 
9 1220 486 1268 651 13828 1 0 1 standing 
9 1225 487 1270 652 13829 1 0 1 standing 
9 1229 487 1273 652 13830 1 0 1 standing 
9 1233 488 1276 653 13831 1 0 1 standing 
9 1238 489 1279 654 13832 0 0 0 standing 
9 1221 488 1275 652 13833 0 0 1 standing 
9 1204 487 1271 650 13834 0 0 1 standing 
9 1188 487 1268 649 13835 0 0 0 standing 
9 1171 486 1248 648 13836 0 0 1 standing 
9 1155 486 1229 647 13837 0 0 1 standing 
9 1138 486 1210 646 13838 0 0 1 standing 
9 1122 485 1190 645 13839 0 0 1 standing 
9 1105 485 1171 644 13840 0 0 1 standing 
9 1089 485 1152 643 13841 0 0 1 standing 
9 1073 485 1133 643 13842 0 0 0 standing 
9 1060 485 1123 643 13843 0 0 1 standing 
9 1047 485 1113 643 13844 0 0 1 standing 
10 1160 404 1215 528 13825 1 0 1 standing 
10 1165 405 1220 528 13826 1 0 1 standing 
10 1170 405 1226 528 13827 1 0 1 standing 
10 1175 405 1231 528 13828 1 0 1 standing 
10 1180 405 1237 529 13829 1 0 1 standing 
10 1184 405 1242 529 13830 1 0 1 standing 
10 1189 406 1247 529 13831 1 0 1 standing 
10 1194 406 1253 529 13832 1 0 1 standing 
10 1199 406 1258 529 13833 1 0 1 standing 
10 1204 406 1264 529 13834 1 0 1 standing 
10 1209 406 1269 529 13835 1 0 1 standing 
10 1214 407 1275 530 13836 0 0 0 standing 
10 1190 405 1251 528 13837 0 0 1 standing 
10 1166 404 1227 527 13838 0 0 1 standing 
10 1142 403 1203 526 13839 0 0 1 standing 
10 1119 402 1180 525 13840 0 0 0 standing 
10 1100 400 1161 523 13841 0 0 1 standing 
10 1082 399 1143 522 13842 0 0 1 standing 
10 1064 398 1124 521 13843 0 0 1 standing 
10 1045 397 1106 520 13844 0 0 1 standing 
11 1209 434 1265 589 13825 1 0 1 standing 
11 1211 434 1266 589 13826 1 0 1 standing 
11 1212 435 1267 590 13827 1 0 1 standing 
11 1214 435 1268 590 13828 1 0 1 standing 
11 1216 435 1269 590 13829 1 0 1 standing 
11 1217 435 1270 590 13830 1 0 1 standing 
11 1219 435 1271 590 13831 1 0 1 standing 
11 1221 435 1272 590 13832 1 0 1 standing 
11 1222 435 1273 590 13833 1 0 1 standing 
11 1224 435 1274 590 13834 1 0 1 standing 
11 1226 435 1275 590 13835 1 0 1 standing 
11 1227 435 1276 590 13836 1 0 1 standing 
11 1229 435 1277 590 13837 1 0 1 standing 
11 1231 436 1279 591 13838 0 0 0 standing 
11 1216 435 1266 590 13839 0 0 1 standing 
11 1201 435 1254 590 13840 0 0 1 standing 
11 1186 435 1241 590 13841 0 0 1 standing 
11 1172 435 1229 589 13842 0 0 1 standing 
11 1157 435 1216 589 13843 0 0 1 standing 
11 1142 435 1204 589 13844 0 0 1 standing 
