0 37 413 88 544 99520 0 0 0 standing 
0 30 413 79 544 99521 0 0 1 standing 
0 24 414 71 545 99522 0 0 1 standing 
0 18 415 63 546 99523 0 0 1 standing 
0 12 416 54 547 99524 0 0 1 standing 
0 6 417 46 548 99525 0 0 1 standing 
0 0 418 38 549 99526 0 0 0 standing 
0 7 418 48 549 99527 0 0 1 standing 
0 14 418 58 549 99528 0 0 1 standing 
0 21 418 68 549 99529 0 0 1 standing 
0 28 418 79 549 99530 0 0 0 standing 
0 44 416 95 547 99531 0 0 1 standing 
0 61 415 112 546 99532 0 0 1 standing 
0 77 414 128 545 99533 0 0 1 standing 
0 94 413 145 544 99534 0 0 1 standing 
0 111 412 162 543 99535 0 0 1 standing 
0 127 411 178 542 99536 0 0 1 standing 
0 144 410 195 541 99537 0 0 1 standing 
0 160 409 211 540 99538 0 0 1 standing 
0 177 408 228 539 99539 0 0 1 standing 
1 298 401 368 521 99520 0 1 0 standing 
1 288 400 358 521 99521 0 1 1 standing 
1 279 399 348 521 99522 0 1 1 standing 
1 269 398 338 521 99523 0 1 1 standing 
1 260 398 329 522 99524 0 1 0 standing 
1 262 393 331 522 99525 0 1 1 standing 
1 265 388 334 522 99526 0 1 1 standing 
1 268 383 337 522 99527 0 1 1 standing 
1 271 378 340 523 99528 0 1 0 standing 
1 284 384 353 522 99529 0 1 1 standing 
1 298 390 366 521 99530 0 1 1 standing 
1 312 397 379 521 99531 0 1 0 standing 
1 325 396 392 520 99532 0 1 1 standing 
1 339 395 406 519 99533 0 1 1 standing 
1 353 394 420 519 99534 0 1 0 standing 
1 367 393 435 517 99535 0 1 1 standing 
1 382 392 450 516 99536 0 1 1 standing 
1 397 391 465 515 99537 0 1 1 standing 
1 412 390 480 513 99538 0 1 1 standing 
1 427 389 495 512 99539 0 1 1 standing 
2 377 318 428 457 99520 0 0 0 standing 
2 365 317 416 455 99521 0 0 1 standing 
2 353 317 404 453 99522 0 0 1 standing 
2 341 317 392 451 99523 0 0 1 standing 
2 330 317 380 450 99524 0 0 0 standing 
2 329 322 379 453 99525 0 0 1 standing 
2 328 327 378 457 99526 0 0 1 standing 
2 327 332 377 461 99527 0 0 0 standing 
2 337 335 387 462 99528 0 0 1 standing 
2 347 338 397 463 99529 0 0 1 standing 
2 357 341 407 465 99530 0 0 0 standing 
2 372 341 422 464 99531 0 0 1 standing 
2 388 342 437 464 99532 0 0 1 standing 
2 403 342 453 464 99533 0 0 1 standing 
2 419 343 468 463 99534 0 0 1 standing 
2 434 343 484 463 99535 0 0 1 standing 
2 450 344 499 463 99536 0 0 1 standing 
2 465 344 514 462 99537 0 0 1 standing 
2 481 345 530 462 99538 0 0 1 standing 
2 496 345 545 462 99539 0 0 1 standing 
3 481 331 529 468 99520 0 0 0 standing 
3 472 331 520 468 99521 0 0 1 standing 
3 464 332 512 468 99522 0 0 1 standing 
3 455 333 503 468 99523 0 0 1 standing 
3 447 334 495 468 99524 0 0 0 standing 
3 451 334 499 467 99525 0 0 1 standing 
3 455 334 503 467 99526 0 0 1 standing 
3 459 335 507 466 99527 0 0 1 standing 
3 463 335 511 466 99528 0 0 1 standing 
3 467 336 515 466 99529 0 0 0 standing 
3 483 337 531 466 99530 0 0 1 standing 
3 499 338 547 466 99531 0 0 1 standing 
3 515 339 563 466 99532 0 0 1 standing 
3 532 340 579 466 99533 0 0 1 standing 
3 548 341 596 466 99534 0 0 1 standing 
3 564 342 612 466 99535 0 0 1 standing 
3 581 343 628 466 99536 0 0 1 standing 
3 597 344 644 466 99537 0 0 1 standing 
3 613 345 660 466 99538 0 0 1 standing 
3 630 346 677 467 99539 0 0 0 standing 
4 610 379 657 477 99520 0 0 0 standing 
4 603 379 652 477 99521 0 0 1 waiting 
4 597 380 648 477 99522 0 0 1 waiting 
4 590 380 644 477 99523 0 0 1 waiting 
4 584 381 640 477 99524 0 0 1 waiting 
4 577 381 636 477 99525 0 0 1 waiting 
4 571 382 632 477 99526 0 0 0 waiting 
4 582 380 642 477 99527 0 0 1 waiting 
4 593 379 652 477 99528 0 0 1 waiting 
4 605 378 662 478 99529 0 0 1 waiting 
4 616 377 672 478 99530 0 0 1 waiting 
4 627 376 682 478 99531 0 0 1 waiting 
4 639 375 693 479 99532 0 0 0 waiting 
4 653 373 706 478 99533 0 0 1 waiting 
4 667 371 719 478 99534 0 0 1 waiting 
4 681 369 732 477 99535 0 0 1 waiting 
4 696 367 746 477 99536 0 0 1 waiting 
4 710 365 759 477 99537 0 0 1 waiting 
4 724 363 772 476 99538 0 0 1 waiting 
4 738 361 785 476 99539 0 0 1 waiting 
5 700 376 766 493 99520 0 0 0 waiting 
5 690 377 754 493 99521 0 0 1 waiting 
5 680 379 742 494 99522 0 0 1 waiting 
5 670 380 730 495 99523 0 0 1 waiting 
5 660 382 718 496 99524 0 0 1 waiting 
5 651 384 706 497 99525 0 0 0 waiting 
5 655 384 711 496 99526 0 0 1 waiting 
5 660 384 716 496 99527 0 0 1 waiting 
5 664 385 721 496 99528 0 0 1 waiting 
5 669 385 726 496 99529 0 0 1 waiting 
5 674 386 732 496 99530 0 0 0 waiting 
5 691 384 749 496 99531 0 0 1 waiting 
5 708 382 766 496 99532 0 0 1 waiting 
5 726 380 784 496 99533 0 0 1 waiting 
5 743 378 801 497 99534 0 0 1 waiting 
5 761 376 819 497 99535 0 0 1 waiting 
5 778 374 836 497 99536 0 0 1 waiting 
5 796 372 854 498 99537 0 0 0 waiting 
5 809 370 867 498 99538 0 0 1 waiting 
5 822 368 880 498 99539 0 0 1 waiting 
6 796 389 858 502 99520 0 0 0 waiting 
6 787 388 848 503 99521 0 0 1 standing 
6 778 388 838 505 99522 0 0 1 standing 
6 769 387 829 507 99523 0 0 1 standing 
6 760 387 819 509 99524 0 0 1 standing 
6 751 387 810 511 99525 0 0 0 standing 
6 757 384 816 511 99526 0 0 1 standing 
6 764 382 822 512 99527 0 0 1 standing 
6 770 380 828 513 99528 0 0 1 standing 
6 777 378 835 514 99529 0 0 0 standing 
6 793 378 851 514 99530 0 0 1 standing 
6 810 378 867 514 99531 0 0 1 standing 
6 826 378 884 515 99532 0 0 1 standing 
6 843 378 900 515 99533 0 0 1 standing 
6 859 378 917 515 99534 0 0 1 standing 
6 876 378 933 516 99535 0 0 1 standing 
6 892 378 950 516 99536 0 0 1 standing 
6 909 378 966 516 99537 0 0 1 standing 
6 925 378 983 517 99538 0 0 1 standing 
6 942 378 999 517 99539 0 0 1 standing 
7 836 501 893 618 99520 0 0 0 standing 
7 831 498 888 618 99521 0 0 1 standing 
7 826 495 883 619 99522 0 0 1 standing 
7 822 492 878 620 99523 0 0 1 standing 
7 817 489 873 621 99524 0 0 1 standing 
7 812 486 868 622 99525 0 0 1 standing 
7 808 483 864 623 99526 0 0 0 standing 
7 819 480 875 624 99527 0 0 1 standing 
7 830 477 886 625 99528 0 0 1 standing 
7 841 474 897 626 99529 0 0 1 standing 
7 853 472 909 627 99530 0 0 0 standing 
7 871 471 927 626 99531 0 0 1 standing 
7 889 471 945 626 99532 0 0 1 standing 
7 907 471 963 626 99533 0 0 1 standing 
7 926 471 982 626 99534 0 0 1 standing 
7 944 471 1000 626 99535 0 0 1 standing 
7 962 471 1018 626 99536 0 0 1 standing 
7 981 471 1037 626 99537 0 0 0 standing 
7 995 470 1051 625 99538 0 0 1 standing 
7 1009 469 1065 624 99539 0 0 1 standing 
8 366 399 424 575 99520 0 0 0 standing 
8 360 403 418 578 99521 0 0 1 standing 
8 354 408 412 581 99522 0 0 1 standing 
8 349 413 407 585 99523 0 0 0 standing 
8 347 421 405 591 99524 0 0 1 standing 
8 345 429 403 598 99525 0 0 1 standing 
8 343 437 401 605 99526 0 0 0 standing 
8 354 442 412 608 99527 0 0 1 standing 
8 366 447 424 612 99528 0 0 1 standing 
8 378 452 435 616 99529 0 0 1 standing 
8 390 458 447 620 99530 0 0 0 standing 
8 406 458 463 618 99531 0 0 1 standing 
8 422 458 479 616 99532 0 0 1 standing 
8 438 458 495 615 99533 0 0 1 standing 
8 454 458 511 613 99534 0 0 1 standing 
8 470 458 527 612 99535 0 0 1 standing 
8 486 458 543 610 99536 0 0 1 standing 
8 502 458 559 608 99537 0 0 1 standing 
8 518 458 575 607 99538 0 0 1 standing 
8 534 458 591 605 99539 0 0 1 standing 
9 293 413 360 550 99520 0 0 0 standing 
9 283 414 350 551 99521 0 0 1 digging 
9 274 415 341 552 99522 0 0 1 digging 
9 265 416 332 553 99523 0 0 0 digging 
9 261 415 328 552 99524 0 0 1 digging 
9 257 414 324 551 99525 0 0 1 digging 
9 253 413 320 550 99526 0 0 1 digging 
9 250 413 317 550 99527 0 0 0 digging 
9 263 413 330 550 99528 0 0 1 digging 
9 276 414 343 551 99529 0 0 1 digging 
9 289 415 356 552 99530 0 0 0 digging 
9 302 414 369 551 99531 0 0 1 digging 
9 316 414 383 551 99532 0 0 1 digging 
9 330 413 397 550 99533 0 0 1 digging 
9 344 413 411 550 99534 0 0 1 digging 
9 358 413 425 550 99535 0 0 1 digging 
9 372 412 439 549 99536 0 0 1 digging 
9 386 412 453 549 99537 0 0 1 digging 
9 400 411 467 548 99538 0 0 1 digging 
9 414 411 481 548 99539 0 0 1 digging 
10 478 403 525 565 99520 0 0 0 digging 
10 467 408 514 570 99521 0 0 1 standing 
10 456 414 503 576 99522 0 0 1 standing 
10 446 419 493 581 99523 0 0 1 standing 
10 435 425 482 587 99524 0 0 1 standing 
10 425 431 472 593 99525 0 0 0 standing 
10 433 439 480 601 99526 0 0 1 standing 
10 442 448 489 610 99527 0 0 1 standing 
10 450 456 497 618 99528 0 0 1 standing 
10 459 465 506 627 99529 0 0 1 standing 
10 468 474 515 636 99530 0 0 0 standing 
10 488 471 535 633 99531 0 0 1 standing 
10 508 469 555 631 99532 0 0 1 standing 
10 528 466 575 628 99533 0 0 1 standing 
10 548 464 595 626 99534 0 0 1 standing 
10 569 462 616 624 99535 0 0 1 standing 
10 589 459 636 621 99536 0 0 1 standing 
10 609 457 656 619 99537 0 0 1 standing 
10 629 454 676 616 99538 0 0 1 standing 
10 649 452 696 614 99539 0 0 1 standing 
11 423 332 475 496 99520 0 0 0 standing 
11 420 334 473 496 99521 0 0 1 standing 
11 418 336 472 496 99522 0 0 1 standing 
11 415 338 471 496 99523 0 0 1 standing 
11 413 340 469 496 99524 0 0 1 standing 
11 410 342 468 496 99525 0 0 1 standing 
11 408 344 467 496 99526 0 0 1 standing 
11 405 346 465 496 99527 0 0 1 standing 
11 403 348 464 496 99528 0 0 1 standing 
11 400 350 463 496 99529 0 0 1 standing 
11 398 353 462 496 99530 0 0 0 standing 
11 412 353 476 496 99531 0 0 1 standing 
11 427 354 491 497 99532 0 0 1 standing 
11 442 354 506 497 99533 0 0 1 standing 
11 457 355 521 498 99534 0 0 1 standing 
11 472 355 536 498 99535 0 0 1 standing 
11 487 356 551 499 99536 0 0 1 standing 
11 502 356 566 499 99537 0 0 1 standing 
11 517 357 581 500 99538 0 0 1 standing 
11 532 357 596 500 99539 0 0 1 standing 
