0 374 459 427 605 57100 0 0 0 standing 
0 379 458 435 604 57101 0 0 1 standing 
0 384 458 443 604 57102 0 0 1 standing 
0 389 458 451 603 57103 0 0 1 standing 
0 394 458 459 603 57104 0 0 1 standing 
0 399 458 467 603 57105 0 0 1 standing 
0 404 457 475 602 57106 0 0 1 standing 
0 409 457 483 602 57107 0 0 1 standing 
0 414 457 491 601 57108 0 0 1 standing 
0 419 457 499 601 57109 0 0 1 standing 
0 424 457 507 601 57110 0 0 0 standing 
0 427 456 510 600 57111 0 0 1 standing 
0 431 456 514 600 57112 0 0 1 standing 
0 434 456 517 600 57113 0 0 1 standing 
0 438 456 521 600 57114 0 0 1 standing 
0 442 456 525 600 57115 0 0 1 standing 
0 445 455 528 599 57116 0 0 1 standing 
0 449 455 532 599 57117 0 0 1 standing 
0 452 455 535 599 57118 0 0 1 standing 
0 456 455 539 599 57119 0 0 1 standing 
1 566 438 633 577 57100 0 1 0 standing 
1 557 430 624 571 57101 0 1 1 setting 
1 548 423 616 565 57102 0 1 1 setting 
1 540 416 607 559 57103 0 1 1 setting 
1 531 409 599 553 57104 0 1 1 setting 
1 523 402 590 548 57105 0 1 1 setting 
1 514 394 582 542 57106 0 1 1 setting 
1 505 387 573 536 57107 0 1 1 setting 
1 497 380 565 530 57108 0 1 1 setting 
1 488 373 556 524 57109 0 1 1 setting 
1 480 366 548 519 57110 0 1 0 setting 
1 467 373 535 524 57111 0 1 1 setting 
1 454 380 522 530 57112 0 1 1 setting 
1 441 387 509 536 57113 0 1 1 setting 
1 428 394 496 542 57114 0 1 1 setting 
1 416 401 483 548 57115 0 1 1 setting 
1 403 408 470 553 57116 0 1 1 setting 
1 390 415 457 559 57117 0 1 1 setting 
1 377 422 444 565 57118 0 1 1 setting 
1 364 429 431 571 57119 0 1 1 setting 
2 471 339 546 438 57100 0 1 0 setting 
2 476 338 549 437 57101 0 1 1 moving 
2 482 338 553 436 57102 0 1 1 moving 
2 488 337 556 435 57103 0 1 1 moving 
2 494 337 560 435 57104 0 1 1 moving 
2 500 337 563 434 57105 0 1 1 moving 
2 506 336 567 433 57106 0 1 1 moving 
2 512 336 570 433 57107 0 1 1 moving 
2 518 335 574 432 57108 0 1 1 moving 
2 524 335 577 431 57109 0 1 1 moving 
2 530 335 581 431 57110 0 1 0 moving 
2 534 335 585 433 57111 0 1 1 moving 
2 538 336 590 436 57112 0 1 1 moving 
2 542 337 594 438 57113 0 1 1 moving 
2 546 337 599 441 57114 0 1 1 moving 
2 550 338 604 443 57115 0 1 1 moving 
2 554 339 608 446 57116 0 1 1 moving 
2 558 339 613 448 57117 0 1 1 moving 
2 562 340 617 451 57118 0 1 1 moving 
2 566 341 622 453 57119 0 1 1 moving 
3 561 383 628 512 57100 0 1 0 moving 
3 561 383 629 514 57101 0 1 1 standing 
3 561 384 631 516 57102 0 1 1 standing 
3 561 384 632 519 57103 0 1 1 standing 
3 561 385 634 521 57104 0 1 1 standing 
3 561 386 636 524 57105 0 1 1 standing 
3 561 386 637 526 57106 0 1 1 standing 
3 561 387 639 528 57107 0 1 1 standing 
3 561 387 640 531 57108 0 1 1 standing 
3 561 388 642 533 57109 0 1 1 standing 
3 561 389 644 536 57110 0 1 0 standing 
3 560 385 643 535 57111 0 1 1 standing 
3 560 382 643 534 57112 0 1 1 standing 
3 560 378 643 533 57113 0 1 1 standing 
3 560 375 642 532 57114 0 1 1 standing 
3 560 371 642 531 57115 0 1 1 standing 
3 560 368 642 531 57116 0 1 0 standing 
3 560 368 642 530 57117 0 1 1 standing 
3 560 368 642 530 57118 0 1 1 standing 
3 560 368 642 530 57119 0 1 1 standing 
4 379 431 453 551 57100 0 1 0 standing 
4 377 428 454 549 57101 0 1 1 moving 
4 375 425 455 548 57102 0 1 1 moving 
4 373 423 457 547 57103 0 1 1 moving 
4 371 420 458 546 57104 0 1 1 moving 
4 369 418 460 545 57105 0 1 1 moving 
4 367 415 461 544 57106 0 1 1 moving 
4 365 412 462 543 57107 0 1 1 moving 
4 363 410 464 542 57108 0 1 1 moving 
4 361 407 465 541 57109 0 1 1 moving 
4 360 405 467 540 57110 0 1 0 moving 
4 363 402 470 537 57111 0 1 1 moving 
4 367 400 474 535 57112 0 1 1 moving 
4 371 397 478 532 57113 0 1 1 moving 
4 374 395 481 530 57114 0 1 1 moving 
4 378 392 485 527 57115 0 1 1 moving 
4 382 390 489 525 57116 0 1 1 moving 
4 385 387 492 522 57117 0 1 1 moving 
4 389 385 496 520 57118 0 1 1 moving 
4 393 382 500 517 57119 0 1 1 moving 
5 192 518 279 673 57100 0 1 0 moving 
5 196 518 284 674 57101 0 1 1 moving 
5 201 518 289 676 57102 0 1 1 moving 
5 205 518 294 677 57103 0 1 1 moving 
5 210 518 299 679 57104 0 1 1 moving 
5 215 519 305 680 57105 0 1 1 moving 
5 219 519 310 682 57106 0 1 1 moving 
5 224 519 315 683 57107 0 1 1 moving 
5 228 519 320 685 57108 0 1 1 moving 
5 233 519 325 686 57109 0 1 1 moving 
5 238 520 331 688 57110 0 1 0 moving 
5 244 519 338 687 57111 0 1 1 moving 
5 250 519 346 687 57112 0 1 1 moving 
5 257 518 354 687 57113 0 1 1 moving 
5 263 518 362 687 57114 0 1 1 moving 
5 270 518 370 687 57115 0 1 1 moving 
5 276 517 377 687 57116 0 1 1 moving 
5 282 517 385 687 57117 0 1 1 moving 
5 289 516 393 687 57118 0 1 1 moving 
5 295 516 401 687 57119 0 1 1 moving 
6 867 444 937 601 57100 0 0 0 moving 
6 862 444 932 601 57101 0 0 1 standing 
6 858 445 928 602 57102 0 0 1 standing 
6 853 446 923 603 57103 0 0 1 standing 
6 849 447 919 604 57104 0 0 1 standing 
6 845 448 915 605 57105 0 0 1 standing 
6 840 448 910 605 57106 0 0 1 standing 
6 836 449 906 606 57107 0 0 1 standing 
6 831 450 901 607 57108 0 0 1 standing 
6 827 451 897 608 57109 0 0 1 standing 
6 823 452 893 609 57110 0 0 0 standing 
6 817 453 888 608 57111 0 0 1 standing 
6 812 455 884 608 57112 0 0 1 standing 
6 806 456 880 608 57113 0 0 1 standing 
6 801 458 876 608 57114 0 0 1 standing 
6 795 460 872 608 57115 0 0 1 standing 
6 790 461 867 608 57116 0 0 1 standing 
6 784 463 863 608 57117 0 0 1 standing 
6 779 464 859 608 57118 0 0 1 standing 
6 773 466 855 608 57119 0 0 1 standing 
7 889 360 952 507 57100 0 0 0 standing 
7 883 360 946 507 57101 0 0 1 standing 
7 878 360 941 507 57102 0 0 1 standing 
7 873 360 936 507 57103 0 0 1 standing 
7 868 361 931 508 57104 0 0 1 standing 
7 863 361 926 508 57105 0 0 1 standing 
7 858 361 921 508 57106 0 0 1 standing 
7 853 362 916 509 57107 0 0 1 standing 
7 848 362 911 509 57108 0 0 1 standing 
7 843 362 906 509 57109 0 0 1 standing 
7 838 363 901 510 57110 0 0 0 standing 
7 830 362 893 509 57111 0 0 1 standing 
7 823 362 886 509 57112 0 0 1 standing 
7 816 362 879 509 57113 0 0 1 standing 
7 809 362 872 509 57114 0 0 1 standing 
7 802 362 865 509 57115 0 0 1 standing 
7 794 362 857 509 57116 0 0 1 standing 
7 787 362 850 509 57117 0 0 1 standing 
7 780 362 843 509 57118 0 0 1 standing 
7 773 362 836 509 57119 0 0 1 standing 
8 1190 369 1278 518 57100 0 0 0 standing 
8 1186 368 1275 517 57101 0 0 1 standing 
8 1183 368 1272 517 57102 0 0 1 standing 
8 1180 367 1269 516 57103 0 0 1 standing 
8 1177 367 1266 516 57104 0 0 1 standing 
8 1174 366 1263 515 57105 0 0 1 standing 
8 1171 366 1260 515 57106 0 0 1 standing 
8 1168 365 1257 514 57107 0 0 1 standing 
8 1165 365 1254 514 57108 0 0 1 standing 
8 1162 364 1251 513 57109 0 0 1 standing 
8 1159 364 1249 513 57110 0 0 0 standing 
8 1154 363 1242 512 57111 0 0 1 standing 
8 1149 363 1235 512 57112 0 0 1 standing 
8 1144 362 1228 511 57113 0 0 1 standing 
8 1139 362 1222 511 57114 0 0 1 standing 
8 1135 362 1215 510 57115 0 0 1 standing 
8 1130 361 1208 510 57116 0 0 1 standing 
8 1125 361 1202 509 57117 0 0 1 standing 
8 1120 360 1195 509 57118 0 0 1 standing 
8 1115 360 1188 508 57119 0 0 1 standing 
9 864 411 940 565 57100 0 0 0 standing 
9 859 410 935 565 57101 0 0 1 standing 
9 855 410 930 566 57102 0 0 1 standing 
9 850 410 926 566 57103 0 0 1 standing 
9 846 410 921 567 57104 0 0 1 standing 
9 841 410 916 567 57105 0 0 1 standing 
9 837 410 912 568 57106 0 0 1 standing 
9 832 410 907 568 57107 0 0 1 standing 
9 828 410 903 569 57108 0 0 0 standing 
9 821 409 896 567 57109 0 0 1 standing 
9 815 408 890 565 57110 0 0 1 standing 
9 809 407 884 563 57111 0 0 1 standing 
9 803 407 878 562 57112 0 0 1 standing 
9 797 406 871 560 57113 0 0 1 standing 
9 791 405 865 558 57114 0 0 1 standing 
9 785 404 859 556 57115 0 0 1 standing 
9 779 404 853 555 57116 0 0 0 standing 
9 773 401 847 553 57117 0 0 1 standing 
9 767 399 842 552 57118 0 0 1 standing 
9 761 397 836 551 57119 0 0 1 standing 
10 1193 487 1250 655 57100 1 0 1 standing 
10 1198 487 1253 655 57101 1 0 1 standing 
10 1202 487 1256 655 57102 1 0 1 standing 
10 1206 486 1259 654 57103 1 0 1 standing 
10 1211 486 1262 654 57104 1 0 1 standing 
10 1215 486 1265 654 57105 1 0 1 standing 
10 1219 485 1268 653 57106 1 0 1 standing 
10 1224 485 1271 653 57107 1 0 1 standing 
10 1228 485 1274 653 57108 1 0 1 standing 
10 1233 485 1277 653 57109 0 0 0 standing 
10 1222 486 1273 653 57110 0 0 1 standing 
10 1211 487 1269 653 57111 0 0 1 standing 
10 1200 488 1265 653 57112 0 0 1 standing 
10 1190 490 1262 653 57113 0 0 0 standing 
10 1178 491 1251 653 57114 0 0 1 standing 
10 1167 492 1240 653 57115 0 0 1 standing 
10 1156 494 1230 653 57116 0 0 1 standing 
10 1144 495 1219 654 57117 0 0 1 standing 
10 1133 497 1209 654 57118 0 0 1 standing 
10 1122 498 1198 654 57119 0 0 1 standing 
11 1225 446 1264 595 57100 1 0 1 standing 
11 1226 446 1264 595 57101 1 0 1 standing 
11 1227 446 1265 595 57102 1 0 1 standing 
11 1229 446 1266 595 57103 1 0 1 standing 
11 1230 446 1267 595 57104 1 0 1 standing 
11 1232 446 1267 595 57105 1 0 1 standing 
11 1233 446 1268 595 57106 1 0 1 standing 
11 1235 446 1269 595 57107 1 0 1 standing 
11 1236 446 1270 595 57108 1 0 1 standing 
11 1237 446 1270 595 57109 1 0 1 standing 
11 1239 447 1271 596 57110 1 0 1 standing 
11 1240 447 1272 596 57111 1 0 1 standing 
11 1242 447 1272 596 57112 1 0 1 standing 
11 1243 447 1273 596 57113 1 0 1 standing 
11 1244 447 1274 596 57114 1 0 1 standing 
11 1246 447 1275 596 57115 1 0 1 standing 
11 1247 447 1275 596 57116 1 0 1 standing 
11 1249 447 1276 596 57117 1 0 1 standing 
11 1250 447 1277 596 57118 1 0 1 standing 
11 1252 448 1278 597 57119 0 0 0 standing 
