0 892 471 967 608 73530 0 1 0 falling 
0 888 473 964 608 73531 0 1 1 falling 
0 885 476 961 609 73532 0 1 1 falling 
0 882 479 958 610 73533 0 1 1 falling 
0 879 482 955 610 73534 0 1 1 falling 
0 876 485 952 611 73535 0 1 1 falling 
0 873 488 949 612 73536 0 1 1 falling 
0 870 491 946 612 73537 0 1 1 falling 
0 867 494 943 613 73538 0 1 1 falling 
0 864 497 940 614 73539 0 1 1 falling 
0 861 500 938 615 73540 0 1 0 falling 
0 856 501 935 614 73541 0 1 1 falling 
0 852 502 933 614 73542 0 1 1 falling 
0 848 503 931 614 73543 0 1 1 falling 
0 843 504 929 613 73544 0 1 1 falling 
0 839 506 927 613 73545 0 1 1 falling 
0 835 507 925 613 73546 0 1 1 falling 
0 830 508 923 612 73547 0 1 1 falling 
0 826 509 921 612 73548 0 1 1 falling 
0 822 510 919 612 73549 0 1 1 falling 
1 0 417 78 552 73530 0 0 0 falling 
1 7 417 85 552 73531 0 0 1 moving 
1 14 417 92 552 73532 0 0 1 moving 
1 22 418 100 552 73533 0 0 0 moving 
1 31 417 106 551 73534 0 0 1 moving 
1 40 416 113 551 73535 0 0 1 moving 
1 49 415 120 551 73536 0 0 0 moving 
1 49 416 120 550 73537 0 0 1 moving 
1 49 417 120 549 73538 0 0 1 moving 
1 50 418 120 549 73539 0 0 0 moving 
1 49 417 118 549 73540 0 0 1 moving 
1 49 417 116 550 73541 0 0 1 moving 
1 48 417 115 551 73542 0 0 1 moving 
1 48 417 113 551 73543 0 0 1 moving 
1 47 417 111 552 73544 0 0 1 moving 
1 47 417 110 553 73545 0 0 0 moving 
1 46 416 112 553 73546 0 0 1 moving 
1 45 415 114 553 73547 0 0 1 moving 
1 45 414 116 553 73548 0 0 0 moving 
1 45 414 115 552 73549 0 0 1 moving 
2 269 353 348 467 73530 0 0 0 moving 
2 278 352 358 466 73531 0 0 1 moving 
2 287 351 368 465 73532 0 0 1 moving 
2 296 350 378 465 73533 0 0 0 moving 
2 304 349 378 466 73534 0 0 1 moving 
2 312 349 379 467 73535 0 0 1 moving 
2 321 349 380 468 73536 0 0 0 moving 
2 322 349 379 468 73537 0 0 1 moving 
2 323 349 378 468 73538 0 0 1 moving 
2 324 349 378 468 73539 0 0 0 moving 
2 326 351 380 471 73540 0 0 1 moving 
2 328 353 383 475 73541 0 0 1 moving 
2 331 356 386 479 73542 0 0 0 moving 
2 329 355 392 479 73543 0 0 1 moving 
2 327 354 398 479 73544 0 0 1 moving 
2 325 353 405 479 73545 0 0 0 moving 
2 328 352 406 480 73546 0 0 1 moving 
2 332 351 408 481 73547 0 0 1 moving 
2 336 351 410 482 73548 0 0 0 moving 
2 336 350 408 482 73549 0 0 1 moving 
3 222 464 317 599 73530 0 0 0 moving 
3 237 465 326 600 73531 0 0 1 moving 
3 252 466 336 601 73532 0 0 1 moving 
3 267 467 346 602 73533 0 0 0 moving 
3 269 467 359 602 73534 0 0 1 moving 
3 272 467 372 602 73535 0 0 1 moving 
3 275 468 385 603 73536 0 0 0 moving 
3 278 468 385 604 73537 0 0 1 moving 
3 281 468 386 605 73538 0 0 1 moving 
3 284 468 387 606 73539 0 0 0 moving 
3 285 466 384 606 73540 0 0 1 moving 
3 286 465 381 606 73541 0 0 1 moving 
3 287 464 379 607 73542 0 0 0 moving 
3 286 462 375 607 73543 0 0 1 moving 
3 286 461 371 608 73544 0 0 1 moving 
3 286 459 367 609 73545 0 0 1 moving 
3 285 458 363 609 73546 0 0 1 moving 
3 285 456 359 610 73547 0 0 1 moving 
3 285 455 356 611 73548 0 0 0 moving 
3 284 454 354 610 73549 0 0 1 moving 
4 467 349 521 464 73530 0 0 0 moving 
4 464 345 521 462 73531 0 0 1 moving 
4 461 341 521 460 73532 0 0 1 moving 
4 458 337 521 459 73533 0 0 0 moving 
4 453 333 515 457 73534 0 0 1 moving 
4 448 330 509 455 73535 0 0 1 moving 
4 444 327 503 454 73536 0 0 0 moving 
4 433 328 497 452 73537 0 0 1 moving 
4 422 329 491 450 73538 0 0 1 moving 
4 412 330 486 448 73539 0 0 0 moving 
4 405 334 477 447 73540 0 0 1 moving 
4 399 338 468 446 73541 0 0 1 moving 
4 393 343 460 446 73542 0 0 0 moving 
4 390 341 459 445 73543 0 0 1 moving 
4 388 339 458 445 73544 0 0 1 moving 
4 386 338 457 445 73545 0 0 0 moving 
4 382 336 455 445 73546 0 0 1 moving 
4 378 335 454 445 73547 0 0 1 moving 
4 374 334 453 445 73548 0 0 0 moving 
4 376 333 453 445 73549 0 0 1 moving 
5 737 485 812 620 73530 0 0 0 moving 
5 736 484 804 622 73531 0 0 1 standing 
5 736 483 797 625 73532 0 0 1 standing 
5 736 482 790 628 73533 0 0 0 standing 
5 735 484 788 626 73534 0 0 1 standing 
5 734 486 786 624 73535 0 0 1 standing 
5 734 489 785 623 73536 0 0 0 standing 
5 733 489 784 622 73537 0 0 1 standing 
5 733 490 784 622 73538 0 0 1 standing 
5 732 491 784 621 73539 0 0 1 standing 
5 732 491 783 621 73540 0 0 1 standing 
5 731 492 783 620 73541 0 0 1 standing 
5 731 493 783 620 73542 0 0 0 standing 
5 728 496 781 625 73543 0 0 1 standing 
5 725 500 779 630 73544 0 0 1 standing 
5 723 504 778 635 73545 0 0 0 standing 
5 721 503 784 641 73546 0 0 1 standing 
5 719 503 790 647 73547 0 0 1 standing 
5 717 503 797 654 73548 0 0 0 standing 
5 717 502 796 654 73549 0 0 1 standing 
6 767 327 818 458 73530 0 0 0 standing 
6 765 328 817 458 73531 0 0 1 standing 
6 763 329 816 458 73532 0 0 1 standing 
6 762 331 816 458 73533 0 0 0 standing 
6 759 334 814 462 73534 0 0 1 standing 
6 756 337 813 466 73535 0 0 1 standing 
6 753 340 812 471 73536 0 0 0 standing 
6 750 340 810 471 73537 0 0 1 standing 
6 747 340 809 471 73538 0 0 1 standing 
6 745 341 808 472 73539 0 0 0 standing 
6 741 341 809 471 73540 0 0 1 standing 
6 737 341 811 471 73541 0 0 1 standing 
6 733 341 813 471 73542 0 0 0 standing 
6 735 341 819 471 73543 0 0 1 standing 
6 738 341 826 471 73544 0 0 1 standing 
6 741 341 833 471 73545 0 0 0 standing 
6 745 339 831 471 73546 0 0 1 standing 
6 750 338 830 471 73547 0 0 1 standing 
6 755 337 829 472 73548 0 0 0 standing 
6 756 337 829 472 73549 0 0 1 standing 
7 945 393 1026 517 73530 0 0 0 standing 
7 943 391 1026 517 73531 0 0 1 standing 
7 941 389 1026 517 73532 0 0 1 standing 
7 939 387 1026 518 73533 0 0 0 standing 
7 937 387 1017 518 73534 0 0 1 standing 
7 935 387 1009 518 73535 0 0 1 standing 
7 934 387 1001 518 73536 0 0 0 standing 
7 932 388 995 521 73537 0 0 1 standing 
7 930 389 989 524 73538 0 0 1 standing 
7 929 390 984 528 73539 0 0 0 standing 
7 926 389 981 527 73540 0 0 1 standing 
7 923 389 978 526 73541 0 0 1 standing 
7 921 389 976 525 73542 0 0 0 standing 
7 915 388 970 525 73543 0 0 1 standing 
7 909 388 964 526 73544 0 0 1 standing 
7 904 388 958 527 73545 0 0 0 standing 
7 898 387 952 524 73546 0 0 1 standing 
7 892 386 947 522 73547 0 0 1 standing 
7 887 386 942 520 73548 0 0 0 standing 
7 886 386 940 519 73549 0 0 1 standing 
8 1016 396 1098 535 73530 0 0 0 standing 
8 1019 395 1104 537 73531 0 0 1 standing 
8 1022 395 1110 539 73532 0 0 1 standing 
8 1025 395 1116 542 73533 0 0 0 standing 
8 1030 394 1122 541 73534 0 0 1 standing 
8 1035 394 1128 541 73535 0 0 1 standing 
8 1040 394 1134 541 73536 0 0 0 standing 
8 1040 394 1136 542 73537 0 0 1 standing 
8 1041 394 1138 543 73538 0 0 1 standing 
8 1042 394 1141 544 73539 0 0 0 standing 
8 1043 395 1142 544 73540 0 0 1 standing 
8 1045 396 1144 544 73541 0 0 1 standing 
8 1047 397 1146 544 73542 0 0 0 standing 
8 1051 397 1158 543 73543 0 0 1 standing 
8 1056 397 1171 542 73544 0 0 1 standing 
8 1061 398 1184 541 73545 0 0 0 standing 
8 1060 398 1184 543 73546 0 0 1 standing 
8 1059 399 1185 545 73547 0 0 1 standing 
8 1058 400 1186 547 73548 0 0 0 standing 
8 1060 400 1185 546 73549 0 0 1 standing 
9 1042 330 1097 458 73530 0 0 0 standing 
9 1039 329 1098 464 73531 0 0 1 standing 
9 1037 329 1100 470 73532 0 0 1 standing 
9 1035 329 1102 477 73533 0 0 0 standing 
9 1032 330 1099 476 73534 0 0 1 standing 
9 1030 332 1097 476 73535 0 0 1 standing 
9 1028 334 1095 476 73536 0 0 0 standing 
9 1026 332 1094 474 73537 0 0 1 standing 
9 1024 331 1093 473 73538 0 0 1 standing 
9 1022 330 1092 472 73539 0 0 0 standing 
9 1019 329 1092 471 73540 0 0 1 standing 
9 1016 329 1092 471 73541 0 0 1 standing 
9 1013 329 1092 471 73542 0 0 0 standing 
9 1011 329 1093 471 73543 0 0 1 standing 
9 1010 329 1095 471 73544 0 0 1 standing 
9 1009 329 1097 471 73545 0 0 0 standing 
9 1009 329 1097 471 73546 0 0 1 standing 
9 1009 329 1097 471 73547 0 0 1 standing 
9 1009 329 1097 471 73548 0 0 0 standing 
9 1010 329 1096 471 73549 0 0 1 standing 
10 682 459 731 589 73530 0 0 0 standing 
10 682 458 731 589 73531 0 0 1 standing 
10 682 458 731 589 73532 0 0 1 standing 
10 683 458 731 589 73533 0 0 0 standing 
10 680 457 732 598 73534 0 0 1 standing 
10 677 457 733 607 73535 0 0 1 standing 
10 675 457 734 616 73536 0 0 0 standing 
10 673 456 729 608 73537 0 0 1 standing 
10 671 456 724 601 73538 0 0 1 standing 
10 669 455 719 593 73539 0 0 1 standing 
10 667 455 715 586 73540 0 0 0 standing 
10 659 457 712 590 73541 0 0 1 standing 
10 651 459 709 595 73542 0 0 1 standing 
10 643 462 707 600 73543 0 0 1 standing 
10 635 464 704 605 73544 0 0 1 standing 
10 628 467 702 610 73545 0 0 0 standing 
10 624 464 695 609 73546 0 0 1 standing 
10 620 461 688 609 73547 0 0 1 standing 
10 616 458 681 608 73548 0 0 1 standing 
10 612 455 674 608 73549 0 0 1 standing 
11 659 426 731 559 73530 0 0 0 standing 
11 660 427 732 562 73531 0 0 1 standing 
11 662 428 733 565 73532 0 0 1 standing 
11 664 430 735 568 73533 0 0 0 standing 
11 669 426 735 563 73534 0 0 1 standing 
11 674 423 735 558 73535 0 0 1 standing 
11 680 420 735 554 73536 0 0 0 standing 
11 680 419 730 553 73537 0 0 1 standing 
11 680 419 725 552 73538 0 0 1 standing 
11 680 419 720 551 73539 0 0 1 standing 
11 680 419 715 550 73540 0 0 0 standing 
11 674 418 713 547 73541 0 0 1 standing 
11 669 418 711 545 73542 0 0 1 standing 
11 664 417 709 543 73543 0 0 1 standing 
11 659 417 707 541 73544 0 0 1 standing 
11 654 417 705 539 73545 0 0 0 standing 
11 649 413 700 536 73546 0 0 1 standing 
11 644 409 695 534 73547 0 0 1 standing 
11 639 405 690 531 73548 0 0 1 standing 
11 634 401 685 529 73549 0 0 1 standing 
