0 980 551 1100 702 52070 0 1 0 moving 
0 978 549 1099 699 52071 0 1 1 moving 
0 976 547 1099 697 52072 0 1 1 moving 
0 974 545 1099 695 52073 0 1 1 moving 
0 972 543 1098 693 52074 0 1 1 moving 
0 970 541 1098 691 52075 0 1 1 moving 
0 968 539 1098 689 52076 0 1 1 moving 
0 967 538 1098 687 52077 0 1 0 moving 
0 961 535 1087 685 52078 0 1 1 moving 
0 956 533 1076 683 52079 0 1 1 moving 
0 950 531 1065 681 52080 0 1 1 moving 
0 945 529 1054 679 52081 0 1 0 moving 
0 940 524 1050 675 52082 0 1 1 moving 
0 935 520 1046 671 52083 0 1 1 moving 
0 930 515 1042 667 52084 0 1 1 moving 
0 925 511 1038 663 52085 0 1 1 moving 
0 921 507 1035 659 52086 0 1 0 moving 
0 914 505 1024 658 52087 0 1 1 moving 
0 908 503 1014 657 52088 0 1 1 moving 
0 902 501 1004 656 52089 0 1 1 moving 
1 699 383 754 525 52070 0 1 0 moving 
1 699 380 754 524 52071 0 1 1 setting 
1 700 378 755 524 52072 0 1 1 setting 
1 700 375 755 524 52073 0 1 1 setting 
1 701 373 756 524 52074 0 1 1 setting 
1 702 371 756 524 52075 0 1 1 setting 
1 702 368 757 523 52076 0 1 1 setting 
1 703 366 757 523 52077 0 1 1 setting 
1 703 363 758 523 52078 0 1 1 setting 
1 704 361 758 523 52079 0 1 1 setting 
1 705 359 759 523 52080 0 1 0 setting 
1 707 361 761 522 52081 0 1 1 setting 
1 709 364 763 521 52082 0 1 1 setting 
1 711 366 765 520 52083 0 1 1 setting 
1 714 369 767 519 52084 0 1 1 setting 
1 716 371 770 518 52085 0 1 1 setting 
1 718 374 772 517 52086 0 1 1 setting 
1 721 376 774 516 52087 0 1 1 setting 
1 723 379 776 515 52088 0 1 1 setting 
1 725 381 778 514 52089 0 1 1 setting 
2 864 449 949 568 52070 0 0 0 setting 
2 859 447 935 566 52071 0 0 1 moving 
2 854 446 921 565 52072 0 0 1 moving 
2 849 445 907 564 52073 0 0 0 moving 
2 838 443 906 564 52074 0 0 1 moving 
2 827 441 905 564 52075 0 0 1 moving 
2 817 440 905 564 52076 0 0 0 moving 
2 812 439 895 563 52077 0 0 1 moving 
2 807 439 886 563 52078 0 0 1 moving 
2 802 439 877 563 52079 0 0 0 moving 
2 795 439 867 563 52080 0 0 1 moving 
2 789 439 857 563 52081 0 0 1 moving 
2 783 439 847 563 52082 0 0 0 moving 
2 777 440 837 561 52083 0 0 1 moving 
2 771 441 828 560 52084 0 0 1 moving 
2 765 442 819 559 52085 0 0 0 moving 
2 759 442 813 559 52086 0 0 1 moving 
2 753 442 807 559 52087 0 0 1 moving 
2 747 442 801 559 52088 0 0 1 moving 
2 741 442 795 559 52089 0 0 1 moving 
3 948 393 1004 474 52070 0 0 0 moving 
3 947 390 1005 473 52071 0 0 1 moving 
3 946 387 1007 472 52072 0 0 1 moving 
3 946 385 1009 472 52073 0 0 0 moving 
3 948 381 1010 470 52074 0 0 1 moving 
3 950 377 1011 468 52075 0 0 1 moving 
3 953 373 1012 467 52076 0 0 0 moving 
3 958 370 1017 467 52077 0 0 1 moving 
3 963 368 1022 467 52078 0 0 1 moving 
3 969 366 1027 468 52079 0 0 0 moving 
3 972 363 1032 469 52080 0 0 1 moving 
3 975 361 1037 470 52081 0 0 1 moving 
3 979 359 1043 472 52082 0 0 0 moving 
3 982 360 1046 474 52083 0 0 1 moving 
3 986 361 1050 477 52084 0 0 1 moving 
3 990 362 1054 480 52085 0 0 0 moving 
3 993 362 1057 479 52086 0 0 1 moving 
3 996 362 1060 478 52087 0 0 1 moving 
3 999 363 1064 477 52088 0 0 1 moving 
3 1002 363 1067 476 52089 0 0 1 moving 
4 386 436 439 606 52070 0 0 0 moving 
4 391 435 442 604 52071 0 0 1 standing 
4 396 434 445 603 52072 0 0 1 standing 
4 401 433 449 602 52073 0 0 0 standing 
4 402 433 452 602 52074 0 0 1 standing 
4 404 433 455 603 52075 0 0 1 standing 
4 406 433 459 604 52076 0 0 0 standing 
4 408 432 461 603 52077 0 0 1 standing 
4 411 431 464 602 52078 0 0 1 standing 
4 414 430 467 601 52079 0 0 0 standing 
4 419 428 472 600 52080 0 0 1 standing 
4 424 426 477 599 52081 0 0 1 standing 
4 429 425 482 598 52082 0 0 0 standing 
4 433 425 486 598 52083 0 0 1 standing 
4 437 425 490 598 52084 0 0 1 standing 
4 441 425 494 598 52085 0 0 0 standing 
4 445 424 497 595 52086 0 0 1 standing 
4 449 424 500 592 52087 0 0 1 standing 
4 453 424 503 589 52088 0 0 1 standing 
4 457 424 506 586 52089 0 0 1 standing 
5 408 395 457 537 52070 0 0 0 standing 
5 411 394 460 536 52071 0 0 1 standing 
5 415 393 464 535 52072 0 0 1 standing 
5 419 392 468 535 52073 0 0 0 standing 
5 419 393 470 535 52074 0 0 1 standing 
5 420 394 473 536 52075 0 0 1 standing 
5 421 395 475 537 52076 0 0 1 standing 
5 422 396 478 538 52077 0 0 1 standing 
5 423 397 480 539 52078 0 0 1 standing 
5 424 398 483 540 52079 0 0 0 standing 
5 427 398 485 533 52080 0 0 1 standing 
5 430 398 488 527 52081 0 0 1 standing 
5 433 398 491 521 52082 0 0 0 standing 
5 437 400 495 523 52083 0 0 1 standing 
5 441 402 499 526 52084 0 0 1 standing 
5 446 405 504 529 52085 0 0 0 standing 
5 450 406 505 529 52086 0 0 1 standing 
5 454 407 507 529 52087 0 0 1 standing 
5 458 408 509 529 52088 0 0 0 standing 
5 458 408 509 529 52089 0 0 1 standing 
6 672 356 736 464 52070 0 0 0 standing 
6 674 357 738 465 52071 0 0 1 setting 
6 676 358 740 466 52072 0 0 1 setting 
6 679 360 743 468 52073 0 0 0 setting 
6 682 357 744 464 52074 0 0 1 setting 
6 685 354 746 461 52075 0 0 1 setting 
6 689 352 748 458 52076 0 0 0 setting 
6 690 352 751 468 52077 0 0 1 setting 
6 691 352 755 479 52078 0 0 1 setting 
6 693 353 759 490 52079 0 0 0 setting 
6 693 355 758 487 52080 0 0 1 setting 
6 693 358 757 484 52081 0 0 1 setting 
6 693 361 757 481 52082 0 0 0 setting 
6 692 360 753 487 52083 0 0 1 setting 
6 691 359 749 493 52084 0 0 1 setting 
6 691 358 746 499 52085 0 0 0 setting 
6 688 358 744 497 52086 0 0 1 setting 
6 685 359 742 496 52087 0 0 1 setting 
6 683 360 740 494 52088 0 0 1 setting 
6 680 361 738 493 52089 0 0 1 setting 
7 669 330 723 414 52070 0 0 0 setting 
7 670 326 723 420 52071 0 0 1 moving 
7 671 322 723 426 52072 0 0 1 moving 
7 673 319 724 432 52073 0 0 0 moving 
7 676 318 728 431 52074 0 0 1 moving 
7 679 317 732 430 52075 0 0 1 moving 
7 683 316 736 429 52076 0 0 0 moving 
7 686 318 739 431 52077 0 0 1 moving 
7 689 320 742 433 52078 0 0 1 moving 
7 692 322 745 435 52079 0 0 0 moving 
7 693 323 746 436 52080 0 0 1 moving 
7 694 324 747 437 52081 0 0 1 moving 
7 695 325 748 438 52082 0 0 0 moving 
7 694 323 747 436 52083 0 0 1 moving 
7 693 322 746 434 52084 0 0 1 moving 
7 692 321 745 432 52085 0 0 1 moving 
7 691 320 744 430 52086 0 0 1 moving 
7 690 318 743 428 52087 0 0 1 moving 
7 689 317 742 426 52088 0 0 1 moving 
7 688 316 741 424 52089 0 0 1 moving 
8 410 377 459 498 52070 0 0 0 moving 
8 412 373 461 497 52071 0 0 1 blocking 
8 415 369 463 497 52072 0 0 1 blocking 
8 418 366 465 497 52073 0 0 0 blocking 
8 421 361 470 492 52074 0 0 1 blocking 
8 424 357 475 488 52075 0 0 1 blocking 
8 427 353 480 484 52076 0 0 0 blocking 
8 430 352 483 483 52077 0 0 1 blocking 
8 433 351 486 482 52078 0 0 1 blocking 
8 437 350 490 481 52079 0 0 0 blocking 
8 439 351 492 482 52080 0 0 1 blocking 
8 442 352 495 483 52081 0 0 1 blocking 
8 445 354 498 485 52082 0 0 0 blocking 
8 448 354 501 485 52083 0 0 1 blocking 
8 452 354 505 485 52084 0 0 1 blocking 
8 456 354 509 485 52085 0 0 0 blocking 
8 458 358 511 487 52086 0 0 1 blocking 
8 460 363 513 489 52087 0 0 1 blocking 
8 463 368 515 492 52088 0 0 0 blocking 
8 463 368 515 492 52089 0 0 1 blocking 
9 172 442 255 596 52070 0 0 0 blocking 
9 172 441 246 595 52071 0 0 1 standing 
9 172 440 238 594 52072 0 0 1 standing 
9 172 439 230 593 52073 0 0 0 standing 
9 172 438 226 593 52074 0 0 1 standing 
9 172 437 222 594 52075 0 0 1 standing 
9 172 436 219 595 52076 0 0 0 standing 
9 168 437 221 596 52077 0 0 1 standing 
9 165 438 223 597 52078 0 0 1 standing 
9 162 440 226 599 52079 0 0 0 standing 
9 162 441 229 599 52080 0 0 1 standing 
9 163 442 232 599 52081 0 0 1 standing 
9 164 443 235 600 52082 0 0 0 standing 
9 166 441 232 597 52083 0 0 1 standing 
9 168 440 230 595 52084 0 0 1 standing 
9 170 439 228 593 52085 0 0 0 standing 
9 168 439 227 593 52086 0 0 1 standing 
9 167 440 227 594 52087 0 0 1 standing 
9 165 440 227 594 52088 0 0 1 standing 
9 164 441 227 595 52089 0 0 1 standing 
10 153 364 222 475 52070 0 0 0 standing 
10 152 361 221 474 52071 0 0 1 standing 
10 152 358 221 474 52072 0 0 1 standing 
10 152 356 221 474 52073 0 0 0 standing 
10 152 354 221 473 52074 0 0 1 standing 
10 152 353 221 472 52075 0 0 1 standing 
10 152 352 221 472 52076 0 0 0 standing 
10 148 351 219 470 52077 0 0 1 standing 
10 144 350 218 469 52078 0 0 1 standing 
10 140 350 217 468 52079 0 0 0 standing 
10 135 350 214 467 52080 0 0 1 standing 
10 130 351 211 466 52081 0 0 1 standing 
10 125 352 208 465 52082 0 0 0 standing 
10 129 352 206 464 52083 0 0 1 standing 
10 133 352 204 464 52084 0 0 1 standing 
10 137 352 203 464 52085 0 0 0 standing 
10 141 350 204 461 52086 0 0 1 standing 
10 145 348 205 458 52087 0 0 1 standing 
10 149 347 207 456 52088 0 0 1 standing 
10 153 345 208 453 52089 0 0 1 standing 
11 62 405 116 537 52070 0 0 0 standing 
11 56 402 113 534 52071 0 0 1 standing 
11 51 400 111 531 52072 0 0 1 standing 
11 46 398 109 529 52073 0 0 0 standing 
11 40 398 109 528 52074 0 0 1 standing 
11 34 398 110 527 52075 0 0 1 standing 
11 28 398 111 527 52076 0 0 0 standing 
11 30 397 103 526 52077 0 0 1 standing 
11 32 396 95 526 52078 0 0 1 standing 
11 34 395 87 526 52079 0 0 0 standing 
11 27 395 85 526 52080 0 0 1 standing 
11 20 396 83 526 52081 0 0 1 standing 
11 13 397 82 526 52082 0 0 0 standing 
11 9 396 85 525 52083 0 0 1 standing 
11 5 395 88 524 52084 0 0 1 standing 
11 1 394 92 524 52085 0 0 0 standing 
11 3 393 89 522 52086 0 0 1 standing 
11 5 392 86 520 52087 0 0 1 standing 
11 8 392 83 518 52088 0 0 1 standing 
11 10 391 80 516 52089 0 0 1 standing 
