0 687 393 760 546 32235 0 1 0 moving 
0 679 387 751 542 32236 0 1 1 moving 
0 672 381 742 538 32237 0 1 1 moving 
0 665 376 734 534 32238 0 1 1 moving 
0 657 370 725 530 32239 0 1 1 moving 
0 650 365 717 526 32240 0 1 1 moving 
0 643 359 708 522 32241 0 1 1 moving 
0 635 353 699 518 32242 0 1 1 moving 
0 628 348 691 514 32243 0 1 1 moving 
0 621 342 682 510 32244 0 1 1 moving 
0 614 337 674 506 32245 0 1 0 moving 
0 603 344 665 509 32246 0 1 1 moving 
0 592 352 657 512 32247 0 1 1 moving 
0 581 360 649 515 32248 0 1 1 moving 
0 570 367 641 518 32249 0 1 1 moving 
0 559 375 633 521 32250 0 1 1 moving 
0 548 383 625 524 32251 0 1 1 moving 
0 537 390 617 527 32252 0 1 1 moving 
0 526 398 609 530 32253 0 1 1 moving 
0 515 406 601 533 32254 0 1 1 moving 
1 483 425 549 563 32235 0 0 0 moving 
1 477 420 543 559 32236 0 0 1 moving 
1 472 415 537 556 32237 0 0 1 moving 
1 466 411 532 553 32238 0 0 1 moving 
1 461 406 526 550 32239 0 0 1 moving 
1 455 402 521 547 32240 0 0 1 moving 
1 450 397 515 544 32241 0 0 1 moving 
1 444 392 509 541 32242 0 0 1 moving 
1 439 388 504 538 32243 0 0 1 moving 
1 433 383 498 535 32244 0 0 1 moving 
1 428 379 493 532 32245 0 0 0 moving 
1 422 377 487 528 32246 0 0 1 moving 
1 417 376 482 525 32247 0 0 1 moving 
1 412 374 477 521 32248 0 0 1 moving 
1 407 373 471 518 32249 0 0 1 moving 
1 402 371 466 515 32250 0 0 1 moving 
1 396 370 461 511 32251 0 0 1 moving 
1 391 368 455 508 32252 0 0 1 moving 
1 386 367 450 504 32253 0 0 1 moving 
1 381 365 445 501 32254 0 0 1 moving 
2 498 310 570 433 32235 0 1 0 moving 
2 497 310 570 433 32236 0 1 1 moving 
2 497 311 570 433 32237 0 1 1 moving 
2 497 312 570 433 32238 0 1 1 moving 
2 497 312 570 433 32239 0 1 1 moving 
2 497 313 570 433 32240 0 1 1 moving 
2 497 314 570 433 32241 0 1 1 moving 
2 497 314 570 433 32242 0 1 1 moving 
2 497 315 570 433 32243 0 1 1 moving 
2 497 316 570 433 32244 0 1 1 moving 
2 497 317 570 433 32245 0 1 0 moving 
2 499 317 572 432 32246 0 1 1 moving 
2 501 317 575 432 32247 0 1 1 moving 
2 503 317 578 432 32248 0 1 1 moving 
2 506 317 581 432 32249 0 1 1 moving 
2 508 317 584 432 32250 0 1 1 moving 
2 510 317 587 432 32251 0 1 1 moving 
2 513 317 590 432 32252 0 1 1 moving 
2 515 317 593 432 32253 0 1 1 moving 
2 517 317 596 432 32254 0 1 1 moving 
3 287 450 399 605 32235 0 1 0 moving 
3 277 452 389 607 32236 0 1 1 moving 
3 267 455 379 609 32237 0 1 1 moving 
3 257 458 369 611 32238 0 1 0 moving 
3 255 458 367 610 32239 0 1 1 moving 
3 253 458 365 609 32240 0 1 1 moving 
3 251 458 363 609 32241 0 1 1 moving 
3 249 458 361 608 32242 0 1 1 moving 
3 247 458 359 608 32243 0 1 0 moving 
3 247 457 360 607 32244 0 1 1 moving 
3 248 457 361 607 32245 0 1 1 moving 
3 248 456 362 606 32246 0 1 1 moving 
3 249 456 364 606 32247 0 1 1 moving 
3 249 455 365 605 32248 0 1 1 moving 
3 250 455 366 605 32249 0 1 1 moving 
3 250 455 367 605 32250 0 1 1 moving 
3 251 454 369 604 32251 0 1 1 moving 
3 251 454 370 604 32252 0 1 1 moving 
3 252 453 371 603 32253 0 1 1 moving 
3 252 453 372 603 32254 0 1 1 moving 
4 828 423 902 597 32235 0 0 0 moving 
4 821 422 895 596 32236 0 0 1 standing 
4 815 421 889 595 32237 0 0 1 standing 
4 808 420 882 594 32238 0 0 1 standing 
4 802 419 876 593 32239 0 0 1 standing 
4 796 418 870 592 32240 0 0 1 standing 
4 789 417 863 591 32241 0 0 1 standing 
4 783 416 857 590 32242 0 0 1 standing 
4 776 415 850 589 32243 0 0 1 standing 
4 770 414 844 588 32244 0 0 1 standing 
4 764 414 838 588 32245 0 0 0 standing 
4 756 414 830 588 32246 0 0 1 standing 
4 749 414 823 588 32247 0 0 1 standing 
4 742 414 816 588 32248 0 0 1 standing 
4 734 414 809 588 32249 0 0 1 standing 
4 727 414 802 588 32250 0 0 1 standing 
4 720 414 794 588 32251 0 0 1 standing 
4 712 414 787 588 32252 0 0 1 standing 
4 705 414 780 588 32253 0 0 1 standing 
4 698 414 773 588 32254 0 0 1 standing 
5 1186 441 1253 598 32235 0 0 0 standing 
5 1178 440 1245 597 32236 0 0 1 standing 
5 1171 440 1238 597 32237 0 0 1 standing 
5 1163 440 1230 597 32238 0 0 1 standing 
5 1156 439 1223 596 32239 0 0 1 standing 
5 1149 439 1216 596 32240 0 0 1 standing 
5 1141 439 1208 596 32241 0 0 1 standing 
5 1134 438 1201 595 32242 0 0 1 standing 
5 1126 438 1193 595 32243 0 0 1 standing 
5 1119 438 1186 595 32244 0 0 1 standing 
5 1112 438 1179 595 32245 0 0 0 standing 
5 1102 438 1169 595 32246 0 0 1 standing 
5 1092 438 1159 595 32247 0 0 1 standing 
5 1082 438 1149 595 32248 0 0 1 standing 
5 1072 438 1139 595 32249 0 0 1 standing 
5 1063 438 1130 595 32250 0 0 1 standing 
5 1053 438 1120 595 32251 0 0 1 standing 
5 1043 438 1110 595 32252 0 0 1 standing 
5 1033 438 1100 595 32253 0 0 1 standing 
5 1023 438 1090 595 32254 0 0 1 standing 
6 1125 346 1191 488 32235 0 0 0 standing 
6 1117 346 1183 488 32236 0 0 1 waiting 
6 1110 347 1176 489 32237 0 0 1 waiting 
6 1103 347 1169 489 32238 0 0 1 waiting 
6 1096 348 1162 490 32239 0 0 1 waiting 
6 1089 348 1155 490 32240 0 0 1 waiting 
6 1081 349 1147 491 32241 0 0 1 waiting 
6 1074 349 1140 491 32242 0 0 1 waiting 
6 1067 350 1133 492 32243 0 0 1 waiting 
6 1060 350 1126 492 32244 0 0 1 waiting 
6 1053 351 1119 493 32245 0 0 0 waiting 
6 1045 350 1111 492 32246 0 0 1 waiting 
6 1038 349 1104 491 32247 0 0 1 waiting 
6 1031 348 1097 490 32248 0 0 1 waiting 
6 1024 347 1090 489 32249 0 0 1 waiting 
6 1017 346 1083 488 32250 0 0 1 waiting 
6 1009 345 1075 487 32251 0 0 1 waiting 
6 1002 344 1068 486 32252 0 0 1 waiting 
6 995 343 1061 485 32253 0 0 1 waiting 
6 988 342 1054 484 32254 0 0 1 waiting 
7 562 348 658 483 32235 0 1 0 waiting 
7 567 347 659 481 32236 0 1 1 moving 
7 572 346 661 479 32237 0 1 1 moving 
7 578 345 663 477 32238 0 1 1 moving 
7 583 345 664 475 32239 0 1 1 moving 
7 589 344 666 474 32240 0 1 1 moving 
7 594 343 668 472 32241 0 1 1 moving 
7 599 343 669 470 32242 0 1 1 moving 
7 605 342 671 468 32243 0 1 1 moving 
7 610 341 673 466 32244 0 1 1 moving 
7 616 341 675 465 32245 0 1 0 moving 
7 609 330 671 457 32246 0 1 1 moving 
7 603 320 668 450 32247 0 1 1 moving 
7 597 310 665 443 32248 0 1 1 moving 
7 590 299 662 435 32249 0 1 1 moving 
7 584 289 659 428 32250 0 1 1 moving 
7 578 279 656 421 32251 0 1 0 moving 
7 572 275 653 419 32252 0 1 1 moving 
7 567 271 651 418 32253 0 1 1 moving 
7 561 267 649 417 32254 0 1 1 moving 
8 271 412 364 554 32235 0 0 0 moving 
8 273 410 364 552 32236 0 0 1 standing 
8 275 408 364 550 32237 0 0 1 standing 
8 277 406 364 548 32238 0 0 1 standing 
8 279 404 364 546 32239 0 0 1 standing 
8 281 402 364 544 32240 0 0 1 standing 
8 283 400 364 542 32241 0 0 1 standing 
8 285 398 364 540 32242 0 0 1 standing 
8 287 396 364 538 32243 0 0 1 standing 
8 289 394 364 536 32244 0 0 1 standing 
8 291 393 364 534 32245 0 0 0 standing 
8 287 392 360 533 32246 0 0 1 standing 
8 284 391 356 533 32247 0 0 1 standing 
8 280 391 353 533 32248 0 0 1 standing 
8 277 390 349 532 32249 0 0 1 standing 
8 273 390 346 532 32250 0 0 1 standing 
8 270 389 342 532 32251 0 0 1 standing 
8 266 388 338 531 32252 0 0 1 standing 
8 263 388 335 531 32253 0 0 1 standing 
8 259 387 331 531 32254 0 0 1 standing 
9 819 388 872 538 32235 0 0 0 standing 
9 813 386 866 536 32236 0 0 1 standing 
9 807 384 860 534 32237 0 0 1 standing 
9 801 382 854 532 32238 0 0 1 standing 
9 796 381 849 531 32239 0 0 1 standing 
9 790 379 843 529 32240 0 0 1 standing 
9 784 377 837 527 32241 0 0 1 standing 
9 779 376 832 526 32242 0 0 1 standing 
9 773 374 826 524 32243 0 0 1 standing 
9 767 372 820 522 32244 0 0 1 standing 
9 762 371 815 521 32245 0 0 0 standing 
9 753 368 806 518 32246 0 0 1 standing 
9 745 365 798 515 32247 0 0 1 standing 
9 737 362 790 512 32248 0 0 1 standing 
9 729 359 782 509 32249 0 0 1 standing 
9 721 356 774 506 32250 0 0 1 standing 
9 713 353 766 503 32251 0 0 1 standing 
9 705 350 758 500 32252 0 0 1 standing 
9 697 347 750 497 32253 0 0 1 standing 
9 689 344 742 494 32254 0 0 1 standing 
10 855 370 916 518 32235 0 0 0 standing 
10 846 368 907 516 32236 0 0 1 standing 
10 838 367 899 514 32237 0 0 1 standing 
10 829 365 890 513 32238 0 0 1 standing 
10 821 364 882 511 32239 0 0 1 standing 
10 813 362 874 510 32240 0 0 1 standing 
10 804 361 865 508 32241 0 0 1 standing 
10 796 359 857 506 32242 0 0 1 standing 
10 787 358 848 505 32243 0 0 1 standing 
10 779 356 840 503 32244 0 0 1 standing 
10 771 355 832 502 32245 0 0 0 standing 
10 763 353 823 499 32246 0 0 1 standing 
10 755 351 814 496 32247 0 0 1 standing 
10 747 349 806 493 32248 0 0 1 standing 
10 739 347 797 490 32249 0 0 1 standing 
10 731 345 788 487 32250 0 0 1 standing 
10 723 343 780 485 32251 0 0 0 standing 
10 716 344 772 485 32252 0 0 1 standing 
10 709 345 765 485 32253 0 0 1 standing 
10 702 346 757 485 32254 0 0 1 standing 
11 1197 348 1244 500 32235 1 0 1 standing 
11 1200 348 1247 500 32236 1 0 1 standing 
11 1204 349 1249 501 32237 1 0 1 standing 
11 1207 349 1251 501 32238 1 0 1 standing 
11 1210 349 1254 501 32239 1 0 1 standing 
11 1213 350 1256 502 32240 1 0 1 standing 
11 1216 350 1259 502 32241 1 0 1 standing 
11 1219 350 1261 502 32242 1 0 1 standing 
11 1223 351 1264 503 32243 1 0 1 standing 
11 1226 351 1266 503 32244 1 0 1 standing 
11 1229 351 1269 503 32245 1 0 1 standing 
11 1232 352 1271 504 32246 1 0 1 standing 
11 1235 352 1274 504 32247 1 0 1 standing 
11 1238 352 1276 504 32248 1 0 1 standing 
11 1242 353 1279 505 32249 0 0 0 standing 
11 1230 354 1271 506 32250 0 0 1 standing 
11 1219 356 1263 507 32251 0 0 1 standing 
11 1207 357 1255 509 32252 0 0 1 standing 
11 1196 359 1248 510 32253 0 0 1 standing 
11 1185 361 1240 511 32254 0 0 1 standing 
