0 423 418 489 541 52755 0 1 0 setting 
0 431 414 496 541 52756 0 1 1 setting 
0 440 410 503 542 52757 0 1 1 setting 
0 449 406 510 542 52758 0 1 1 setting 
0 458 402 517 543 52759 0 1 1 setting 
0 467 398 524 543 52760 0 1 1 setting 
0 476 394 531 544 52761 0 1 1 setting 
0 485 390 538 544 52762 0 1 1 setting 
0 494 386 545 545 52763 0 1 1 setting 
0 503 382 552 545 52764 0 1 1 setting 
0 512 379 559 546 52765 0 1 0 setting 
0 522 383 569 549 52766 0 1 1 setting 
0 533 388 580 552 52767 0 1 1 setting 
0 543 393 590 555 52768 0 1 1 setting 
0 554 398 601 559 52769 0 1 1 setting 
0 564 403 611 562 52770 0 1 1 setting 
0 575 408 622 565 52771 0 1 1 setting 
0 585 413 632 569 52772 0 1 1 setting 
0 596 418 643 572 52773 0 1 1 setting 
0 606 423 653 575 52774 0 1 1 setting 
1 481 456 561 563 52755 0 0 0 setting 
1 496 457 580 567 52756 0 0 1 moving 
1 511 458 599 571 52757 0 0 1 moving 
1 526 460 618 576 52758 0 0 0 moving 
1 545 461 630 580 52759 0 0 1 moving 
1 564 463 642 585 52760 0 0 1 moving 
1 583 465 655 590 52761 0 0 0 moving 
1 593 467 666 593 52762 0 0 1 moving 
1 603 469 677 597 52763 0 0 1 moving 
1 614 472 689 601 52764 0 0 0 moving 
1 624 476 699 603 52765 0 0 1 moving 
1 634 480 709 605 52766 0 0 1 moving 
1 645 484 719 607 52767 0 0 0 moving 
1 654 483 730 611 52768 0 0 1 moving 
1 663 483 741 615 52769 0 0 1 moving 
1 672 483 752 619 52770 0 0 0 moving 
1 679 481 757 618 52771 0 0 1 moving 
1 686 480 762 617 52772 0 0 1 moving 
1 693 479 767 616 52773 0 0 1 moving 
1 700 478 772 615 52774 0 0 1 moving 
2 554 437 645 553 52755 0 0 0 moving 
2 562 436 653 551 52756 0 0 1 standing 
2 570 435 661 550 52757 0 0 1 standing 
2 579 434 670 549 52758 0 0 0 standing 
2 585 431 676 549 52759 0 0 1 standing 
2 592 428 683 549 52760 0 0 1 standing 
2 599 426 690 550 52761 0 0 0 standing 
2 604 426 690 550 52762 0 0 1 standing 
2 610 426 690 550 52763 0 0 1 standing 
2 616 427 690 551 52764 0 0 0 standing 
2 622 429 691 552 52765 0 0 1 standing 
2 629 431 692 553 52766 0 0 1 standing 
2 636 433 694 555 52767 0 0 0 standing 
2 639 431 697 558 52768 0 0 1 standing 
2 643 430 700 562 52769 0 0 1 standing 
2 647 429 704 566 52770 0 0 0 standing 
2 653 426 710 564 52771 0 0 1 standing 
2 659 424 716 562 52772 0 0 1 standing 
2 666 422 722 561 52773 0 0 1 standing 
2 672 420 728 559 52774 0 0 1 standing 
3 738 386 809 498 52755 0 0 0 standing 
3 745 385 819 498 52756 0 0 1 moving 
3 752 384 830 498 52757 0 0 1 moving 
3 759 384 841 498 52758 0 0 0 moving 
3 763 383 851 494 52759 0 0 1 moving 
3 767 382 862 490 52760 0 0 1 moving 
3 772 381 873 487 52761 0 0 0 moving 
3 777 378 878 486 52762 0 0 1 moving 
3 782 375 883 485 52763 0 0 1 moving 
3 788 372 888 485 52764 0 0 0 moving 
3 799 373 887 485 52765 0 0 1 moving 
3 810 375 886 485 52766 0 0 1 moving 
3 821 377 885 486 52767 0 0 0 moving 
3 827 379 894 483 52768 0 0 1 moving 
3 834 381 903 481 52769 0 0 1 moving 
3 841 383 913 479 52770 0 0 0 moving 
3 843 380 921 479 52771 0 0 1 moving 
3 845 377 929 479 52772 0 0 1 moving 
3 847 375 937 479 52773 0 0 1 moving 
3 849 372 945 479 52774 0 0 1 moving 
4 733 444 783 538 52755 0 0 0 moving 
4 741 442 791 536 52756 0 0 1 falling 
4 750 440 800 534 52757 0 0 1 falling 
4 759 438 809 532 52758 0 0 0 falling 
4 767 439 820 530 52759 0 0 1 falling 
4 775 440 831 528 52760 0 0 1 falling 
4 784 442 843 526 52761 0 0 0 falling 
4 794 439 853 525 52762 0 0 1 falling 
4 805 436 864 524 52763 0 0 1 falling 
4 816 434 875 524 52764 0 0 0 falling 
4 829 432 885 524 52765 0 0 1 falling 
4 842 431 895 524 52766 0 0 1 falling 
4 856 430 906 524 52767 0 0 0 falling 
4 865 429 917 523 52768 0 0 1 falling 
4 874 428 928 522 52769 0 0 1 falling 
4 884 428 940 521 52770 0 0 0 falling 
4 895 428 952 519 52771 0 0 1 falling 
4 906 429 965 518 52772 0 0 1 falling 
4 918 430 978 516 52773 0 0 1 falling 
4 929 431 991 515 52774 0 0 1 falling 
5 872 442 948 582 52755 0 0 0 falling 
5 879 445 960 581 52756 0 0 1 moving 
5 886 448 972 580 52757 0 0 1 moving 
5 894 451 985 579 52758 0 0 0 moving 
5 900 451 992 579 52759 0 0 1 moving 
5 906 451 1000 579 52760 0 0 1 moving 
5 912 451 1008 579 52761 0 0 0 moving 
5 917 451 1009 578 52762 0 0 1 moving 
5 922 451 1010 578 52763 0 0 1 moving 
5 927 451 1012 578 52764 0 0 0 moving 
5 928 450 1015 576 52765 0 0 1 moving 
5 929 449 1018 575 52766 0 0 1 moving 
5 930 448 1021 574 52767 0 0 0 moving 
5 936 447 1028 572 52768 0 0 1 moving 
5 943 446 1036 571 52769 0 0 1 moving 
5 950 445 1044 570 52770 0 0 0 moving 
5 956 445 1042 570 52771 0 0 1 moving 
5 962 445 1040 570 52772 0 0 1 moving 
5 969 445 1038 570 52773 0 0 1 moving 
5 975 445 1036 570 52774 0 0 1 moving 
6 346 387 403 565 52755 0 0 0 moving 
6 352 385 411 565 52756 0 0 1 blocking 
6 359 383 419 565 52757 0 0 1 blocking 
6 366 382 427 566 52758 0 0 0 blocking 
6 375 380 436 565 52759 0 0 1 blocking 
6 385 379 446 564 52760 0 0 1 blocking 
6 395 378 456 564 52761 0 0 0 blocking 
6 405 378 466 564 52762 0 0 1 blocking 
6 415 378 476 565 52763 0 0 1 blocking 
6 425 378 486 566 52764 0 0 0 blocking 
6 436 389 496 567 52765 0 0 1 blocking 
6 447 400 507 568 52766 0 0 1 blocking 
6 458 412 518 570 52767 0 0 0 blocking 
6 466 412 526 570 52768 0 0 1 blocking 
6 474 412 534 570 52769 0 0 1 blocking 
6 482 412 542 570 52770 0 0 0 blocking 
6 494 411 554 566 52771 0 0 1 blocking 
6 506 411 566 563 52772 0 0 1 blocking 
6 518 411 578 560 52773 0 0 1 blocking 
6 530 411 590 557 52774 0 0 1 blocking 
7 306 472 351 608 52755 0 0 0 blocking 
7 317 473 364 610 52756 0 0 1 blocking 
7 328 474 377 612 52757 0 0 1 blocking 
7 339 475 390 614 52758 0 0 0 blocking 
7 350 475 399 614 52759 0 0 1 blocking 
7 361 475 408 614 52760 0 0 1 blocking 
7 373 476 418 615 52761 0 0 0 blocking 
7 384 475 429 614 52762 0 0 1 blocking 
7 396 475 441 614 52763 0 0 1 blocking 
7 408 475 453 614 52764 0 0 0 blocking 
7 418 476 465 614 52765 0 0 1 blocking 
7 428 477 477 615 52766 0 0 1 blocking 
7 439 478 489 616 52767 0 0 0 blocking 
7 450 480 501 615 52768 0 0 1 blocking 
7 462 482 513 615 52769 0 0 1 blocking 
7 474 485 526 615 52770 0 0 0 blocking 
7 484 485 538 614 52771 0 0 1 blocking 
7 494 485 550 613 52772 0 0 1 blocking 
7 505 485 562 613 52773 0 0 1 blocking 
7 515 485 574 612 52774 0 0 1 blocking 
8 179 442 229 563 52755 0 0 0 blocking 
8 186 441 236 563 52756 0 0 1 standing 
8 194 440 243 563 52757 0 0 1 standing 
8 202 440 250 563 52758 0 0 0 standing 
8 210 438 258 561 52759 0 0 1 standing 
8 219 437 267 560 52760 0 0 1 standing 
8 228 436 276 559 52761 0 0 0 standing 
8 237 436 285 561 52762 0 0 1 standing 
8 246 437 294 563 52763 0 0 1 standing 
8 256 438 303 565 52764 0 0 0 standing 
8 266 439 313 565 52765 0 0 1 standing 
8 276 441 323 565 52766 0 0 1 standing 
8 287 443 333 566 52767 0 0 0 standing 
8 297 446 344 565 52768 0 0 1 standing 
8 308 449 356 564 52769 0 0 1 standing 
8 319 452 368 563 52770 0 0 0 standing 
8 329 450 378 562 52771 0 0 1 standing 
8 339 448 389 561 52772 0 0 1 standing 
8 350 446 399 560 52773 0 0 1 standing 
8 360 444 410 559 52774 0 0 1 standing 
9 348 389 403 569 52755 0 0 0 standing 
9 354 389 410 568 52756 0 0 1 blocking 
9 360 389 417 567 52757 0 0 1 blocking 
9 367 389 424 567 52758 0 0 0 blocking 
9 375 389 432 567 52759 0 0 1 blocking 
9 384 390 441 568 52760 0 0 1 blocking 
9 393 391 450 569 52761 0 0 0 blocking 
9 403 389 460 567 52762 0 0 1 blocking 
9 413 388 470 566 52763 0 0 1 blocking 
9 423 387 480 565 52764 0 0 0 blocking 
9 434 395 490 565 52765 0 0 1 blocking 
9 445 403 501 566 52766 0 0 1 blocking 
9 456 412 512 567 52767 0 0 0 blocking 
9 468 411 525 567 52768 0 0 1 blocking 
9 480 410 538 567 52769 0 0 1 blocking 
9 492 409 551 568 52770 0 0 0 blocking 
9 500 409 559 564 52771 0 0 1 blocking 
9 509 410 567 560 52772 0 0 1 blocking 
9 517 410 576 557 52773 0 0 1 blocking 
9 526 411 584 553 52774 0 0 1 blocking 
10 81 468 142 628 52755 0 0 0 blocking 
10 85 469 148 628 52756 0 0 1 standing 
10 89 471 154 629 52757 0 0 1 standing 
10 93 473 160 630 52758 0 0 0 standing 
10 102 472 168 629 52759 0 0 1 standing 
10 111 471 177 628 52760 0 0 1 standing 
10 121 470 186 627 52761 0 0 0 standing 
10 133 470 196 626 52762 0 0 1 standing 
10 145 470 207 626 52763 0 0 1 standing 
10 157 470 218 626 52764 0 0 0 standing 
10 167 471 226 627 52765 0 0 1 standing 
10 178 472 234 628 52766 0 0 1 standing 
10 189 473 242 630 52767 0 0 0 standing 
10 198 476 250 629 52768 0 0 1 standing 
10 208 479 258 629 52769 0 0 1 standing 
10 218 483 266 629 52770 0 0 0 standing 
10 229 482 277 628 52771 0 0 1 standing 
10 241 482 289 627 52772 0 0 1 standing 
10 252 481 301 627 52773 0 0 1 standing 
10 264 481 313 626 52774 0 0 1 standing 
11 0 452 45 601 52755 1 0 1 standing 
11 0 452 45 600 52756 1 0 1 standing 
11 0 452 45 599 52757 1 0 1 standing 
11 0 452 45 599 52758 1 0 1 standing 
11 0 452 45 598 52759 1 0 1 standing 
11 0 452 45 597 52760 1 0 1 standing 
11 0 452 45 596 52761 1 0 1 standing 
11 0 452 45 595 52762 1 0 1 standing 
11 0 452 45 594 52763 1 0 1 standing 
11 0 452 45 594 52764 0 0 0 standing 
11 7 450 54 592 52765 0 0 1 standing 
11 14 449 63 590 52766 0 0 1 standing 
11 22 448 72 589 52767 0 0 0 standing 
11 31 448 83 586 52768 0 0 1 standing 
11 40 449 95 584 52769 0 0 1 standing 
11 50 450 107 582 52770 0 0 0 standing 
11 60 450 117 581 52771 0 0 1 standing 
11 70 451 128 581 52772 0 0 1 standing 
11 80 452 138 581 52773 0 0 1 standing 
11 90 453 149 581 52774 0 0 1 standing 
