0 1240 509 1277 633 81695 1 0 1 standing 
0 1240 509 1277 633 81696 1 0 1 standing 
0 1240 509 1277 633 81697 0 1 0 standing 
0 1210 509 1250 631 81698 0 1 1 standing 
0 1180 509 1223 630 81699 0 1 1 standing 
0 1150 509 1196 628 81700 0 1 1 standing 
0 1120 510 1170 627 81701 0 1 1 standing 
0 1090 510 1143 626 81702 0 1 1 standing 
0 1060 510 1116 624 81703 0 1 1 standing 
0 1030 510 1089 623 81704 0 1 1 standing 
0 1001 511 1063 622 81705 0 1 0 standing 
0 977 508 1043 617 81706 0 1 1 standing 
0 954 505 1023 613 81707 0 1 1 standing 
0 931 502 1003 608 81708 0 1 1 standing 
0 908 500 983 604 81709 0 1 0 standing 
0 901 499 974 605 81710 0 1 1 standing 
0 894 499 965 606 81711 0 1 1 standing 
0 888 499 956 607 81712 0 1 0 standing 
0 886 498 953 607 81713 0 1 1 standing 
0 885 498 950 608 81714 0 1 1 standing 
1 50 467 105 622 81695 1 0 0 standing 
1 50 467 105 622 81696 1 0 1 standing 
1 50 467 105 622 81697 1 0 1 standing 
1 50 467 105 622 81698 1 0 1 standing 
1 50 467 105 622 81699 1 0 1 standing 
1 50 467 105 622 81700 1 0 1 standing 
1 50 467 105 622 81701 1 0 1 standing 
1 50 467 105 622 81702 1 0 1 standing 
1 50 467 105 622 81703 1 0 1 standing 
1 50 467 105 622 81704 1 0 1 standing 
1 50 467 105 622 81705 1 0 0 standing 
1 50 467 105 622 81706 1 0 1 standing 
1 50 467 105 622 81707 1 0 1 standing 
1 50 467 105 622 81708 1 0 1 standing 
1 50 467 105 622 81709 1 0 1 standing 
1 50 467 105 622 81710 1 0 1 standing 
1 50 467 105 622 81711 1 0 1 standing 
1 50 467 105 622 81712 1 0 1 standing 
1 50 467 105 622 81713 1 0 1 standing 
1 50 467 105 622 81714 1 0 1 standing 
2 538 460 578 605 81695 0 0 0 standing 
2 509 461 550 606 81696 0 0 1 standing 
2 481 462 522 607 81697 0 0 1 standing 
2 452 463 494 608 81698 0 0 1 standing 
2 424 464 466 609 81699 0 0 1 standing 
2 395 465 439 610 81700 0 0 1 standing 
2 367 466 411 611 81701 0 0 1 standing 
2 338 467 383 612 81702 0 0 1 standing 
2 310 468 355 613 81703 0 0 1 standing 
2 281 469 327 614 81704 0 0 1 standing 
2 253 471 300 615 81705 0 0 0 standing 
2 231 473 280 617 81706 0 0 1 standing 
2 209 476 260 620 81707 0 0 1 standing 
2 187 479 240 623 81708 0 0 1 standing 
2 165 482 220 626 81709 0 0 1 standing 
2 143 485 200 629 81710 0 0 0 standing 
2 135 486 191 629 81711 0 0 1 standing 
2 127 487 183 630 81712 0 0 1 standing 
2 119 488 175 631 81713 0 0 1 standing 
2 111 490 167 632 81714 0 0 0 standing 
3 574 379 616 498 81695 0 0 0 standing 
3 546 379 588 498 81696 0 0 1 standing 
3 518 379 561 498 81697 0 0 1 standing 
3 490 379 534 498 81698 0 0 1 standing 
3 462 380 506 498 81699 0 0 1 standing 
3 435 380 479 499 81700 0 0 1 standing 
3 407 380 452 499 81701 0 0 1 standing 
3 379 381 424 499 81702 0 0 1 standing 
3 351 381 397 499 81703 0 0 1 standing 
3 323 381 370 499 81704 0 0 1 standing 
3 296 382 343 500 81705 0 0 0 standing 
3 273 383 323 501 81706 0 0 1 standing 
3 251 385 303 503 81707 0 0 1 standing 
3 228 387 283 505 81708 0 0 1 standing 
3 206 389 263 507 81709 0 0 1 standing 
3 184 391 244 509 81710 0 0 0 standing 
3 175 390 237 507 81711 0 0 1 standing 
3 166 389 231 506 81712 0 0 1 standing 
3 157 388 224 505 81713 0 0 1 standing 
3 148 387 218 504 81714 0 0 1 standing 
4 755 429 787 570 81695 0 0 0 standing 
4 727 430 760 571 81696 0 0 1 standing 
4 700 432 734 573 81697 0 0 1 standing 
4 672 433 708 574 81698 0 0 1 standing 
4 645 435 681 576 81699 0 0 1 standing 
4 618 437 655 577 81700 0 0 1 standing 
4 590 438 629 579 81701 0 0 1 standing 
4 563 440 602 580 81702 0 0 1 standing 
4 535 441 576 582 81703 0 0 1 standing 
4 508 443 550 583 81704 0 0 1 standing 
4 481 445 524 585 81705 0 0 0 standing 
4 463 446 506 587 81706 0 0 1 standing 
4 445 447 488 589 81707 0 0 1 standing 
4 428 448 471 591 81708 0 0 1 standing 
4 410 449 453 593 81709 0 0 1 standing 
4 393 450 436 596 81710 0 0 0 standing 
4 389 451 432 598 81711 0 0 1 standing 
4 385 452 428 600 81712 0 0 1 standing 
4 381 453 424 602 81713 0 0 1 standing 
4 377 454 420 604 81714 0 0 1 standing 
5 793 434 850 582 81695 0 0 0 standing 
5 765 434 821 582 81696 0 0 1 standing 
5 737 435 792 583 81697 0 0 1 standing 
5 709 435 763 583 81698 0 0 1 standing 
5 682 436 734 584 81699 0 0 1 standing 
5 654 437 706 584 81700 0 0 1 standing 
5 626 437 677 585 81701 0 0 1 standing 
5 599 438 648 585 81702 0 0 1 standing 
5 571 438 619 586 81703 0 0 1 standing 
5 543 439 590 586 81704 0 0 1 standing 
5 516 440 562 587 81705 0 0 0 standing 
5 498 440 543 587 81706 0 0 1 standing 
5 480 440 524 587 81707 0 0 1 standing 
5 462 441 505 588 81708 0 0 1 standing 
5 444 441 486 588 81709 0 0 1 standing 
5 426 442 468 589 81710 0 0 0 standing 
5 420 442 461 589 81711 0 0 1 standing 
5 415 442 455 589 81712 0 0 1 standing 
5 409 442 448 589 81713 0 0 1 standing 
5 404 442 442 589 81714 0 0 1 standing 
6 789 402 827 540 81695 0 0 0 standing 
6 761 402 799 539 81696 0 0 1 standing 
6 734 402 772 538 81697 0 0 1 standing 
6 706 402 744 537 81698 0 0 1 standing 
6 679 402 717 536 81699 0 0 1 standing 
6 652 402 689 536 81700 0 0 1 standing 
6 624 402 662 535 81701 0 0 1 standing 
6 597 402 634 534 81702 0 0 1 standing 
6 569 402 607 533 81703 0 0 1 standing 
6 542 402 579 532 81704 0 0 1 standing 
6 515 402 552 532 81705 0 0 0 standing 
6 496 402 533 532 81706 0 0 1 standing 
6 477 402 514 532 81707 0 0 1 standing 
6 459 402 496 532 81708 0 0 1 standing 
6 440 402 477 532 81709 0 0 1 standing 
6 422 403 459 533 81710 0 0 0 standing 
6 415 403 452 533 81711 0 0 1 standing 
6 409 404 446 534 81712 0 0 1 standing 
6 402 404 439 534 81713 0 0 1 standing 
6 396 405 433 535 81714 0 0 1 standing 
7 879 462 931 612 81695 0 0 0 standing 
7 851 460 904 606 81696 0 0 1 standing 
7 824 459 877 601 81697 0 0 1 standing 
7 797 457 850 596 81698 0 0 1 standing 
7 769 456 823 591 81699 0 0 1 standing 
7 742 454 797 586 81700 0 0 1 standing 
7 715 453 770 580 81701 0 0 1 standing 
7 687 451 743 575 81702 0 0 1 standing 
7 660 450 716 570 81703 0 0 1 standing 
7 633 448 689 565 81704 0 0 1 standing 
7 606 447 663 560 81705 0 0 0 standing 
7 588 448 644 559 81706 0 0 1 standing 
7 570 449 626 559 81707 0 0 1 standing 
7 552 450 607 559 81708 0 0 1 standing 
7 534 451 589 559 81709 0 0 1 standing 
7 516 453 571 559 81710 0 0 0 standing 
7 511 454 569 559 81711 0 0 1 standing 
7 506 455 568 559 81712 0 0 1 standing 
7 501 457 566 559 81713 0 0 1 standing 
7 496 458 565 559 81714 0 0 1 standing 
8 1085 528 1160 647 81695 0 0 0 standing 
8 1056 525 1131 645 81696 0 0 1 standing 
8 1027 522 1102 644 81697 0 0 1 standing 
8 998 519 1073 643 81698 0 0 1 standing 
8 969 516 1044 641 81699 0 0 1 standing 
8 940 514 1015 640 81700 0 0 1 standing 
8 911 511 986 639 81701 0 0 1 standing 
8 882 508 957 637 81702 0 0 1 standing 
8 853 505 928 636 81703 0 0 1 standing 
8 824 502 899 635 81704 0 0 1 standing 
8 796 500 870 634 81705 0 0 0 standing 
8 777 497 852 633 81706 0 0 1 standing 
8 759 495 835 632 81707 0 0 1 standing 
8 741 492 818 632 81708 0 0 1 standing 
8 723 490 801 631 81709 0 0 1 standing 
8 705 488 784 631 81710 0 0 0 standing 
8 698 487 776 628 81711 0 0 1 standing 
8 692 487 769 626 81712 0 0 1 standing 
8 686 486 762 624 81713 0 0 1 standing 
8 680 486 755 622 81714 0 0 1 standing 
9 1197 416 1279 531 81695 0 0 0 standing 
9 1167 414 1248 529 81696 0 0 1 waiting 
9 1138 413 1217 528 81697 0 0 1 waiting 
9 1108 412 1186 527 81698 0 0 1 waiting 
9 1079 411 1156 526 81699 0 0 1 waiting 
9 1050 410 1125 525 81700 0 0 1 waiting 
9 1020 409 1094 523 81701 0 0 1 waiting 
9 991 408 1064 522 81702 0 0 1 waiting 
9 961 407 1033 521 81703 0 0 1 waiting 
9 932 406 1002 520 81704 0 0 1 waiting 
9 903 405 972 519 81705 0 0 0 waiting 
9 882 404 954 517 81706 0 0 1 waiting 
9 862 404 936 515 81707 0 0 1 waiting 
9 842 403 918 513 81708 0 0 1 waiting 
9 822 403 900 511 81709 0 0 1 waiting 
9 802 403 882 510 81710 0 0 0 waiting 
9 796 402 877 509 81711 0 0 1 waiting 
9 790 401 872 509 81712 0 0 1 waiting 
9 785 400 868 508 81713 0 0 1 waiting 
9 779 399 863 508 81714 0 0 1 waiting 
10 1034 451 1102 583 81695 1 0 1 waiting 
10 1032 451 1100 583 81696 1 0 1 digging 
10 1031 450 1098 582 81697 1 0 1 digging 
10 1029 450 1096 582 81698 1 0 1 digging 
10 1028 449 1094 582 81699 1 0 1 digging 
10 1026 449 1092 582 81700 1 0 1 digging 
10 1025 449 1090 582 81701 1 0 1 digging 
10 1023 448 1088 582 81702 1 0 1 digging 
10 1022 448 1086 582 81703 1 0 1 digging 
10 1020 448 1084 582 81704 1 0 1 digging 
10 1019 447 1082 582 81705 1 0 1 digging 
10 1017 447 1080 582 81706 1 0 1 digging 
10 1016 447 1078 582 81707 0 0 0 digging 
10 1002 445 1065 580 81708 0 0 1 digging 
10 988 444 1052 578 81709 0 0 1 digging 
10 974 443 1039 576 81710 0 0 0 digging 
10 968 446 1034 576 81711 0 0 1 digging 
10 962 449 1030 576 81712 0 0 1 digging 
10 956 452 1025 577 81713 0 0 1 digging 
10 950 455 1021 577 81714 0 0 1 digging 
11 1080 331 1125 462 81695 1 0 1 digging 
11 1078 332 1123 463 81696 1 0 1 digging 
11 1075 332 1120 463 81697 1 0 1 digging 
11 1073 332 1118 463 81698 1 0 1 digging 
11 1070 332 1115 463 81699 1 0 1 digging 
11 1068 332 1113 463 81700 1 0 1 digging 
11 1066 332 1111 463 81701 1 0 1 digging 
11 1063 332 1108 463 81702 1 0 1 digging 
11 1061 332 1106 463 81703 1 0 1 digging 
11 1059 332 1104 463 81704 1 0 1 digging 
11 1056 332 1101 463 81705 1 0 1 digging 
11 1054 332 1099 463 81706 1 0 1 digging 
11 1052 333 1097 464 81707 0 0 0 digging 
11 1034 331 1079 462 81708 0 0 1 digging 
11 1016 329 1061 460 81709 0 0 1 digging 
11 998 328 1043 459 81710 0 0 0 digging 
11 988 328 1034 459 81711 0 0 1 digging 
11 978 329 1026 460 81712 0 0 1 digging 
11 968 330 1017 460 81713 0 0 1 digging 
11 958 331 1009 461 81714 0 0 0 digging 
