0 1125 383 1187 519 37325 0 1 0 standing 
0 1127 383 1188 519 37326 0 1 1 standing 
0 1130 383 1189 519 37327 0 1 1 standing 
0 1132 383 1190 519 37328 0 1 1 standing 
0 1135 383 1192 519 37329 0 1 1 standing 
0 1137 383 1193 519 37330 0 1 1 standing 
0 1140 383 1194 519 37331 0 1 1 standing 
0 1143 384 1196 519 37332 0 1 0 standing 
0 1146 384 1199 520 37333 0 1 1 standing 
0 1149 385 1202 521 37334 0 1 1 standing 
0 1152 386 1205 523 37335 0 1 0 standing 
0 1152 388 1205 525 37336 0 1 1 standing 
0 1153 390 1206 527 37337 0 1 1 standing 
0 1154 392 1207 529 37338 0 1 1 standing 
0 1155 394 1208 531 37339 0 1 1 standing 
0 1156 397 1209 534 37340 0 1 0 standing 
0 1156 397 1209 534 37341 0 1 1 standing 
0 1157 398 1210 535 37342 0 1 1 standing 
0 1157 398 1210 535 37343 0 1 1 standing 
0 1158 399 1211 536 37344 0 1 1 standing 
1 1084 490 1167 649 37325 0 1 0 standing 
1 1088 488 1168 647 37326 0 1 1 standing 
1 1092 487 1169 646 37327 0 1 1 standing 
1 1097 486 1170 645 37328 0 1 1 standing 
1 1101 485 1171 643 37329 0 1 1 standing 
1 1106 484 1173 642 37330 0 1 1 standing 
1 1110 483 1174 641 37331 0 1 1 standing 
1 1114 482 1175 639 37332 0 1 1 standing 
1 1119 481 1176 638 37333 0 1 1 standing 
1 1123 480 1177 637 37334 0 1 1 standing 
1 1128 479 1179 636 37335 0 1 0 standing 
1 1130 477 1181 634 37336 0 1 1 standing 
1 1132 476 1183 633 37337 0 1 1 standing 
1 1134 474 1185 631 37338 0 1 1 standing 
1 1136 473 1187 630 37339 0 1 1 standing 
1 1139 471 1190 628 37340 0 1 1 standing 
1 1141 470 1192 627 37341 0 1 1 standing 
1 1143 468 1194 625 37342 0 1 1 standing 
1 1145 467 1196 624 37343 0 1 1 standing 
1 1147 465 1198 622 37344 0 1 1 standing 
2 1034 476 1102 619 37325 0 1 0 standing 
2 1035 473 1101 617 37326 0 1 1 standing 
2 1036 470 1101 615 37327 0 1 1 standing 
2 1037 467 1100 613 37328 0 1 1 standing 
2 1039 465 1100 611 37329 0 1 0 standing 
2 1038 465 1097 612 37330 0 1 1 standing 
2 1037 466 1094 613 37331 0 1 1 standing 
2 1036 466 1091 614 37332 0 1 1 standing 
2 1035 467 1088 616 37333 0 1 0 standing 
2 1035 469 1088 615 37334 0 1 1 standing 
2 1035 472 1088 615 37335 0 1 1 standing 
2 1035 475 1088 615 37336 0 1 1 standing 
2 1036 478 1089 615 37337 0 1 0 standing 
2 1036 475 1090 614 37338 0 1 1 standing 
2 1037 473 1092 614 37339 0 1 1 standing 
2 1038 471 1093 614 37340 0 1 1 standing 
2 1039 469 1095 614 37341 0 1 0 standing 
2 1042 468 1099 613 37342 0 1 1 standing 
2 1046 468 1104 613 37343 0 1 1 standing 
2 1050 468 1109 613 37344 0 1 1 standing 
3 1040 429 1102 565 37325 0 1 0 standing 
3 1040 429 1101 564 37326 0 1 1 standing 
3 1040 429 1101 564 37327 0 1 1 standing 
3 1040 429 1100 564 37328 0 1 1 standing 
3 1040 429 1100 564 37329 0 1 1 standing 
3 1040 429 1099 564 37330 0 1 1 standing 
3 1040 429 1099 564 37331 0 1 1 standing 
3 1040 429 1098 564 37332 0 1 1 standing 
3 1040 429 1098 564 37333 0 1 1 standing 
3 1040 429 1097 564 37334 0 1 1 standing 
3 1040 429 1097 564 37335 0 1 0 standing 
3 1040 428 1100 563 37336 0 1 1 standing 
3 1040 428 1103 563 37337 0 1 1 standing 
3 1040 428 1106 563 37338 0 1 1 standing 
3 1040 428 1110 563 37339 0 1 1 standing 
3 1041 428 1113 563 37340 0 1 1 standing 
3 1041 428 1116 562 37341 0 1 1 standing 
3 1041 428 1120 562 37342 0 1 1 standing 
3 1041 428 1123 562 37343 0 1 1 standing 
3 1041 428 1126 562 37344 0 1 1 standing 
4 1252 432 1278 567 37325 0 1 0 standing 
4 1250 432 1277 566 37326 0 1 1 standing 
4 1249 432 1277 566 37327 0 1 1 standing 
4 1248 432 1277 566 37328 0 1 1 standing 
4 1247 432 1277 566 37329 0 1 1 standing 
4 1246 432 1277 566 37330 0 1 1 standing 
4 1244 432 1277 566 37331 0 1 1 standing 
4 1243 432 1277 566 37332 0 1 1 standing 
4 1242 432 1277 566 37333 0 1 1 standing 
4 1241 432 1277 566 37334 0 1 1 standing 
4 1240 432 1277 566 37335 0 1 0 standing 
4 1238 432 1277 565 37336 0 1 1 standing 
4 1236 432 1277 565 37337 0 1 1 standing 
4 1234 432 1277 565 37338 0 1 1 standing 
4 1233 432 1277 565 37339 0 1 1 standing 
4 1231 432 1277 565 37340 0 1 1 standing 
4 1229 432 1277 565 37341 0 1 1 standing 
4 1228 432 1278 565 37342 0 1 0 standing 
4 1226 432 1276 565 37343 0 1 1 standing 
4 1224 432 1274 565 37344 0 1 1 standing 
5 912 459 970 605 37325 0 0 0 standing 
5 904 459 968 604 37326 0 0 1 standing 
5 896 459 966 603 37327 0 0 1 standing 
5 888 459 965 603 37328 0 0 0 standing 
5 887 459 964 603 37329 0 0 1 standing 
5 886 460 963 603 37330 0 0 1 standing 
5 885 460 962 603 37331 0 0 1 standing 
5 885 461 962 604 37332 0 0 0 standing 
5 884 460 955 604 37333 0 0 1 standing 
5 884 459 948 604 37334 0 0 1 standing 
5 884 459 942 604 37335 0 0 0 standing 
5 881 460 934 605 37336 0 0 1 standing 
5 878 461 927 607 37337 0 0 1 standing 
5 875 462 919 609 37338 0 0 1 standing 
5 873 463 912 611 37339 0 0 0 standing 
5 866 464 911 611 37340 0 0 1 standing 
5 860 465 911 612 37341 0 0 1 standing 
5 853 466 910 613 37342 0 0 1 standing 
5 847 467 910 613 37343 0 0 1 standing 
5 840 468 909 614 37344 0 0 1 standing 
6 968 393 1040 571 37325 0 0 0 standing 
6 963 396 1038 570 37326 0 0 1 standing 
6 959 400 1037 569 37327 0 0 1 standing 
6 955 404 1036 569 37328 0 0 0 standing 
6 954 407 1034 569 37329 0 0 1 standing 
6 954 411 1033 569 37330 0 0 1 standing 
6 954 415 1031 569 37331 0 0 1 standing 
6 953 419 1030 569 37332 0 0 1 standing 
6 953 423 1028 569 37333 0 0 1 standing 
6 953 427 1027 569 37334 0 0 1 standing 
6 953 431 1026 570 37335 0 0 0 standing 
6 948 430 1020 569 37336 0 0 1 standing 
6 944 429 1015 569 37337 0 0 1 standing 
6 939 428 1010 569 37338 0 0 1 standing 
6 935 427 1005 569 37339 0 0 1 standing 
6 930 426 1000 569 37340 0 0 1 standing 
6 926 426 995 569 37341 0 0 0 standing 
6 921 425 993 569 37342 0 0 1 standing 
6 917 424 991 570 37343 0 0 1 standing 
6 912 423 989 570 37344 0 0 1 standing 
7 667 461 714 595 37325 0 0 0 standing 
7 668 460 716 595 37326 0 0 1 standing 
7 670 460 718 595 37327 0 0 1 standing 
7 672 459 721 595 37328 0 0 1 standing 
7 673 459 723 596 37329 0 0 1 standing 
7 675 458 726 596 37330 0 0 1 standing 
7 677 458 728 596 37331 0 0 1 standing 
7 679 458 731 597 37332 0 0 0 standing 
7 681 456 731 596 37333 0 0 1 standing 
7 683 454 731 595 37334 0 0 1 standing 
7 685 452 731 594 37335 0 0 0 standing 
7 688 451 734 592 37336 0 0 1 standing 
7 691 450 737 590 37337 0 0 1 standing 
7 694 449 740 588 37338 0 0 1 standing 
7 697 448 743 586 37339 0 0 1 standing 
7 701 447 746 584 37340 0 0 0 standing 
7 702 446 750 583 37341 0 0 1 standing 
7 703 446 755 583 37342 0 0 1 standing 
7 704 446 759 583 37343 0 0 1 standing 
7 705 446 764 583 37344 0 0 1 standing 
8 578 498 679 554 37325 0 0 0 standing 
8 578 496 678 554 37326 0 0 1 falling 
8 578 494 677 554 37327 0 0 1 falling 
8 578 492 676 554 37328 0 0 1 falling 
8 578 490 675 554 37329 0 0 1 falling 
8 578 489 675 554 37330 0 0 1 falling 
8 578 487 674 554 37331 0 0 1 falling 
8 578 485 673 554 37332 0 0 1 falling 
8 578 483 672 554 37333 0 0 1 falling 
8 578 481 671 554 37334 0 0 1 falling 
8 578 480 671 554 37335 0 0 0 falling 
8 578 478 671 554 37336 0 0 1 falling 
8 578 477 671 555 37337 0 0 1 falling 
8 578 476 671 555 37338 0 0 1 falling 
8 578 474 671 556 37339 0 0 1 falling 
8 578 473 671 556 37340 0 0 1 falling 
8 578 472 671 557 37341 0 0 0 falling 
8 580 469 670 556 37342 0 0 1 falling 
8 583 466 670 556 37343 0 0 1 falling 
8 586 463 670 555 37344 0 0 1 falling 
9 679 391 736 515 37325 0 0 0 falling 
9 679 390 735 515 37326 0 0 1 standing 
9 679 390 734 515 37327 0 0 1 standing 
9 679 389 733 515 37328 0 0 1 standing 
9 679 389 732 515 37329 0 0 1 standing 
9 679 388 732 515 37330 0 0 1 standing 
9 679 388 731 515 37331 0 0 1 standing 
9 679 387 730 515 37332 0 0 1 standing 
9 679 387 729 515 37333 0 0 1 standing 
9 679 386 728 515 37334 0 0 1 standing 
9 679 386 728 515 37335 0 0 0 standing 
9 678 386 728 516 37336 0 0 1 standing 
9 678 387 728 517 37337 0 0 1 standing 
9 678 387 728 518 37338 0 0 1 standing 
9 677 388 729 519 37339 0 0 1 standing 
9 677 388 729 520 37340 0 0 1 standing 
9 677 389 729 521 37341 0 0 1 standing 
9 676 389 730 522 37342 0 0 1 standing 
9 676 390 730 523 37343 0 0 1 standing 
9 676 390 730 524 37344 0 0 1 standing 
10 852 378 928 499 37325 0 0 0 standing 
10 849 378 926 499 37326 0 0 1 standing 
10 847 378 924 499 37327 0 0 1 standing 
10 845 378 922 499 37328 0 0 1 standing 
10 843 378 920 500 37329 0 0 0 standing 
10 840 378 915 500 37330 0 0 1 standing 
10 838 378 910 501 37331 0 0 1 standing 
10 836 378 905 501 37332 0 0 1 standing 
10 834 378 900 502 37333 0 0 1 standing 
10 832 378 895 502 37334 0 0 1 standing 
10 830 378 891 503 37335 0 0 0 standing 
10 827 378 887 503 37336 0 0 1 standing 
10 825 379 884 504 37337 0 0 1 standing 
10 823 380 881 505 37338 0 0 1 standing 
10 821 381 878 506 37339 0 0 1 standing 
10 819 382 875 507 37340 0 0 1 standing 
10 817 383 872 507 37341 0 0 1 standing 
10 815 384 869 508 37342 0 0 1 standing 
10 813 385 866 509 37343 0 0 1 standing 
10 811 386 863 510 37344 0 0 1 standing 
