0 979 484 1068 609 81875 0 0 0 standing 
0 966 486 1063 609 81876 0 0 1 standing 
0 953 489 1058 610 81877 0 0 1 standing 
0 940 492 1054 611 81878 0 0 0 standing 
0 932 490 1044 610 81879 0 0 1 standing 
0 925 488 1035 610 81880 0 0 1 standing 
0 918 486 1026 610 81881 0 0 0 standing 
0 909 486 1004 610 81882 0 0 1 standing 
0 900 487 982 610 81883 0 0 1 standing 
0 891 488 960 610 81884 0 0 0 standing 
0 874 487 943 608 81885 0 0 1 standing 
0 857 486 927 606 81886 0 0 1 standing 
0 841 486 911 605 81887 0 0 0 standing 
0 830 487 901 605 81888 0 0 1 standing 
0 819 489 891 605 81889 0 0 1 standing 
0 808 491 881 605 81890 0 0 0 standing 
0 800 491 872 604 81891 0 0 1 standing 
0 792 491 863 603 81892 0 0 1 standing 
0 785 491 855 603 81893 0 0 0 standing 
0 768 492 840 602 81894 0 0 1 standing 
1 850 367 912 496 81875 0 0 0 standing 
1 846 364 907 491 81876 0 0 1 standing 
1 843 361 903 487 81877 0 0 1 standing 
1 840 359 899 483 81878 0 0 0 standing 
1 837 360 896 481 81879 0 0 1 standing 
1 834 361 893 480 81880 0 0 1 standing 
1 832 362 891 479 81881 0 0 0 standing 
1 825 363 885 480 81882 0 0 1 standing 
1 818 364 879 481 81883 0 0 1 standing 
1 811 365 873 483 81884 0 0 0 standing 
1 806 364 866 483 81885 0 0 1 standing 
1 801 364 860 483 81886 0 0 1 standing 
1 796 364 854 483 81887 0 0 0 standing 
1 790 364 848 482 81888 0 0 1 standing 
1 784 365 842 481 81889 0 0 1 standing 
1 778 366 836 480 81890 0 0 0 standing 
1 771 364 829 479 81891 0 0 1 standing 
1 764 362 822 479 81892 0 0 1 standing 
1 758 361 816 479 81893 0 0 0 standing 
1 741 360 806 478 81894 0 0 1 standing 
2 926 456 988 565 81875 0 0 0 standing 
2 922 456 984 564 81876 0 0 1 standing 
2 918 456 981 564 81877 0 0 1 standing 
2 914 456 978 564 81878 0 0 0 standing 
2 911 455 968 563 81879 0 0 1 standing 
2 908 455 959 563 81880 0 0 1 standing 
2 906 455 950 563 81881 0 0 0 standing 
2 899 453 949 561 81882 0 0 1 standing 
2 892 452 948 560 81883 0 0 1 standing 
2 885 451 948 559 81884 0 0 0 standing 
2 881 452 943 557 81885 0 0 1 standing 
2 878 453 938 555 81886 0 0 1 standing 
2 875 454 933 553 81887 0 0 0 standing 
2 861 456 926 554 81888 0 0 1 standing 
2 848 459 919 555 81889 0 0 1 standing 
2 835 462 913 556 81890 0 0 0 standing 
2 829 460 906 555 81891 0 0 1 standing 
2 824 458 899 554 81892 0 0 1 standing 
2 819 456 893 554 81893 0 0 0 standing 
2 807 455 879 553 81894 0 0 1 standing 
3 593 362 643 510 81875 0 1 0 standing 
3 588 352 637 505 81876 0 1 1 blocking 
3 583 343 632 501 81877 0 1 1 blocking 
3 578 333 627 496 81878 0 1 1 blocking 
3 573 324 621 492 81879 0 1 1 blocking 
3 568 314 616 487 81880 0 1 1 blocking 
3 563 305 611 483 81881 0 1 0 blocking 
3 556 303 604 481 81882 0 1 1 blocking 
3 550 302 598 480 81883 0 1 1 blocking 
3 544 301 592 479 81884 0 1 0 blocking 
3 531 299 586 477 81885 0 1 1 blocking 
3 519 297 580 475 81886 0 1 1 blocking 
3 507 296 574 474 81887 0 1 0 blocking 
3 504 298 568 471 81888 0 1 1 blocking 
3 502 301 563 468 81889 0 1 1 blocking 
3 500 304 558 465 81890 0 1 1 blocking 
3 498 307 553 462 81891 0 1 1 blocking 
3 496 310 548 460 81892 0 1 0 blocking 
3 484 314 536 462 81893 0 1 1 blocking 
3 473 318 524 465 81894 0 1 1 blocking 
4 590 413 643 568 81875 0 1 0 blocking 
4 587 404 640 563 81876 0 1 1 blocking 
4 585 395 637 558 81877 0 1 1 blocking 
4 583 387 634 553 81878 0 1 1 blocking 
4 581 378 632 548 81879 0 1 1 blocking 
4 579 370 629 543 81880 0 1 1 blocking 
4 577 361 626 538 81881 0 1 1 blocking 
4 575 353 624 533 81882 0 1 0 blocking 
4 567 348 615 534 81883 0 1 1 blocking 
4 559 344 607 535 81884 0 1 1 blocking 
4 551 340 599 537 81885 0 1 0 blocking 
4 542 341 590 534 81886 0 1 1 blocking 
4 533 342 581 532 81887 0 1 1 blocking 
4 524 343 572 530 81888 0 1 1 blocking 
4 515 344 563 528 81889 0 1 1 blocking 
4 506 345 554 525 81890 0 1 1 blocking 
4 497 346 545 523 81891 0 1 1 blocking 
4 489 347 537 521 81892 0 1 1 blocking 
4 480 348 528 519 81893 0 1 1 blocking 
4 471 349 519 517 81894 0 1 1 blocking 
5 604 478 708 616 81875 0 0 0 blocking 
5 605 479 707 617 81876 0 0 1 moving 
5 606 481 707 618 81877 0 0 1 moving 
5 607 483 707 620 81878 0 0 0 moving 
5 620 480 707 618 81879 0 0 1 moving 
5 634 478 707 616 81880 0 0 1 moving 
5 648 476 707 614 81881 0 0 0 moving 
5 651 475 710 610 81882 0 0 1 moving 
5 654 474 713 606 81883 0 0 1 moving 
5 657 474 717 603 81884 0 0 0 moving 
5 659 475 726 603 81885 0 0 1 moving 
5 662 477 735 603 81886 0 0 1 moving 
5 665 479 744 603 81887 0 0 0 moving 
5 665 479 749 603 81888 0 0 1 moving 
5 665 479 754 603 81889 0 0 1 moving 
5 666 480 760 604 81890 0 0 0 moving 
5 662 479 753 602 81891 0 0 1 moving 
5 659 479 746 600 81892 0 0 1 moving 
5 656 479 739 599 81893 0 0 0 moving 
5 645 477 726 600 81894 0 0 1 moving 
6 204 400 258 518 81875 0 0 0 moving 
6 200 401 256 518 81876 0 0 1 standing 
6 197 402 254 518 81877 0 0 1 standing 
6 194 404 252 518 81878 0 0 0 standing 
6 191 403 250 518 81879 0 0 1 standing 
6 189 402 248 518 81880 0 0 1 standing 
6 187 402 246 519 81881 0 0 0 standing 
6 187 402 241 519 81882 0 0 1 standing 
6 187 402 236 520 81883 0 0 1 standing 
6 187 403 232 521 81884 0 0 0 standing 
6 181 403 228 521 81885 0 0 1 standing 
6 175 403 225 522 81886 0 0 1 standing 
6 170 404 222 523 81887 0 0 0 standing 
6 167 406 218 525 81888 0 0 1 standing 
6 164 408 214 527 81889 0 0 1 standing 
6 161 411 210 529 81890 0 0 0 standing 
6 155 413 204 530 81891 0 0 1 standing 
6 150 416 198 531 81892 0 0 1 standing 
6 145 419 192 533 81893 0 0 0 standing 
6 131 417 177 534 81894 0 0 1 standing 
7 393 406 442 531 81875 0 0 0 standing 
7 396 407 445 532 81876 0 0 1 standing 
7 399 409 448 533 81877 0 0 1 standing 
7 403 411 452 535 81878 0 0 0 standing 
7 405 410 454 535 81879 0 0 1 standing 
7 407 409 456 536 81880 0 0 1 standing 
7 410 409 459 537 81881 0 0 0 standing 
7 408 407 457 531 81882 0 0 1 standing 
7 407 405 455 526 81883 0 0 1 standing 
7 406 403 453 521 81884 0 0 0 standing 
7 405 403 456 520 81885 0 0 1 standing 
7 404 403 459 519 81886 0 0 1 standing 
7 403 404 462 518 81887 0 0 0 standing 
7 398 406 465 522 81888 0 0 1 standing 
7 393 409 468 527 81889 0 0 1 standing 
7 389 412 472 532 81890 0 0 0 standing 
7 384 412 464 530 81891 0 0 1 standing 
7 380 412 457 528 81892 0 0 1 standing 
7 376 413 450 527 81893 0 0 0 standing 
7 360 409 433 524 81894 0 0 1 standing 
8 405 497 502 655 81875 0 0 0 standing 
8 410 493 498 651 81876 0 0 1 standing 
8 415 489 494 647 81877 0 0 1 standing 
8 421 486 490 644 81878 0 0 0 standing 
8 424 484 487 642 81879 0 0 1 standing 
8 427 482 485 640 81880 0 0 1 standing 
8 431 480 483 638 81881 0 0 0 standing 
8 427 478 489 636 81882 0 0 1 standing 
8 423 476 495 634 81883 0 0 1 standing 
8 419 475 502 633 81884 0 0 0 standing 
8 416 477 496 634 81885 0 0 1 standing 
8 413 479 490 635 81886 0 0 1 standing 
8 411 481 485 636 81887 0 0 0 standing 
8 405 481 479 635 81888 0 0 1 standing 
8 399 481 473 635 81889 0 0 1 standing 
8 393 481 467 635 81890 0 0 0 standing 
8 387 479 461 633 81891 0 0 1 standing 
8 382 477 456 631 81892 0 0 1 standing 
8 377 475 451 629 81893 0 0 0 standing 
8 366 472 440 628 81894 0 0 1 standing 
9 501 342 557 475 81875 0 1 0 standing 
9 496 333 557 466 81876 0 1 1 spiking 
9 491 324 557 457 81877 0 1 1 spiking 
9 486 315 557 448 81878 0 1 1 spiking 
9 481 306 557 439 81879 0 1 1 spiking 
9 476 298 558 430 81880 0 1 0 spiking 
9 476 292 552 430 81881 0 1 1 spiking 
9 476 286 546 431 81882 0 1 1 spiking 
9 476 280 540 431 81883 0 1 1 spiking 
9 477 275 535 432 81884 0 1 0 spiking 
9 471 278 528 435 81885 0 1 1 spiking 
9 465 282 522 438 81886 0 1 1 spiking 
9 459 286 516 441 81887 0 1 0 spiking 
9 452 293 509 446 81888 0 1 1 spiking 
9 445 301 502 451 81889 0 1 1 spiking 
9 438 309 495 456 81890 0 1 1 spiking 
9 431 317 488 461 81891 0 1 1 spiking 
9 424 325 481 466 81892 0 1 1 spiking 
9 417 333 474 471 81893 0 1 1 spiking 
9 411 341 467 477 81894 0 1 0 spiking 
10 491 391 549 527 81875 0 0 0 spiking 
10 489 400 547 535 81876 0 0 1 standing 
10 487 409 546 543 81877 0 0 1 standing 
10 486 418 545 552 81878 0 0 0 standing 
10 483 426 540 554 81879 0 0 1 standing 
10 480 434 535 557 81880 0 0 1 standing 
10 478 442 531 560 81881 0 0 0 standing 
10 475 443 527 561 81882 0 0 1 standing 
10 473 444 523 562 81883 0 0 1 standing 
10 471 446 520 563 81884 0 0 0 standing 
10 466 444 515 563 81885 0 0 1 standing 
10 461 442 510 563 81886 0 0 1 standing 
10 456 440 505 564 81887 0 0 0 standing 
10 449 437 502 564 81888 0 0 1 standing 
10 443 434 499 564 81889 0 0 1 standing 
10 437 432 496 565 81890 0 0 0 standing 
10 432 432 491 565 81891 0 0 1 standing 
10 427 432 486 565 81892 0 0 1 standing 
10 422 432 481 566 81893 0 0 0 standing 
10 408 431 468 565 81894 0 0 1 standing 
11 479 440 552 573 81875 0 0 0 standing 
11 469 439 545 572 81876 0 0 1 standing 
11 460 438 539 572 81877 0 0 1 standing 
11 451 438 533 572 81878 0 0 0 standing 
11 443 438 516 574 81879 0 0 1 standing 
11 435 438 499 576 81880 0 0 1 standing 
11 428 439 483 578 81881 0 0 0 standing 
11 414 439 474 578 81882 0 0 1 standing 
11 400 439 465 578 81883 0 0 1 standing 
11 387 440 457 579 81884 0 0 0 standing 
11 372 441 439 580 81885 0 0 1 standing 
11 358 442 421 581 81886 0 0 1 standing 
11 344 443 404 582 81887 0 0 0 standing 
11 333 443 401 583 81888 0 0 1 standing 
11 322 443 398 584 81889 0 0 1 standing 
11 312 443 396 586 81890 0 0 0 standing 
11 300 442 382 585 81891 0 0 1 standing 
11 288 441 368 584 81892 0 0 1 standing 
11 276 440 355 584 81893 0 0 0 standing 
11 257 441 336 586 81894 0 0 1 standing 
