0 316 416 388 561 39290 0 0 1 standing 
0 316 415 388 560 39291 0 0 1 standing 
0 317 415 388 560 39292 0 0 1 standing 
0 318 415 388 560 39293 0 0 1 standing 
0 319 414 389 559 39294 0 0 1 standing 
0 320 414 389 559 39295 0 0 1 standing 
0 320 414 389 559 39296 0 0 1 standing 
0 321 413 389 558 39297 0 0 1 standing 
0 322 413 389 558 39298 0 0 1 standing 
0 323 413 389 558 39299 0 0 1 standing 
0 324 413 390 558 39300 0 0 0 standing 
0 325 413 391 558 39301 0 0 1 standing 
0 327 413 393 558 39302 0 0 1 standing 
0 328 413 394 558 39303 0 0 1 standing 
0 330 413 396 558 39304 0 0 1 standing 
0 332 413 398 558 39305 0 0 1 standing 
0 333 413 399 558 39306 0 0 1 standing 
0 335 413 401 558 39307 0 0 1 standing 
0 336 413 402 558 39308 0 0 1 standing 
0 338 413 404 558 39309 0 0 1 standing 
1 477 407 541 556 39290 0 0 0 standing 
1 474 407 539 556 39291 0 0 1 standing 
1 472 407 537 556 39292 0 0 1 standing 
1 470 407 535 556 39293 0 0 1 standing 
1 468 407 533 556 39294 0 0 1 standing 
1 466 407 531 556 39295 0 0 1 standing 
1 464 407 529 556 39296 0 0 1 standing 
1 462 407 527 556 39297 0 0 1 standing 
1 460 407 525 556 39298 0 0 1 standing 
1 458 407 523 556 39299 0 0 1 standing 
1 456 408 521 556 39300 0 0 0 standing 
1 453 406 518 554 39301 0 0 1 standing 
1 450 405 515 553 39302 0 0 1 standing 
1 447 404 512 552 39303 0 0 1 standing 
1 444 402 509 550 39304 0 0 1 standing 
1 441 401 506 549 39305 0 0 1 standing 
1 438 400 503 548 39306 0 0 1 standing 
1 435 398 500 546 39307 0 0 1 standing 
1 432 397 497 545 39308 0 0 1 standing 
1 429 396 494 544 39309 0 0 1 standing 
2 593 350 651 487 39290 0 0 0 standing 
2 590 350 648 487 39291 0 0 1 standing 
2 588 350 646 487 39292 0 0 1 standing 
2 585 350 643 487 39293 0 0 1 standing 
2 583 350 641 487 39294 0 0 1 standing 
2 581 350 639 487 39295 0 0 1 standing 
2 578 350 636 487 39296 0 0 1 standing 
2 576 350 634 487 39297 0 0 1 standing 
2 573 350 631 487 39298 0 0 1 standing 
2 571 350 629 487 39299 0 0 1 standing 
2 569 350 627 487 39300 0 0 0 standing 
2 565 350 623 487 39301 0 0 1 standing 
2 562 350 620 487 39302 0 0 1 standing 
2 558 351 616 488 39303 0 0 1 standing 
2 555 351 613 488 39304 0 0 1 standing 
2 551 352 610 489 39305 0 0 1 standing 
2 548 352 606 489 39306 0 0 1 standing 
2 544 352 603 489 39307 0 0 1 standing 
2 541 353 599 490 39308 0 0 1 standing 
2 537 353 596 490 39309 0 0 1 standing 
3 756 428 822 564 39290 0 1 0 standing 
3 757 427 823 563 39291 0 1 1 standing 
3 759 426 825 562 39292 0 1 1 standing 
3 760 425 826 561 39293 0 1 1 standing 
3 762 424 828 560 39294 0 1 1 standing 
3 764 423 830 560 39295 0 1 1 standing 
3 765 422 831 559 39296 0 1 1 standing 
3 767 421 833 558 39297 0 1 1 standing 
3 768 420 834 557 39298 0 1 1 standing 
3 770 419 836 556 39299 0 1 1 standing 
3 772 419 838 556 39300 0 1 0 standing 
3 774 417 839 554 39301 0 1 1 standing 
3 776 416 841 553 39302 0 1 1 standing 
3 778 414 842 551 39303 0 1 1 standing 
3 781 413 844 550 39304 0 1 1 standing 
3 783 411 845 548 39305 0 1 1 standing 
3 785 410 847 547 39306 0 1 1 standing 
3 788 408 848 545 39307 0 1 1 standing 
3 790 407 850 544 39308 0 1 1 standing 
3 792 405 851 542 39309 0 1 1 standing 
4 828 395 887 539 39290 0 1 0 standing 
4 828 395 887 539 39291 0 1 1 standing 
4 829 396 888 540 39292 0 1 1 standing 
4 830 396 889 540 39293 0 1 1 standing 
4 831 397 890 541 39294 0 1 1 standing 
4 832 398 891 542 39295 0 1 1 standing 
4 833 398 892 542 39296 0 1 1 standing 
4 834 399 893 543 39297 0 1 1 standing 
4 835 399 894 543 39298 0 1 1 standing 
4 836 400 895 544 39299 0 1 1 standing 
4 837 401 896 545 39300 0 1 0 standing 
4 838 401 897 545 39301 0 1 1 standing 
4 839 402 898 545 39302 0 1 1 standing 
4 840 402 899 546 39303 0 1 1 standing 
4 842 403 901 546 39304 0 1 1 standing 
4 843 403 902 547 39305 0 1 1 standing 
4 844 404 903 547 39306 0 1 1 standing 
4 846 404 905 547 39307 0 1 1 standing 
4 847 405 906 548 39308 0 1 1 standing 
4 848 405 907 548 39309 0 1 1 standing 
5 739 364 797 486 39290 0 1 0 standing 
5 742 365 800 487 39291 0 1 1 standing 
5 745 367 803 489 39292 0 1 1 standing 
5 748 369 806 491 39293 0 1 1 standing 
5 752 371 810 493 39294 0 1 1 standing 
5 755 373 813 495 39295 0 1 1 standing 
5 758 374 816 496 39296 0 1 1 standing 
5 762 376 820 498 39297 0 1 1 standing 
5 765 378 823 500 39298 0 1 1 standing 
5 768 380 826 502 39299 0 1 1 standing 
5 772 382 830 504 39300 0 1 0 standing 
5 776 381 834 503 39301 0 1 1 standing 
5 780 381 839 503 39302 0 1 1 standing 
5 785 381 843 502 39303 0 1 1 standing 
5 789 381 848 502 39304 0 1 1 standing 
5 794 381 852 502 39305 0 1 1 standing 
5 798 381 857 501 39306 0 1 1 standing 
5 802 381 861 501 39307 0 1 1 standing 
5 807 381 866 500 39308 0 1 1 standing 
5 811 381 870 500 39309 0 1 1 standing 
6 967 377 1013 514 39290 0 1 0 standing 
6 965 378 1012 515 39291 0 1 1 standing 
6 964 380 1012 517 39292 0 1 1 standing 
6 963 381 1012 518 39293 0 1 1 standing 
6 962 383 1012 520 39294 0 1 1 standing 
6 961 384 1012 521 39295 0 1 1 standing 
6 960 386 1011 523 39296 0 1 1 standing 
6 959 387 1011 524 39297 0 1 1 standing 
6 958 389 1011 526 39298 0 1 1 standing 
6 957 390 1011 527 39299 0 1 1 standing 
6 956 392 1011 529 39300 0 1 0 standing 
6 953 392 1008 529 39301 0 1 1 standing 
6 951 392 1006 529 39302 0 1 1 standing 
6 948 392 1003 529 39303 0 1 1 standing 
6 946 392 1001 529 39304 0 1 1 standing 
6 944 392 999 529 39305 0 1 1 standing 
6 941 392 996 529 39306 0 1 1 standing 
6 939 392 994 529 39307 0 1 1 standing 
6 936 392 991 529 39308 0 1 1 standing 
6 934 392 989 529 39309 0 1 1 standing 
7 273 425 350 522 39290 0 0 0 standing 
7 272 423 349 522 39291 0 0 1 standing 
7 271 422 348 522 39292 0 0 1 standing 
7 270 420 347 523 39293 0 0 1 standing 
7 269 419 346 523 39294 0 0 1 standing 
7 268 418 345 523 39295 0 0 1 standing 
7 267 416 344 524 39296 0 0 1 standing 
7 266 415 343 524 39297 0 0 1 standing 
7 265 413 342 524 39298 0 0 1 standing 
7 264 412 341 525 39299 0 0 1 standing 
7 264 411 340 525 39300 0 0 1 standing 
7 263 409 339 525 39301 0 0 1 standing 
7 262 408 338 526 39302 0 0 1 standing 
7 261 406 337 526 39303 0 0 1 standing 
7 260 405 336 526 39304 0 0 1 standing 
7 259 404 335 527 39305 0 0 1 standing 
7 258 402 334 527 39306 0 0 1 standing 
7 257 401 333 527 39307 0 0 1 standing 
7 256 399 332 528 39308 0 0 1 standing 
7 255 398 331 528 39309 0 0 1 standing 
8 286 356 338 470 39290 0 0 0 standing 
8 282 356 334 472 39291 0 0 1 standing 
8 279 357 331 475 39292 0 0 1 standing 
8 276 358 328 478 39293 0 0 1 standing 
8 273 359 325 481 39294 0 0 1 standing 
8 270 360 322 484 39295 0 0 1 standing 
8 267 360 318 487 39296 0 0 1 standing 
8 264 361 315 490 39297 0 0 1 standing 
8 261 362 312 493 39298 0 0 1 standing 
8 258 363 309 496 39299 0 0 1 standing 
8 255 364 306 499 39300 0 0 0 standing 
8 251 364 302 499 39301 0 0 1 standing 
8 248 365 299 500 39302 0 0 1 standing 
8 244 366 295 501 39303 0 0 1 standing 
8 241 366 292 502 39304 0 0 1 standing 
8 238 367 289 503 39305 0 0 1 standing 
8 234 368 285 504 39306 0 0 1 standing 
8 231 368 282 505 39307 0 0 1 standing 
8 227 369 278 506 39308 0 0 1 standing 
8 224 370 275 507 39309 0 0 1 standing 
9 625 365 669 486 39290 0 0 0 standing 
9 623 363 667 485 39291 0 0 1 standing 
9 622 362 665 484 39292 0 0 1 standing 
9 620 361 663 483 39293 0 0 1 standing 
9 619 360 662 482 39294 0 0 1 standing 
9 617 359 660 481 39295 0 0 1 standing 
9 616 358 658 480 39296 0 0 1 standing 
9 614 357 657 479 39297 0 0 1 standing 
9 613 356 655 478 39298 0 0 1 standing 
9 611 355 653 477 39299 0 0 1 standing 
9 610 354 652 476 39300 0 0 0 standing 
9 607 354 649 476 39301 0 0 1 standing 
9 605 354 647 476 39302 0 0 1 standing 
9 602 354 644 476 39303 0 0 1 standing 
9 600 354 642 476 39304 0 0 1 standing 
9 597 354 639 476 39305 0 0 1 standing 
9 595 354 637 476 39306 0 0 1 standing 
9 592 354 634 476 39307 0 0 1 standing 
9 590 354 632 476 39308 0 0 1 standing 
9 587 354 629 476 39309 0 0 1 standing 
10 736 379 795 494 39290 0 1 0 standing 
10 737 380 796 495 39291 0 1 1 standing 
10 738 381 798 496 39292 0 1 1 standing 
10 739 382 800 497 39293 0 1 1 standing 
10 740 384 802 498 39294 0 1 1 standing 
10 742 385 804 499 39295 0 1 1 standing 
10 743 386 806 500 39296 0 1 1 standing 
10 744 388 808 501 39297 0 1 1 standing 
10 745 389 810 502 39298 0 1 1 standing 
10 746 390 812 503 39299 0 1 1 standing 
10 748 392 814 505 39300 0 1 0 standing 
10 750 392 816 505 39301 0 1 1 standing 
10 753 392 819 505 39302 0 1 1 standing 
10 756 392 822 505 39303 0 1 1 standing 
10 759 392 825 505 39304 0 1 1 standing 
10 762 392 828 505 39305 0 1 1 standing 
10 764 392 830 505 39306 0 1 1 standing 
10 767 392 833 505 39307 0 1 1 standing 
10 770 392 836 505 39308 0 1 1 standing 
10 773 392 839 505 39309 0 1 1 standing 
11 889 377 958 500 39290 0 1 0 standing 
11 888 377 957 500 39291 0 1 1 standing 
11 888 377 957 500 39292 0 1 1 standing 
11 887 377 956 501 39293 0 1 1 standing 
11 887 378 956 501 39294 0 1 1 standing 
11 886 378 955 502 39295 0 1 1 standing 
11 886 378 955 502 39296 0 1 1 standing 
11 885 379 954 502 39297 0 1 1 standing 
11 885 379 954 503 39298 0 1 1 standing 
11 884 379 953 503 39299 0 1 1 standing 
11 884 380 953 504 39300 0 1 0 standing 
11 884 380 953 504 39301 0 1 1 standing 
11 884 380 953 504 39302 0 1 1 standing 
11 884 380 953 504 39303 0 1 1 standing 
11 884 380 953 504 39304 0 1 1 standing 
11 884 380 953 504 39305 0 1 1 standing 
11 884 380 953 504 39306 0 1 1 standing 
11 884 380 953 504 39307 0 1 1 standing 
11 884 380 953 504 39308 0 1 1 standing 
11 884 380 953 504 39309 0 1 1 standing 
