0 1035 455 1098 560 36255 0 1 0 digging 
0 1031 458 1095 559 36256 0 1 1 digging 
0 1027 461 1092 559 36257 0 1 1 digging 
0 1024 464 1090 559 36258 0 1 1 digging 
0 1020 467 1087 558 36259 0 1 1 digging 
0 1017 470 1084 558 36260 0 1 1 digging 
0 1013 473 1082 558 36261 0 1 1 digging 
0 1010 476 1079 558 36262 0 1 1 digging 
0 1006 479 1076 557 36263 0 1 1 digging 
0 1002 482 1074 557 36264 0 1 1 digging 
0 999 485 1071 557 36265 0 1 1 digging 
0 995 488 1068 556 36266 0 1 1 digging 
0 992 491 1066 556 36267 0 1 1 digging 
0 988 494 1063 556 36268 0 1 1 digging 
0 985 498 1061 556 36269 0 0 0 digging 
0 985 495 1066 556 36270 0 0 1 digging 
0 986 492 1071 557 36271 0 0 1 digging 
0 986 490 1076 557 36272 0 0 1 digging 
0 987 487 1081 558 36273 0 0 1 digging 
0 987 484 1086 558 36274 0 0 1 digging 
1 1044 413 1104 507 36255 0 0 0 digging 
1 1044 415 1108 515 36256 0 0 1 standing 
1 1044 418 1113 523 36257 0 0 1 standing 
1 1044 421 1118 532 36258 0 0 0 standing 
1 1041 421 1115 532 36259 0 0 1 standing 
1 1038 422 1113 533 36260 0 0 1 standing 
1 1036 423 1111 534 36261 0 0 0 standing 
1 1031 420 1107 531 36262 0 0 1 standing 
1 1026 418 1104 529 36263 0 0 1 standing 
1 1022 416 1101 527 36264 0 0 0 standing 
1 1021 411 1102 525 36265 0 0 1 standing 
1 1021 406 1103 523 36266 0 0 1 standing 
1 1021 402 1104 521 36267 0 0 0 standing 
1 1020 402 1106 519 36268 0 0 1 standing 
1 1019 402 1108 518 36269 0 0 1 standing 
1 1019 402 1110 517 36270 0 0 0 standing 
1 1015 402 1108 516 36271 0 0 1 standing 
1 1011 402 1107 515 36272 0 0 1 standing 
1 1008 402 1106 514 36273 0 0 1 standing 
1 1004 402 1105 513 36274 0 0 1 standing 
2 883 361 945 469 36255 0 0 0 standing 
2 878 364 946 471 36256 0 0 1 standing 
2 874 367 948 474 36257 0 0 1 standing 
2 870 370 950 477 36258 0 0 0 standing 
2 867 369 946 476 36259 0 0 1 standing 
2 865 368 942 475 36260 0 0 1 standing 
2 863 367 938 474 36261 0 0 0 standing 
2 858 365 934 473 36262 0 0 1 standing 
2 853 363 930 472 36263 0 0 1 standing 
2 848 361 926 472 36264 0 0 0 standing 
2 846 359 922 471 36265 0 0 1 standing 
2 845 358 918 471 36266 0 0 1 standing 
2 844 357 915 471 36267 0 0 0 standing 
2 843 356 913 470 36268 0 0 1 standing 
2 843 356 912 469 36269 0 0 1 standing 
2 842 355 911 468 36270 0 0 1 standing 
2 842 355 910 468 36271 0 0 1 standing 
2 842 355 908 467 36272 0 0 1 standing 
2 841 354 907 466 36273 0 0 1 standing 
2 841 354 906 465 36274 0 0 1 standing 
3 615 369 664 474 36255 0 0 0 standing 
3 615 370 668 477 36256 0 0 1 standing 
3 615 372 673 481 36257 0 0 1 standing 
3 615 374 678 485 36258 0 0 0 standing 
3 614 375 678 485 36259 0 0 1 standing 
3 613 377 678 485 36260 0 0 1 standing 
3 612 379 678 486 36261 0 0 0 standing 
3 610 378 674 487 36262 0 0 1 standing 
3 608 378 670 488 36263 0 0 1 standing 
3 607 378 666 489 36264 0 0 0 standing 
3 604 375 663 488 36265 0 0 1 standing 
3 601 373 660 487 36266 0 0 1 standing 
3 598 371 658 486 36267 0 0 0 standing 
3 595 371 655 485 36268 0 0 1 standing 
3 593 372 653 485 36269 0 0 1 standing 
3 591 373 650 485 36270 0 0 1 standing 
3 589 374 648 485 36271 0 0 1 standing 
3 586 375 645 484 36272 0 0 1 standing 
3 584 376 643 484 36273 0 0 1 standing 
3 582 377 640 484 36274 0 0 1 standing 
4 537 367 582 519 36255 0 0 0 standing 
4 533 361 578 520 36256 0 0 1 standing 
4 529 355 575 522 36257 0 0 1 standing 
4 526 350 572 524 36258 0 0 0 standing 
4 525 360 571 530 36259 0 0 1 standing 
4 525 370 571 536 36260 0 0 1 standing 
4 525 380 571 543 36261 0 0 0 standing 
4 520 386 566 544 36262 0 0 1 standing 
4 516 393 561 545 36263 0 0 1 standing 
4 512 400 557 547 36264 0 0 1 standing 
4 508 406 552 548 36265 0 0 1 standing 
4 504 413 547 549 36266 0 0 1 standing 
4 500 420 543 551 36267 0 0 0 standing 
4 501 419 544 551 36268 0 0 1 standing 
4 503 418 546 551 36269 0 0 1 standing 
4 505 418 548 552 36270 0 0 0 standing 
4 503 418 548 554 36271 0 0 1 standing 
4 502 419 549 556 36272 0 0 1 standing 
4 500 420 550 559 36273 0 0 1 standing 
4 499 421 551 561 36274 0 0 1 standing 
5 549 353 615 497 36255 0 0 0 standing 
5 548 356 616 500 36256 0 0 1 standing 
5 548 359 617 503 36257 0 0 1 standing 
5 548 363 618 506 36258 0 0 0 standing 
5 547 371 616 516 36259 0 0 1 standing 
5 547 379 614 527 36260 0 0 1 standing 
5 547 387 613 538 36261 0 0 0 standing 
5 547 394 612 540 36262 0 0 1 standing 
5 547 402 611 542 36263 0 0 1 standing 
5 547 410 610 545 36264 0 0 0 standing 
5 547 409 609 545 36265 0 0 1 standing 
5 547 408 608 546 36266 0 0 1 standing 
5 547 408 607 547 36267 0 0 0 standing 
5 547 409 607 548 36268 0 0 1 standing 
5 548 410 607 549 36269 0 0 1 standing 
5 549 411 608 551 36270 0 0 0 standing 
5 552 413 611 554 36271 0 0 1 standing 
5 555 415 614 557 36272 0 0 1 standing 
5 559 417 618 560 36273 0 0 1 standing 
5 562 419 621 563 36274 0 0 1 standing 
6 484 359 529 477 36255 0 0 0 standing 
6 480 358 525 477 36256 0 0 1 standing 
6 477 358 521 478 36257 0 0 1 standing 
6 474 358 518 479 36258 0 0 1 standing 
6 470 358 514 480 36259 0 0 1 standing 
6 467 358 511 481 36260 0 0 1 standing 
6 464 358 507 482 36261 0 0 1 standing 
6 460 358 503 483 36262 0 0 1 standing 
6 457 358 500 484 36263 0 0 1 standing 
6 454 358 496 485 36264 0 0 1 standing 
6 450 358 493 486 36265 0 0 1 standing 
6 447 358 489 487 36266 0 0 1 standing 
6 444 358 486 488 36267 0 0 0 standing 
6 442 358 484 488 36268 0 0 1 standing 
6 440 359 482 488 36269 0 0 1 standing 
6 438 360 480 489 36270 0 0 1 standing 
6 436 361 478 489 36271 0 0 1 standing 
6 434 362 476 489 36272 0 0 1 standing 
6 432 363 474 490 36273 0 0 1 standing 
6 430 364 472 490 36274 0 0 1 standing 
7 421 326 471 435 36255 0 0 0 standing 
7 415 326 468 438 36256 0 0 1 standing 
7 410 327 466 442 36257 0 0 1 standing 
7 405 328 464 446 36258 0 0 0 standing 
7 404 328 461 445 36259 0 0 1 standing 
7 403 329 459 444 36260 0 0 1 standing 
7 402 330 457 444 36261 0 0 0 standing 
7 402 330 455 444 36262 0 0 1 standing 
7 403 330 454 445 36263 0 0 1 standing 
7 404 331 453 445 36264 0 0 1 standing 
7 404 331 452 446 36265 0 0 1 standing 
7 405 331 451 446 36266 0 0 1 standing 
7 406 332 450 447 36267 0 0 0 standing 
7 406 334 450 447 36268 0 0 1 standing 
7 406 336 450 448 36269 0 0 1 standing 
7 407 338 450 449 36270 0 0 0 standing 
7 407 338 449 448 36271 0 0 1 standing 
7 407 338 449 448 36272 0 0 1 standing 
7 407 338 448 448 36273 0 0 1 standing 
7 407 338 448 447 36274 0 0 1 standing 
8 340 399 382 531 36255 0 0 0 standing 
8 336 397 378 531 36256 0 0 1 standing 
8 332 396 374 531 36257 0 0 1 standing 
8 328 395 370 531 36258 0 0 0 standing 
8 323 395 366 531 36259 0 0 1 standing 
8 319 396 362 531 36260 0 0 1 standing 
8 315 397 358 531 36261 0 0 1 standing 
8 311 398 354 531 36262 0 0 1 standing 
8 307 399 350 531 36263 0 0 1 standing 
8 303 400 347 532 36264 0 0 0 standing 
8 299 401 343 535 36265 0 0 1 standing 
8 296 402 340 538 36266 0 0 1 standing 
8 293 403 337 542 36267 0 0 0 standing 
8 292 401 337 541 36268 0 0 1 standing 
8 291 399 337 541 36269 0 0 1 standing 
8 291 397 338 541 36270 0 0 0 standing 
8 290 397 341 540 36271 0 0 1 standing 
8 289 398 344 540 36272 0 0 1 standing 
8 289 398 347 539 36273 0 0 1 standing 
8 288 399 350 539 36274 0 0 1 standing 
9 297 396 351 543 36255 0 0 0 standing 
9 301 399 361 547 36256 0 0 1 standing 
9 306 402 371 551 36257 0 0 1 standing 
9 311 406 381 556 36258 0 0 0 standing 
9 314 414 383 563 36259 0 0 1 standing 
9 317 422 386 570 36260 0 0 1 standing 
9 321 430 389 577 36261 0 0 0 standing 
9 323 434 390 577 36262 0 0 1 standing 
9 325 438 392 577 36263 0 0 1 standing 
9 328 442 394 577 36264 0 0 0 standing 
9 329 440 395 577 36265 0 0 1 standing 
9 330 438 397 578 36266 0 0 1 standing 
9 332 436 399 579 36267 0 0 0 standing 
9 333 435 402 577 36268 0 0 1 standing 
9 335 434 405 575 36269 0 0 1 standing 
9 337 433 409 573 36270 0 0 0 standing 
9 339 432 408 571 36271 0 0 1 standing 
9 341 431 407 570 36272 0 0 1 standing 
9 343 431 406 569 36273 0 0 1 standing 
9 345 430 405 568 36274 0 0 1 standing 
10 265 389 312 515 36255 0 0 0 standing 
10 259 390 308 517 36256 0 0 1 standing 
10 254 391 305 520 36257 0 0 1 standing 
10 249 392 302 523 36258 0 0 1 standing 
10 244 393 299 526 36259 0 0 1 standing 
10 239 394 296 529 36260 0 0 1 standing 
10 234 396 293 532 36261 0 0 0 standing 
10 229 398 287 533 36262 0 0 1 standing 
10 224 400 281 534 36263 0 0 1 standing 
10 219 402 275 536 36264 0 0 0 standing 
10 214 401 270 537 36265 0 0 1 standing 
10 209 401 266 538 36266 0 0 1 standing 
10 204 400 262 539 36267 0 0 1 standing 
10 199 400 257 540 36268 0 0 1 standing 
10 194 399 253 541 36269 0 0 1 standing 
10 190 399 249 543 36270 0 0 0 standing 
10 184 400 246 545 36271 0 0 1 standing 
10 179 402 244 547 36272 0 0 1 standing 
10 173 404 242 550 36273 0 0 1 standing 
10 168 406 240 552 36274 0 0 1 standing 
11 240 365 280 486 36255 0 0 0 standing 
11 230 364 273 486 36256 0 0 1 standing 
11 221 364 266 486 36257 0 0 1 standing 
11 212 364 260 486 36258 0 0 1 standing 
11 203 364 253 486 36259 0 0 1 standing 
11 194 364 246 486 36260 0 0 1 standing 
11 185 364 240 487 36261 0 0 0 standing 
11 174 365 233 487 36262 0 0 1 standing 
11 163 366 226 487 36263 0 0 1 standing 
11 152 368 219 487 36264 0 0 0 standing 
11 147 368 216 487 36265 0 0 1 standing 
11 143 368 213 487 36266 0 0 1 standing 
11 139 369 211 487 36267 0 0 0 standing 
11 135 369 203 487 36268 0 0 1 standing 
11 131 369 196 487 36269 0 0 1 standing 
11 127 370 189 488 36270 0 0 0 standing 
11 126 370 187 488 36271 0 0 1 standing 
11 125 371 185 489 36272 0 0 1 standing 
11 124 372 184 490 36273 0 0 1 standing 
11 123 373 182 491 36274 0 0 1 standing 
