0 668 486 738 656 74910 0 1 0 spiking 
0 673 478 744 648 74911 0 1 1 spiking 
0 678 470 750 640 74912 0 1 1 spiking 
0 683 463 756 632 74913 0 1 1 spiking 
0 688 455 762 624 74914 0 1 1 spiking 
0 693 448 769 616 74915 0 1 1 spiking 
0 698 440 775 608 74916 0 1 1 spiking 
0 703 432 781 600 74917 0 1 1 spiking 
0 708 425 787 592 74918 0 1 1 spiking 
0 713 417 793 584 74919 0 1 1 spiking 
0 718 410 800 577 74920 0 1 0 spiking 
0 721 416 803 578 74921 0 1 1 spiking 
0 725 422 806 580 74922 0 1 1 spiking 
0 728 428 809 581 74923 0 1 1 spiking 
0 732 435 812 583 74924 0 1 1 spiking 
0 735 441 815 584 74925 0 1 1 spiking 
0 739 447 818 586 74926 0 1 1 spiking 
0 742 454 821 587 74927 0 1 1 spiking 
0 746 460 824 589 74928 0 1 1 spiking 
0 749 466 827 590 74929 0 1 1 spiking 
1 510 492 567 625 74910 0 1 0 spiking 
1 520 480 576 620 74911 0 1 1 blocking 
1 531 468 585 616 74912 0 1 1 blocking 
1 541 456 595 612 74913 0 1 1 blocking 
1 552 444 604 608 74914 0 1 1 blocking 
1 563 433 614 604 74915 0 1 1 blocking 
1 573 421 623 599 74916 0 1 1 blocking 
1 584 409 632 595 74917 0 1 1 blocking 
1 594 397 642 591 74918 0 1 1 blocking 
1 605 385 651 587 74919 0 1 1 blocking 
1 616 374 661 583 74920 0 1 0 blocking 
1 624 377 669 586 74921 0 1 1 blocking 
1 632 380 677 589 74922 0 1 1 blocking 
1 640 383 685 593 74923 0 1 1 blocking 
1 648 387 693 596 74924 0 1 1 blocking 
1 656 390 701 600 74925 0 1 1 blocking 
1 664 393 709 603 74926 0 1 1 blocking 
1 672 397 717 606 74927 0 1 1 blocking 
1 680 400 725 610 74928 0 1 1 blocking 
1 688 403 733 613 74929 0 1 1 blocking 
2 512 449 562 605 74910 0 1 0 blocking 
2 522 440 572 598 74911 0 1 1 blocking 
2 532 431 582 592 74912 0 1 1 blocking 
2 543 422 592 586 74913 0 1 1 blocking 
2 553 414 602 580 74914 0 1 1 blocking 
2 564 405 613 574 74915 0 1 1 blocking 
2 574 396 623 567 74916 0 1 1 blocking 
2 584 388 633 561 74917 0 1 1 blocking 
2 595 379 643 555 74918 0 1 1 blocking 
2 605 370 653 549 74919 0 1 1 blocking 
2 616 362 664 543 74920 0 1 0 blocking 
2 625 364 673 545 74921 0 1 1 blocking 
2 634 366 682 547 74922 0 1 1 blocking 
2 643 368 691 549 74923 0 1 1 blocking 
2 652 370 700 551 74924 0 1 1 blocking 
2 662 372 710 553 74925 0 1 1 blocking 
2 671 374 719 555 74926 0 1 1 blocking 
2 680 376 728 557 74927 0 1 1 blocking 
2 689 378 737 559 74928 0 1 1 blocking 
2 698 380 746 561 74929 0 1 1 blocking 
3 3 351 48 492 74910 0 0 0 blocking 
3 13 350 61 490 74911 0 0 1 standing 
3 24 349 74 488 74912 0 0 1 standing 
3 34 348 87 486 74913 0 0 1 standing 
3 45 347 100 484 74914 0 0 1 standing 
3 56 346 114 482 74915 0 0 1 standing 
3 66 345 127 480 74916 0 0 1 standing 
3 77 344 140 478 74917 0 0 1 standing 
3 87 343 153 476 74918 0 0 1 standing 
3 98 342 166 474 74919 0 0 1 standing 
3 109 341 180 472 74920 0 0 0 standing 
3 125 339 194 470 74921 0 0 1 standing 
3 141 338 208 468 74922 0 0 1 standing 
3 157 336 222 467 74923 0 0 1 standing 
3 173 335 236 465 74924 0 0 1 standing 
3 189 333 250 464 74925 0 0 1 standing 
3 205 332 264 462 74926 0 0 1 standing 
3 221 330 278 460 74927 0 0 1 standing 
3 237 329 292 459 74928 0 0 1 standing 
3 253 327 306 457 74929 0 0 1 standing 
4 54 425 104 595 74910 0 0 0 standing 
4 67 424 118 594 74911 0 0 1 standing 
4 80 423 132 594 74912 0 0 1 standing 
4 93 423 146 594 74913 0 0 1 standing 
4 107 422 160 593 74914 0 0 1 standing 
4 120 422 175 593 74915 0 0 1 standing 
4 133 421 189 593 74916 0 0 1 standing 
4 147 420 203 592 74917 0 0 1 standing 
4 160 420 217 592 74918 0 0 1 standing 
4 173 419 231 592 74919 0 0 1 standing 
4 187 419 246 592 74920 0 0 0 standing 
4 198 419 259 591 74921 0 0 1 standing 
4 209 420 272 591 74922 0 0 1 standing 
4 221 421 285 590 74923 0 0 1 standing 
4 232 422 298 590 74924 0 0 1 standing 
4 244 423 311 589 74925 0 0 1 standing 
4 255 423 324 589 74926 0 0 1 standing 
4 266 424 337 588 74927 0 0 1 standing 
4 278 425 350 588 74928 0 0 1 standing 
4 289 426 363 587 74929 0 0 1 standing 
5 219 337 278 465 74910 0 0 0 standing 
5 236 336 295 464 74911 0 0 1 standing 
5 254 336 313 463 74912 0 0 1 standing 
5 271 335 330 463 74913 0 0 1 standing 
5 289 335 348 462 74914 0 0 1 standing 
5 307 334 366 462 74915 0 0 1 standing 
5 324 334 383 461 74916 0 0 1 standing 
5 342 333 401 460 74917 0 0 1 standing 
5 359 333 418 460 74918 0 0 1 standing 
5 377 332 436 459 74919 0 0 1 standing 
5 395 332 454 459 74920 0 0 0 standing 
5 406 334 468 459 74921 0 0 1 standing 
5 418 336 483 459 74922 0 0 1 standing 
5 430 338 498 459 74923 0 0 1 standing 
5 442 340 513 459 74924 0 0 1 standing 
5 454 342 528 459 74925 0 0 1 standing 
5 466 344 543 459 74926 0 0 1 standing 
5 478 346 558 459 74927 0 0 1 standing 
5 490 348 573 459 74928 0 0 1 standing 
5 502 350 588 459 74929 0 0 1 standing 
6 429 395 520 534 74910 0 0 0 standing 
6 438 394 529 533 74911 0 0 1 standing 
6 447 394 538 533 74912 0 0 1 standing 
6 456 393 547 532 74913 0 0 1 standing 
6 465 393 556 532 74914 0 0 1 standing 
6 475 392 566 532 74915 0 0 1 standing 
6 484 392 575 531 74916 0 0 1 standing 
6 493 391 584 531 74917 0 0 1 standing 
6 502 391 593 530 74918 0 0 1 standing 
6 511 390 602 530 74919 0 0 1 standing 
6 521 390 612 530 74920 0 0 0 standing 
6 529 390 619 529 74921 0 0 1 standing 
6 537 391 627 528 74922 0 0 1 standing 
6 545 392 635 528 74923 0 0 1 standing 
6 553 393 643 527 74924 0 0 1 standing 
6 561 394 651 527 74925 0 0 1 standing 
6 569 394 659 526 74926 0 0 1 standing 
6 577 395 667 525 74927 0 0 1 standing 
6 585 396 675 525 74928 0 0 1 standing 
6 593 397 683 524 74929 0 0 1 standing 
7 674 360 735 505 74910 0 0 0 standing 
7 683 360 744 505 74911 0 0 1 standing 
7 692 361 753 506 74912 0 0 1 standing 
7 701 361 762 507 74913 0 0 1 standing 
7 710 362 771 507 74914 0 0 1 standing 
7 720 363 781 508 74915 0 0 1 standing 
7 729 363 790 509 74916 0 0 1 standing 
7 738 364 799 509 74917 0 0 1 standing 
7 747 364 808 510 74918 0 0 1 standing 
7 756 365 817 511 74919 0 0 1 standing 
7 766 366 827 512 74920 0 0 0 standing 
7 772 366 833 512 74921 0 0 1 standing 
7 779 367 840 513 74922 0 0 1 standing 
7 786 367 847 513 74923 0 0 1 standing 
7 793 368 853 514 74924 0 0 1 standing 
7 800 369 860 515 74925 0 0 1 standing 
7 807 369 867 515 74926 0 0 1 standing 
7 814 370 873 516 74927 0 0 1 standing 
7 821 370 880 516 74928 0 0 1 standing 
7 828 371 887 517 74929 0 0 1 standing 
8 755 431 816 563 74910 0 0 0 standing 
8 761 431 823 563 74911 0 0 1 standing 
8 768 431 830 563 74912 0 0 1 standing 
8 774 431 837 563 74913 0 0 1 standing 
8 781 431 844 563 74914 0 0 1 standing 
8 787 431 851 563 74915 0 0 1 standing 
8 794 431 858 563 74916 0 0 1 standing 
8 800 431 865 563 74917 0 0 1 standing 
8 807 431 872 563 74918 0 0 1 standing 
8 813 431 879 563 74919 0 0 1 standing 
8 820 432 886 564 74920 0 0 0 standing 
8 824 434 892 566 74921 0 0 1 standing 
8 828 436 899 568 74922 0 0 1 standing 
8 832 438 905 570 74923 0 0 1 standing 
8 836 440 912 572 74924 0 0 1 standing 
8 840 442 919 574 74925 0 0 1 standing 
8 844 444 925 576 74926 0 0 1 standing 
8 848 446 932 578 74927 0 0 1 standing 
8 852 448 938 580 74928 0 0 1 standing 
8 856 450 945 582 74929 0 0 1 standing 
9 798 384 845 525 74910 0 0 0 standing 
9 804 384 851 525 74911 0 0 1 standing 
9 810 385 857 526 74912 0 0 1 standing 
9 816 385 863 527 74913 0 0 1 standing 
9 823 386 870 527 74914 0 0 1 standing 
9 829 387 876 528 74915 0 0 1 standing 
9 835 387 882 529 74916 0 0 1 standing 
9 842 388 889 529 74917 0 0 1 standing 
9 848 388 895 530 74918 0 0 1 standing 
9 854 389 901 531 74919 0 0 1 standing 
9 861 390 908 532 74920 0 0 0 standing 
9 866 391 915 532 74921 0 0 1 standing 
9 872 392 922 532 74922 0 0 1 standing 
9 877 394 930 532 74923 0 0 1 standing 
9 883 395 937 532 74924 0 0 1 standing 
9 889 397 945 532 74925 0 0 1 standing 
9 894 398 952 532 74926 0 0 1 standing 
9 900 399 959 532 74927 0 0 1 standing 
9 905 401 967 532 74928 0 0 1 standing 
9 911 402 974 532 74929 0 0 1 standing 
10 917 318 974 461 74910 0 0 0 standing 
10 922 320 979 463 74911 0 0 1 standing 
10 928 322 985 465 74912 0 0 1 standing 
10 934 324 991 467 74913 0 0 1 standing 
10 940 326 997 469 74914 0 0 1 standing 
10 946 328 1003 471 74915 0 0 1 standing 
10 951 330 1009 473 74916 0 0 1 standing 
10 957 332 1015 475 74917 0 0 1 standing 
10 963 334 1021 477 74918 0 0 1 standing 
10 969 336 1027 479 74919 0 0 1 standing 
10 975 338 1033 482 74920 0 0 0 standing 
10 984 339 1045 483 74921 0 0 1 standing 
10 993 341 1057 484 74922 0 0 1 standing 
10 1002 342 1069 486 74923 0 0 1 standing 
10 1012 344 1081 487 74924 0 0 1 standing 
10 1021 345 1094 489 74925 0 0 1 standing 
10 1030 347 1106 490 74926 0 0 1 standing 
10 1040 348 1118 491 74927 0 0 1 standing 
10 1049 350 1130 493 74928 0 0 1 standing 
10 1058 351 1142 494 74929 0 0 1 standing 
11 1034 362 1089 505 74910 0 0 0 standing 
11 1040 363 1096 507 74911 0 0 1 standing 
11 1046 364 1103 509 74912 0 0 1 standing 
11 1052 365 1110 511 74913 0 0 1 standing 
11 1058 366 1117 514 74914 0 0 1 standing 
11 1065 368 1124 516 74915 0 0 1 standing 
11 1071 369 1131 518 74916 0 0 1 standing 
11 1077 370 1138 521 74917 0 0 1 standing 
11 1083 371 1145 523 74918 0 0 1 standing 
11 1089 372 1152 525 74919 0 0 1 standing 
11 1096 374 1160 528 74920 0 0 0 standing 
11 1105 375 1169 529 74921 0 0 1 standing 
11 1114 377 1178 531 74922 0 0 1 standing 
11 1123 379 1187 533 74923 0 0 1 standing 
11 1132 381 1196 535 74924 0 0 1 standing 
11 1141 383 1205 537 74925 0 0 1 standing 
11 1150 384 1214 538 74926 0 0 1 standing 
11 1159 386 1223 540 74927 0 0 1 standing 
11 1168 388 1232 542 74928 0 0 1 standing 
11 1177 390 1241 544 74929 0 0 1 standing 
