0 206 420 272 549 42380 0 1 0 standing 
0 208 418 274 547 42381 0 1 1 standing 
0 210 417 276 546 42382 0 1 1 standing 
0 212 416 278 545 42383 0 1 1 standing 
0 215 414 281 544 42384 0 1 1 standing 
0 217 413 283 543 42385 0 1 1 standing 
0 219 412 285 542 42386 0 1 1 standing 
0 222 410 288 541 42387 0 1 1 standing 
0 224 409 290 540 42388 0 1 1 standing 
0 226 408 292 539 42389 0 1 1 standing 
0 229 407 295 538 42390 0 1 0 standing 
0 233 404 298 538 42391 0 1 1 standing 
0 237 401 302 539 42392 0 1 1 standing 
0 241 398 306 539 42393 0 1 1 standing 
0 245 396 310 540 42394 0 1 1 standing 
0 249 393 314 540 42395 0 1 1 standing 
0 253 390 318 541 42396 0 1 1 standing 
0 257 388 322 541 42397 0 1 1 standing 
0 261 385 326 542 42398 0 1 1 standing 
0 265 382 330 542 42399 0 1 1 standing 
1 199 348 284 507 42380 0 1 0 standing 
1 201 348 285 507 42381 0 1 1 standing 
1 203 348 287 507 42382 0 1 1 standing 
1 205 348 289 507 42383 0 1 1 standing 
1 207 348 291 508 42384 0 1 1 standing 
1 209 349 293 508 42385 0 1 1 standing 
1 211 349 295 508 42386 0 1 1 standing 
1 213 349 297 509 42387 0 1 1 standing 
1 215 349 299 509 42388 0 1 1 standing 
1 217 349 301 509 42389 0 1 1 standing 
1 219 350 303 510 42390 0 1 0 standing 
1 222 351 306 511 42391 0 1 1 standing 
1 225 352 309 512 42392 0 1 1 standing 
1 228 353 312 513 42393 0 1 1 standing 
1 231 354 315 514 42394 0 1 1 standing 
1 235 355 319 515 42395 0 1 1 standing 
1 238 356 322 516 42396 0 1 1 standing 
1 241 357 325 517 42397 0 1 1 standing 
1 244 358 328 518 42398 0 1 1 standing 
1 247 359 331 519 42399 0 1 1 standing 
2 357 409 428 573 42380 0 1 0 standing 
2 356 408 427 572 42381 0 1 1 standing 
2 355 408 426 571 42382 0 1 1 standing 
2 355 407 426 571 42383 0 1 1 standing 
2 354 407 425 570 42384 0 1 1 standing 
2 354 406 425 570 42385 0 1 1 standing 
2 353 406 424 569 42386 0 1 1 standing 
2 352 405 423 568 42387 0 1 1 standing 
2 352 405 423 568 42388 0 1 1 standing 
2 351 404 422 567 42389 0 1 1 standing 
2 351 404 422 567 42390 0 1 0 standing 
2 349 402 420 565 42391 0 1 1 standing 
2 347 401 418 564 42392 0 1 1 standing 
2 345 400 416 563 42393 0 1 1 standing 
2 343 399 414 561 42394 0 1 1 standing 
2 341 398 412 560 42395 0 1 1 standing 
2 339 397 410 559 42396 0 1 1 standing 
2 337 396 408 557 42397 0 1 1 standing 
2 335 395 406 556 42398 0 1 1 standing 
2 333 394 404 555 42399 0 1 1 standing 
3 327 371 377 534 42380 0 1 0 standing 
3 328 371 378 534 42381 0 1 1 standing 
3 330 372 380 535 42382 0 1 1 standing 
3 331 373 382 536 42383 0 1 1 standing 
3 333 373 383 537 42384 0 1 1 standing 
3 335 374 385 538 42385 0 1 1 standing 
3 336 375 387 538 42386 0 1 1 standing 
3 338 375 388 539 42387 0 1 1 standing 
3 339 376 390 540 42388 0 1 1 standing 
3 341 377 392 541 42389 0 1 1 standing 
3 343 378 394 542 42390 0 1 0 standing 
3 345 379 396 543 42391 0 1 1 standing 
3 348 380 399 544 42392 0 1 1 standing 
3 350 381 401 545 42393 0 1 1 standing 
3 353 382 404 546 42394 0 1 1 standing 
3 355 383 406 547 42395 0 1 1 standing 
3 358 384 409 548 42396 0 1 1 standing 
3 360 385 411 549 42397 0 1 1 standing 
3 363 386 414 550 42398 0 1 1 standing 
3 365 387 416 551 42399 0 1 1 standing 
4 421 357 481 498 42380 0 1 0 standing 
4 421 357 480 498 42381 0 1 1 standing 
4 421 357 480 499 42382 0 1 1 standing 
4 421 358 480 500 42383 0 1 1 standing 
4 421 358 480 501 42384 0 1 1 standing 
4 421 358 480 501 42385 0 1 1 standing 
4 421 359 480 502 42386 0 1 1 standing 
4 421 359 480 503 42387 0 1 1 standing 
4 421 359 480 504 42388 0 1 1 standing 
4 421 360 480 504 42389 0 1 1 standing 
4 421 360 480 505 42390 0 1 1 standing 
4 421 360 480 506 42391 0 1 1 standing 
4 421 361 480 507 42392 0 1 1 standing 
4 421 361 480 507 42393 0 1 1 standing 
4 421 361 480 508 42394 0 1 1 standing 
4 421 362 480 509 42395 0 1 1 standing 
4 421 362 480 510 42396 0 1 1 standing 
4 421 362 480 510 42397 0 1 1 standing 
4 421 363 480 511 42398 0 1 1 standing 
4 421 363 480 512 42399 0 1 1 standing 
5 459 345 511 474 42380 0 1 0 standing 
5 459 345 511 475 42381 0 1 1 standing 
5 460 346 512 476 42382 0 1 1 standing 
5 461 347 513 477 42383 0 1 1 standing 
5 461 348 513 478 42384 0 1 1 standing 
5 462 349 514 479 42385 0 1 1 standing 
5 463 349 515 480 42386 0 1 1 standing 
5 463 350 515 481 42387 0 1 1 standing 
5 464 351 516 482 42388 0 1 1 standing 
5 465 352 517 483 42389 0 1 1 standing 
5 466 353 518 484 42390 0 1 0 standing 
5 466 354 518 485 42391 0 1 1 standing 
5 466 355 518 486 42392 0 1 1 standing 
5 466 356 518 487 42393 0 1 1 standing 
5 466 357 518 488 42394 0 1 1 standing 
5 466 358 518 489 42395 0 1 1 standing 
5 466 359 518 490 42396 0 1 1 standing 
5 466 360 518 491 42397 0 1 1 standing 
5 466 361 518 492 42398 0 1 1 standing 
5 466 362 518 493 42399 0 1 1 standing 
6 542 434 597 593 42380 0 0 0 standing 
6 549 435 603 594 42381 0 0 1 standing 
6 556 436 610 595 42382 0 0 1 standing 
6 563 437 617 596 42383 0 0 1 standing 
6 570 438 624 597 42384 0 0 1 standing 
6 577 439 631 598 42385 0 0 1 standing 
6 584 440 638 599 42386 0 0 1 standing 
6 591 441 645 600 42387 0 0 1 standing 
6 598 442 652 601 42388 0 0 1 standing 
6 605 443 659 602 42389 0 0 1 standing 
6 612 444 666 603 42390 0 0 0 standing 
6 618 444 672 603 42391 0 0 1 standing 
6 625 444 679 603 42392 0 0 1 standing 
6 631 444 685 603 42393 0 0 1 standing 
6 638 445 692 604 42394 0 0 1 standing 
6 645 445 699 604 42395 0 0 1 standing 
6 651 445 705 604 42396 0 0 1 standing 
6 658 446 712 605 42397 0 0 1 standing 
6 664 446 718 605 42398 0 0 1 standing 
6 671 446 725 605 42399 0 0 1 standing 
7 576 408 647 564 42380 0 0 0 standing 
7 582 407 653 563 42381 0 0 1 standing 
7 588 407 659 563 42382 0 0 1 standing 
7 594 407 665 563 42383 0 0 1 standing 
7 600 407 671 563 42384 0 0 1 standing 
7 607 407 678 563 42385 0 0 1 standing 
7 613 406 684 563 42386 0 0 1 standing 
7 619 406 690 563 42387 0 0 1 standing 
7 625 406 696 563 42388 0 0 1 standing 
7 631 406 702 563 42389 0 0 1 standing 
7 638 406 709 563 42390 0 0 0 standing 
7 642 405 713 562 42391 0 0 1 standing 
7 646 404 717 561 42392 0 0 1 standing 
7 650 403 721 560 42393 0 0 1 standing 
7 654 403 725 559 42394 0 0 1 standing 
7 658 402 729 558 42395 0 0 1 standing 
7 662 401 733 557 42396 0 0 1 standing 
7 666 401 737 556 42397 0 0 1 standing 
7 670 400 741 555 42398 0 0 1 standing 
7 674 399 745 554 42399 0 0 1 standing 
8 671 437 780 517 42380 0 0 0 standing 
8 680 437 789 517 42381 0 0 1 falling 
8 689 438 798 518 42382 0 0 1 falling 
8 698 438 807 519 42383 0 0 1 falling 
8 707 439 816 520 42384 0 0 1 falling 
8 716 440 825 521 42385 0 0 1 falling 
8 725 440 834 521 42386 0 0 1 falling 
8 734 441 843 522 42387 0 0 1 falling 
8 743 441 852 523 42388 0 0 1 falling 
8 752 442 861 524 42389 0 0 1 falling 
8 761 443 870 525 42390 0 0 0 falling 
8 765 437 875 525 42391 0 0 1 falling 
8 770 431 881 526 42392 0 0 1 falling 
8 774 425 887 527 42393 0 0 1 falling 
8 779 420 892 528 42394 0 0 1 falling 
8 783 414 898 529 42395 0 0 1 falling 
8 788 408 904 529 42396 0 0 1 falling 
8 792 403 909 530 42397 0 0 1 falling 
8 797 397 915 531 42398 0 0 1 falling 
8 801 391 921 532 42399 0 0 1 falling 
9 869 366 977 474 42380 0 0 0 falling 
9 873 363 975 473 42381 0 0 1 standing 
9 877 361 974 472 42382 0 0 1 standing 
9 881 359 973 472 42383 0 0 1 standing 
9 885 357 972 471 42384 0 0 1 standing 
9 889 355 971 471 42385 0 0 1 standing 
9 893 352 970 470 42386 0 0 1 standing 
9 897 350 969 469 42387 0 0 1 standing 
9 901 348 968 469 42388 0 0 1 standing 
9 905 346 967 468 42389 0 0 1 standing 
9 909 344 966 468 42390 0 0 0 standing 
9 910 344 967 469 42391 0 0 1 standing 
9 912 345 969 470 42392 0 0 1 standing 
9 914 346 971 471 42393 0 0 1 standing 
9 916 347 973 472 42394 0 0 1 standing 
9 918 348 975 473 42395 0 0 1 standing 
9 919 349 976 474 42396 0 0 1 standing 
9 921 350 978 475 42397 0 0 1 standing 
9 923 351 980 476 42398 0 0 1 standing 
9 925 352 982 477 42399 0 0 1 standing 
10 999 384 1074 492 42380 0 0 0 standing 
10 1003 383 1078 492 42381 0 0 1 standing 
10 1007 382 1082 492 42382 0 0 1 standing 
10 1011 381 1086 492 42383 0 0 1 standing 
10 1015 380 1090 493 42384 0 0 1 standing 
10 1019 379 1094 493 42385 0 0 1 standing 
10 1023 378 1098 493 42386 0 0 1 standing 
10 1027 377 1102 494 42387 0 0 1 standing 
10 1031 376 1106 494 42388 0 0 1 standing 
10 1035 375 1110 494 42389 0 0 1 standing 
10 1040 374 1115 495 42390 0 0 0 standing 
10 1043 372 1118 495 42391 0 0 1 standing 
10 1046 371 1122 495 42392 0 0 1 standing 
10 1050 369 1125 495 42393 0 0 1 standing 
10 1053 368 1129 495 42394 0 0 1 standing 
10 1057 366 1132 496 42395 0 0 1 standing 
10 1060 365 1136 496 42396 0 0 1 standing 
10 1063 363 1139 496 42397 0 0 1 standing 
10 1067 362 1143 496 42398 0 0 1 standing 
10 1070 360 1146 496 42399 0 0 1 standing 
11 989 439 1079 572 42380 0 0 0 standing 
11 993 439 1083 572 42381 0 0 1 standing 
11 997 439 1087 573 42382 0 0 1 standing 
11 1001 440 1091 573 42383 0 0 1 standing 
11 1005 440 1095 574 42384 0 0 1 standing 
11 1009 441 1099 574 42385 0 0 1 standing 
11 1013 441 1103 575 42386 0 0 1 standing 
11 1017 441 1107 575 42387 0 0 1 standing 
11 1021 442 1111 576 42388 0 0 1 standing 
11 1025 442 1115 576 42389 0 0 1 standing 
11 1029 443 1119 577 42390 0 0 0 standing 
11 1028 441 1117 577 42391 0 0 1 standing 
11 1028 439 1115 578 42392 0 0 1 standing 
11 1028 438 1114 578 42393 0 0 1 standing 
11 1028 436 1112 579 42394 0 0 1 standing 
11 1028 435 1111 579 42395 0 0 1 standing 
11 1028 433 1109 580 42396 0 0 1 standing 
11 1028 431 1107 580 42397 0 0 1 standing 
11 1028 430 1106 581 42398 0 0 1 standing 
11 1028 428 1104 581 42399 0 0 1 standing 
