0 528 462 612 607 44635 0 1 0 setting 
0 536 462 620 608 44636 0 1 1 setting 
0 545 463 628 609 44637 0 1 1 setting 
0 554 464 636 610 44638 0 1 1 setting 
0 563 465 644 611 44639 0 1 1 setting 
0 572 466 652 613 44640 0 1 1 setting 
0 581 467 660 614 44641 0 1 1 setting 
0 589 467 668 615 44642 0 1 1 setting 
0 598 468 676 616 44643 0 1 1 setting 
0 607 469 684 617 44644 0 1 1 setting 
0 616 470 693 619 44645 0 1 1 setting 
0 625 471 701 620 44646 0 1 1 setting 
0 634 472 709 621 44647 0 1 1 setting 
0 643 473 717 622 44648 0 1 1 setting 
0 651 473 725 623 44649 0 1 1 setting 
0 660 474 733 625 44650 0 1 1 setting 
0 669 475 741 626 44651 0 1 1 setting 
0 678 476 749 627 44652 0 1 1 setting 
0 687 477 757 628 44653 0 1 1 setting 
0 696 478 765 629 44654 0 1 1 setting 
1 517 428 564 570 44635 0 0 0 setting 
1 517 430 568 570 44636 0 0 1 standing 
1 518 432 573 570 44637 0 0 1 standing 
1 519 435 578 570 44638 0 0 1 standing 
1 519 437 582 570 44639 0 0 1 standing 
1 520 439 587 570 44640 0 0 1 standing 
1 521 442 592 571 44641 0 0 0 standing 
1 528 442 601 571 44642 0 0 1 standing 
1 535 442 611 571 44643 0 0 1 standing 
1 542 442 621 571 44644 0 0 0 standing 
1 547 440 630 570 44645 0 0 1 standing 
1 552 438 639 569 44646 0 0 1 standing 
1 558 437 649 568 44647 0 0 0 standing 
1 578 436 662 575 44648 0 0 1 standing 
1 599 436 675 582 44649 0 0 1 standing 
1 620 436 689 590 44650 0 0 0 standing 
1 634 436 703 589 44651 0 0 1 standing 
1 648 437 717 589 44652 0 0 1 standing 
1 662 438 731 589 44653 0 0 1 standing 
1 676 439 745 589 44654 0 0 1 standing 
2 414 330 462 466 44635 0 0 0 standing 
2 415 330 465 467 44636 0 0 1 standing 
2 417 331 468 468 44637 0 0 1 standing 
2 419 332 472 469 44638 0 0 0 standing 
2 420 331 473 468 44639 0 0 1 standing 
2 422 330 475 467 44640 0 0 1 standing 
2 424 330 477 467 44641 0 0 0 standing 
2 427 331 480 468 44642 0 0 1 standing 
2 431 332 484 469 44643 0 0 1 standing 
2 435 333 488 470 44644 0 0 1 standing 
2 438 334 491 471 44645 0 0 1 standing 
2 442 335 495 472 44646 0 0 1 standing 
2 446 336 499 473 44647 0 0 0 standing 
2 452 335 503 472 44648 0 0 1 standing 
2 458 335 507 472 44649 0 0 1 standing 
2 464 335 512 472 44650 0 0 0 standing 
2 468 334 516 472 44651 0 0 1 standing 
2 473 334 520 473 44652 0 0 1 standing 
2 478 334 524 474 44653 0 0 1 standing 
2 483 334 528 475 44654 0 0 1 standing 
3 660 373 710 489 44635 0 0 0 standing 
3 662 373 715 488 44636 0 0 1 standing 
3 664 373 720 488 44637 0 0 1 standing 
3 667 373 725 488 44638 0 0 0 standing 
3 671 368 729 486 44639 0 0 1 standing 
3 675 363 733 485 44640 0 0 1 standing 
3 679 359 737 484 44641 0 0 0 standing 
3 687 355 745 482 44642 0 0 1 standing 
3 695 351 753 480 44643 0 0 1 standing 
3 703 347 761 478 44644 0 0 0 standing 
3 713 347 770 478 44645 0 0 1 standing 
3 723 347 779 478 44646 0 0 1 standing 
3 733 347 788 478 44647 0 0 0 standing 
3 741 345 799 471 44648 0 0 1 standing 
3 749 344 810 464 44649 0 0 1 standing 
3 757 343 821 457 44650 0 0 0 standing 
3 766 339 827 456 44651 0 0 1 standing 
3 776 336 833 456 44652 0 0 1 standing 
3 785 332 839 455 44653 0 0 1 standing 
3 795 329 845 455 44654 0 0 1 standing 
4 793 383 866 508 44635 0 0 0 standing 
4 783 386 863 510 44636 0 0 1 standing 
4 773 389 860 512 44637 0 0 1 standing 
4 763 392 857 515 44638 0 0 0 standing 
4 762 392 860 516 44639 0 0 1 standing 
4 761 393 863 517 44640 0 0 1 standing 
4 760 394 866 518 44641 0 0 0 standing 
4 761 392 860 519 44642 0 0 1 standing 
4 762 390 855 521 44643 0 0 1 standing 
4 763 389 850 523 44644 0 0 0 standing 
4 763 386 839 523 44645 0 0 1 standing 
4 763 384 828 523 44646 0 0 1 standing 
4 763 382 818 524 44647 0 0 0 standing 
4 759 381 814 523 44648 0 0 1 standing 
4 756 380 810 523 44649 0 0 1 standing 
4 753 380 807 523 44650 0 0 0 standing 
4 749 382 804 524 44651 0 0 1 standing 
4 746 384 802 525 44652 0 0 1 standing 
4 743 386 800 526 44653 0 0 1 standing 
4 740 388 798 527 44654 0 0 1 standing 
5 870 473 939 589 44635 0 0 0 standing 
5 859 472 932 589 44636 0 0 1 waiting 
5 848 471 926 589 44637 0 0 1 waiting 
5 838 470 920 589 44638 0 0 0 waiting 
5 823 472 905 591 44639 0 0 1 waiting 
5 808 474 890 593 44640 0 0 1 waiting 
5 794 476 876 596 44641 0 0 0 waiting 
5 791 479 869 595 44642 0 0 1 waiting 
5 789 483 863 595 44643 0 0 1 waiting 
5 787 487 857 595 44644 0 0 0 waiting 
5 786 487 854 599 44645 0 0 1 waiting 
5 785 487 851 603 44646 0 0 1 waiting 
5 784 488 848 608 44647 0 0 0 waiting 
5 788 483 852 608 44648 0 0 1 waiting 
5 792 478 857 609 44649 0 0 1 waiting 
5 797 473 862 610 44650 0 0 0 waiting 
5 805 470 868 608 44651 0 0 1 waiting 
5 814 468 874 607 44652 0 0 1 waiting 
5 822 465 880 606 44653 0 0 1 waiting 
5 831 463 886 605 44654 0 0 1 waiting 
6 950 379 1020 491 44635 0 0 0 waiting 
6 954 374 1020 490 44636 0 0 1 standing 
6 958 369 1020 490 44637 0 0 1 standing 
6 962 365 1021 490 44638 0 0 0 standing 
6 965 366 1024 491 44639 0 0 1 standing 
6 969 367 1028 492 44640 0 0 1 standing 
6 973 368 1032 493 44641 0 0 0 standing 
6 977 368 1036 493 44642 0 0 1 standing 
6 982 368 1041 494 44643 0 0 1 standing 
6 987 369 1046 495 44644 0 0 0 standing 
6 990 366 1051 495 44645 0 0 1 standing 
6 993 363 1056 496 44646 0 0 1 standing 
6 996 361 1062 497 44647 0 0 0 standing 
6 998 364 1068 498 44648 0 0 1 standing 
6 1001 367 1074 499 44649 0 0 1 standing 
6 1004 370 1080 501 44650 0 0 0 standing 
6 1011 370 1085 502 44651 0 0 1 standing 
6 1018 371 1091 503 44652 0 0 1 standing 
6 1025 371 1096 504 44653 0 0 1 standing 
6 1032 372 1102 505 44654 0 0 1 standing 
7 414 383 472 532 44635 0 0 0 standing 
7 414 382 473 531 44636 0 0 1 standing 
7 414 382 475 531 44637 0 0 1 standing 
7 415 382 476 531 44638 0 0 1 standing 
7 415 382 478 530 44639 0 0 1 standing 
7 415 382 479 530 44640 0 0 1 standing 
7 416 382 481 530 44641 0 0 0 standing 
7 419 382 482 529 44642 0 0 1 standing 
7 422 382 483 529 44643 0 0 1 standing 
7 425 382 484 529 44644 0 0 0 standing 
7 430 381 489 528 44645 0 0 1 standing 
7 436 380 495 528 44646 0 0 1 standing 
7 442 380 501 528 44647 0 0 0 standing 
7 449 380 505 529 44648 0 0 1 standing 
7 457 380 509 531 44649 0 0 1 standing 
7 465 380 513 533 44650 0 0 0 standing 
7 470 380 518 532 44651 0 0 1 standing 
7 475 380 523 531 44652 0 0 1 standing 
7 480 380 528 531 44653 0 0 1 standing 
7 485 380 533 530 44654 0 0 1 standing 
8 451 448 504 605 44635 0 0 0 standing 
8 452 446 505 605 44636 0 0 1 standing 
8 453 444 506 605 44637 0 0 1 standing 
8 455 443 508 606 44638 0 0 0 standing 
8 459 442 508 606 44639 0 0 1 standing 
8 463 442 509 606 44640 0 0 1 standing 
8 467 442 510 607 44641 0 0 0 standing 
8 470 440 513 606 44642 0 0 1 standing 
8 473 438 516 605 44643 0 0 1 standing 
8 477 437 519 604 44644 0 0 0 standing 
8 477 437 521 600 44645 0 0 1 standing 
8 477 437 523 596 44646 0 0 1 standing 
8 477 437 525 592 44647 0 0 0 standing 
8 477 437 527 592 44648 0 0 1 standing 
8 478 438 530 593 44649 0 0 1 standing 
8 479 439 533 594 44650 0 0 0 standing 
8 481 438 534 595 44651 0 0 1 standing 
8 483 437 536 596 44652 0 0 1 standing 
8 486 437 538 598 44653 0 0 0 standing 
8 486 437 538 598 44654 0 0 1 standing 
9 314 425 379 577 44635 0 0 0 standing 
9 312 422 372 577 44636 0 0 1 standing 
9 310 420 365 577 44637 0 0 1 standing 
9 308 418 359 577 44638 0 0 0 standing 
9 305 418 356 578 44639 0 0 1 standing 
9 303 418 354 579 44640 0 0 1 standing 
9 301 419 352 581 44641 0 0 0 standing 
9 295 420 353 582 44642 0 0 1 standing 
9 290 421 355 583 44643 0 0 1 standing 
9 285 423 357 584 44644 0 0 0 standing 
9 284 424 360 585 44645 0 0 1 standing 
9 283 426 363 586 44646 0 0 1 standing 
9 283 428 367 587 44647 0 0 0 standing 
9 285 425 364 586 44648 0 0 1 standing 
9 287 423 361 586 44649 0 0 1 standing 
9 290 421 359 586 44650 0 0 0 standing 
9 285 421 353 586 44651 0 0 1 standing 
9 281 422 347 586 44652 0 0 1 standing 
9 277 423 341 586 44653 0 0 1 standing 
9 273 424 335 586 44654 0 0 1 standing 
10 168 409 210 557 44635 0 0 0 standing 
10 164 410 210 558 44636 0 0 1 standing 
10 160 411 210 559 44637 0 0 1 standing 
10 157 412 210 560 44638 0 0 0 standing 
10 157 413 210 561 44639 0 0 1 standing 
10 157 414 210 562 44640 0 0 1 standing 
10 157 415 210 563 44641 0 0 0 standing 
10 160 413 214 563 44642 0 0 1 standing 
10 163 411 219 563 44643 0 0 1 standing 
10 166 409 224 564 44644 0 0 0 standing 
10 172 408 228 557 44645 0 0 1 standing 
10 178 407 232 550 44646 0 0 1 standing 
10 184 407 236 544 44647 0 0 0 standing 
10 184 405 248 543 44648 0 0 1 standing 
10 184 404 260 542 44649 0 0 1 standing 
10 184 403 273 541 44650 0 0 0 standing 
10 190 401 277 537 44651 0 0 1 standing 
10 196 400 282 533 44652 0 0 1 standing 
10 202 399 287 530 44653 0 0 1 standing 
10 208 398 292 526 44654 0 0 1 standing 
11 192 361 245 502 44635 0 0 0 standing 
11 192 361 247 501 44636 0 0 1 standing 
11 192 361 249 500 44637 0 0 1 standing 
11 192 361 252 500 44638 0 0 0 standing 
11 191 361 254 498 44639 0 0 1 standing 
11 190 361 256 496 44640 0 0 1 standing 
11 189 362 259 494 44641 0 0 0 standing 
11 189 363 259 495 44642 0 0 1 standing 
11 189 364 259 496 44643 0 0 1 standing 
11 189 366 259 498 44644 0 0 0 standing 
11 184 367 260 501 44645 0 0 1 standing 
11 179 369 261 504 44646 0 0 1 standing 
11 175 371 262 508 44647 0 0 0 standing 
11 179 370 263 509 44648 0 0 1 standing 
11 184 370 265 510 44649 0 0 1 standing 
11 189 370 267 512 44650 0 0 0 standing 
11 187 369 261 512 44651 0 0 1 standing 
11 186 368 256 512 44652 0 0 1 standing 
11 185 367 250 512 44653 0 0 1 standing 
11 184 366 245 512 44654 0 0 1 standing 
