0 865 435 938 610 81785 0 1 0 spiking 
0 867 427 940 603 81786 0 1 1 spiking 
0 870 419 943 597 81787 0 1 1 spiking 
0 873 411 946 590 81788 0 1 1 spiking 
0 875 403 948 584 81789 0 1 1 spiking 
0 878 395 951 577 81790 0 1 1 spiking 
0 881 388 954 571 81791 0 1 0 spiking 
0 887 388 958 570 81792 0 1 1 spiking 
0 894 388 962 569 81793 0 1 1 spiking 
0 901 388 966 568 81794 0 1 1 spiking 
0 908 389 970 568 81795 0 1 0 spiking 
0 913 401 978 570 81796 0 1 1 spiking 
0 918 414 986 572 81797 0 1 1 spiking 
0 923 426 994 574 81798 0 1 1 spiking 
0 928 439 1003 576 81799 0 1 0 spiking 
0 938 443 1011 577 81800 0 1 1 spiking 
0 949 447 1020 579 81801 0 1 1 spiking 
0 960 451 1028 581 81802 0 1 1 spiking 
0 971 456 1037 583 81803 0 1 0 spiking 
0 971 456 1037 583 81804 0 1 1 spiking 
1 545 468 617 590 81785 0 1 0 spiking 
1 553 453 623 586 81786 0 1 1 blocking 
1 562 439 629 583 81787 0 1 1 blocking 
1 571 424 635 580 81788 0 1 1 blocking 
1 580 410 641 577 81789 0 1 0 blocking 
1 589 402 647 573 81790 0 1 1 blocking 
1 598 395 654 570 81791 0 1 1 blocking 
1 607 388 660 567 81792 0 1 1 blocking 
1 616 381 667 563 81793 0 1 1 blocking 
1 625 374 673 560 81794 0 1 1 blocking 
1 634 367 680 557 81795 0 1 0 blocking 
1 644 368 690 556 81796 0 1 1 blocking 
1 655 369 701 556 81797 0 1 1 blocking 
1 665 370 711 555 81798 0 1 1 blocking 
1 676 371 722 555 81799 0 1 1 blocking 
1 687 372 732 554 81800 0 1 1 blocking 
1 697 373 743 554 81801 0 1 1 blocking 
1 708 374 753 553 81802 0 1 1 blocking 
1 718 375 764 553 81803 0 1 1 blocking 
1 729 376 774 552 81804 0 1 1 blocking 
2 552 465 606 598 81785 0 1 0 blocking 
2 560 456 615 594 81786 0 1 1 blocking 
2 568 448 625 590 81787 0 1 1 blocking 
2 576 440 635 586 81788 0 1 1 blocking 
2 584 432 644 582 81789 0 1 1 blocking 
2 592 424 654 578 81790 0 1 1 blocking 
2 600 415 664 574 81791 0 1 1 blocking 
2 608 407 673 570 81792 0 1 1 blocking 
2 616 399 683 566 81793 0 1 1 blocking 
2 624 391 693 562 81794 0 1 1 blocking 
2 633 383 703 559 81795 0 1 0 blocking 
2 644 382 711 556 81796 0 1 1 blocking 
2 656 381 720 553 81797 0 1 1 blocking 
2 668 380 729 550 81798 0 1 1 blocking 
2 680 380 738 548 81799 0 1 0 blocking 
2 690 386 745 552 81800 0 1 1 blocking 
2 701 392 753 556 81801 0 1 1 blocking 
2 712 398 761 560 81802 0 1 1 blocking 
2 723 404 769 564 81803 0 1 1 blocking 
2 734 410 777 568 81804 0 1 1 blocking 
3 704 430 775 549 81785 0 0 0 blocking 
3 707 428 776 548 81786 0 0 1 standing 
3 711 426 777 548 81787 0 0 1 standing 
3 715 424 778 548 81788 0 0 0 standing 
3 721 422 782 544 81789 0 0 1 standing 
3 727 420 786 540 81790 0 0 1 standing 
3 733 418 791 537 81791 0 0 0 standing 
3 738 417 798 537 81792 0 0 1 standing 
3 743 416 806 537 81793 0 0 1 standing 
3 749 416 814 537 81794 0 0 0 standing 
3 757 415 822 538 81795 0 0 1 standing 
3 765 415 830 539 81796 0 0 1 standing 
3 773 415 838 541 81797 0 0 0 standing 
3 784 416 845 539 81798 0 0 1 standing 
3 795 417 852 538 81799 0 0 1 standing 
3 807 418 860 537 81800 0 0 0 standing 
3 814 419 867 539 81801 0 0 1 standing 
3 821 420 874 541 81802 0 0 1 standing 
3 828 421 881 543 81803 0 0 1 standing 
3 835 422 888 545 81804 0 0 1 standing 
4 650 466 715 604 81785 0 0 0 standing 
4 648 467 716 606 81786 0 0 1 standing 
4 646 468 718 608 81787 0 0 1 standing 
4 644 469 720 611 81788 0 0 0 standing 
4 650 470 728 611 81789 0 0 1 standing 
4 657 471 736 611 81790 0 0 1 standing 
4 664 473 745 611 81791 0 0 0 standing 
4 672 472 757 610 81792 0 0 1 standing 
4 680 472 770 609 81793 0 0 1 standing 
4 688 472 783 609 81794 0 0 0 standing 
4 698 472 795 609 81795 0 0 1 standing 
4 708 472 807 609 81796 0 0 1 standing 
4 719 473 820 610 81797 0 0 0 standing 
4 729 473 830 610 81798 0 0 1 standing 
4 740 473 841 611 81799 0 0 1 standing 
4 751 473 852 612 81800 0 0 0 standing 
4 760 472 862 611 81801 0 0 1 standing 
4 770 471 872 610 81802 0 0 1 standing 
4 779 471 883 609 81803 0 0 1 standing 
4 789 470 893 608 81804 0 0 1 standing 
5 918 414 973 535 81785 0 0 0 standing 
5 918 414 976 535 81786 0 0 1 standing 
5 918 415 979 535 81787 0 0 1 standing 
5 919 416 983 535 81788 0 0 0 standing 
5 926 417 990 536 81789 0 0 1 standing 
5 933 418 997 537 81790 0 0 1 standing 
5 940 419 1004 538 81791 0 0 0 standing 
5 945 419 1011 538 81792 0 0 1 standing 
5 951 420 1019 538 81793 0 0 1 standing 
5 957 421 1027 539 81794 0 0 0 standing 
5 966 420 1032 541 81795 0 0 1 standing 
5 975 419 1037 544 81796 0 0 1 standing 
5 984 418 1043 547 81797 0 0 0 standing 
5 993 420 1050 549 81798 0 0 1 standing 
5 1003 422 1058 551 81799 0 0 1 standing 
5 1013 424 1066 553 81800 0 0 0 standing 
5 1021 426 1074 553 81801 0 0 1 standing 
5 1029 428 1082 554 81802 0 0 1 standing 
5 1038 430 1091 555 81803 0 0 1 standing 
5 1046 432 1099 556 81804 0 0 1 standing 
6 1112 497 1173 646 81785 0 0 0 standing 
6 1116 497 1178 646 81786 0 0 1 standing 
6 1120 497 1183 646 81787 0 0 1 standing 
6 1124 497 1188 646 81788 0 0 0 standing 
6 1131 495 1195 646 81789 0 0 1 standing 
6 1138 493 1202 646 81790 0 0 1 standing 
6 1146 491 1210 646 81791 0 0 0 standing 
6 1156 489 1219 644 81792 0 0 1 standing 
6 1166 487 1228 642 81793 0 0 1 standing 
6 1177 485 1237 641 81794 0 0 0 standing 
6 1189 482 1248 639 81795 0 0 1 standing 
6 1201 479 1259 637 81796 0 0 1 standing 
6 1213 476 1270 636 81797 0 0 0 standing 
6 1225 473 1272 620 81798 0 0 1 standing 
6 1237 471 1274 605 81799 0 0 1 standing 
6 1249 469 1277 590 81800 1 0 0 standing 
6 1249 469 1277 590 81801 1 0 1 standing 
6 1249 469 1277 590 81802 1 0 1 standing 
6 1249 469 1277 590 81803 1 0 0 standing 
6 1249 469 1277 590 81804 1 0 1 standing 
7 870 378 915 505 81785 0 0 0 standing 
7 869 378 916 505 81786 0 0 1 spiking 
7 868 378 917 505 81787 0 0 1 spiking 
7 867 379 918 505 81788 0 0 1 spiking 
7 866 379 919 505 81789 0 0 1 spiking 
7 865 379 920 505 81790 0 0 1 spiking 
7 865 380 922 505 81791 0 0 0 spiking 
7 869 381 928 508 81792 0 0 1 spiking 
7 873 382 935 511 81793 0 0 1 spiking 
7 877 383 942 514 81794 0 0 0 spiking 
7 887 383 950 514 81795 0 0 1 spiking 
7 897 383 958 514 81796 0 0 1 spiking 
7 907 383 966 514 81797 0 0 0 spiking 
7 916 384 970 515 81798 0 0 1 spiking 
7 925 385 974 516 81799 0 0 1 spiking 
7 935 386 978 517 81800 0 0 0 spiking 
7 942 386 986 519 81801 0 0 1 spiking 
7 950 386 995 521 81802 0 0 1 spiking 
7 958 386 1003 523 81803 0 0 1 spiking 
7 966 386 1012 525 81804 0 0 1 spiking 
8 218 405 260 507 81785 0 0 0 spiking 
8 222 406 268 507 81786 0 0 1 digging 
8 226 407 276 508 81787 0 0 1 digging 
8 230 409 284 509 81788 0 0 0 digging 
8 238 409 292 511 81789 0 0 1 digging 
8 246 409 300 514 81790 0 0 1 digging 
8 255 410 308 517 81791 0 0 0 digging 
8 264 410 319 515 81792 0 0 1 digging 
8 273 410 330 514 81793 0 0 1 digging 
8 283 410 341 513 81794 0 0 0 digging 
8 293 411 355 514 81795 0 0 1 digging 
8 303 413 369 515 81796 0 0 1 digging 
8 313 415 383 516 81797 0 0 0 digging 
8 324 416 396 517 81798 0 0 1 digging 
8 335 417 409 518 81799 0 0 1 digging 
8 346 419 423 520 81800 0 0 0 digging 
8 356 420 433 520 81801 0 0 1 digging 
8 367 421 444 520 81802 0 0 1 digging 
8 378 422 455 520 81803 0 0 1 digging 
8 389 423 466 520 81804 0 0 1 digging 
9 199 509 281 634 81785 0 0 0 digging 
9 203 508 285 633 81786 0 0 1 digging 
9 208 508 289 632 81787 0 0 1 digging 
9 213 508 294 632 81788 0 0 0 digging 
9 220 508 301 631 81789 0 0 1 digging 
9 227 508 308 631 81790 0 0 1 digging 
9 234 508 316 631 81791 0 0 0 digging 
9 244 507 322 630 81792 0 0 1 digging 
9 254 506 329 629 81793 0 0 1 digging 
9 265 506 336 629 81794 0 0 0 digging 
9 275 505 348 629 81795 0 0 1 digging 
9 285 504 360 629 81796 0 0 1 digging 
9 295 503 372 629 81797 0 0 0 digging 
9 300 502 386 629 81798 0 0 1 digging 
9 305 502 401 630 81799 0 0 1 digging 
9 310 502 416 631 81800 0 0 0 digging 
9 325 498 425 628 81801 0 0 1 digging 
9 340 494 434 625 81802 0 0 1 digging 
9 356 490 444 622 81803 0 0 1 digging 
9 371 486 453 619 81804 0 0 1 digging 
10 51 449 127 573 81785 0 0 0 digging 
10 60 449 133 575 81786 0 0 1 standing 
10 69 449 139 577 81787 0 0 1 standing 
10 79 449 145 580 81788 0 0 0 standing 
10 89 448 152 579 81789 0 0 1 standing 
10 99 448 160 578 81790 0 0 1 standing 
10 109 448 168 578 81791 0 0 0 standing 
10 122 447 180 577 81792 0 0 1 standing 
10 135 446 193 577 81793 0 0 1 standing 
10 148 446 206 577 81794 0 0 0 standing 
10 159 446 221 576 81795 0 0 1 standing 
10 170 446 236 575 81796 0 0 1 standing 
10 181 446 252 575 81797 0 0 0 standing 
10 197 446 265 576 81798 0 0 1 standing 
10 213 447 279 577 81799 0 0 1 standing 
10 229 448 293 578 81800 0 0 0 standing 
10 238 448 308 577 81801 0 0 1 standing 
10 248 449 323 577 81802 0 0 1 standing 
10 258 450 338 577 81803 0 0 1 standing 
10 268 451 353 577 81804 0 0 1 standing 
11 552 485 611 616 81785 0 0 0 standing 
11 557 485 616 612 81786 0 0 1 standing 
11 562 485 621 608 81787 0 0 1 standing 
11 568 485 626 605 81788 0 0 0 standing 
11 574 484 632 607 81789 0 0 1 standing 
11 581 484 639 610 81790 0 0 1 standing 
11 588 484 646 613 81791 0 0 0 standing 
11 596 482 651 611 81792 0 0 1 standing 
11 604 480 656 609 81793 0 0 1 standing 
11 613 478 662 608 81794 0 0 0 standing 
11 623 478 672 608 81795 0 0 1 standing 
11 633 478 682 608 81796 0 0 1 standing 
11 643 478 692 608 81797 0 0 0 standing 
11 648 481 703 612 81798 0 0 1 standing 
11 654 484 715 616 81799 0 0 1 standing 
11 660 487 727 620 81800 0 0 0 standing 
11 664 487 737 620 81801 0 0 1 standing 
11 669 488 747 620 81802 0 0 1 standing 
11 673 488 758 620 81803 0 0 1 standing 
11 678 489 768 620 81804 0 0 1 standing 
