0 280 491 331 587 44555 0 1 0 digging 
0 278 490 332 585 44556 0 1 1 digging 
0 277 489 334 584 44557 0 1 1 digging 
0 276 489 336 583 44558 0 1 1 digging 
0 275 488 337 582 44559 0 1 1 digging 
0 274 488 339 581 44560 0 1 1 digging 
0 273 487 341 580 44561 0 1 1 digging 
0 272 486 342 579 44562 0 1 1 digging 
0 271 486 344 578 44563 0 1 1 digging 
0 270 485 346 577 44564 0 1 1 digging 
0 269 485 348 576 44565 0 1 0 digging 
0 266 484 348 576 44566 0 1 1 digging 
0 264 484 348 576 44567 0 1 1 digging 
0 262 483 348 576 44568 0 1 1 digging 
0 259 483 348 576 44569 0 1 1 digging 
0 257 482 348 576 44570 0 1 1 digging 
0 255 482 348 576 44571 0 1 1 digging 
0 253 481 348 576 44572 0 1 1 digging 
0 250 481 348 576 44573 0 1 1 digging 
0 248 480 348 576 44574 0 1 1 digging 
1 350 388 394 495 44555 0 0 0 digging 
1 351 387 395 494 44556 0 0 1 standing 
1 352 387 396 494 44557 0 0 1 standing 
1 353 386 397 493 44558 0 0 1 standing 
1 354 386 398 493 44559 0 0 1 standing 
1 355 385 399 492 44560 0 0 1 standing 
1 356 385 400 492 44561 0 0 1 standing 
1 357 384 401 491 44562 0 0 1 standing 
1 358 384 402 491 44563 0 0 1 standing 
1 359 383 403 490 44564 0 0 1 standing 
1 360 383 404 490 44565 0 0 0 standing 
1 358 382 403 489 44566 0 0 1 standing 
1 357 381 403 489 44567 0 0 1 standing 
1 356 381 403 489 44568 0 0 1 standing 
1 355 380 402 489 44569 0 0 1 standing 
1 354 379 402 489 44570 0 0 1 standing 
1 353 379 402 489 44571 0 0 0 standing 
1 348 379 397 489 44572 0 0 1 standing 
1 344 379 392 490 44573 0 0 1 standing 
1 340 379 387 491 44574 0 0 1 standing 
2 431 480 519 607 44555 0 0 0 standing 
2 441 478 519 606 44556 0 0 1 standing 
2 452 476 520 605 44557 0 0 1 standing 
2 463 474 521 604 44558 0 0 0 standing 
2 474 473 532 604 44559 0 0 1 standing 
2 485 473 543 605 44560 0 0 1 standing 
2 496 472 554 605 44561 0 0 1 standing 
2 507 472 565 606 44562 0 0 0 standing 
2 514 471 573 607 44563 0 0 1 standing 
2 521 471 581 608 44564 0 0 1 standing 
2 528 471 589 609 44565 0 0 1 standing 
2 535 471 597 610 44566 0 0 1 standing 
2 542 471 605 611 44567 0 0 1 standing 
2 549 471 613 612 44568 0 0 1 standing 
2 556 471 622 613 44569 0 0 0 standing 
2 559 469 625 610 44570 0 0 1 standing 
2 563 468 629 608 44571 0 0 1 standing 
2 567 467 633 606 44572 0 0 1 standing 
2 570 466 637 603 44573 0 0 1 standing 
2 574 465 641 601 44574 0 0 1 standing 
3 471 361 524 475 44555 0 0 0 standing 
3 473 359 525 473 44556 0 0 1 standing 
3 475 358 526 472 44557 0 0 1 standing 
3 477 357 527 471 44558 0 0 1 standing 
3 479 356 528 470 44559 0 0 1 standing 
3 482 355 530 469 44560 0 0 0 standing 
3 481 353 528 467 44561 0 0 1 standing 
3 481 352 527 466 44562 0 0 1 standing 
3 480 351 525 464 44563 0 0 1 standing 
3 480 350 524 463 44564 0 0 1 standing 
3 480 349 523 462 44565 0 0 0 standing 
3 478 347 521 462 44566 0 0 1 standing 
3 476 346 519 462 44567 0 0 1 standing 
3 474 345 517 462 44568 0 0 1 standing 
3 472 343 515 462 44569 0 0 1 standing 
3 470 342 513 462 44570 0 0 1 standing 
3 468 341 511 462 44571 0 0 1 standing 
3 467 340 509 463 44572 0 0 0 standing 
3 463 339 505 463 44573 0 0 1 standing 
3 460 338 502 463 44574 0 0 1 standing 
4 711 419 752 549 44555 0 0 0 standing 
4 715 418 755 548 44556 0 0 1 blocking 
4 719 417 759 548 44557 0 0 1 blocking 
4 723 416 763 548 44558 0 0 1 blocking 
4 727 415 767 548 44559 0 0 1 blocking 
4 731 414 771 548 44560 0 0 1 blocking 
4 735 414 775 548 44561 0 0 0 blocking 
4 736 413 776 548 44562 0 0 1 blocking 
4 738 412 778 548 44563 0 0 1 blocking 
4 740 411 780 548 44564 0 0 1 blocking 
4 742 411 782 549 44565 0 0 0 blocking 
4 745 410 785 548 44566 0 0 1 blocking 
4 748 409 788 547 44567 0 0 1 blocking 
4 751 409 791 547 44568 0 0 0 blocking 
4 751 409 791 547 44569 0 0 1 blocking 
4 752 410 792 548 44570 0 0 1 blocking 
4 753 411 793 549 44571 0 0 1 blocking 
4 753 411 793 549 44572 0 0 1 blocking 
4 754 412 794 550 44573 0 0 1 blocking 
4 755 413 795 551 44574 0 0 0 blocking 
5 770 411 812 529 44555 0 0 0 blocking 
5 770 409 812 528 44556 0 0 1 standing 
5 771 407 812 528 44557 0 0 1 standing 
5 772 406 812 527 44558 0 0 1 standing 
5 773 404 812 527 44559 0 0 1 standing 
5 774 403 812 526 44560 0 0 1 standing 
5 774 401 812 526 44561 0 0 1 standing 
5 775 399 812 525 44562 0 0 1 standing 
5 776 398 812 525 44563 0 0 1 standing 
5 777 396 812 524 44564 0 0 1 standing 
5 778 395 812 524 44565 0 0 0 standing 
5 778 394 812 523 44566 0 0 1 standing 
5 778 394 812 523 44567 0 0 1 standing 
5 778 394 812 523 44568 0 0 0 standing 
5 777 394 811 523 44569 0 0 1 standing 
5 776 394 810 523 44570 0 0 1 standing 
5 775 394 809 523 44571 0 0 1 standing 
5 774 394 808 523 44572 0 0 1 standing 
5 773 394 807 523 44573 0 0 1 standing 
5 772 394 806 523 44574 0 0 1 standing 
6 878 447 916 553 44555 0 0 0 standing 
6 884 444 922 552 44556 0 0 1 standing 
6 891 442 929 552 44557 0 0 1 standing 
6 898 440 936 552 44558 0 0 0 standing 
6 903 441 941 555 44559 0 0 1 standing 
6 909 443 947 559 44560 0 0 1 standing 
6 915 444 952 562 44561 0 0 1 standing 
6 920 446 958 566 44562 0 0 1 standing 
6 926 447 963 569 44563 0 0 1 standing 
6 932 449 969 573 44564 0 0 1 standing 
6 938 451 975 577 44565 0 0 0 standing 
6 943 451 981 578 44566 0 0 1 standing 
6 948 452 988 579 44567 0 0 1 standing 
6 954 452 995 580 44568 0 0 1 standing 
6 959 453 1002 581 44569 0 0 1 standing 
6 965 454 1009 582 44570 0 0 0 standing 
6 968 457 1013 585 44571 0 0 1 standing 
6 972 460 1018 588 44572 0 0 1 standing 
6 975 463 1023 592 44573 0 0 1 standing 
6 979 466 1028 595 44574 0 0 1 standing 
7 1070 441 1120 564 44555 0 0 0 standing 
7 1078 440 1128 563 44556 0 0 1 standing 
7 1086 440 1136 563 44557 0 0 1 standing 
7 1094 439 1144 562 44558 0 0 1 standing 
7 1102 439 1153 562 44559 0 0 1 standing 
7 1110 438 1161 561 44560 0 0 1 standing 
7 1118 438 1169 561 44561 0 0 1 standing 
7 1126 438 1177 560 44562 0 0 1 standing 
7 1134 437 1186 560 44563 0 0 1 standing 
7 1142 437 1194 559 44564 0 0 1 standing 
7 1150 436 1202 559 44565 0 0 1 standing 
7 1158 436 1210 558 44566 0 0 1 standing 
7 1166 436 1219 558 44567 0 0 0 standing 
7 1171 436 1226 558 44568 0 0 1 standing 
7 1177 437 1233 559 44569 0 0 1 standing 
7 1183 437 1240 559 44570 0 0 1 standing 
7 1189 438 1248 560 44571 0 0 0 standing 
7 1189 438 1250 560 44572 0 0 1 standing 
7 1190 439 1252 561 44573 0 0 1 standing 
7 1191 439 1254 561 44574 0 0 1 standing 
8 1119 373 1160 483 44555 0 0 0 standing 
8 1118 372 1159 482 44556 0 0 1 standing 
8 1117 372 1158 482 44557 0 0 1 standing 
8 1117 371 1158 481 44558 0 0 1 standing 
8 1116 371 1157 481 44559 0 0 1 standing 
8 1115 371 1156 481 44560 0 0 1 standing 
8 1115 370 1156 480 44561 0 0 1 standing 
8 1114 370 1155 480 44562 0 0 1 standing 
8 1113 370 1154 480 44563 0 0 1 standing 
8 1113 369 1154 479 44564 0 0 1 standing 
8 1112 369 1153 479 44565 0 0 1 standing 
8 1112 369 1153 479 44566 0 0 0 standing 
8 1110 368 1151 479 44567 0 0 1 standing 
8 1108 368 1150 480 44568 0 0 1 standing 
8 1106 368 1149 481 44569 0 0 1 standing 
8 1105 368 1148 482 44570 0 0 0 standing 
8 1100 367 1144 482 44571 0 0 1 standing 
8 1096 367 1140 482 44572 0 0 1 standing 
8 1091 366 1136 483 44573 0 0 1 standing 
8 1087 366 1132 483 44574 0 0 1 standing 
9 276 422 318 538 44555 0 0 0 standing 
9 274 421 316 537 44556 0 0 1 standing 
9 272 420 314 536 44557 0 0 1 standing 
9 270 419 312 535 44558 0 0 1 standing 
9 269 418 311 534 44559 0 0 0 standing 
9 265 418 309 535 44560 0 0 1 standing 
9 262 418 308 537 44561 0 0 1 standing 
9 259 419 306 539 44562 0 0 1 standing 
9 256 419 305 541 44563 0 0 1 standing 
9 253 420 304 543 44564 0 0 0 standing 
9 253 418 304 542 44565 0 0 1 standing 
9 254 416 305 542 44566 0 0 1 standing 
9 255 414 305 542 44567 0 0 1 standing 
9 256 412 306 542 44568 0 0 1 standing 
9 257 410 307 542 44569 0 0 0 standing 
9 257 410 307 542 44570 0 0 1 standing 
9 257 411 307 543 44571 0 0 1 standing 
9 257 412 307 544 44572 0 0 1 standing 
9 257 413 307 545 44573 0 0 1 standing 
9 257 413 307 545 44574 0 0 1 standing 
10 462 430 522 530 44555 0 0 0 standing 
10 462 427 521 531 44556 0 0 1 standing 
10 462 424 521 532 44557 0 0 1 standing 
10 462 422 521 534 44558 0 0 1 standing 
10 462 419 521 535 44559 0 0 1 standing 
10 462 417 521 537 44560 0 0 0 standing 
10 462 415 520 537 44561 0 0 1 standing 
10 462 414 520 537 44562 0 0 1 standing 
10 462 412 519 537 44563 0 0 1 standing 
10 462 411 519 537 44564 0 0 0 standing 
10 460 409 517 538 44565 0 0 1 standing 
10 459 408 516 539 44566 0 0 1 standing 
10 457 407 515 540 44567 0 0 1 standing 
10 456 406 514 541 44568 0 0 0 standing 
10 453 407 512 540 44569 0 0 1 standing 
10 451 408 510 539 44570 0 0 1 standing 
10 449 409 508 538 44571 0 0 1 standing 
10 447 410 507 537 44572 0 0 0 standing 
10 438 412 504 539 44573 0 0 1 standing 
10 429 415 502 541 44574 0 0 1 standing 
11 747 435 799 544 44555 0 0 0 standing 
11 751 435 801 544 44556 0 0 1 standing 
11 756 435 804 544 44557 0 0 1 standing 
11 761 436 807 544 44558 0 0 0 standing 
11 762 435 808 546 44559 0 0 1 standing 
11 764 434 810 548 44560 0 0 1 standing 
11 766 433 811 550 44561 0 0 1 standing 
11 768 433 813 553 44562 0 0 0 standing 
11 769 434 814 554 44563 0 0 1 standing 
11 771 435 816 555 44564 0 0 1 standing 
11 773 436 818 556 44565 0 0 1 standing 
11 775 438 820 558 44566 0 0 0 standing 
11 775 438 819 561 44567 0 0 1 standing 
11 775 438 819 565 44568 0 0 1 standing 
11 775 439 819 569 44569 0 0 1 standing 
11 775 439 819 573 44570 0 0 1 standing 
11 775 440 819 577 44571 0 0 0 standing 
11 773 440 817 577 44572 0 0 1 standing 
11 771 440 815 577 44573 0 0 1 standing 
11 769 440 813 577 44574 0 0 0 standing 
