0 475 288 525 415 52015 0 1 0 spiking 
0 470 294 520 421 52016 0 1 1 spiking 
0 465 300 515 427 52017 0 1 1 spiking 
0 460 306 510 433 52018 0 1 1 spiking 
0 455 312 505 439 52019 0 1 1 spiking 
0 450 318 500 446 52020 0 1 1 spiking 
0 445 324 495 452 52021 0 1 1 spiking 
0 440 330 490 458 52022 0 1 1 spiking 
0 435 336 485 464 52023 0 1 1 spiking 
0 430 342 480 470 52024 0 1 1 spiking 
0 426 349 475 477 52025 0 1 0 spiking 
0 421 349 470 477 52026 0 1 1 spiking 
0 416 350 465 478 52027 0 1 1 spiking 
0 412 351 460 478 52028 0 1 1 spiking 
0 407 352 455 479 52029 0 1 1 spiking 
0 403 353 451 479 52030 0 1 1 spiking 
0 398 353 446 480 52031 0 1 1 spiking 
0 393 354 441 480 52032 0 1 1 spiking 
0 389 355 436 481 52033 0 1 1 spiking 
0 384 356 431 481 52034 0 1 1 spiking 
1 563 300 612 456 52015 0 1 0 spiking 
1 557 304 606 457 52016 0 1 1 blocking 
1 552 308 601 459 52017 0 1 1 blocking 
1 547 312 596 461 52018 0 1 1 blocking 
1 542 316 590 463 52019 0 1 1 blocking 
1 537 320 585 465 52020 0 1 1 blocking 
1 532 324 580 466 52021 0 1 1 blocking 
1 527 328 574 468 52022 0 1 1 blocking 
1 522 332 569 470 52023 0 1 1 blocking 
1 517 336 564 472 52024 0 1 1 blocking 
1 512 341 559 474 52025 0 1 0 blocking 
1 509 342 556 473 52026 0 1 1 blocking 
1 506 344 554 473 52027 0 1 1 blocking 
1 503 346 552 473 52028 0 1 1 blocking 
1 501 347 550 472 52029 0 1 1 blocking 
1 498 349 548 472 52030 0 1 1 blocking 
1 495 351 546 472 52031 0 1 1 blocking 
1 493 352 544 471 52032 0 1 1 blocking 
1 490 354 542 471 52033 0 1 1 blocking 
1 487 356 540 471 52034 0 1 1 blocking 
2 569 299 610 444 52015 0 1 0 blocking 
2 562 302 603 447 52016 0 1 1 blocking 
2 556 306 597 451 52017 0 1 1 blocking 
2 550 309 591 454 52018 0 1 1 blocking 
2 543 313 584 458 52019 0 1 1 blocking 
2 537 317 578 462 52020 0 1 1 blocking 
2 531 320 572 465 52021 0 1 1 blocking 
2 524 324 565 469 52022 0 1 1 blocking 
2 518 327 559 472 52023 0 1 1 blocking 
2 512 331 553 476 52024 0 1 1 blocking 
2 506 335 547 480 52025 0 1 0 blocking 
2 502 337 543 478 52026 0 1 1 blocking 
2 498 339 540 477 52027 0 1 1 blocking 
2 495 341 537 475 52028 0 1 1 blocking 
2 491 343 534 474 52029 0 1 1 blocking 
2 488 345 531 472 52030 0 1 1 blocking 
2 484 347 528 471 52031 0 1 1 blocking 
2 480 349 525 469 52032 0 1 1 blocking 
2 477 351 522 468 52033 0 1 1 blocking 
2 473 353 519 466 52034 0 1 1 blocking 
3 357 367 398 481 52015 0 0 0 blocking 
3 352 367 392 481 52016 0 0 1 standing 
3 347 367 387 481 52017 0 0 1 standing 
3 343 367 382 482 52018 0 0 0 standing 
3 339 368 378 481 52019 0 0 1 standing 
3 336 369 375 480 52020 0 0 1 standing 
3 333 371 372 480 52021 0 0 0 standing 
3 326 370 365 479 52022 0 0 1 standing 
3 320 369 358 478 52023 0 0 1 standing 
3 314 369 352 478 52024 0 0 0 standing 
3 309 368 348 477 52025 0 0 1 standing 
3 305 367 344 476 52026 0 0 1 standing 
3 301 366 340 476 52027 0 0 0 standing 
3 295 366 334 479 52028 0 0 1 standing 
3 290 366 329 482 52029 0 0 1 standing 
3 285 367 324 486 52030 0 0 0 standing 
3 281 366 321 485 52031 0 0 1 standing 
3 278 366 318 484 52032 0 0 1 standing 
3 275 366 315 484 52033 0 0 1 standing 
3 272 366 312 483 52034 0 0 1 standing 
4 322 415 376 533 52015 0 0 0 standing 
4 317 415 371 533 52016 0 0 1 standing 
4 312 415 366 533 52017 0 0 1 standing 
4 307 416 361 534 52018 0 0 0 standing 
4 301 416 355 534 52019 0 0 1 standing 
4 295 416 349 534 52020 0 0 1 standing 
4 289 417 343 535 52021 0 0 0 standing 
4 282 417 336 535 52022 0 0 1 standing 
4 275 417 329 536 52023 0 0 1 standing 
4 269 418 322 537 52024 0 0 0 standing 
4 262 414 315 534 52025 0 0 1 standing 
4 256 410 309 531 52026 0 0 1 standing 
4 250 406 303 529 52027 0 0 0 standing 
4 242 405 295 530 52028 0 0 1 standing 
4 234 404 287 531 52029 0 0 1 standing 
4 227 403 280 532 52030 0 0 0 standing 
4 222 402 274 532 52031 0 0 1 standing 
4 217 401 268 532 52032 0 0 1 standing 
4 213 400 263 532 52033 0 0 1 standing 
4 208 399 257 532 52034 0 0 1 standing 
5 400 416 454 535 52015 0 0 0 standing 
5 391 414 445 535 52016 0 0 1 standing 
5 383 413 436 535 52017 0 0 1 standing 
5 375 412 428 536 52018 0 0 0 standing 
5 367 412 420 538 52019 0 0 1 standing 
5 359 413 413 540 52020 0 0 1 standing 
5 352 414 406 543 52021 0 0 0 standing 
5 344 413 397 543 52022 0 0 1 standing 
5 336 412 389 543 52023 0 0 1 standing 
5 328 411 381 543 52024 0 0 1 standing 
5 320 410 373 543 52025 0 0 1 standing 
5 312 409 365 543 52026 0 0 1 standing 
5 305 409 357 544 52027 0 0 0 standing 
5 298 408 350 544 52028 0 0 1 standing 
5 291 407 343 544 52029 0 0 1 standing 
5 285 406 337 545 52030 0 0 0 standing 
5 278 408 330 546 52031 0 0 1 standing 
5 271 410 324 547 52032 0 0 1 standing 
5 265 413 317 548 52033 0 0 1 standing 
5 258 415 311 549 52034 0 0 1 standing 
6 408 464 476 624 52015 0 0 0 standing 
6 403 460 471 620 52016 0 0 1 standing 
6 399 457 466 616 52017 0 0 1 standing 
6 395 454 462 613 52018 0 0 0 standing 
6 391 452 457 612 52019 0 0 1 standing 
6 388 450 453 611 52020 0 0 1 standing 
6 385 448 449 611 52021 0 0 0 standing 
6 381 448 445 610 52022 0 0 1 standing 
6 378 448 441 610 52023 0 0 1 standing 
6 375 449 437 609 52024 0 0 1 standing 
6 372 449 433 609 52025 0 0 1 standing 
6 369 449 429 608 52026 0 0 1 standing 
6 366 450 425 608 52027 0 0 0 standing 
6 361 449 421 607 52028 0 0 1 standing 
6 357 448 417 607 52029 0 0 1 standing 
6 353 448 413 607 52030 0 0 0 standing 
6 351 445 413 603 52031 0 0 1 standing 
6 349 442 413 599 52032 0 0 1 standing 
6 347 440 413 595 52033 0 0 1 standing 
6 345 437 413 591 52034 0 0 1 standing 
7 507 379 550 513 52015 0 0 0 standing 
7 500 379 543 513 52016 0 0 1 standing 
7 494 380 537 514 52017 0 0 1 standing 
7 487 380 530 515 52018 0 0 1 standing 
7 481 381 524 515 52019 0 0 1 standing 
7 474 382 517 516 52020 0 0 1 standing 
7 468 382 511 517 52021 0 0 1 standing 
7 461 383 504 517 52022 0 0 1 standing 
7 455 383 498 518 52023 0 0 1 standing 
7 448 384 491 519 52024 0 0 1 standing 
7 442 385 485 520 52025 0 0 0 standing 
7 436 384 479 521 52026 0 0 1 standing 
7 430 383 473 522 52027 0 0 1 standing 
7 425 382 468 523 52028 0 0 1 standing 
7 419 381 462 524 52029 0 0 1 standing 
7 414 381 457 525 52030 0 0 0 standing 
7 411 380 453 525 52031 0 0 1 standing 
7 408 380 450 526 52032 0 0 1 standing 
7 405 380 447 526 52033 0 0 1 standing 
7 402 380 444 527 52034 0 0 1 standing 
8 704 468 762 592 52015 0 0 0 standing 
8 705 468 771 594 52016 0 0 1 digging 
8 706 469 781 596 52017 0 0 1 digging 
8 707 470 791 598 52018 0 0 0 digging 
8 705 474 793 597 52019 0 0 1 digging 
8 703 478 795 597 52020 0 0 1 digging 
8 701 483 798 597 52021 0 0 0 digging 
8 695 483 792 598 52022 0 0 1 digging 
8 689 483 787 599 52023 0 0 1 digging 
8 683 483 782 601 52024 0 0 0 digging 
8 685 478 777 600 52025 0 0 1 digging 
8 687 473 772 599 52026 0 0 1 digging 
8 689 469 767 598 52027 0 0 0 digging 
8 694 467 767 598 52028 0 0 1 digging 
8 700 465 768 598 52029 0 0 1 digging 
8 706 464 769 598 52030 0 0 0 digging 
8 706 467 779 599 52031 0 0 1 digging 
8 706 470 789 600 52032 0 0 1 digging 
8 707 474 800 601 52033 0 0 1 digging 
8 707 477 810 602 52034 0 0 1 digging 
9 898 373 951 477 52015 0 0 0 digging 
9 895 373 951 477 52016 0 0 1 digging 
9 893 373 952 477 52017 0 0 1 digging 
9 891 374 953 478 52018 0 0 0 digging 
9 890 377 948 478 52019 0 0 1 digging 
9 889 380 943 478 52020 0 0 1 digging 
9 889 384 939 478 52021 0 0 0 digging 
9 883 380 934 477 52022 0 0 1 digging 
9 878 377 929 477 52023 0 0 1 digging 
9 873 373 925 476 52024 0 0 1 digging 
9 867 370 920 476 52025 0 0 1 digging 
9 862 366 915 475 52026 0 0 1 digging 
9 857 363 911 475 52027 0 0 0 digging 
9 853 361 909 473 52028 0 0 1 digging 
9 850 360 907 471 52029 0 0 1 digging 
9 847 359 906 469 52030 0 0 0 digging 
9 844 361 907 468 52031 0 0 1 digging 
9 842 363 908 468 52032 0 0 1 digging 
9 839 365 910 468 52033 0 0 1 digging 
9 837 367 911 468 52034 0 0 1 digging 
10 959 455 1023 564 52015 0 0 0 digging 
10 955 454 1019 563 52016 0 0 1 digging 
10 951 454 1016 562 52017 0 0 1 digging 
10 948 454 1013 562 52018 0 0 0 digging 
10 943 455 1008 563 52019 0 0 1 digging 
10 938 457 1003 565 52020 0 0 1 digging 
10 934 459 999 567 52021 0 0 0 digging 
10 928 458 993 566 52022 0 0 1 digging 
10 923 457 988 565 52023 0 0 1 digging 
10 917 456 983 565 52024 0 0 1 digging 
10 912 455 978 564 52025 0 0 1 digging 
10 906 454 973 563 52026 0 0 1 digging 
10 901 454 968 563 52027 0 0 0 digging 
10 893 454 965 563 52028 0 0 1 digging 
10 885 455 963 563 52029 0 0 1 digging 
10 878 456 961 564 52030 0 0 0 digging 
10 876 456 960 564 52031 0 0 1 digging 
10 874 457 959 565 52032 0 0 1 digging 
10 873 457 958 566 52033 0 0 1 digging 
10 871 458 957 567 52034 0 0 1 digging 
11 1006 412 1070 524 52015 0 0 0 digging 
11 1002 412 1066 523 52016 0 0 1 digging 
11 998 412 1062 523 52017 0 0 1 digging 
11 994 412 1058 523 52018 0 0 1 digging 
11 990 412 1054 522 52019 0 0 1 digging 
11 986 412 1050 522 52020 0 0 1 digging 
11 983 413 1046 522 52021 0 0 0 digging 
11 978 411 1038 521 52022 0 0 1 digging 
11 973 409 1030 520 52023 0 0 1 digging 
11 968 408 1022 520 52024 0 0 0 digging 
11 965 406 1016 518 52025 0 0 1 digging 
11 962 404 1011 516 52026 0 0 1 digging 
11 959 403 1006 515 52027 0 0 0 digging 
11 952 404 1001 510 52028 0 0 1 digging 
11 945 405 996 505 52029 0 0 1 digging 
11 938 406 991 500 52030 0 0 0 digging 
11 934 409 990 499 52031 0 0 1 digging 
11 931 412 989 498 52032 0 0 1 digging 
11 927 416 989 498 52033 0 0 1 digging 
11 924 419 988 497 52034 0 0 1 digging 
