0 727 418 809 547 32085 0 1 0 setting 
0 717 413 799 545 32086 0 1 1 setting 
0 707 408 789 544 32087 0 1 1 setting 
0 698 403 779 543 32088 0 1 1 setting 
0 688 399 770 542 32089 0 1 1 setting 
0 679 394 760 541 32090 0 1 1 setting 
0 669 389 750 540 32091 0 1 1 setting 
0 659 385 741 539 32092 0 1 1 setting 
0 650 380 731 538 32093 0 1 1 setting 
0 640 375 721 537 32094 0 1 1 setting 
0 631 371 712 536 32095 0 1 0 setting 
0 628 374 710 537 32096 0 1 1 setting 
0 625 378 708 538 32097 0 1 1 setting 
0 622 381 706 539 32098 0 1 1 setting 
0 619 385 704 540 32099 0 1 1 setting 
0 616 388 703 541 32100 0 1 1 setting 
0 613 392 701 542 32101 0 1 1 setting 
0 610 395 699 543 32102 0 1 1 setting 
0 607 399 697 544 32103 0 1 1 setting 
0 604 402 695 545 32104 0 1 1 setting 
1 544 326 603 446 32085 0 0 0 setting 
1 532 325 592 445 32086 0 0 1 standing 
1 520 325 582 445 32087 0 0 1 standing 
1 508 325 571 445 32088 0 0 1 standing 
1 496 325 561 445 32089 0 0 1 standing 
1 484 325 550 445 32090 0 0 1 standing 
1 472 325 540 444 32091 0 0 1 standing 
1 460 325 529 444 32092 0 0 1 standing 
1 448 325 519 444 32093 0 0 1 standing 
1 436 325 508 444 32094 0 0 1 standing 
1 425 325 498 444 32095 0 0 0 standing 
1 421 327 494 446 32096 0 0 1 standing 
1 418 329 491 448 32097 0 0 1 standing 
1 414 331 487 450 32098 0 0 1 standing 
1 411 333 484 452 32099 0 0 1 standing 
1 408 335 481 454 32100 0 0 1 standing 
1 404 337 477 456 32101 0 0 1 standing 
1 401 339 474 458 32102 0 0 1 standing 
1 397 341 470 460 32103 0 0 1 standing 
1 394 343 467 462 32104 0 0 1 standing 
2 592 435 700 587 32085 0 0 0 standing 
2 573 434 681 586 32086 0 0 1 standing 
2 554 434 662 586 32087 0 0 1 standing 
2 535 433 643 585 32088 0 0 1 standing 
2 516 433 624 585 32089 0 0 1 standing 
2 497 433 605 585 32090 0 0 1 standing 
2 478 432 586 584 32091 0 0 1 standing 
2 459 432 567 584 32092 0 0 1 standing 
2 440 431 548 583 32093 0 0 1 standing 
2 421 431 529 583 32094 0 0 1 standing 
2 403 431 511 583 32095 0 0 0 standing 
2 387 428 489 583 32096 0 0 1 standing 
2 371 425 467 583 32097 0 0 1 standing 
2 356 422 445 584 32098 0 0 1 standing 
2 340 419 423 584 32099 0 0 1 standing 
2 325 416 401 585 32100 0 0 0 standing 
2 309 419 390 585 32101 0 0 1 standing 
2 294 423 380 586 32102 0 0 1 standing 
2 279 426 369 586 32103 0 0 1 standing 
2 264 430 359 587 32104 0 0 1 standing 
3 347 413 417 534 32085 0 0 0 standing 
3 334 411 405 534 32086 0 0 1 standing 
3 322 409 393 534 32087 0 0 1 standing 
3 310 407 381 534 32088 0 0 1 standing 
3 298 405 369 535 32089 0 0 1 standing 
3 286 403 357 535 32090 0 0 1 standing 
3 273 401 345 535 32091 0 0 1 standing 
3 261 399 333 536 32092 0 0 1 standing 
3 249 397 321 536 32093 0 0 1 standing 
3 237 395 309 536 32094 0 0 1 standing 
3 225 394 297 537 32095 0 0 0 standing 
3 221 394 293 538 32096 0 0 1 standing 
3 217 395 289 540 32097 0 0 1 standing 
3 213 396 285 541 32098 0 0 1 standing 
3 210 396 281 543 32099 0 0 1 standing 
3 206 397 277 544 32100 0 0 1 standing 
3 202 398 273 546 32101 0 0 1 standing 
3 199 398 269 547 32102 0 0 1 standing 
3 195 399 265 549 32103 0 0 1 standing 
3 191 400 261 550 32104 0 0 1 standing 
4 889 304 951 444 32085 0 0 0 standing 
4 873 304 936 443 32086 0 0 1 standing 
4 857 304 921 443 32087 0 0 1 standing 
4 841 305 906 443 32088 0 0 1 standing 
4 825 305 891 442 32089 0 0 1 standing 
4 809 306 876 442 32090 0 0 1 standing 
4 793 306 861 442 32091 0 0 1 standing 
4 777 306 846 441 32092 0 0 1 standing 
4 761 307 831 441 32093 0 0 1 standing 
4 745 307 816 441 32094 0 0 1 standing 
4 730 308 801 441 32095 0 0 0 standing 
4 721 308 792 441 32096 0 0 1 standing 
4 713 308 784 441 32097 0 0 1 standing 
4 705 308 776 441 32098 0 0 1 standing 
4 697 308 768 441 32099 0 0 1 standing 
4 689 309 760 442 32100 0 0 1 standing 
4 680 309 751 442 32101 0 0 1 standing 
4 672 309 743 442 32102 0 0 1 standing 
4 664 309 735 442 32103 0 0 1 standing 
4 656 309 727 442 32104 0 0 1 standing 
5 888 298 946 432 32085 0 0 0 standing 
5 871 297 929 431 32086 0 0 1 standing 
5 855 296 913 430 32087 0 0 1 standing 
5 838 295 896 429 32088 0 0 1 standing 
5 822 294 880 428 32089 0 0 1 standing 
5 806 293 864 427 32090 0 0 1 standing 
5 789 292 847 426 32091 0 0 1 standing 
5 773 291 831 425 32092 0 0 1 standing 
5 756 290 814 424 32093 0 0 1 standing 
5 740 289 798 423 32094 0 0 1 standing 
5 724 288 782 422 32095 0 0 0 standing 
5 711 286 769 420 32096 0 0 1 standing 
5 699 284 757 418 32097 0 0 1 standing 
5 686 282 744 416 32098 0 0 1 standing 
5 674 281 732 415 32099 0 0 1 standing 
5 662 279 720 413 32100 0 0 1 standing 
5 649 277 707 411 32101 0 0 1 standing 
5 637 276 695 410 32102 0 0 1 standing 
5 624 274 682 408 32103 0 0 1 standing 
5 612 272 670 406 32104 0 0 1 standing 
6 975 424 1067 591 32085 0 0 0 standing 
6 961 424 1051 591 32086 0 0 1 standing 
6 947 425 1036 591 32087 0 0 1 standing 
6 933 425 1020 592 32088 0 0 1 standing 
6 919 426 1005 592 32089 0 0 1 standing 
6 905 426 989 593 32090 0 0 1 standing 
6 891 427 974 593 32091 0 0 1 standing 
6 877 427 958 593 32092 0 0 1 standing 
6 863 428 943 594 32093 0 0 1 standing 
6 849 428 927 594 32094 0 0 1 standing 
6 836 429 912 595 32095 0 0 0 standing 
6 830 427 906 593 32096 0 0 1 standing 
6 824 425 900 591 32097 0 0 1 standing 
6 818 424 894 590 32098 0 0 1 standing 
6 813 422 889 588 32099 0 0 1 standing 
6 807 421 883 587 32100 0 0 1 standing 
6 801 419 877 585 32101 0 0 1 standing 
6 796 417 872 583 32102 0 0 1 standing 
6 790 416 866 582 32103 0 0 1 standing 
6 784 414 860 580 32104 0 0 1 standing 
7 1123 357 1191 484 32085 0 0 0 standing 
7 1109 358 1177 485 32086 0 0 1 standing 
7 1096 359 1164 486 32087 0 0 1 standing 
7 1083 360 1151 487 32088 0 0 1 standing 
7 1070 361 1138 488 32089 0 0 1 standing 
7 1057 362 1125 489 32090 0 0 1 standing 
7 1044 363 1112 490 32091 0 0 1 standing 
7 1031 364 1099 491 32092 0 0 1 standing 
7 1018 365 1086 492 32093 0 0 1 standing 
7 1005 366 1073 493 32094 0 0 1 standing 
7 992 368 1060 495 32095 0 0 0 standing 
7 990 369 1058 497 32096 0 0 1 standing 
7 988 370 1056 499 32097 0 0 1 standing 
7 986 371 1054 502 32098 0 0 1 standing 
7 984 372 1052 504 32099 0 0 1 standing 
7 982 374 1050 507 32100 0 0 1 standing 
7 980 375 1048 509 32101 0 0 1 standing 
7 978 376 1046 511 32102 0 0 1 standing 
7 976 377 1044 514 32103 0 0 1 standing 
7 974 378 1042 516 32104 0 0 1 standing 
8 1053 312 1126 427 32085 0 0 0 standing 
8 1043 312 1117 427 32086 0 0 1 standing 
8 1034 313 1109 428 32087 0 0 1 standing 
8 1024 314 1100 429 32088 0 0 1 standing 
8 1015 315 1092 429 32089 0 0 1 standing 
8 1006 316 1083 430 32090 0 0 1 standing 
8 996 316 1075 431 32091 0 0 1 standing 
8 987 317 1066 431 32092 0 0 1 standing 
8 977 318 1058 432 32093 0 0 1 standing 
8 968 319 1049 433 32094 0 0 1 standing 
8 959 320 1041 434 32095 0 0 0 standing 
8 950 319 1032 434 32096 0 0 1 standing 
8 941 319 1024 434 32097 0 0 1 standing 
8 932 319 1015 434 32098 0 0 1 standing 
8 923 319 1007 434 32099 0 0 1 standing 
8 915 319 998 435 32100 0 0 1 standing 
8 906 319 990 435 32101 0 0 1 standing 
8 897 319 981 435 32102 0 0 1 standing 
8 888 319 973 435 32103 0 0 1 standing 
8 879 319 964 435 32104 0 0 1 standing 
9 1003 368 1106 496 32085 0 0 0 standing 
9 988 366 1087 495 32086 0 0 1 standing 
9 973 364 1069 495 32087 0 0 1 standing 
9 958 362 1050 494 32088 0 0 1 standing 
9 943 361 1032 494 32089 0 0 1 standing 
9 928 359 1014 493 32090 0 0 1 standing 
9 913 357 995 493 32091 0 0 1 standing 
9 898 356 977 492 32092 0 0 1 standing 
9 883 354 958 492 32093 0 0 1 standing 
9 868 352 940 491 32094 0 0 1 standing 
9 853 351 922 491 32095 0 0 0 standing 
9 844 351 913 493 32096 0 0 1 standing 
9 836 352 905 495 32097 0 0 1 standing 
9 828 353 897 497 32098 0 0 1 standing 
9 820 354 889 499 32099 0 0 1 standing 
9 812 355 881 502 32100 0 0 1 standing 
9 804 355 872 504 32101 0 0 1 standing 
9 796 356 864 506 32102 0 0 1 standing 
9 788 357 856 508 32103 0 0 1 standing 
9 780 358 848 510 32104 0 0 1 standing 
10 1215 349 1262 484 32085 1 0 1 standing 
10 1221 350 1266 485 32086 1 0 1 standing 
10 1227 350 1270 485 32087 1 0 1 standing 
10 1233 350 1274 485 32088 1 0 1 standing 
10 1240 351 1279 486 32089 0 0 0 standing 
10 1225 350 1273 485 32090 0 0 1 standing 
10 1211 349 1267 484 32091 0 0 1 standing 
10 1197 349 1262 483 32092 0 0 0 standing 
10 1183 348 1248 482 32093 0 0 1 standing 
10 1169 347 1234 482 32094 0 0 1 standing 
10 1155 347 1220 482 32095 0 0 0 standing 
10 1149 346 1214 481 32096 0 0 1 standing 
10 1143 345 1208 480 32097 0 0 1 standing 
10 1137 344 1202 479 32098 0 0 1 standing 
10 1131 344 1196 479 32099 0 0 1 standing 
10 1125 343 1190 478 32100 0 0 1 standing 
10 1119 342 1184 477 32101 0 0 1 standing 
10 1113 342 1178 477 32102 0 0 1 standing 
10 1107 341 1172 476 32103 0 0 1 standing 
10 1101 340 1166 475 32104 0 0 1 standing 
11 1180 363 1240 501 32085 1 0 1 standing 
11 1185 363 1243 501 32086 1 0 1 standing 
11 1189 363 1247 501 32087 1 0 1 standing 
11 1194 363 1251 502 32088 1 0 1 standing 
11 1198 364 1255 502 32089 1 0 1 standing 
11 1203 364 1259 503 32090 1 0 1 standing 
11 1207 364 1262 503 32091 1 0 1 standing 
11 1212 364 1266 503 32092 1 0 1 standing 
11 1216 364 1270 504 32093 1 0 1 standing 
11 1221 364 1274 504 32094 1 0 1 standing 
11 1226 365 1278 505 32095 0 0 0 standing 
11 1222 364 1275 505 32096 0 0 1 standing 
11 1219 364 1272 506 32097 0 0 1 standing 
11 1215 363 1269 506 32098 0 0 1 standing 
11 1212 363 1267 507 32099 0 0 1 standing 
11 1208 362 1264 507 32100 0 0 1 standing 
11 1205 362 1261 508 32101 0 0 1 standing 
11 1202 362 1259 509 32102 0 0 0 standing 
11 1199 361 1264 510 32103 0 0 1 standing 
11 1196 361 1270 512 32104 0 0 1 standing 
