0 843 390 887 487 34245 0 1 0 digging 
0 839 390 883 487 34246 0 1 1 digging 
0 835 390 879 487 34247 0 1 1 digging 
0 831 390 875 487 34248 0 1 1 digging 
0 827 390 871 487 34249 0 1 1 digging 
0 824 390 867 487 34250 0 1 1 digging 
0 820 390 863 487 34251 0 1 1 digging 
0 816 390 859 487 34252 0 1 1 digging 
0 812 390 855 487 34253 0 1 1 digging 
0 808 390 851 487 34254 0 1 1 digging 
0 805 390 847 488 34255 0 1 0 digging 
0 805 390 848 490 34256 0 1 1 digging 
0 805 391 850 492 34257 0 1 1 digging 
0 806 392 851 494 34258 0 1 1 digging 
0 806 393 853 497 34259 0 1 1 digging 
0 807 394 855 499 34260 0 1 1 digging 
0 807 394 856 501 34261 0 1 1 digging 
0 807 395 858 504 34262 0 1 1 digging 
0 808 396 859 506 34263 0 1 1 digging 
0 808 397 861 508 34264 0 1 1 digging 
1 815 481 888 594 34245 0 0 0 digging 
1 808 479 882 594 34246 0 0 1 standing 
1 801 477 876 594 34247 0 0 1 standing 
1 794 475 870 594 34248 0 0 0 standing 
1 789 472 866 594 34249 0 0 1 standing 
1 785 469 863 595 34250 0 0 1 standing 
1 781 466 860 596 34251 0 0 0 standing 
1 781 466 861 597 34252 0 0 1 standing 
1 781 466 862 598 34253 0 0 1 standing 
1 782 466 864 600 34254 0 0 0 standing 
1 790 466 870 603 34255 0 0 1 standing 
1 799 467 876 606 34256 0 0 1 standing 
1 807 467 882 609 34257 0 0 1 standing 
1 816 468 888 612 34258 0 0 1 standing 
1 824 468 894 615 34259 0 0 1 standing 
1 833 469 901 619 34260 0 0 0 standing 
1 844 470 913 620 34261 0 0 1 standing 
1 856 471 925 622 34262 0 0 1 standing 
1 868 473 938 624 34263 0 0 0 standing 
1 870 473 940 624 34264 0 0 1 standing 
2 903 452 977 559 34245 0 0 0 standing 
2 893 453 970 560 34246 0 0 1 standing 
2 883 454 963 561 34247 0 0 1 standing 
2 873 455 956 562 34248 0 0 0 standing 
2 867 452 946 560 34249 0 0 1 standing 
2 861 449 936 558 34250 0 0 1 standing 
2 856 446 927 557 34251 0 0 0 standing 
2 851 444 920 557 34252 0 0 1 standing 
2 846 442 914 558 34253 0 0 1 standing 
2 841 441 908 559 34254 0 0 0 standing 
2 836 440 902 558 34255 0 0 1 standing 
2 832 439 896 557 34256 0 0 1 standing 
2 828 438 891 556 34257 0 0 0 standing 
2 826 439 889 557 34258 0 0 1 standing 
2 825 440 887 559 34259 0 0 1 standing 
2 824 442 886 561 34260 0 0 0 standing 
2 825 443 891 562 34261 0 0 1 standing 
2 826 445 897 564 34262 0 0 1 standing 
2 827 447 903 566 34263 0 0 0 standing 
2 827 447 902 566 34264 0 0 1 standing 
3 967 420 1018 507 34245 0 0 0 standing 
3 956 421 1012 508 34246 0 0 1 falling 
3 945 422 1007 509 34247 0 0 1 falling 
3 934 423 1002 510 34248 0 0 0 falling 
3 929 422 996 509 34249 0 0 1 falling 
3 924 421 991 508 34250 0 0 1 falling 
3 920 420 986 507 34251 0 0 0 falling 
3 917 419 982 507 34252 0 0 1 falling 
3 914 418 978 507 34253 0 0 1 falling 
3 912 418 974 508 34254 0 0 0 falling 
3 911 416 974 509 34255 0 0 1 falling 
3 911 414 974 510 34256 0 0 1 falling 
3 911 413 974 511 34257 0 0 0 falling 
3 913 409 977 510 34258 0 0 1 falling 
3 916 405 981 509 34259 0 0 1 falling 
3 919 402 985 508 34260 0 0 0 falling 
3 925 401 990 507 34261 0 0 1 falling 
3 932 400 995 507 34262 0 0 1 falling 
3 939 400 1001 507 34263 0 0 0 falling 
3 940 400 1001 506 34264 0 0 1 falling 
4 188 438 263 577 34245 0 0 0 falling 
4 182 437 255 577 34246 0 0 1 standing 
4 177 437 247 577 34247 0 0 1 standing 
4 172 437 239 577 34248 0 0 0 standing 
4 166 435 233 577 34249 0 0 1 standing 
4 161 433 228 577 34250 0 0 1 standing 
4 156 432 223 578 34251 0 0 0 standing 
4 149 433 216 578 34252 0 0 1 standing 
4 142 434 209 578 34253 0 0 1 standing 
4 136 435 203 578 34254 0 0 0 standing 
4 129 434 199 580 34255 0 0 1 standing 
4 123 434 195 582 34256 0 0 1 standing 
4 117 434 192 585 34257 0 0 0 standing 
4 113 434 189 585 34258 0 0 1 standing 
4 109 435 187 586 34259 0 0 1 standing 
4 106 436 185 587 34260 0 0 0 standing 
4 106 436 185 590 34261 0 0 1 standing 
4 107 437 185 593 34262 0 0 1 standing 
4 108 438 186 597 34263 0 0 0 standing 
4 108 438 185 596 34264 0 0 1 standing 
5 291 391 329 498 34245 0 0 0 standing 
5 283 389 321 496 34246 0 0 1 standing 
5 276 387 314 495 34247 0 0 1 standing 
5 269 385 307 494 34248 0 0 1 standing 
5 261 383 300 493 34249 0 0 1 standing 
5 254 381 293 492 34250 0 0 1 standing 
5 247 380 286 491 34251 0 0 0 standing 
5 239 380 278 492 34252 0 0 1 standing 
5 232 380 271 493 34253 0 0 1 standing 
5 225 380 264 494 34254 0 0 0 standing 
5 219 380 258 495 34255 0 0 1 standing 
5 213 380 252 496 34256 0 0 1 standing 
5 208 380 247 498 34257 0 0 0 standing 
5 205 380 246 498 34258 0 0 1 standing 
5 203 380 245 498 34259 0 0 1 standing 
5 201 380 245 499 34260 0 0 0 standing 
5 199 380 242 500 34261 0 0 1 standing 
5 197 380 239 501 34262 0 0 1 standing 
5 195 380 236 502 34263 0 0 1 standing 
5 193 380 233 503 34264 0 0 1 standing 
6 303 437 375 552 34245 0 0 0 standing 
6 296 434 368 550 34246 0 0 1 standing 
6 290 431 361 548 34247 0 0 1 standing 
6 284 429 354 547 34248 0 0 0 standing 
6 281 428 350 547 34249 0 0 1 standing 
6 279 427 347 548 34250 0 0 1 standing 
6 277 426 344 549 34251 0 0 0 standing 
6 274 426 341 550 34252 0 0 1 standing 
6 271 427 338 552 34253 0 0 1 standing 
6 268 427 335 554 34254 0 0 1 standing 
6 265 428 332 556 34255 0 0 1 standing 
6 262 428 329 558 34256 0 0 1 standing 
6 259 429 326 560 34257 0 0 0 standing 
6 261 428 328 560 34258 0 0 1 standing 
6 263 428 330 561 34259 0 0 1 standing 
6 266 428 332 562 34260 0 0 0 standing 
6 274 428 342 564 34261 0 0 1 standing 
6 282 428 352 566 34262 0 0 1 standing 
6 291 429 362 568 34263 0 0 0 standing 
6 292 429 362 567 34264 0 0 1 standing 
7 408 413 467 520 34245 0 0 0 standing 
7 400 409 459 520 34246 0 0 1 standing 
7 393 405 451 520 34247 0 0 1 standing 
7 386 402 444 520 34248 0 0 0 standing 
7 382 398 438 518 34249 0 0 1 standing 
7 379 394 433 517 34250 0 0 1 standing 
7 376 390 428 516 34251 0 0 0 standing 
7 374 389 425 518 34252 0 0 1 standing 
7 373 388 422 521 34253 0 0 1 standing 
7 371 387 419 523 34254 0 0 1 standing 
7 370 386 416 526 34255 0 0 1 standing 
7 368 385 413 528 34256 0 0 1 standing 
7 367 384 411 531 34257 0 0 0 standing 
7 369 385 413 531 34258 0 0 1 standing 
7 371 387 415 532 34259 0 0 1 standing 
7 374 389 418 533 34260 0 0 0 standing 
7 376 390 419 535 34261 0 0 1 standing 
7 378 391 421 537 34262 0 0 1 standing 
7 380 393 423 540 34263 0 0 0 standing 
7 380 393 423 539 34264 0 0 1 standing 
8 429 374 473 486 34245 0 0 0 standing 
8 424 374 468 486 34246 0 0 1 standing 
8 419 375 463 486 34247 0 0 1 standing 
8 415 376 458 487 34248 0 0 0 standing 
8 411 376 454 487 34249 0 0 1 standing 
8 408 377 451 488 34250 0 0 1 standing 
8 405 378 448 489 34251 0 0 1 standing 
8 402 379 444 490 34252 0 0 1 standing 
8 398 379 441 490 34253 0 0 1 standing 
8 395 380 438 491 34254 0 0 1 standing 
8 392 381 434 492 34255 0 0 1 standing 
8 389 382 431 493 34256 0 0 1 standing 
8 386 383 428 494 34257 0 0 0 standing 
8 387 383 429 494 34258 0 0 1 standing 
8 389 383 431 494 34259 0 0 1 standing 
8 390 383 432 495 34260 0 0 1 standing 
8 392 384 434 495 34261 0 0 1 standing 
8 394 384 436 495 34262 0 0 1 standing 
8 395 384 437 496 34263 0 0 1 standing 
8 397 384 439 496 34264 0 0 1 standing 
9 508 359 546 482 34245 0 0 0 standing 
9 502 360 540 483 34246 0 0 1 standing 
9 496 361 534 484 34247 0 0 1 standing 
9 490 362 528 485 34248 0 0 0 standing 
9 486 362 525 485 34249 0 0 1 standing 
9 482 363 522 486 34250 0 0 1 standing 
9 479 364 519 487 34251 0 0 1 standing 
9 475 365 516 488 34252 0 0 1 standing 
9 472 365 513 488 34253 0 0 1 standing 
9 468 366 510 489 34254 0 0 1 standing 
9 465 367 507 490 34255 0 0 1 standing 
9 461 368 504 491 34256 0 0 1 standing 
9 458 369 502 492 34257 0 0 0 standing 
9 458 370 503 493 34258 0 0 1 standing 
9 459 372 505 494 34259 0 0 1 standing 
9 460 374 507 496 34260 0 0 0 standing 
9 460 375 508 498 34261 0 0 1 standing 
9 460 377 509 500 34262 0 0 1 standing 
9 460 379 511 502 34263 0 0 0 standing 
9 461 379 511 502 34264 0 0 1 standing 
10 509 351 569 463 34245 0 0 0 standing 
10 504 351 562 463 34246 0 0 1 standing 
10 499 352 555 464 34247 0 0 1 standing 
10 494 353 548 465 34248 0 0 0 standing 
10 486 352 538 464 34249 0 0 1 standing 
10 478 351 528 463 34250 0 0 1 standing 
10 471 351 519 462 34251 0 0 0 standing 
10 472 351 520 462 34252 0 0 1 standing 
10 473 352 522 463 34253 0 0 1 standing 
10 474 352 524 463 34254 0 0 1 standing 
10 475 353 525 464 34255 0 0 1 standing 
10 476 353 527 464 34256 0 0 1 standing 
10 478 354 529 465 34257 0 0 0 standing 
10 483 354 533 465 34258 0 0 1 standing 
10 488 354 537 465 34259 0 0 1 standing 
10 494 355 541 466 34260 0 0 0 standing 
10 497 354 547 465 34261 0 0 1 standing 
10 500 354 553 464 34262 0 0 1 standing 
10 503 354 559 464 34263 0 0 0 standing 
10 505 353 560 464 34264 0 0 1 standing 
