0 504 262 580 399 20345 0 1 0 standing 
0 499 262 575 399 20346 0 1 1 standing 
0 494 262 570 399 20347 0 1 1 standing 
0 489 262 565 399 20348 0 1 1 standing 
0 484 262 560 399 20349 0 1 1 standing 
0 479 263 555 400 20350 0 1 1 standing 
0 474 263 550 400 20351 0 1 1 standing 
0 469 263 545 400 20352 0 1 1 standing 
0 464 263 540 400 20353 0 1 1 standing 
0 459 263 535 400 20354 0 1 1 standing 
0 454 264 530 401 20355 0 1 0 standing 
0 452 264 529 401 20356 0 1 1 standing 
0 451 264 528 401 20357 0 1 1 standing 
0 450 264 528 401 20358 0 1 1 standing 
0 448 264 527 401 20359 0 1 1 standing 
0 447 264 527 401 20360 0 1 1 standing 
0 446 264 526 401 20361 0 1 1 standing 
0 444 264 525 401 20362 0 1 1 standing 
0 443 264 525 401 20363 0 1 1 standing 
0 442 264 524 401 20364 0 1 1 standing 
1 610 380 685 516 20345 0 1 0 standing 
1 596 376 671 513 20346 0 1 1 setting 
1 583 373 658 510 20347 0 1 1 setting 
1 570 369 645 507 20348 0 1 1 setting 
1 557 366 631 505 20349 0 1 1 setting 
1 544 363 618 502 20350 0 1 1 setting 
1 530 359 605 499 20351 0 1 1 setting 
1 517 356 591 497 20352 0 1 1 setting 
1 504 352 578 494 20353 0 1 1 setting 
1 491 349 565 491 20354 0 1 1 setting 
1 478 346 552 489 20355 0 1 0 setting 
1 463 346 538 489 20356 0 1 1 setting 
1 449 347 524 489 20357 0 1 1 setting 
1 435 348 510 490 20358 0 1 1 setting 
1 420 349 496 490 20359 0 1 1 setting 
1 406 350 483 491 20360 0 1 1 setting 
1 392 350 469 491 20361 0 1 1 setting 
1 377 351 455 491 20362 0 1 1 setting 
1 363 352 441 492 20363 0 1 1 setting 
1 349 353 427 492 20364 0 1 1 setting 
2 411 408 477 563 20345 0 1 0 setting 
2 405 411 476 566 20346 0 1 1 standing 
2 400 414 475 569 20347 0 1 1 standing 
2 395 417 474 572 20348 0 1 1 standing 
2 390 421 474 575 20349 0 1 1 standing 
2 385 424 473 579 20350 0 1 1 standing 
2 380 427 472 582 20351 0 1 1 standing 
2 375 431 472 585 20352 0 1 1 standing 
2 370 434 471 588 20353 0 1 1 standing 
2 365 437 470 591 20354 0 1 1 standing 
2 360 441 470 595 20355 0 1 0 standing 
2 365 441 472 595 20356 0 1 1 standing 
2 371 441 474 596 20357 0 1 1 standing 
2 377 441 476 597 20358 0 1 1 standing 
2 382 441 478 597 20359 0 1 1 standing 
2 388 442 480 598 20360 0 1 1 standing 
2 394 442 482 599 20361 0 1 1 standing 
2 399 442 484 599 20362 0 1 1 standing 
2 405 442 486 600 20363 0 1 1 standing 
2 411 442 488 601 20364 0 1 1 standing 
3 240 444 332 548 20345 0 0 0 standing 
3 236 442 329 547 20346 0 0 1 standing 
3 233 441 327 546 20347 0 0 1 standing 
3 230 439 324 546 20348 0 0 1 standing 
3 226 438 322 545 20349 0 0 1 standing 
3 223 437 319 545 20350 0 0 1 standing 
3 220 435 317 544 20351 0 0 1 standing 
3 216 434 314 543 20352 0 0 1 standing 
3 213 432 312 543 20353 0 0 1 standing 
3 210 431 309 542 20354 0 0 1 standing 
3 207 430 307 542 20355 0 0 0 standing 
3 209 428 310 541 20356 0 0 1 standing 
3 212 427 314 540 20357 0 0 1 standing 
3 215 425 317 539 20358 0 0 1 standing 
3 218 424 321 538 20359 0 0 1 standing 
3 221 422 325 538 20360 0 0 1 standing 
3 223 421 328 537 20361 0 0 1 standing 
3 226 419 332 536 20362 0 0 1 standing 
3 229 418 335 535 20363 0 0 1 standing 
3 232 416 339 534 20364 0 0 1 standing 
4 933 392 1015 550 20345 0 0 0 standing 
4 927 391 1008 549 20346 0 0 1 standing 
4 922 391 1001 549 20347 0 0 1 standing 
4 917 391 994 548 20348 0 0 1 standing 
4 911 390 987 548 20349 0 0 1 standing 
4 906 390 980 548 20350 0 0 1 standing 
4 901 390 973 547 20351 0 0 1 standing 
4 895 389 966 547 20352 0 0 1 standing 
4 890 389 959 546 20353 0 0 1 standing 
4 885 389 952 546 20354 0 0 1 standing 
4 880 389 946 546 20355 0 0 0 standing 
4 874 389 939 546 20356 0 0 1 standing 
4 868 390 933 546 20357 0 0 1 standing 
4 862 390 927 547 20358 0 0 1 standing 
4 856 391 920 547 20359 0 0 1 standing 
4 851 392 914 548 20360 0 0 1 standing 
4 845 392 908 548 20361 0 0 1 standing 
4 839 393 901 548 20362 0 0 1 standing 
4 833 393 895 549 20363 0 0 1 standing 
4 827 394 889 549 20364 0 0 1 standing 
5 952 330 1021 473 20345 0 0 0 standing 
5 946 330 1015 473 20346 0 0 1 standing 
5 940 330 1009 473 20347 0 0 1 standing 
5 934 330 1003 473 20348 0 0 1 standing 
5 929 330 998 473 20349 0 0 1 standing 
5 923 330 992 473 20350 0 0 1 standing 
5 917 330 986 473 20351 0 0 1 standing 
5 912 330 981 473 20352 0 0 1 standing 
5 906 330 975 473 20353 0 0 1 standing 
5 900 330 969 473 20354 0 0 1 standing 
5 895 331 964 474 20355 0 0 0 standing 
5 888 332 957 475 20356 0 0 1 standing 
5 882 334 950 476 20357 0 0 1 standing 
5 876 336 943 477 20358 0 0 1 standing 
5 870 338 936 478 20359 0 0 1 standing 
5 864 340 930 479 20360 0 0 1 standing 
5 858 342 923 480 20361 0 0 1 standing 
5 852 344 916 481 20362 0 0 1 standing 
5 846 346 909 482 20363 0 0 1 standing 
5 840 348 902 483 20364 0 0 1 standing 
6 660 312 724 474 20345 0 0 0 standing 
6 656 312 720 474 20346 0 0 1 standing 
6 653 313 717 475 20347 0 0 1 standing 
6 650 313 714 475 20348 0 0 1 standing 
6 647 314 711 476 20349 0 0 1 standing 
6 644 314 708 476 20350 0 0 1 standing 
6 640 315 704 477 20351 0 0 1 standing 
6 637 315 701 477 20352 0 0 1 standing 
6 634 316 698 478 20353 0 0 1 standing 
6 631 316 695 478 20354 0 0 1 standing 
6 628 317 692 479 20355 0 0 0 standing 
6 623 318 689 480 20356 0 0 1 standing 
6 619 319 687 481 20357 0 0 1 standing 
6 615 320 685 482 20358 0 0 1 standing 
6 611 322 683 484 20359 0 0 1 standing 
6 607 323 681 485 20360 0 0 1 standing 
6 602 324 679 486 20361 0 0 1 standing 
6 598 326 677 488 20362 0 0 1 standing 
6 594 327 675 489 20363 0 0 1 standing 
6 590 328 673 490 20364 0 0 1 standing 
7 385 330 482 483 20345 0 0 0 standing 
7 384 329 478 480 20346 0 0 1 standing 
7 384 328 474 478 20347 0 0 1 standing 
7 383 327 471 476 20348 0 0 1 standing 
7 383 326 467 474 20349 0 0 1 standing 
7 382 326 464 472 20350 0 0 1 standing 
7 382 325 460 470 20351 0 0 1 standing 
7 381 324 456 468 20352 0 0 1 standing 
7 381 323 453 466 20353 0 0 1 standing 
7 380 322 449 464 20354 0 0 1 standing 
7 380 322 446 462 20355 0 0 0 standing 
7 379 323 447 461 20356 0 0 1 standing 
7 379 325 448 460 20357 0 0 1 standing 
7 379 327 450 459 20358 0 0 1 standing 
7 379 328 451 458 20359 0 0 1 standing 
7 379 330 453 457 20360 0 0 1 standing 
7 378 332 454 456 20361 0 0 1 standing 
7 378 333 455 455 20362 0 0 1 standing 
7 378 335 457 454 20363 0 0 1 standing 
7 378 337 458 453 20364 0 0 1 standing 
8 945 362 1014 513 20345 0 0 0 standing 
8 938 362 1006 514 20346 0 0 1 standing 
8 932 363 999 515 20347 0 0 1 standing 
8 925 364 992 516 20348 0 0 1 standing 
8 919 364 984 517 20349 0 0 1 standing 
8 912 365 977 518 20350 0 0 1 standing 
8 906 366 970 519 20351 0 0 1 standing 
8 899 366 962 520 20352 0 0 1 standing 
8 893 367 955 521 20353 0 0 1 standing 
8 886 368 948 522 20354 0 0 1 standing 
8 880 369 941 523 20355 0 0 0 standing 
8 873 370 934 523 20356 0 0 1 standing 
8 867 371 928 524 20357 0 0 1 standing 
8 860 372 921 524 20358 0 0 1 standing 
8 854 373 915 525 20359 0 0 1 standing 
8 848 375 908 525 20360 0 0 1 standing 
8 841 376 902 526 20361 0 0 1 standing 
8 835 377 895 526 20362 0 0 1 standing 
8 828 378 889 527 20363 0 0 1 standing 
8 822 379 882 527 20364 0 0 1 standing 
9 1248 318 1277 466 20345 1 0 1 standing 
9 1248 318 1277 466 20346 1 0 1 standing 
9 1249 318 1277 466 20347 1 0 1 standing 
9 1249 318 1277 466 20348 1 0 1 standing 
9 1249 318 1277 466 20349 1 0 1 standing 
9 1249 318 1277 466 20350 1 0 1 standing 
9 1249 318 1277 466 20351 1 0 1 standing 
9 1250 318 1278 466 20352 0 0 0 standing 
9 1244 318 1278 466 20353 0 0 1 standing 
9 1239 319 1278 467 20354 0 0 1 standing 
9 1233 320 1278 468 20355 0 0 1 standing 
9 1228 321 1278 468 20356 0 0 1 standing 
9 1222 322 1278 469 20357 0 0 1 standing 
9 1217 323 1279 470 20358 0 0 0 standing 
9 1208 322 1270 469 20359 0 0 1 standing 
9 1200 322 1262 469 20360 0 0 1 standing 
9 1192 322 1254 469 20361 0 0 1 standing 
9 1184 321 1246 468 20362 0 0 1 standing 
9 1176 321 1238 468 20363 0 0 1 standing 
9 1168 321 1230 468 20364 0 0 1 standing 
10 1176 448 1220 603 20345 1 0 1 standing 
10 1180 448 1223 603 20346 1 0 1 standing 
10 1184 448 1227 603 20347 1 0 1 standing 
10 1189 448 1230 603 20348 1 0 1 standing 
10 1193 448 1234 603 20349 1 0 1 standing 
10 1198 448 1237 603 20350 1 0 1 standing 
10 1202 448 1241 603 20351 1 0 1 standing 
10 1206 448 1244 603 20352 1 0 1 standing 
10 1211 448 1248 603 20353 1 0 1 standing 
10 1215 448 1251 603 20354 1 0 1 standing 
10 1220 448 1254 603 20355 1 0 1 standing 
10 1224 448 1258 603 20356 1 0 1 standing 
10 1228 448 1261 603 20357 1 0 1 standing 
10 1233 448 1265 603 20358 1 0 1 standing 
10 1237 448 1268 603 20359 1 0 1 standing 
10 1242 448 1272 603 20360 1 0 1 standing 
10 1246 448 1275 603 20361 1 0 1 standing 
10 1251 448 1279 603 20362 0 0 0 standing 
10 1246 449 1278 604 20363 0 0 1 standing 
10 1241 450 1278 605 20364 0 0 1 standing 
