0 748 410 797 517 48605 0 1 0 setting 
0 745 405 794 514 48606 0 1 1 setting 
0 742 401 792 511 48607 0 1 1 setting 
0 739 396 790 509 48608 0 1 1 setting 
0 737 392 788 506 48609 0 1 1 setting 
0 734 388 786 504 48610 0 1 1 setting 
0 731 383 784 501 48611 0 1 1 setting 
0 729 379 782 498 48612 0 1 1 setting 
0 726 374 780 496 48613 0 1 1 setting 
0 723 370 778 493 48614 0 1 1 setting 
0 721 366 776 491 48615 0 1 0 setting 
0 721 366 776 491 48616 0 1 1 setting 
0 722 366 776 491 48617 0 1 1 setting 
0 722 366 776 491 48618 0 1 1 setting 
0 723 366 776 491 48619 0 1 1 setting 
0 724 366 777 492 48620 0 1 0 setting 
0 723 376 776 496 48621 0 1 1 setting 
0 723 386 776 501 48622 0 1 1 setting 
0 723 396 776 505 48623 0 1 1 setting 
0 723 406 776 510 48624 0 1 1 setting 
1 660 310 716 423 48605 0 1 0 setting 
1 668 311 725 421 48606 0 1 1 moving 
1 676 312 734 419 48607 0 1 1 moving 
1 685 313 743 417 48608 0 1 1 moving 
1 693 314 752 415 48609 0 1 1 moving 
1 702 315 761 414 48610 0 1 0 moving 
1 708 318 767 414 48611 0 1 1 moving 
1 714 321 774 414 48612 0 1 1 moving 
1 721 324 781 415 48613 0 1 1 moving 
1 727 327 788 415 48614 0 1 1 moving 
1 734 331 795 416 48615 0 1 0 moving 
1 735 328 797 416 48616 0 1 1 moving 
1 737 325 799 416 48617 0 1 1 moving 
1 739 322 801 416 48618 0 1 1 moving 
1 741 319 803 417 48619 0 1 0 moving 
1 741 318 805 418 48620 0 1 1 moving 
1 742 318 807 419 48621 0 1 1 moving 
1 743 318 809 420 48622 0 1 1 moving 
1 744 318 811 421 48623 0 1 1 moving 
1 744 318 813 422 48624 0 1 1 moving 
2 570 386 628 534 48605 0 0 0 moving 
2 575 390 638 538 48606 0 0 1 standing 
2 581 395 648 543 48607 0 0 1 standing 
2 587 400 658 548 48608 0 0 0 standing 
2 595 400 664 547 48609 0 0 1 standing 
2 603 400 670 547 48610 0 0 1 standing 
2 611 400 676 547 48611 0 0 0 standing 
2 618 399 681 545 48612 0 0 1 standing 
2 626 398 687 543 48613 0 0 1 standing 
2 634 397 693 542 48614 0 0 0 standing 
2 641 397 706 542 48615 0 0 1 standing 
2 648 397 719 542 48616 0 0 1 standing 
2 655 397 732 542 48617 0 0 0 standing 
2 662 400 739 545 48618 0 0 1 standing 
2 669 403 746 549 48619 0 0 1 standing 
2 677 407 754 553 48620 0 0 0 standing 
2 680 404 757 552 48621 0 0 1 standing 
2 683 401 760 551 48622 0 0 1 standing 
2 686 398 763 550 48623 0 0 1 standing 
2 689 395 766 549 48624 0 0 1 standing 
3 769 331 821 448 48605 0 0 0 standing 
3 774 330 826 448 48606 0 0 1 standing 
3 780 329 832 448 48607 0 0 1 standing 
3 786 329 838 448 48608 0 0 0 standing 
3 790 330 845 446 48609 0 0 1 standing 
3 794 331 852 444 48610 0 0 1 standing 
3 799 332 860 443 48611 0 0 0 standing 
3 805 332 866 443 48612 0 0 1 standing 
3 811 332 872 444 48613 0 0 1 standing 
3 817 333 878 445 48614 0 0 0 standing 
3 824 331 882 443 48615 0 0 1 standing 
3 831 329 886 441 48616 0 0 1 standing 
3 838 328 891 440 48617 0 0 0 standing 
3 843 329 896 441 48618 0 0 1 standing 
3 849 330 902 442 48619 0 0 1 standing 
3 855 332 908 444 48620 0 0 0 standing 
3 859 334 915 445 48621 0 0 1 standing 
3 864 336 923 447 48622 0 0 1 standing 
3 868 339 931 449 48623 0 0 1 standing 
3 873 341 939 451 48624 0 0 1 standing 
4 999 356 1068 467 48605 0 0 0 standing 
4 996 355 1067 467 48606 0 0 1 moving 
4 994 355 1067 467 48607 0 0 1 moving 
4 991 355 1067 467 48608 0 0 1 moving 
4 989 355 1066 467 48609 0 0 1 moving 
4 986 355 1066 467 48610 0 0 1 moving 
4 984 355 1066 468 48611 0 0 0 moving 
4 980 356 1060 469 48612 0 0 1 moving 
4 976 357 1054 470 48613 0 0 1 moving 
4 973 359 1048 472 48614 0 0 0 moving 
4 969 359 1043 476 48615 0 0 1 moving 
4 966 359 1039 480 48616 0 0 1 moving 
4 963 359 1035 484 48617 0 0 0 moving 
4 963 361 1034 488 48618 0 0 1 moving 
4 963 363 1033 493 48619 0 0 1 moving 
4 963 365 1033 498 48620 0 0 0 moving 
4 962 366 1033 499 48621 0 0 1 moving 
4 961 367 1033 500 48622 0 0 1 moving 
4 960 368 1033 501 48623 0 0 1 moving 
4 959 369 1033 502 48624 0 0 1 moving 
5 986 501 1088 667 48605 0 0 0 moving 
5 994 506 1102 672 48606 0 0 1 moving 
5 1003 512 1116 678 48607 0 0 1 moving 
5 1012 518 1131 684 48608 0 0 0 moving 
5 1016 524 1136 684 48609 0 0 1 moving 
5 1020 530 1142 684 48610 0 0 1 moving 
5 1024 536 1148 685 48611 0 0 0 moving 
5 1021 535 1151 686 48612 0 0 1 moving 
5 1018 534 1155 687 48613 0 0 1 moving 
5 1016 533 1159 688 48614 0 0 0 moving 
5 1016 529 1155 685 48615 0 0 1 moving 
5 1016 526 1152 682 48616 0 0 1 moving 
5 1017 523 1149 679 48617 0 0 0 moving 
5 1012 520 1136 679 48618 0 0 1 moving 
5 1007 517 1123 679 48619 0 0 1 moving 
5 1002 514 1111 679 48620 0 0 0 moving 
5 998 510 1109 676 48621 0 0 1 moving 
5 994 507 1107 673 48622 0 0 1 moving 
5 990 503 1105 670 48623 0 0 1 moving 
5 986 500 1103 667 48624 0 0 1 moving 
6 417 423 462 589 48605 0 0 0 moving 
6 419 422 465 588 48606 0 0 1 standing 
6 422 421 468 587 48607 0 0 1 standing 
6 425 420 472 587 48608 0 0 0 standing 
6 429 420 476 587 48609 0 0 1 standing 
6 433 421 480 588 48610 0 0 1 standing 
6 437 422 484 589 48611 0 0 0 standing 
6 440 421 487 588 48612 0 0 1 standing 
6 443 420 490 587 48613 0 0 1 standing 
6 447 420 494 586 48614 0 0 0 standing 
6 449 420 496 586 48615 0 0 1 standing 
6 452 420 499 586 48616 0 0 1 standing 
6 455 420 502 586 48617 0 0 0 standing 
6 461 422 508 588 48618 0 0 1 standing 
6 468 424 515 590 48619 0 0 1 standing 
6 475 427 522 593 48620 0 0 0 standing 
6 477 429 525 594 48621 0 0 1 standing 
6 479 431 528 595 48622 0 0 1 standing 
6 481 433 532 596 48623 0 0 1 standing 
6 483 435 535 597 48624 0 0 1 standing 
7 441 364 487 513 48605 0 0 0 standing 
7 443 364 490 513 48606 0 0 1 standing 
7 446 364 493 514 48607 0 0 1 standing 
7 449 365 496 515 48608 0 0 0 standing 
7 452 366 499 519 48609 0 0 1 standing 
7 456 367 502 523 48610 0 0 1 standing 
7 460 368 506 528 48611 0 0 0 standing 
7 463 367 509 527 48612 0 0 1 standing 
7 466 366 512 526 48613 0 0 1 standing 
7 469 365 515 526 48614 0 0 0 standing 
7 471 366 517 527 48615 0 0 1 standing 
7 474 367 520 528 48616 0 0 1 standing 
7 477 369 523 530 48617 0 0 0 standing 
7 479 373 527 528 48618 0 0 1 standing 
7 481 377 532 526 48619 0 0 1 standing 
7 484 382 537 525 48620 0 0 0 standing 
7 488 384 542 524 48621 0 0 1 standing 
7 493 387 548 523 48622 0 0 1 standing 
7 498 389 554 522 48623 0 0 1 standing 
7 503 392 560 521 48624 0 0 1 standing 
8 175 345 246 468 48605 0 0 0 standing 
8 176 345 243 467 48606 0 0 1 standing 
8 178 345 240 467 48607 0 0 1 standing 
8 179 346 237 467 48608 0 0 1 standing 
8 181 346 234 466 48609 0 0 1 standing 
8 182 346 231 466 48610 0 0 1 standing 
8 184 347 229 466 48611 0 0 0 standing 
8 182 346 229 465 48612 0 0 1 standing 
8 181 346 230 465 48613 0 0 1 standing 
8 179 346 231 464 48614 0 0 1 standing 
8 178 346 232 464 48615 0 0 1 standing 
8 176 346 233 463 48616 0 0 1 standing 
8 175 346 234 463 48617 0 0 0 standing 
8 178 345 235 462 48618 0 0 1 standing 
8 181 344 236 461 48619 0 0 1 standing 
8 185 344 238 461 48620 0 0 0 standing 
8 186 344 239 461 48621 0 0 1 standing 
8 187 344 240 461 48622 0 0 1 standing 
8 188 344 241 461 48623 0 0 1 standing 
8 189 344 242 461 48624 0 0 1 standing 
9 71 419 124 586 48605 0 0 0 standing 
9 73 421 126 587 48606 0 0 1 standing 
9 75 424 128 588 48607 0 0 1 standing 
9 78 427 131 590 48608 0 0 0 standing 
9 81 427 134 590 48609 0 0 1 standing 
9 85 427 138 590 48610 0 0 1 standing 
9 89 427 142 590 48611 0 0 0 standing 
9 90 426 145 590 48612 0 0 1 standing 
9 92 425 149 590 48613 0 0 1 standing 
9 94 424 153 590 48614 0 0 0 standing 
9 97 425 156 592 48615 0 0 1 standing 
9 100 426 159 594 48616 0 0 1 standing 
9 104 428 162 597 48617 0 0 0 standing 
9 97 433 163 599 48618 0 0 1 standing 
9 91 439 165 601 48619 0 0 1 standing 
9 85 445 167 604 48620 0 0 0 standing 
9 92 444 173 604 48621 0 0 1 standing 
9 99 444 180 604 48622 0 0 1 standing 
9 106 443 186 604 48623 0 0 1 standing 
9 113 443 193 604 48624 0 0 1 standing 
10 447 349 494 492 48605 0 0 0 standing 
10 447 347 494 489 48606 0 0 1 standing 
10 448 345 495 487 48607 0 0 1 standing 
10 449 343 496 485 48608 0 0 0 standing 
10 452 343 499 485 48609 0 0 1 standing 
10 456 343 503 485 48610 0 0 1 standing 
10 460 343 507 485 48611 0 0 0 standing 
10 464 341 511 483 48612 0 0 1 standing 
10 468 339 515 482 48613 0 0 1 standing 
10 472 338 519 481 48614 0 0 0 standing 
10 476 335 523 478 48615 0 0 1 standing 
10 481 332 528 475 48616 0 0 1 standing 
10 486 329 533 472 48617 0 0 0 standing 
10 490 329 537 472 48618 0 0 1 standing 
10 494 329 541 472 48619 0 0 1 standing 
10 498 329 545 472 48620 0 0 0 standing 
10 502 329 550 472 48621 0 0 1 standing 
10 506 330 555 472 48622 0 0 1 standing 
10 510 330 560 472 48623 0 0 1 standing 
10 514 331 565 472 48624 0 0 1 standing 
11 18 386 77 522 48605 0 0 0 standing 
11 17 386 74 522 48606 0 0 1 standing 
11 17 387 72 522 48607 0 0 1 standing 
11 17 388 70 523 48608 0 0 0 standing 
11 13 388 70 522 48609 0 0 1 standing 
11 9 388 70 522 48610 0 0 1 standing 
11 5 389 70 522 48611 0 0 0 standing 
11 3 390 74 524 48612 0 0 1 standing 
11 1 391 78 526 48613 0 0 1 standing 
11 0 392 82 528 48614 0 0 0 standing 
11 3 392 81 528 48615 0 0 1 standing 
11 6 392 80 528 48616 0 0 1 standing 
11 10 392 80 528 48617 0 0 0 standing 
11 8 392 74 528 48618 0 0 1 standing 
11 7 393 69 529 48619 0 0 1 standing 
11 6 394 64 530 48620 0 0 0 standing 
11 4 394 65 530 48621 0 0 1 standing 
11 3 394 66 530 48622 0 0 1 standing 
11 2 394 67 531 48623 0 0 1 standing 
11 1 394 68 531 48624 0 0 1 standing 
