0 176 455 236 574 73290 0 0 0 moving 
0 178 453 239 572 73291 0 0 1 moving 
0 181 451 242 571 73292 0 0 1 moving 
0 184 450 245 570 73293 0 0 1 moving 
0 186 448 248 569 73294 0 0 1 moving 
0 189 447 251 568 73295 0 0 1 moving 
0 192 445 254 567 73296 0 0 1 moving 
0 194 443 257 566 73297 0 0 1 moving 
0 197 442 260 565 73298 0 0 1 moving 
0 200 440 263 564 73299 0 0 1 moving 
0 203 439 266 563 73300 0 0 0 moving 
0 208 434 270 559 73301 0 0 1 moving 
0 213 430 274 556 73302 0 0 1 moving 
0 218 425 279 553 73303 0 0 1 moving 
0 224 421 283 549 73304 0 0 1 moving 
0 229 417 288 546 73305 0 0 1 moving 
0 234 412 292 543 73306 0 0 1 moving 
0 240 408 296 539 73307 0 0 1 moving 
0 245 403 301 536 73308 0 0 1 moving 
0 250 399 305 533 73309 0 0 1 moving 
1 257 491 314 643 73290 0 0 0 moving 
1 257 493 315 646 73291 0 0 1 moving 
1 258 496 317 650 73292 0 0 1 moving 
1 258 498 318 653 73293 0 0 1 moving 
1 259 501 320 657 73294 0 0 1 moving 
1 260 504 322 661 73295 0 0 0 moving 
1 263 502 326 659 73296 0 0 1 moving 
1 267 500 330 658 73297 0 0 1 moving 
1 271 498 334 657 73298 0 0 1 moving 
1 275 496 338 655 73299 0 0 1 moving 
1 279 494 342 654 73300 0 0 1 moving 
1 283 492 346 653 73301 0 0 0 moving 
1 287 492 351 652 73302 0 0 1 moving 
1 292 492 356 652 73303 0 0 1 moving 
1 297 492 361 652 73304 0 0 1 moving 
1 302 492 366 652 73305 0 0 1 moving 
1 307 492 371 652 73306 0 0 0 moving 
1 313 488 377 648 73307 0 0 1 moving 
1 319 485 383 645 73308 0 0 1 moving 
1 325 482 389 641 73309 0 0 1 moving 
2 277 341 330 441 73290 0 0 0 moving 
2 274 340 329 440 73291 0 0 1 moving 
2 272 340 329 439 73292 0 0 1 moving 
2 270 339 328 438 73293 0 0 1 moving 
2 267 339 328 438 73294 0 0 1 moving 
2 265 338 327 437 73295 0 0 1 moving 
2 263 338 327 436 73296 0 0 1 moving 
2 261 338 327 436 73297 0 0 0 moving 
2 261 337 327 436 73298 0 0 1 moving 
2 261 337 327 436 73299 0 0 1 moving 
2 261 337 327 436 73300 0 0 0 moving 
2 263 336 329 435 73301 0 0 1 moving 
2 265 335 331 434 73302 0 0 1 moving 
2 267 334 333 433 73303 0 0 1 moving 
2 269 333 335 432 73304 0 0 1 moving 
2 271 332 337 431 73305 0 0 1 moving 
2 273 331 339 430 73306 0 0 0 moving 
2 276 329 342 428 73307 0 0 1 moving 
2 280 327 346 426 73308 0 0 1 moving 
2 284 325 350 424 73309 0 0 1 moving 
3 422 395 494 522 73290 0 0 0 moving 
3 425 393 494 520 73291 0 0 1 standing 
3 428 391 495 519 73292 0 0 1 standing 
3 431 389 495 518 73293 0 0 1 standing 
3 434 388 496 517 73294 0 0 1 standing 
3 437 386 497 516 73295 0 0 1 standing 
3 440 384 497 514 73296 0 0 1 standing 
3 443 383 498 513 73297 0 0 1 standing 
3 446 381 498 512 73298 0 0 1 standing 
3 449 379 499 511 73299 0 0 1 standing 
3 452 378 500 510 73300 0 0 0 standing 
3 454 377 503 508 73301 0 0 1 standing 
3 457 376 506 507 73302 0 0 1 standing 
3 459 375 509 505 73303 0 0 1 standing 
3 462 374 513 504 73304 0 0 1 standing 
3 465 373 516 502 73305 0 0 1 standing 
3 467 372 519 501 73306 0 0 1 standing 
3 470 371 523 499 73307 0 0 1 standing 
3 472 370 526 498 73308 0 0 1 standing 
3 475 369 529 496 73309 0 0 1 standing 
4 704 374 749 496 73290 0 0 0 standing 
4 703 372 748 494 73291 0 0 1 standing 
4 703 370 748 493 73292 0 0 1 standing 
4 703 368 747 492 73293 0 0 1 standing 
4 702 367 747 490 73294 0 0 1 standing 
4 702 365 747 489 73295 0 0 1 standing 
4 702 363 746 488 73296 0 0 1 standing 
4 701 362 746 486 73297 0 0 1 standing 
4 701 360 745 485 73298 0 0 1 standing 
4 701 358 745 484 73299 0 0 1 standing 
4 701 357 745 483 73300 0 0 0 standing 
4 699 355 743 482 73301 0 0 1 standing 
4 697 353 741 481 73302 0 0 1 standing 
4 695 351 740 480 73303 0 0 1 standing 
4 693 350 738 479 73304 0 0 1 standing 
4 691 348 737 478 73305 0 0 1 standing 
4 689 346 735 477 73306 0 0 1 standing 
4 687 345 733 476 73307 0 0 1 standing 
4 685 343 732 475 73308 0 0 1 standing 
4 683 341 730 474 73309 0 0 1 standing 
5 922 367 980 492 73290 0 0 0 standing 
5 922 365 980 490 73291 0 0 1 standing 
5 923 364 981 489 73292 0 0 1 standing 
5 924 363 982 488 73293 0 0 1 standing 
5 925 362 983 487 73294 0 0 1 standing 
5 925 361 983 486 73295 0 0 1 standing 
5 926 360 984 485 73296 0 0 1 standing 
5 927 359 985 484 73297 0 0 1 standing 
5 928 358 986 483 73298 0 0 1 standing 
5 929 357 987 482 73299 0 0 0 standing 
5 932 355 988 480 73300 0 0 1 standing 
5 935 353 989 478 73301 0 0 1 standing 
5 938 352 990 476 73302 0 0 1 standing 
5 941 350 991 474 73303 0 0 1 standing 
5 945 349 993 473 73304 0 0 0 standing 
5 944 347 994 471 73305 0 0 1 standing 
5 944 346 995 470 73306 0 0 1 standing 
5 944 345 997 469 73307 0 0 1 standing 
5 943 343 998 468 73308 0 0 1 standing 
5 943 342 999 467 73309 0 0 1 standing 
6 1108 412 1159 554 73290 0 0 0 standing 
6 1103 410 1156 552 73291 0 0 1 standing 
6 1098 408 1153 550 73292 0 0 1 standing 
6 1094 406 1151 548 73293 0 0 1 standing 
6 1089 404 1148 546 73294 0 0 1 standing 
6 1085 403 1146 544 73295 0 0 0 standing 
6 1083 401 1142 542 73296 0 0 1 standing 
6 1081 400 1139 541 73297 0 0 1 standing 
6 1080 398 1135 539 73298 0 0 1 standing 
6 1078 397 1132 538 73299 0 0 1 standing 
6 1077 396 1129 537 73300 0 0 0 standing 
6 1076 392 1128 533 73301 0 0 1 standing 
6 1076 389 1128 530 73302 0 0 1 standing 
6 1075 386 1127 527 73303 0 0 1 standing 
6 1075 383 1127 524 73304 0 0 1 standing 
6 1075 380 1127 521 73305 0 0 0 standing 
6 1075 375 1127 516 73306 0 0 1 standing 
6 1076 370 1128 511 73307 0 0 1 standing 
6 1076 365 1128 506 73308 0 0 1 standing 
6 1077 360 1129 501 73309 0 0 0 standing 
7 284 388 339 504 73290 0 0 0 standing 
7 286 386 340 503 73291 0 0 1 standing 
7 288 384 342 502 73292 0 0 1 standing 
7 290 382 344 501 73293 0 0 1 standing 
7 292 380 346 500 73294 0 0 1 standing 
7 294 379 348 499 73295 0 0 1 standing 
7 296 377 350 498 73296 0 0 1 standing 
7 298 375 352 497 73297 0 0 1 standing 
7 300 373 354 496 73298 0 0 1 standing 
7 302 371 356 495 73299 0 0 1 standing 
7 304 370 358 495 73300 0 0 0 standing 
7 308 367 362 492 73301 0 0 1 standing 
7 312 365 366 490 73302 0 0 1 standing 
7 316 363 370 488 73303 0 0 0 standing 
7 318 361 372 486 73304 0 0 1 standing 
7 321 360 375 485 73305 0 0 1 standing 
7 324 359 378 484 73306 0 0 1 standing 
7 327 358 381 483 73307 0 0 1 standing 
7 330 357 384 482 73308 0 0 1 standing 
7 333 356 387 481 73309 0 0 1 standing 
8 431 473 486 592 73290 0 1 0 standing 
8 418 474 476 591 73291 0 1 1 falling 
8 405 476 467 590 73292 0 1 1 falling 
8 393 478 458 589 73293 0 1 0 falling 
8 385 477 450 588 73294 0 1 1 falling 
8 377 477 443 588 73295 0 1 1 falling 
8 369 477 436 587 73296 0 1 1 falling 
8 361 477 429 587 73297 0 1 0 falling 
8 353 477 422 587 73298 0 1 1 falling 
8 346 477 415 587 73299 0 1 1 falling 
8 339 477 409 587 73300 0 1 0 falling 
8 333 475 403 585 73301 0 1 1 falling 
8 328 474 398 584 73302 0 1 1 falling 
8 323 473 393 583 73303 0 1 1 falling 
8 317 472 387 582 73304 0 1 1 falling 
8 312 471 382 581 73305 0 1 1 falling 
8 307 470 377 580 73306 0 1 1 falling 
8 301 469 371 579 73307 0 1 1 falling 
8 296 468 366 578 73308 0 1 1 falling 
8 291 467 361 577 73309 0 1 1 falling 
9 697 406 742 553 73290 0 0 0 falling 
9 696 405 741 552 73291 0 0 1 standing 
9 696 405 741 551 73292 0 0 1 standing 
9 696 405 740 550 73293 0 0 1 standing 
9 695 404 740 550 73294 0 0 1 standing 
9 695 404 739 549 73295 0 0 1 standing 
9 695 404 739 548 73296 0 0 1 standing 
9 695 404 739 548 73297 0 0 0 standing 
9 694 401 737 546 73298 0 0 1 standing 
9 693 398 736 545 73299 0 0 1 standing 
9 692 395 735 543 73300 0 0 1 standing 
9 691 393 734 542 73301 0 0 0 standing 
9 688 388 731 536 73302 0 0 1 standing 
9 686 383 729 531 73303 0 0 1 standing 
9 684 378 727 525 73304 0 0 1 standing 
9 682 374 725 520 73305 0 0 0 standing 
9 679 371 722 517 73306 0 0 1 standing 
9 677 369 720 514 73307 0 0 1 standing 
9 674 366 718 511 73308 0 0 1 standing 
9 672 364 716 508 73309 0 0 1 standing 
10 1066 473 1121 629 73290 0 0 0 standing 
10 1069 473 1124 627 73291 0 0 1 standing 
10 1072 473 1128 625 73292 0 0 1 standing 
10 1075 473 1131 624 73293 0 0 1 standing 
10 1078 473 1135 622 73294 0 0 1 standing 
10 1081 473 1138 620 73295 0 0 1 standing 
10 1085 473 1142 619 73296 0 0 0 standing 
10 1086 473 1144 617 73297 0 0 1 standing 
10 1088 473 1146 616 73298 0 0 1 standing 
10 1090 473 1148 614 73299 0 0 1 standing 
10 1092 474 1150 613 73300 0 0 0 standing 
10 1093 471 1151 613 73301 0 0 1 standing 
10 1094 469 1152 613 73302 0 0 1 standing 
10 1095 467 1153 613 73303 0 0 1 standing 
10 1096 465 1154 613 73304 0 0 1 standing 
10 1098 463 1156 613 73305 0 0 0 standing 
10 1096 460 1155 612 73306 0 0 1 standing 
10 1095 458 1154 612 73307 0 0 1 standing 
10 1094 455 1153 612 73308 0 0 1 standing 
10 1093 453 1152 612 73309 0 0 1 standing 
11 704 463 764 602 73290 0 0 0 standing 
11 704 462 763 601 73291 0 0 1 standing 
11 704 462 763 600 73292 0 0 1 standing 
11 704 461 763 599 73293 0 0 1 standing 
11 704 461 763 598 73294 0 0 1 standing 
11 704 460 763 597 73295 0 0 1 standing 
11 704 460 763 596 73296 0 0 1 standing 
11 704 459 763 595 73297 0 0 1 standing 
11 704 459 763 594 73298 0 0 1 standing 
11 704 458 763 593 73299 0 0 1 standing 
11 704 458 763 593 73300 0 0 0 standing 
11 705 457 766 590 73301 0 0 1 standing 
11 706 456 770 588 73302 0 0 1 standing 
11 707 455 773 586 73303 0 0 1 standing 
11 708 454 777 584 73304 0 0 0 standing 
11 712 450 779 582 73305 0 0 1 standing 
11 716 447 782 580 73306 0 0 1 standing 
11 720 444 785 578 73307 0 0 1 standing 
11 725 441 788 576 73308 0 0 1 standing 
11 729 438 791 574 73309 0 0 1 standing 
