0 383 495 464 585 51665 0 1 0 falling 
0 387 494 468 581 51666 0 1 1 falling 
0 391 493 472 578 51667 0 1 1 falling 
0 395 492 476 575 51668 0 1 1 falling 
0 399 491 480 572 51669 0 1 1 falling 
0 404 491 485 569 51670 0 1 0 falling 
0 402 489 483 564 51671 0 1 1 falling 
0 400 487 481 560 51672 0 1 1 falling 
0 398 485 479 555 51673 0 1 1 falling 
0 396 483 477 551 51674 0 1 1 falling 
0 394 482 475 547 51675 0 1 0 falling 
0 390 481 472 546 51676 0 1 1 falling 
0 387 480 469 545 51677 0 1 1 falling 
0 384 480 466 545 51678 0 1 1 falling 
0 381 479 463 544 51679 0 1 1 falling 
0 378 479 460 544 51680 0 1 1 falling 
0 374 478 457 543 51681 0 1 1 falling 
0 371 477 454 542 51682 0 1 1 falling 
0 368 477 451 542 51683 0 1 1 falling 
0 365 476 448 541 51684 0 1 1 falling 
1 209 476 269 625 51665 0 0 0 falling 
1 215 477 275 626 51666 0 0 1 moving 
1 221 479 281 628 51667 0 0 1 moving 
1 228 480 288 629 51668 0 0 1 moving 
1 234 482 294 631 51669 0 0 1 moving 
1 241 483 301 632 51670 0 0 1 moving 
1 247 485 307 634 51671 0 0 1 moving 
1 253 486 313 635 51672 0 0 1 moving 
1 260 488 320 637 51673 0 0 1 moving 
1 266 489 326 638 51674 0 0 1 moving 
1 273 491 333 640 51675 0 0 0 moving 
1 275 491 335 640 51676 0 0 1 moving 
1 278 491 338 640 51677 0 0 1 moving 
1 280 492 340 641 51678 0 0 1 moving 
1 283 492 343 641 51679 0 0 1 moving 
1 285 493 345 642 51680 0 0 1 moving 
1 288 493 348 642 51681 0 0 1 moving 
1 290 493 350 642 51682 0 0 1 moving 
1 293 494 353 643 51683 0 0 1 moving 
1 295 494 355 643 51684 0 0 1 moving 
2 461 438 515 541 51665 0 0 0 moving 
2 470 434 524 540 51666 0 0 1 standing 
2 480 431 534 539 51667 0 0 1 standing 
2 490 428 543 538 51668 0 0 1 standing 
2 500 425 553 537 51669 0 0 1 standing 
2 510 422 563 536 51670 0 0 0 standing 
2 511 419 564 535 51671 0 0 1 standing 
2 512 416 565 534 51672 0 0 1 standing 
2 513 413 566 533 51673 0 0 1 standing 
2 514 410 567 532 51674 0 0 1 standing 
2 515 407 568 532 51675 0 0 0 standing 
2 515 407 570 532 51676 0 0 1 standing 
2 515 407 573 532 51677 0 0 1 standing 
2 516 407 576 532 51678 0 0 1 standing 
2 516 407 579 532 51679 0 0 1 standing 
2 517 407 582 532 51680 0 0 1 standing 
2 517 407 584 532 51681 0 0 1 standing 
2 517 407 587 532 51682 0 0 1 standing 
2 518 407 590 532 51683 0 0 1 standing 
2 518 407 593 532 51684 0 0 1 standing 
3 455 361 502 482 51665 0 0 0 standing 
3 464 358 511 479 51666 0 0 1 standing 
3 474 355 521 476 51667 0 0 1 standing 
3 483 352 530 473 51668 0 0 1 standing 
3 493 349 540 470 51669 0 0 1 standing 
3 503 347 550 468 51670 0 0 0 standing 
3 505 346 552 467 51671 0 0 1 standing 
3 508 345 555 466 51672 0 0 1 standing 
3 510 345 557 466 51673 0 0 1 standing 
3 513 344 560 465 51674 0 0 1 standing 
3 516 344 563 465 51675 0 0 0 standing 
3 516 343 563 464 51676 0 0 1 standing 
3 516 342 563 463 51677 0 0 1 standing 
3 516 341 563 462 51678 0 0 1 standing 
3 516 340 563 461 51679 0 0 1 standing 
3 516 339 563 460 51680 0 0 1 standing 
3 516 338 563 459 51681 0 0 1 standing 
3 516 337 563 458 51682 0 0 1 standing 
3 516 336 563 457 51683 0 0 1 standing 
3 516 335 563 456 51684 0 0 1 standing 
4 568 479 632 627 51665 0 0 0 standing 
4 577 476 641 624 51666 0 0 1 standing 
4 587 474 651 622 51667 0 0 1 standing 
4 597 472 661 620 51668 0 0 1 standing 
4 607 470 671 618 51669 0 0 1 standing 
4 617 468 681 616 51670 0 0 0 standing 
4 618 467 682 615 51671 0 0 1 standing 
4 619 466 683 614 51672 0 0 1 standing 
4 620 465 684 614 51673 0 0 1 standing 
4 621 464 685 613 51674 0 0 1 standing 
4 623 464 687 613 51675 0 0 0 standing 
4 624 464 688 613 51676 0 0 1 standing 
4 626 465 690 614 51677 0 0 1 standing 
4 628 466 692 615 51678 0 0 1 standing 
4 630 467 694 616 51679 0 0 1 standing 
4 632 468 696 617 51680 0 0 1 standing 
4 633 468 697 618 51681 0 0 1 standing 
4 635 469 699 619 51682 0 0 1 standing 
4 637 470 701 620 51683 0 0 1 standing 
4 639 471 703 621 51684 0 0 1 standing 
5 789 459 850 584 51665 0 0 0 standing 
5 797 459 858 584 51666 0 0 1 standing 
5 806 459 867 584 51667 0 0 1 standing 
5 814 459 875 584 51668 0 0 1 standing 
5 823 459 884 584 51669 0 0 1 standing 
5 832 460 893 585 51670 0 0 0 standing 
5 831 459 892 584 51671 0 0 1 standing 
5 830 458 891 583 51672 0 0 1 standing 
5 829 457 890 582 51673 0 0 1 standing 
5 828 456 889 581 51674 0 0 1 standing 
5 827 455 888 581 51675 0 0 0 standing 
5 822 455 883 582 51676 0 0 1 standing 
5 817 456 879 584 51677 0 0 1 standing 
5 813 457 875 586 51678 0 0 1 standing 
5 808 457 871 587 51679 0 0 1 standing 
5 804 458 867 589 51680 0 0 1 standing 
5 799 459 862 591 51681 0 0 1 standing 
5 794 459 858 592 51682 0 0 1 standing 
5 790 460 854 594 51683 0 0 1 standing 
5 785 461 850 596 51684 0 0 1 standing 
6 1119 451 1172 584 51665 0 0 0 standing 
6 1131 450 1184 583 51666 0 0 1 standing 
6 1144 449 1197 582 51667 0 0 1 standing 
6 1157 448 1210 581 51668 0 0 1 standing 
6 1170 447 1223 580 51669 0 0 1 standing 
6 1183 446 1236 579 51670 0 0 0 standing 
6 1188 449 1241 582 51671 0 0 1 standing 
6 1194 452 1247 585 51672 0 0 1 standing 
6 1200 455 1253 588 51673 0 0 1 standing 
6 1206 458 1259 591 51674 0 0 1 standing 
6 1212 461 1265 594 51675 0 0 0 standing 
6 1213 461 1266 594 51676 0 0 1 standing 
6 1215 462 1267 595 51677 0 0 1 standing 
6 1216 463 1269 596 51678 0 0 1 standing 
6 1218 464 1270 597 51679 0 0 1 standing 
6 1219 465 1272 598 51680 0 0 1 standing 
6 1221 466 1273 599 51681 0 0 1 standing 
6 1222 467 1274 600 51682 0 0 1 standing 
6 1224 468 1276 601 51683 0 0 1 standing 
6 1225 469 1277 602 51684 0 0 1 standing 
7 945 440 993 576 51665 0 0 0 standing 
7 951 439 999 575 51666 0 0 1 standing 
7 957 439 1005 575 51667 0 0 1 standing 
7 963 438 1011 574 51668 0 0 1 standing 
7 969 438 1017 574 51669 0 0 1 standing 
7 975 438 1023 574 51670 0 0 0 standing 
7 975 438 1023 574 51671 0 0 1 standing 
7 975 438 1023 574 51672 0 0 1 standing 
7 975 438 1023 574 51673 0 0 1 standing 
7 975 438 1023 574 51674 0 0 1 standing 
7 975 438 1023 574 51675 0 0 0 standing 
7 973 439 1021 575 51676 0 0 1 standing 
7 971 441 1019 577 51677 0 0 1 standing 
7 969 443 1017 579 51678 0 0 1 standing 
7 968 444 1016 580 51679 0 0 1 standing 
7 966 446 1014 582 51680 0 0 1 standing 
7 964 448 1012 584 51681 0 0 1 standing 
7 963 449 1011 585 51682 0 0 1 standing 
7 961 451 1009 587 51683 0 0 1 standing 
7 959 453 1007 589 51684 0 0 1 standing 
8 914 397 960 510 51665 0 0 0 standing 
8 924 395 970 508 51666 0 0 1 standing 
8 934 393 980 506 51667 0 0 1 standing 
8 944 391 990 505 51668 0 0 1 standing 
8 954 389 1000 503 51669 0 0 1 standing 
8 964 388 1011 502 51670 0 0 0 standing 
8 964 388 1011 502 51671 0 0 1 standing 
8 965 389 1012 503 51672 0 0 1 standing 
8 966 390 1013 504 51673 0 0 1 standing 
8 967 391 1014 505 51674 0 0 1 standing 
8 968 392 1015 506 51675 0 0 0 standing 
8 968 392 1015 506 51676 0 0 1 standing 
8 968 392 1015 506 51677 0 0 1 standing 
8 968 392 1015 506 51678 0 0 1 standing 
8 968 392 1015 506 51679 0 0 1 standing 
8 968 392 1015 506 51680 0 0 1 standing 
8 968 392 1015 506 51681 0 0 1 standing 
8 968 392 1015 506 51682 0 0 1 standing 
8 968 392 1015 506 51683 0 0 1 standing 
8 968 392 1015 506 51684 0 0 1 standing 
9 906 421 956 554 51665 0 0 0 standing 
9 915 418 964 551 51666 0 0 1 standing 
9 924 416 973 549 51667 0 0 1 standing 
9 933 414 982 547 51668 0 0 1 standing 
9 942 412 991 545 51669 0 0 1 standing 
9 951 410 1000 543 51670 0 0 0 standing 
9 951 409 1000 542 51671 0 0 1 standing 
9 952 409 1000 542 51672 0 0 1 standing 
9 952 409 1001 542 51673 0 0 1 standing 
9 953 409 1001 542 51674 0 0 1 standing 
9 954 409 1002 542 51675 0 0 0 standing 
9 953 409 1001 542 51676 0 0 1 standing 
9 952 409 1000 542 51677 0 0 1 standing 
9 951 409 999 542 51678 0 0 1 standing 
9 951 409 999 542 51679 0 0 1 standing 
9 950 409 998 542 51680 0 0 1 standing 
9 949 409 997 542 51681 0 0 1 standing 
9 949 409 997 542 51682 0 0 1 standing 
9 948 409 996 542 51683 0 0 1 standing 
9 947 409 995 542 51684 0 0 1 standing 
