0 119 465 166 593 35960 0 0 0 standing 
0 119 465 166 593 35961 0 0 1 standing 
0 119 466 166 594 35962 0 0 1 standing 
0 119 467 166 595 35963 0 0 1 standing 
0 119 468 166 596 35964 0 0 1 standing 
0 120 469 167 597 35965 0 0 0 standing 
0 119 469 166 597 35966 0 0 1 standing 
0 119 469 166 597 35967 0 0 1 standing 
0 119 469 166 597 35968 0 0 1 standing 
0 119 469 166 597 35969 0 0 1 standing 
0 119 470 166 598 35970 0 0 0 standing 
0 116 470 164 599 35971 0 0 1 standing 
0 114 470 163 601 35972 0 0 1 standing 
0 112 471 162 603 35973 0 0 1 standing 
0 110 471 161 605 35974 0 0 1 standing 
0 108 472 160 607 35975 0 0 1 standing 
0 106 472 159 609 35976 0 0 1 standing 
0 104 472 158 611 35977 0 0 1 standing 
0 102 473 157 613 35978 0 0 1 standing 
0 100 473 156 615 35979 0 0 1 standing 
1 276 463 322 557 35960 0 0 0 standing 
1 273 462 319 558 35961 0 0 1 standing 
1 270 461 316 559 35962 0 0 1 standing 
1 267 460 313 560 35963 0 0 1 standing 
1 264 460 310 562 35964 0 0 0 standing 
1 262 458 308 562 35965 0 0 1 standing 
1 260 457 306 562 35966 0 0 1 standing 
1 258 456 304 563 35967 0 0 1 standing 
1 256 454 302 563 35968 0 0 1 standing 
1 254 453 300 563 35969 0 0 1 standing 
1 253 452 298 564 35970 0 0 0 standing 
1 248 452 294 565 35971 0 0 1 standing 
1 243 453 290 567 35972 0 0 1 standing 
1 239 454 286 568 35973 0 0 1 standing 
1 234 455 282 570 35974 0 0 1 standing 
1 230 456 278 572 35975 0 0 0 standing 
1 226 455 275 572 35976 0 0 1 standing 
1 222 454 272 572 35977 0 0 1 standing 
1 219 454 269 572 35978 0 0 1 standing 
1 215 453 266 572 35979 0 0 1 standing 
2 372 409 415 492 35960 0 0 0 standing 
2 375 407 417 491 35961 0 0 1 standing 
2 379 406 420 491 35962 0 0 1 standing 
2 382 404 423 490 35963 0 0 1 standing 
2 386 403 426 490 35964 0 0 1 standing 
2 390 402 428 490 35965 0 0 1 standing 
2 393 400 431 489 35966 0 0 1 standing 
2 397 399 434 489 35967 0 0 1 standing 
2 401 398 437 489 35968 0 0 0 standing 
2 402 396 438 488 35969 0 0 1 standing 
2 403 394 440 487 35970 0 0 1 standing 
2 404 392 442 486 35971 0 0 1 standing 
2 406 391 444 486 35972 0 0 0 standing 
2 405 390 443 486 35973 0 0 1 standing 
2 405 389 443 486 35974 0 0 1 standing 
2 405 389 443 487 35975 0 0 0 standing 
2 403 387 442 485 35976 0 0 1 standing 
2 402 385 441 484 35977 0 0 1 standing 
2 400 383 440 483 35978 0 0 1 standing 
2 399 381 439 482 35979 0 0 1 standing 
3 445 434 495 539 35960 0 0 0 standing 
3 446 433 496 538 35961 0 0 1 moving 
3 448 433 498 538 35962 0 0 1 moving 
3 449 433 499 538 35963 0 0 1 moving 
3 451 433 501 538 35964 0 0 1 moving 
3 452 432 502 538 35965 0 0 1 moving 
3 454 432 504 538 35966 0 0 1 moving 
3 455 432 505 537 35967 0 0 1 moving 
3 457 432 507 537 35968 0 0 1 moving 
3 458 431 508 537 35969 0 0 1 moving 
3 460 431 510 537 35970 0 0 1 moving 
3 461 431 511 537 35971 0 0 1 moving 
3 463 431 513 537 35972 0 0 0 moving 
3 462 429 512 537 35973 0 0 1 moving 
3 461 427 511 537 35974 0 0 1 moving 
3 461 425 510 537 35975 0 0 0 moving 
3 459 425 508 536 35976 0 0 1 moving 
3 458 425 507 536 35977 0 0 1 moving 
3 457 426 506 535 35978 0 0 1 moving 
3 456 426 504 535 35979 0 0 1 moving 
4 602 445 644 559 35960 0 0 0 moving 
4 605 445 647 561 35961 0 0 1 standing 
4 609 446 651 564 35962 0 0 1 standing 
4 612 447 655 567 35963 0 0 1 standing 
4 616 448 659 570 35964 0 0 0 standing 
4 617 448 661 570 35965 0 0 1 standing 
4 619 449 663 571 35966 0 0 1 standing 
4 621 450 666 571 35967 0 0 1 standing 
4 622 450 668 572 35968 0 0 1 standing 
4 624 451 670 572 35969 0 0 1 standing 
4 626 452 673 573 35970 0 0 0 standing 
4 627 456 674 577 35971 0 0 1 standing 
4 629 460 676 581 35972 0 0 1 standing 
4 631 464 678 586 35973 0 0 0 standing 
4 629 463 677 585 35974 0 0 1 standing 
4 627 462 676 584 35975 0 0 1 standing 
4 625 461 675 584 35976 0 0 1 standing 
4 623 460 674 583 35977 0 0 1 standing 
4 621 459 673 583 35978 0 0 0 standing 
4 618 459 670 584 35979 0 0 1 standing 
5 699 423 733 518 35960 0 0 0 standing 
5 701 422 735 517 35961 0 0 1 standing 
5 703 421 738 517 35962 0 0 1 standing 
5 705 420 741 516 35963 0 0 1 standing 
5 707 419 744 516 35964 0 0 1 standing 
5 709 418 747 515 35965 0 0 1 standing 
5 712 418 750 515 35966 0 0 0 standing 
5 714 417 751 515 35967 0 0 1 standing 
5 717 417 752 515 35968 0 0 1 standing 
5 719 416 753 515 35969 0 0 1 standing 
5 722 416 754 516 35970 0 0 0 standing 
5 724 415 756 515 35971 0 0 1 standing 
5 726 415 758 515 35972 0 0 1 standing 
5 728 415 760 515 35973 0 0 1 standing 
5 730 415 762 515 35974 0 0 0 standing 
5 728 414 760 514 35975 0 0 1 standing 
5 727 414 759 514 35976 0 0 1 standing 
5 726 414 757 514 35977 0 0 1 standing 
5 724 413 756 513 35978 0 0 1 standing 
5 723 413 754 513 35979 0 0 1 standing 
6 850 429 892 533 35960 0 0 0 standing 
6 856 428 898 532 35961 0 0 1 standing 
6 862 427 904 531 35962 0 0 1 standing 
6 869 427 911 531 35963 0 0 0 standing 
6 873 427 915 531 35964 0 0 1 standing 
6 878 427 920 531 35965 0 0 1 standing 
6 883 427 925 531 35966 0 0 1 standing 
6 887 427 929 531 35967 0 0 1 standing 
6 892 427 934 531 35968 0 0 1 standing 
6 897 427 939 531 35969 0 0 1 standing 
6 902 427 944 531 35970 0 0 0 standing 
6 905 426 947 530 35971 0 0 1 standing 
6 908 425 950 529 35972 0 0 1 standing 
6 911 424 953 528 35973 0 0 1 standing 
6 914 424 956 528 35974 0 0 0 standing 
6 914 424 956 528 35975 0 0 1 standing 
6 914 425 956 529 35976 0 0 1 standing 
6 915 425 957 529 35977 0 0 1 standing 
6 915 426 957 530 35978 0 0 1 standing 
6 915 426 957 530 35979 0 0 1 standing 
7 1160 435 1225 533 35960 0 0 0 standing 
7 1162 434 1225 533 35961 0 0 1 standing 
7 1164 434 1225 534 35962 0 0 1 standing 
7 1166 433 1225 535 35963 0 0 1 standing 
7 1168 433 1225 535 35964 0 0 1 standing 
7 1170 432 1225 536 35965 0 0 1 standing 
7 1172 432 1225 537 35966 0 0 1 standing 
7 1175 432 1225 538 35967 0 0 0 standing 
7 1174 430 1225 538 35968 0 0 1 standing 
7 1174 429 1225 539 35969 0 0 1 standing 
7 1174 428 1226 540 35970 0 0 0 standing 
7 1171 429 1223 540 35971 0 0 1 standing 
7 1169 430 1220 541 35972 0 0 1 standing 
7 1166 431 1217 541 35973 0 0 1 standing 
7 1164 432 1214 542 35974 0 0 0 standing 
7 1161 433 1211 542 35975 0 0 1 standing 
7 1159 435 1208 542 35976 0 0 1 standing 
7 1156 437 1205 542 35977 0 0 1 standing 
7 1154 439 1202 542 35978 0 0 1 standing 
7 1152 441 1199 542 35979 0 0 0 standing 
8 298 487 345 592 35960 0 1 0 standing 
8 298 488 345 592 35961 0 1 1 digging 
8 299 489 345 592 35962 0 1 1 digging 
8 300 491 346 592 35963 0 1 0 digging 
8 301 488 347 592 35964 0 1 1 digging 
8 302 486 348 592 35965 0 1 1 digging 
8 303 484 349 593 35966 0 1 0 digging 
8 301 481 356 592 35967 0 1 1 digging 
8 299 479 363 591 35968 0 1 1 digging 
8 298 477 370 590 35969 0 1 0 digging 
8 295 476 365 591 35970 0 1 1 digging 
8 292 476 361 592 35971 0 1 1 digging 
8 290 476 356 593 35972 0 1 1 digging 
8 287 476 352 594 35973 0 1 1 digging 
8 284 475 348 595 35974 0 1 1 digging 
8 282 475 343 596 35975 0 1 1 digging 
8 279 475 339 597 35976 0 1 1 digging 
8 277 475 335 598 35977 0 1 0 digging 
8 274 473 328 600 35978 0 1 1 digging 
8 272 471 321 602 35979 0 1 1 digging 
9 669 433 710 535 35960 0 0 0 digging 
9 673 433 713 535 35961 0 0 1 standing 
9 677 433 716 536 35962 0 0 1 standing 
9 682 433 719 537 35963 0 0 1 standing 
9 686 433 723 538 35964 0 0 1 standing 
9 691 433 726 539 35965 0 0 1 standing 
9 695 433 729 540 35966 0 0 1 standing 
9 699 433 733 541 35967 0 0 1 standing 
9 704 433 736 542 35968 0 0 1 standing 
9 708 433 739 543 35969 0 0 1 standing 
9 713 433 743 544 35970 0 0 0 standing 
9 713 432 743 544 35971 0 0 1 standing 
9 714 432 744 545 35972 0 0 1 standing 
9 714 432 744 545 35973 0 0 1 standing 
9 715 432 745 546 35974 0 0 1 standing 
9 716 432 746 547 35975 0 0 0 standing 
9 715 432 745 547 35976 0 0 1 standing 
9 714 432 744 548 35977 0 0 1 standing 
9 713 432 743 549 35978 0 0 1 standing 
9 712 432 742 550 35979 0 0 1 standing 
10 853 481 896 583 35960 0 0 0 standing 
10 859 481 902 583 35961 0 0 1 standing 
10 865 482 908 584 35962 0 0 1 standing 
10 871 482 914 584 35963 0 0 1 standing 
10 877 483 920 585 35964 0 0 1 standing 
10 884 484 927 586 35965 0 0 1 standing 
10 890 484 933 586 35966 0 0 1 standing 
10 896 485 939 587 35967 0 0 1 standing 
10 902 485 945 587 35968 0 0 1 standing 
10 908 486 951 588 35969 0 0 1 standing 
10 915 487 958 589 35970 0 0 0 standing 
10 918 487 961 590 35971 0 0 1 standing 
10 921 487 964 591 35972 0 0 1 standing 
10 924 488 967 592 35973 0 0 0 standing 
10 925 488 968 592 35974 0 0 1 standing 
10 926 489 970 593 35975 0 0 1 standing 
10 928 490 972 594 35976 0 0 0 standing 
10 927 490 971 595 35977 0 0 1 standing 
10 927 491 971 596 35978 0 0 1 standing 
10 927 491 971 597 35979 0 0 1 standing 
11 678 452 714 559 35960 0 0 0 standing 
11 683 451 719 559 35961 0 0 1 blocking 
11 688 451 724 560 35962 0 0 1 blocking 
11 693 450 729 560 35963 0 0 1 blocking 
11 699 450 735 561 35964 0 0 0 blocking 
11 702 450 738 562 35965 0 0 1 blocking 
11 706 450 741 563 35966 0 0 1 blocking 
11 709 450 744 564 35967 0 0 1 blocking 
11 713 450 748 566 35968 0 0 0 blocking 
11 714 450 750 566 35969 0 0 1 blocking 
11 716 451 752 567 35970 0 0 1 blocking 
11 717 451 754 567 35971 0 0 1 blocking 
11 719 452 756 568 35972 0 0 0 blocking 
11 718 452 756 568 35973 0 0 1 blocking 
11 717 453 756 569 35974 0 0 1 blocking 
11 717 453 756 570 35975 0 0 1 blocking 
11 716 454 756 571 35976 0 0 1 blocking 
11 716 455 756 572 35977 0 0 0 blocking 
11 716 455 757 572 35978 0 0 1 blocking 
11 716 456 758 573 35979 0 0 1 blocking 
