0 543 423 608 554 56775 0 0 0 standing 
0 538 421 604 553 56776 0 0 1 standing 
0 534 420 600 552 56777 0 0 1 standing 
0 530 418 596 551 56778 0 0 1 standing 
0 526 417 592 551 56779 0 0 1 standing 
0 522 415 588 550 56780 0 0 1 standing 
0 518 414 584 549 56781 0 0 1 standing 
0 513 412 580 548 56782 0 0 1 standing 
0 509 411 576 548 56783 0 0 1 standing 
0 505 409 572 547 56784 0 0 1 standing 
0 501 408 568 546 56785 0 0 1 standing 
0 497 406 564 545 56786 0 0 1 standing 
0 493 405 561 545 56787 0 0 0 standing 
0 490 406 558 546 56788 0 0 1 standing 
0 487 407 555 548 56789 0 0 1 standing 
0 485 409 553 550 56790 0 0 0 standing 
0 479 410 547 551 56791 0 0 1 standing 
0 474 411 542 552 56792 0 0 1 standing 
0 469 413 537 554 56793 0 0 0 standing 
0 469 413 537 554 56794 0 0 1 standing 
1 671 466 729 588 56775 0 1 0 standing 
1 663 459 721 584 56776 0 1 1 setting 
1 655 453 713 581 56777 0 1 1 setting 
1 648 446 705 578 56778 0 1 1 setting 
1 640 440 698 575 56779 0 1 1 setting 
1 632 433 690 571 56780 0 1 1 setting 
1 625 427 682 568 56781 0 1 1 setting 
1 617 420 674 565 56782 0 1 1 setting 
1 609 414 667 562 56783 0 1 1 setting 
1 602 407 659 558 56784 0 1 1 setting 
1 594 401 651 555 56785 0 1 1 setting 
1 586 394 643 552 56786 0 1 1 setting 
1 579 388 636 549 56787 0 1 0 setting 
1 570 391 628 551 56788 0 1 1 setting 
1 562 394 620 554 56789 0 1 1 setting 
1 554 397 612 557 56790 0 1 0 setting 
1 543 405 602 565 56791 0 1 1 setting 
1 533 414 592 573 56792 0 1 1 setting 
1 523 422 582 581 56793 0 1 1 setting 
1 513 431 573 590 56794 0 1 0 setting 
2 640 554 728 706 56775 1 0 1 setting 
2 638 554 727 706 56776 1 0 1 moving 
2 637 555 726 707 56777 0 1 0 moving 
2 630 554 721 707 56778 0 1 1 moving 
2 624 554 716 708 56779 0 1 1 moving 
2 617 553 711 708 56780 0 1 1 moving 
2 611 553 707 709 56781 0 1 0 moving 
2 607 548 704 709 56782 0 1 1 moving 
2 603 543 702 709 56783 0 1 1 moving 
2 600 538 700 710 56784 0 1 0 moving 
2 600 536 696 706 56785 0 1 1 moving 
2 600 534 692 702 56786 0 1 1 moving 
2 600 532 688 699 56787 0 1 1 moving 
2 600 530 684 695 56788 0 1 1 moving 
2 600 528 680 691 56789 0 1 1 moving 
2 600 527 676 688 56790 0 1 0 moving 
2 594 526 677 686 56791 0 1 1 moving 
2 589 525 678 685 56792 0 1 1 moving 
2 584 524 679 684 56793 0 1 1 moving 
2 579 523 681 683 56794 0 1 0 moving 
3 821 475 884 635 56775 0 0 0 moving 
3 814 473 877 633 56776 0 0 1 standing 
3 808 471 871 631 56777 0 0 1 standing 
3 802 469 865 630 56778 0 0 1 standing 
3 796 468 858 628 56779 0 0 1 standing 
3 790 466 852 627 56780 0 0 1 standing 
3 784 464 846 625 56781 0 0 1 standing 
3 778 463 839 623 56782 0 0 1 standing 
3 772 461 833 622 56783 0 0 1 standing 
3 766 459 827 620 56784 0 0 1 standing 
3 760 458 821 619 56785 0 0 0 standing 
3 753 457 816 618 56786 0 0 1 standing 
3 747 457 811 617 56787 0 0 1 standing 
3 741 456 806 617 56788 0 0 1 standing 
3 735 456 801 616 56789 0 0 1 standing 
3 729 456 796 616 56790 0 0 0 standing 
3 723 455 788 615 56791 0 0 1 standing 
3 717 455 781 615 56792 0 0 1 standing 
3 711 455 774 615 56793 0 0 1 standing 
3 706 455 767 615 56794 0 0 0 standing 
4 676 384 739 505 56775 0 0 0 standing 
4 669 383 732 505 56776 0 0 1 standing 
4 663 383 726 505 56777 0 0 1 standing 
4 657 383 720 505 56778 0 0 1 standing 
4 650 383 713 505 56779 0 0 1 standing 
4 644 383 707 505 56780 0 0 1 standing 
4 638 383 701 505 56781 0 0 1 standing 
4 631 383 694 505 56782 0 0 1 standing 
4 625 383 688 505 56783 0 0 1 standing 
4 619 383 682 505 56784 0 0 1 standing 
4 613 383 676 505 56785 0 0 0 standing 
4 605 383 668 505 56786 0 0 1 standing 
4 598 383 661 505 56787 0 0 1 standing 
4 590 384 653 505 56788 0 0 1 standing 
4 583 384 646 505 56789 0 0 1 standing 
4 575 384 638 506 56790 0 0 1 standing 
4 568 385 631 506 56791 0 0 1 standing 
4 560 385 623 506 56792 0 0 1 standing 
4 553 385 616 506 56793 0 0 1 standing 
4 546 386 609 507 56794 0 0 0 standing 
5 692 367 744 481 56775 0 1 0 standing 
5 686 365 738 478 56776 0 1 1 moving 
5 680 363 732 475 56777 0 1 1 moving 
5 674 361 726 472 56778 0 1 1 moving 
5 668 359 720 469 56779 0 1 1 moving 
5 663 357 714 466 56780 0 1 1 moving 
5 657 355 708 463 56781 0 1 1 moving 
5 651 353 702 460 56782 0 1 1 moving 
5 645 351 696 457 56783 0 1 1 moving 
5 639 349 690 454 56784 0 1 1 moving 
5 634 348 685 451 56785 0 1 0 moving 
5 629 348 684 452 56786 0 1 1 moving 
5 624 349 683 453 56787 0 1 1 moving 
5 619 349 682 455 56788 0 1 1 moving 
5 614 350 681 456 56789 0 1 1 moving 
5 610 351 680 458 56790 0 1 0 moving 
5 605 347 679 455 56791 0 1 1 moving 
5 600 343 678 452 56792 0 1 1 moving 
5 595 339 677 449 56793 0 1 1 moving 
5 591 335 677 446 56794 0 1 0 moving 
6 972 494 1044 629 56775 0 0 0 moving 
6 965 493 1037 628 56776 0 0 1 standing 
6 958 492 1030 627 56777 0 0 1 standing 
6 952 491 1024 626 56778 0 0 1 standing 
6 945 490 1017 625 56779 0 0 1 standing 
6 939 489 1011 625 56780 0 0 1 standing 
6 932 488 1004 624 56781 0 0 1 standing 
6 925 487 997 623 56782 0 0 1 standing 
6 919 486 991 622 56783 0 0 1 standing 
6 912 485 984 621 56784 0 0 1 standing 
6 906 485 978 621 56785 0 0 0 standing 
6 897 486 971 622 56786 0 0 1 standing 
6 889 487 965 623 56787 0 0 1 standing 
6 881 488 959 625 56788 0 0 1 standing 
6 872 490 952 626 56789 0 0 1 standing 
6 864 491 946 628 56790 0 0 1 standing 
6 856 492 940 629 56791 0 0 1 standing 
6 848 494 934 631 56792 0 0 0 standing 
6 845 491 933 628 56793 0 0 1 standing 
6 842 488 932 625 56794 0 0 1 standing 
7 974 433 1032 543 56775 0 0 0 standing 
7 966 431 1024 543 56776 0 0 1 standing 
7 958 430 1016 544 56777 0 0 1 standing 
7 950 429 1008 545 56778 0 0 1 standing 
7 943 428 1000 546 56779 0 0 1 standing 
7 935 427 993 547 56780 0 0 1 standing 
7 927 426 985 547 56781 0 0 1 standing 
7 920 425 977 548 56782 0 0 1 standing 
7 912 424 969 549 56783 0 0 1 standing 
7 904 423 961 550 56784 0 0 1 standing 
7 897 422 954 551 56785 0 0 0 standing 
7 891 419 948 548 56786 0 0 1 standing 
7 885 417 942 546 56787 0 0 1 standing 
7 879 415 937 544 56788 0 0 1 standing 
7 873 412 931 541 56789 0 0 1 standing 
7 867 410 926 539 56790 0 0 1 standing 
7 861 408 920 537 56791 0 0 1 standing 
7 855 406 915 535 56792 0 0 0 standing 
7 844 404 907 533 56793 0 0 1 standing 
7 834 403 899 532 56794 0 0 1 standing 
8 982 407 1055 529 56775 0 0 0 standing 
8 973 406 1046 528 56776 0 0 1 standing 
8 965 405 1038 527 56777 0 0 1 standing 
8 957 404 1029 526 56778 0 0 1 standing 
8 948 404 1021 525 56779 0 0 1 standing 
8 940 403 1013 524 56780 0 0 1 standing 
8 932 402 1004 523 56781 0 0 1 standing 
8 923 402 996 522 56782 0 0 1 standing 
8 915 401 987 521 56783 0 0 1 standing 
8 907 400 979 520 56784 0 0 1 standing 
8 899 400 971 520 56785 0 0 0 standing 
8 892 396 963 519 56786 0 0 1 standing 
8 885 393 956 519 56787 0 0 1 standing 
8 878 390 948 518 56788 0 0 1 standing 
8 872 387 941 518 56789 0 0 0 standing 
8 866 385 935 516 56790 0 0 1 standing 
8 861 384 930 515 56791 0 0 1 standing 
8 856 383 925 514 56792 0 0 0 standing 
8 848 383 917 514 56793 0 0 1 standing 
8 840 384 909 515 56794 0 0 1 standing 
9 1119 210 1163 277 56775 1 0 0 standing 
9 1142 241 1182 317 56776 1 0 1 standing 
9 1166 272 1201 358 56777 1 0 1 standing 
9 1190 304 1221 398 56778 1 0 1 standing 
9 1213 335 1240 439 56779 1 0 1 standing 
9 1237 366 1259 479 56780 1 0 1 standing 
9 1261 398 1279 520 56781 0 0 0 standing 
9 1255 396 1278 517 56782 0 0 1 standing 
9 1250 394 1278 515 56783 0 0 1 standing 
9 1244 392 1278 513 56784 0 0 1 standing 
9 1239 390 1277 511 56785 0 0 1 standing 
9 1233 388 1277 509 56786 0 0 1 standing 
9 1228 387 1277 507 56787 0 0 0 standing 
9 1222 387 1273 509 56788 0 0 1 standing 
9 1216 387 1269 512 56789 0 0 1 standing 
9 1210 388 1266 514 56790 0 0 1 standing 
9 1204 388 1262 517 56791 0 0 1 standing 
9 1198 388 1258 520 56792 0 0 1 standing 
9 1192 389 1255 522 56793 0 0 1 standing 
9 1186 389 1251 525 56794 0 0 1 standing 
10 1043 172 1082 233 56775 1 0 0 standing 
10 1061 200 1099 268 56776 1 0 1 standing 
10 1079 229 1117 304 56777 1 0 1 standing 
10 1098 258 1135 340 56778 1 0 1 standing 
10 1116 287 1152 375 56779 1 0 1 standing 
10 1134 316 1170 411 56780 1 0 1 standing 
10 1153 345 1188 447 56781 1 0 1 standing 
10 1171 374 1206 483 56782 1 0 1 standing 
10 1189 403 1223 518 56783 1 0 1 standing 
10 1208 432 1241 554 56784 1 0 1 standing 
10 1226 461 1259 590 56785 1 0 1 standing 
10 1245 490 1277 626 56786 0 0 0 standing 
10 1238 490 1278 627 56787 0 0 1 standing 
10 1231 490 1279 628 56788 0 0 1 standing 
10 1224 491 1280 630 56789 0 0 0 standing 
10 1219 490 1279 630 56790 0 0 1 standing 
10 1214 489 1279 630 56791 0 0 1 standing 
10 1210 488 1279 631 56792 0 0 0 standing 
10 1201 489 1274 633 56793 0 0 1 standing 
10 1192 490 1270 635 56794 0 0 1 standing 
11 1069 203 1206 226 56775 1 0 0 standing 
11 1069 203 1206 226 56776 1 0 1 standing 
11 1069 203 1206 226 56777 1 0 1 standing 
11 1069 203 1206 226 56778 1 0 1 standing 
11 1069 203 1206 226 56779 1 0 0 standing 
11 1069 203 1206 226 56780 1 0 1 standing 
11 1069 203 1206 226 56781 1 0 1 standing 
11 1069 203 1206 226 56782 1 0 1 standing 
11 1069 203 1206 226 56783 1 0 1 standing 
11 1069 203 1206 226 56784 1 0 0 standing 
11 1069 203 1206 226 56785 1 0 1 standing 
11 1069 203 1206 226 56786 1 0 1 standing 
11 1069 203 1206 226 56787 1 0 1 standing 
11 1069 203 1206 226 56788 1 0 1 standing 
11 1069 203 1206 226 56789 1 0 1 standing 
11 1069 203 1206 226 56790 1 0 0 standing 
11 1069 203 1206 226 56791 1 0 1 standing 
11 1069 203 1206 226 56792 1 0 1 standing 
11 1069 203 1206 226 56793 1 0 1 standing 
11 1069 203 1206 226 56794 1 0 1 standing 
