0 651 421 744 561 52895 0 1 0 standing 
0 658 419 746 557 52896 0 1 1 standing 
0 665 417 749 553 52897 0 1 1 standing 
0 673 415 751 549 52898 0 1 1 standing 
0 680 414 754 545 52899 0 1 1 standing 
0 688 412 756 541 52900 0 1 1 standing 
0 695 410 759 537 52901 0 1 1 standing 
0 703 409 762 533 52902 0 1 0 standing 
0 698 403 765 532 52903 0 1 1 standing 
0 693 398 768 532 52904 0 1 1 standing 
0 689 393 772 532 52905 0 1 0 standing 
0 690 387 771 527 52906 0 1 1 standing 
0 692 381 771 523 52907 0 1 1 standing 
0 694 375 771 518 52908 0 1 1 standing 
0 695 369 770 514 52909 0 1 1 standing 
0 697 363 770 510 52910 0 1 1 standing 
0 699 357 770 505 52911 0 1 1 standing 
0 700 351 769 501 52912 0 1 1 standing 
0 702 345 769 496 52913 0 1 1 standing 
0 704 339 769 492 52914 0 1 1 standing 
1 603 392 648 522 52895 0 1 0 standing 
1 608 386 653 519 52896 0 1 1 setting 
1 613 380 658 516 52897 0 1 1 setting 
1 618 374 663 513 52898 0 1 1 setting 
1 624 368 669 510 52899 0 1 1 setting 
1 629 362 674 507 52900 0 1 1 setting 
1 634 356 679 504 52901 0 1 1 setting 
1 639 350 684 501 52902 0 1 1 setting 
1 645 344 690 498 52903 0 1 0 setting 
1 648 348 692 500 52904 0 1 1 setting 
1 651 352 695 502 52905 0 1 1 setting 
1 654 356 698 505 52906 0 1 1 setting 
1 657 361 701 507 52907 0 1 1 setting 
1 660 365 704 510 52908 0 1 1 setting 
1 663 369 707 512 52909 0 1 1 setting 
1 666 373 709 514 52910 0 1 1 setting 
1 669 378 712 517 52911 0 1 1 setting 
1 672 382 715 519 52912 0 1 1 setting 
1 675 386 718 522 52913 0 1 1 setting 
1 678 390 721 524 52914 0 1 1 setting 
2 939 358 1025 470 52895 0 1 0 setting 
2 937 354 1022 466 52896 0 1 1 moving 
2 936 351 1020 463 52897 0 1 1 moving 
2 935 348 1018 460 52898 0 1 0 moving 
2 933 349 1015 461 52899 0 1 1 moving 
2 931 350 1013 462 52900 0 1 1 moving 
2 930 352 1010 463 52901 0 1 1 moving 
2 928 353 1008 465 52902 0 1 1 moving 
2 927 355 1005 466 52903 0 1 1 moving 
2 925 356 1003 467 52904 0 1 1 moving 
2 924 358 1001 469 52905 0 1 0 moving 
2 913 352 993 469 52906 0 1 1 moving 
2 902 347 986 469 52907 0 1 1 moving 
2 891 342 979 469 52908 0 1 0 moving 
2 889 346 971 469 52909 0 1 1 moving 
2 888 350 964 469 52910 0 1 1 moving 
2 886 355 957 469 52911 0 1 1 moving 
2 885 359 950 469 52912 0 1 1 moving 
2 884 364 943 469 52913 0 1 0 moving 
2 884 364 943 469 52914 0 1 1 moving 
3 945 401 1008 526 52895 0 0 0 moving 
3 951 400 1006 525 52896 0 0 1 moving 
3 957 400 1004 524 52897 0 0 1 moving 
3 963 400 1003 524 52898 0 0 0 moving 
3 966 399 1007 523 52899 0 0 1 moving 
3 969 399 1011 523 52900 0 0 1 moving 
3 973 399 1015 523 52901 0 0 0 moving 
3 973 399 1015 525 52902 0 0 1 moving 
3 973 399 1016 527 52903 0 0 1 moving 
3 973 399 1017 530 52904 0 0 0 moving 
3 970 399 1019 529 52905 0 0 1 moving 
3 967 399 1021 528 52906 0 0 1 moving 
3 965 399 1023 528 52907 0 0 0 moving 
3 965 399 1025 528 52908 0 0 1 moving 
3 966 399 1027 528 52909 0 0 1 moving 
3 967 400 1029 528 52910 0 0 0 moving 
3 968 399 1029 527 52911 0 0 1 moving 
3 970 398 1029 527 52912 0 0 1 moving 
3 971 398 1029 526 52913 0 0 1 moving 
3 973 397 1029 526 52914 0 0 1 moving 
4 972 436 1071 549 52895 0 0 0 moving 
4 971 436 1067 548 52896 0 0 1 moving 
4 971 436 1063 548 52897 0 0 1 moving 
4 971 436 1060 548 52898 0 0 0 moving 
4 966 437 1051 548 52899 0 0 1 moving 
4 962 438 1042 549 52900 0 0 1 moving 
4 958 439 1033 550 52901 0 0 0 moving 
4 941 437 1031 549 52902 0 0 1 moving 
4 924 435 1029 548 52903 0 0 1 moving 
4 907 433 1027 548 52904 0 0 0 moving 
4 903 433 1011 548 52905 0 0 1 moving 
4 900 434 995 548 52906 0 0 1 moving 
4 897 435 980 548 52907 0 0 0 moving 
4 890 435 967 550 52908 0 0 1 moving 
4 883 435 954 553 52909 0 0 1 moving 
4 877 435 942 556 52910 0 0 0 moving 
4 868 433 935 555 52911 0 0 1 moving 
4 859 432 928 555 52912 0 0 1 moving 
4 850 430 921 554 52913 0 0 1 moving 
4 841 429 914 554 52914 0 0 1 moving 
5 849 550 951 681 52895 0 0 0 moving 
5 855 550 954 679 52896 0 0 1 moving 
5 861 550 957 678 52897 0 0 1 moving 
5 868 550 960 677 52898 0 0 0 moving 
5 868 549 964 676 52899 0 0 1 moving 
5 868 549 968 675 52900 0 0 1 moving 
5 868 549 973 675 52901 0 0 0 moving 
5 864 546 967 672 52902 0 0 1 moving 
5 860 544 961 669 52903 0 0 1 moving 
5 857 542 955 667 52904 0 0 0 moving 
5 850 542 945 667 52905 0 0 1 moving 
5 844 543 935 667 52906 0 0 1 moving 
5 838 544 926 668 52907 0 0 0 moving 
5 828 540 924 669 52908 0 0 1 moving 
5 819 536 922 670 52909 0 0 1 moving 
5 810 532 921 671 52910 0 0 0 moving 
5 806 530 910 667 52911 0 0 1 moving 
5 803 528 899 663 52912 0 0 1 moving 
5 799 527 889 659 52913 0 0 1 moving 
5 796 525 878 655 52914 0 0 1 moving 
6 533 468 579 607 52895 0 0 0 moving 
6 539 468 585 607 52896 0 0 1 standing 
6 545 468 591 607 52897 0 0 1 standing 
6 552 469 598 608 52898 0 0 0 standing 
6 557 469 603 607 52899 0 0 1 standing 
6 562 469 609 607 52900 0 0 1 standing 
6 568 469 615 607 52901 0 0 0 standing 
6 571 469 618 607 52902 0 0 1 standing 
6 574 469 621 607 52903 0 0 1 standing 
6 578 469 625 607 52904 0 0 0 standing 
6 579 469 626 607 52905 0 0 1 standing 
6 581 469 628 607 52906 0 0 1 standing 
6 583 470 630 608 52907 0 0 0 standing 
6 584 472 635 607 52908 0 0 1 standing 
6 586 474 641 606 52909 0 0 1 standing 
6 588 476 647 605 52910 0 0 0 standing 
6 590 477 649 605 52911 0 0 1 standing 
6 592 479 651 606 52912 0 0 1 standing 
6 594 480 653 606 52913 0 0 1 standing 
6 596 482 655 607 52914 0 0 1 standing 
7 534 419 590 548 52895 0 0 0 standing 
7 542 416 599 548 52896 0 0 1 standing 
7 550 413 608 548 52897 0 0 1 standing 
7 558 411 618 549 52898 0 0 0 standing 
7 563 408 621 548 52899 0 0 1 standing 
7 569 406 625 547 52900 0 0 1 standing 
7 575 404 629 546 52901 0 0 0 standing 
7 579 404 630 545 52902 0 0 1 standing 
7 584 404 631 545 52903 0 0 1 standing 
7 589 404 632 545 52904 0 0 0 standing 
7 592 403 635 544 52905 0 0 1 standing 
7 595 403 638 544 52906 0 0 1 standing 
7 599 403 642 544 52907 0 0 0 standing 
7 602 403 645 544 52908 0 0 1 standing 
7 605 403 648 544 52909 0 0 1 standing 
7 609 404 652 545 52910 0 0 0 standing 
7 610 403 654 543 52911 0 0 1 standing 
7 611 402 657 542 52912 0 0 1 standing 
7 612 401 660 541 52913 0 0 1 standing 
7 613 400 663 540 52914 0 0 1 standing 
8 547 374 593 522 52895 0 0 0 standing 
8 553 376 599 524 52896 0 0 1 blocking 
8 559 378 605 526 52897 0 0 1 blocking 
8 566 381 612 529 52898 0 0 0 blocking 
8 571 380 617 528 52899 0 0 1 blocking 
8 576 380 622 528 52900 0 0 1 blocking 
8 582 380 628 528 52901 0 0 0 blocking 
8 583 380 629 528 52902 0 0 1 blocking 
8 584 380 630 528 52903 0 0 1 blocking 
8 586 381 632 529 52904 0 0 0 blocking 
8 590 383 636 531 52905 0 0 1 blocking 
8 595 386 641 533 52906 0 0 1 blocking 
8 600 389 646 535 52907 0 0 0 blocking 
8 602 388 648 534 52908 0 0 1 blocking 
8 604 388 650 533 52909 0 0 1 blocking 
8 606 388 652 533 52910 0 0 0 blocking 
8 605 386 655 531 52911 0 0 1 blocking 
8 605 385 658 529 52912 0 0 1 blocking 
8 605 383 661 528 52913 0 0 1 blocking 
8 605 382 664 526 52914 0 0 1 blocking 
9 394 417 472 520 52895 0 0 0 blocking 
9 403 416 479 519 52896 0 0 1 standing 
9 412 416 486 518 52897 0 0 1 standing 
9 421 416 493 517 52898 0 0 0 standing 
9 429 414 498 517 52899 0 0 1 standing 
9 437 412 503 517 52900 0 0 1 standing 
9 445 411 508 518 52901 0 0 0 standing 
9 446 408 504 516 52902 0 0 1 standing 
9 447 406 501 515 52903 0 0 1 standing 
9 449 404 498 514 52904 0 0 0 standing 
9 446 403 496 513 52905 0 0 1 standing 
9 443 403 494 512 52906 0 0 1 standing 
9 441 403 492 512 52907 0 0 0 standing 
9 444 403 494 508 52908 0 0 1 standing 
9 447 404 497 504 52909 0 0 1 standing 
9 450 405 500 501 52910 0 0 0 standing 
9 449 404 501 501 52911 0 0 1 standing 
9 449 403 502 501 52912 0 0 1 standing 
9 448 402 503 501 52913 0 0 1 standing 
9 448 401 504 501 52914 0 0 1 standing 
10 313 464 373 611 52895 0 0 0 standing 
10 307 464 373 610 52896 0 0 1 standing 
10 302 464 373 610 52897 0 0 1 standing 
10 297 464 373 610 52898 0 0 0 standing 
10 294 465 375 609 52899 0 0 1 standing 
10 291 467 377 609 52900 0 0 1 standing 
10 288 469 380 609 52901 0 0 0 standing 
10 291 468 382 609 52902 0 0 1 standing 
10 294 467 385 609 52903 0 0 1 standing 
10 297 467 388 609 52904 0 0 0 standing 
10 299 465 385 608 52905 0 0 1 standing 
10 301 463 382 607 52906 0 0 1 standing 
10 304 461 380 606 52907 0 0 0 standing 
10 304 462 380 607 52908 0 0 1 standing 
10 305 463 381 608 52909 0 0 1 standing 
10 306 465 382 610 52910 0 0 0 standing 
10 308 465 384 610 52911 0 0 1 standing 
10 310 465 387 610 52912 0 0 1 standing 
10 313 465 389 610 52913 0 0 1 standing 
10 315 465 392 610 52914 0 0 1 standing 
11 163 434 221 561 52895 0 0 0 standing 
11 167 434 225 560 52896 0 0 1 standing 
11 172 434 230 559 52897 0 0 1 standing 
11 177 435 235 559 52898 0 0 0 standing 
11 178 435 238 559 52899 0 0 1 standing 
11 179 436 241 559 52900 0 0 1 standing 
11 181 437 245 560 52901 0 0 0 standing 
11 184 436 248 559 52902 0 0 1 standing 
11 187 435 251 558 52903 0 0 1 standing 
11 190 435 254 558 52904 0 0 0 standing 
11 191 434 255 557 52905 0 0 1 standing 
11 192 434 256 556 52906 0 0 1 standing 
11 194 434 258 555 52907 0 0 0 standing 
11 196 435 259 555 52908 0 0 1 standing 
11 199 436 260 556 52909 0 0 1 standing 
11 202 437 261 557 52910 0 0 0 standing 
11 204 438 263 557 52911 0 0 1 standing 
11 207 440 265 558 52912 0 0 1 standing 
11 210 442 267 559 52913 0 0 0 standing 
11 210 442 267 559 52914 0 0 1 standing 
