0 743 321 790 442 48635 0 1 0 spiking 
0 743 316 790 438 48636 0 1 1 spiking 
0 743 311 790 435 48637 0 1 1 spiking 
0 743 306 790 431 48638 0 1 1 spiking 
0 743 302 790 428 48639 0 1 1 spiking 
0 744 297 790 425 48640 0 1 1 spiking 
0 744 292 790 421 48641 0 1 1 spiking 
0 744 288 790 418 48642 0 1 1 spiking 
0 744 283 790 414 48643 0 1 1 spiking 
0 744 278 790 411 48644 0 1 1 spiking 
0 745 274 791 408 48645 0 1 0 spiking 
0 743 279 791 413 48646 0 1 1 spiking 
0 742 285 791 418 48647 0 1 1 spiking 
0 740 290 791 423 48648 0 1 1 spiking 
0 739 296 791 429 48649 0 1 0 spiking 
0 740 301 791 435 48650 0 1 1 spiking 
0 741 307 791 441 48651 0 1 1 spiking 
0 742 313 791 447 48652 0 1 1 spiking 
0 743 319 791 453 48653 0 1 1 spiking 
0 744 325 791 459 48654 0 1 1 spiking 
1 550 369 611 514 48635 0 1 0 spiking 
1 555 367 614 510 48636 0 1 1 standing 
1 560 366 618 507 48637 0 1 1 standing 
1 566 365 621 504 48638 0 1 1 standing 
1 571 364 625 501 48639 0 1 1 standing 
1 577 363 629 498 48640 0 1 1 standing 
1 582 361 632 494 48641 0 1 1 standing 
1 587 360 636 491 48642 0 1 1 standing 
1 593 359 639 488 48643 0 1 1 standing 
1 598 358 643 485 48644 0 1 1 standing 
1 604 357 647 482 48645 0 1 0 standing 
1 605 352 648 481 48646 0 1 1 standing 
1 606 348 649 480 48647 0 1 1 standing 
1 608 344 650 479 48648 0 1 1 standing 
1 609 340 652 479 48649 0 1 1 standing 
1 611 336 653 478 48650 0 1 1 standing 
1 612 332 654 477 48651 0 1 1 standing 
1 613 328 656 477 48652 0 1 1 standing 
1 615 324 657 476 48653 0 1 1 standing 
1 616 320 658 475 48654 0 1 1 standing 
2 563 337 608 478 48635 0 1 0 standing 
2 567 330 612 471 48636 0 1 1 blocking 
2 572 323 617 464 48637 0 1 1 blocking 
2 577 317 622 458 48638 0 1 1 blocking 
2 581 310 626 451 48639 0 1 1 blocking 
2 586 304 631 445 48640 0 1 1 blocking 
2 591 297 636 438 48641 0 1 1 blocking 
2 595 290 640 431 48642 0 1 1 blocking 
2 600 284 645 425 48643 0 1 1 blocking 
2 605 277 650 418 48644 0 1 1 blocking 
2 610 271 655 412 48645 0 1 0 blocking 
2 613 274 657 415 48646 0 1 1 blocking 
2 616 277 660 418 48647 0 1 1 blocking 
2 620 281 662 421 48648 0 1 1 blocking 
2 623 284 665 425 48649 0 1 1 blocking 
2 627 288 668 428 48650 0 1 1 blocking 
2 630 291 670 431 48651 0 1 1 blocking 
2 633 294 673 435 48652 0 1 1 blocking 
2 637 298 675 438 48653 0 1 1 blocking 
2 640 301 678 441 48654 0 1 1 blocking 
3 27 408 97 540 48635 0 0 0 blocking 
3 35 411 101 539 48636 0 0 1 digging 
3 43 414 106 538 48637 0 0 1 digging 
3 51 417 111 537 48638 0 0 0 digging 
3 57 420 118 542 48639 0 0 1 digging 
3 63 423 126 547 48640 0 0 1 digging 
3 69 427 134 552 48641 0 0 0 digging 
3 72 429 139 552 48642 0 0 1 digging 
3 75 432 144 552 48643 0 0 1 digging 
3 79 435 150 553 48644 0 0 0 digging 
3 82 436 153 554 48645 0 0 1 digging 
3 86 438 156 556 48646 0 0 1 digging 
3 90 440 160 558 48647 0 0 0 digging 
3 94 442 164 560 48648 0 0 1 digging 
3 98 445 168 563 48649 0 0 1 digging 
3 102 448 172 566 48650 0 0 0 digging 
3 105 449 174 565 48651 0 0 1 digging 
3 108 450 177 565 48652 0 0 1 digging 
3 111 452 180 565 48653 0 0 0 digging 
3 116 453 188 565 48654 0 0 1 digging 
4 215 341 270 456 48635 0 0 0 digging 
4 217 341 273 454 48636 0 0 1 standing 
4 219 341 276 452 48637 0 0 1 standing 
4 222 342 280 451 48638 0 0 0 standing 
4 224 344 281 453 48639 0 0 1 standing 
4 226 347 283 455 48640 0 0 1 standing 
4 228 350 285 457 48641 0 0 0 standing 
4 229 352 287 459 48642 0 0 1 standing 
4 230 354 289 461 48643 0 0 1 standing 
4 231 357 291 463 48644 0 0 0 standing 
4 232 357 292 462 48645 0 0 1 standing 
4 234 357 294 462 48646 0 0 1 standing 
4 236 357 296 462 48647 0 0 0 standing 
4 237 358 296 465 48648 0 0 1 standing 
4 238 359 297 468 48649 0 0 1 standing 
4 240 361 298 471 48650 0 0 0 standing 
4 242 362 300 472 48651 0 0 1 standing 
4 244 364 302 474 48652 0 0 1 standing 
4 246 366 304 476 48653 0 0 0 standing 
4 249 365 307 475 48654 0 0 1 standing 
5 220 460 312 596 48635 0 0 0 standing 
5 223 461 314 595 48636 0 0 1 waiting 
5 227 462 317 594 48637 0 0 1 waiting 
5 231 463 320 593 48638 0 0 0 waiting 
5 235 465 324 595 48639 0 0 1 waiting 
5 239 468 328 597 48640 0 0 1 waiting 
5 243 471 332 600 48641 0 0 0 waiting 
5 245 469 333 598 48642 0 0 1 waiting 
5 247 468 335 596 48643 0 0 1 waiting 
5 249 467 337 595 48644 0 0 0 waiting 
5 250 466 339 594 48645 0 0 1 waiting 
5 251 465 341 593 48646 0 0 1 waiting 
5 252 465 343 593 48647 0 0 0 waiting 
5 250 467 342 592 48648 0 0 1 waiting 
5 248 469 342 592 48649 0 0 1 waiting 
5 247 472 342 592 48650 0 0 0 waiting 
5 251 473 346 593 48651 0 0 1 waiting 
5 255 474 350 594 48652 0 0 1 waiting 
5 259 475 354 595 48653 0 0 0 waiting 
5 261 474 358 594 48654 0 0 1 waiting 
6 510 427 563 577 48635 0 0 0 waiting 
6 512 426 565 576 48636 0 0 1 standing 
6 515 425 567 575 48637 0 0 1 standing 
6 518 425 570 575 48638 0 0 0 standing 
6 520 423 572 573 48639 0 0 1 standing 
6 523 421 575 571 48640 0 0 1 standing 
6 526 420 578 570 48641 0 0 0 standing 
6 524 416 579 566 48642 0 0 1 standing 
6 523 413 580 562 48643 0 0 1 standing 
6 522 410 581 559 48644 0 0 0 standing 
6 521 407 580 556 48645 0 0 1 standing 
6 520 404 579 553 48646 0 0 1 standing 
6 519 402 578 551 48647 0 0 0 standing 
6 519 402 578 548 48648 0 0 1 standing 
6 519 402 578 545 48649 0 0 1 standing 
6 520 403 578 542 48650 0 0 0 standing 
6 521 402 579 538 48651 0 0 1 standing 
6 523 402 580 534 48652 0 0 1 standing 
6 525 402 582 531 48653 0 0 0 standing 
6 530 400 585 529 48654 0 0 1 standing 
7 700 396 789 552 48635 0 0 0 standing 
7 697 394 786 550 48636 0 0 1 standing 
7 694 392 783 548 48637 0 0 1 standing 
7 691 390 780 546 48638 0 0 0 standing 
7 693 393 776 549 48639 0 0 1 standing 
7 696 396 773 552 48640 0 0 1 standing 
7 699 400 770 555 48641 0 0 0 standing 
7 697 401 767 554 48642 0 0 1 standing 
7 695 402 764 554 48643 0 0 1 standing 
7 694 403 761 554 48644 0 0 0 standing 
7 693 402 760 549 48645 0 0 1 standing 
7 692 401 760 544 48646 0 0 1 standing 
7 691 401 760 540 48647 0 0 0 standing 
7 694 399 763 538 48648 0 0 1 standing 
7 698 397 767 536 48649 0 0 1 standing 
7 702 396 771 535 48650 0 0 0 standing 
7 704 395 770 534 48651 0 0 1 standing 
7 706 395 770 533 48652 0 0 1 standing 
7 708 395 770 532 48653 0 0 0 standing 
7 711 396 772 531 48654 0 0 1 standing 
8 769 408 817 521 48635 0 0 0 standing 
8 772 405 823 520 48636 0 0 1 standing 
8 776 402 829 520 48637 0 0 1 standing 
8 780 400 835 520 48638 0 0 0 standing 
8 785 403 843 522 48639 0 0 1 standing 
8 790 406 852 525 48640 0 0 1 standing 
8 795 410 861 528 48641 0 0 1 standing 
8 800 413 870 531 48642 0 0 1 standing 
8 805 416 879 534 48643 0 0 1 standing 
8 810 420 888 537 48644 0 0 0 standing 
8 824 421 892 539 48645 0 0 1 standing 
8 838 423 896 542 48646 0 0 1 standing 
8 852 425 900 545 48647 0 0 0 standing 
8 855 424 903 547 48648 0 0 1 standing 
8 858 423 907 549 48649 0 0 1 standing 
8 862 422 911 552 48650 0 0 0 standing 
8 871 423 920 555 48651 0 0 1 standing 
8 881 424 930 558 48652 0 0 1 standing 
8 891 425 940 562 48653 0 0 0 standing 
8 901 428 952 565 48654 0 0 1 standing 
9 855 352 935 454 48635 0 0 0 standing 
9 850 353 923 457 48636 0 0 1 standing 
9 846 354 912 460 48637 0 0 1 standing 
9 842 356 901 464 48638 0 0 0 standing 
9 838 357 900 463 48639 0 0 1 standing 
9 834 358 899 462 48640 0 0 1 standing 
9 831 360 899 461 48641 0 0 0 standing 
9 823 360 894 466 48642 0 0 1 standing 
9 816 360 889 471 48643 0 0 1 standing 
9 809 360 884 476 48644 0 0 0 standing 
9 807 360 880 475 48645 0 0 1 standing 
9 805 360 876 475 48646 0 0 1 standing 
9 804 360 873 475 48647 0 0 0 standing 
9 805 361 869 477 48648 0 0 1 standing 
9 806 362 866 479 48649 0 0 1 standing 
9 807 363 863 482 48650 0 0 0 standing 
9 804 367 859 481 48651 0 0 1 standing 
9 801 372 856 480 48652 0 0 1 standing 
9 798 377 853 480 48653 0 0 0 standing 
9 799 377 855 479 48654 0 0 1 standing 
10 932 364 970 504 48635 0 0 0 standing 
10 927 366 968 505 48636 0 0 1 standing 
10 923 368 967 507 48637 0 0 1 standing 
10 919 370 966 509 48638 0 0 0 standing 
10 912 370 964 509 48639 0 0 1 standing 
10 906 371 962 510 48640 0 0 1 standing 
10 900 372 960 511 48641 0 0 0 standing 
10 899 373 959 512 48642 0 0 1 standing 
10 899 375 959 514 48643 0 0 1 standing 
10 899 377 959 516 48644 0 0 0 standing 
10 901 376 959 515 48645 0 0 1 standing 
10 903 376 960 515 48646 0 0 1 standing 
10 905 376 961 515 48647 0 0 0 standing 
10 904 378 961 515 48648 0 0 1 standing 
10 903 380 961 515 48649 0 0 1 standing 
10 903 383 961 515 48650 0 0 0 standing 
10 899 386 957 515 48651 0 0 1 standing 
10 896 389 954 515 48652 0 0 1 standing 
10 893 393 951 516 48653 0 0 0 standing 
10 896 393 954 516 48654 0 0 1 standing 
11 915 477 974 645 48635 0 0 0 standing 
11 898 473 973 642 48636 0 0 1 standing 
11 881 469 973 639 48637 0 0 1 standing 
11 864 465 973 636 48638 0 0 0 standing 
11 857 464 960 632 48639 0 0 1 standing 
11 850 463 948 628 48640 0 0 1 standing 
11 844 463 936 625 48641 0 0 0 standing 
11 840 463 922 624 48642 0 0 1 standing 
11 837 463 908 623 48643 0 0 1 standing 
11 834 463 894 623 48644 0 0 0 standing 
11 825 461 885 620 48645 0 0 1 standing 
11 817 459 877 618 48646 0 0 1 standing 
11 809 457 869 616 48647 0 0 0 standing 
11 796 456 861 615 48648 0 0 1 standing 
11 784 455 853 614 48649 0 0 1 standing 
11 772 455 845 613 48650 0 0 0 standing 
11 768 452 840 609 48651 0 0 1 standing 
11 765 450 835 605 48652 0 0 1 standing 
11 762 448 830 601 48653 0 0 0 standing 
11 763 446 828 599 48654 0 0 1 standing 
