0 853 535 924 673 64610 0 1 0 spiking 
0 851 524 926 667 64611 0 1 1 spiking 
0 849 514 928 661 64612 0 1 1 spiking 
0 847 504 930 656 64613 0 1 1 spiking 
0 845 493 932 650 64614 0 1 1 spiking 
0 843 483 934 644 64615 0 1 1 spiking 
0 841 473 937 639 64616 0 1 0 spiking 
0 844 461 934 633 64617 0 1 1 spiking 
0 848 450 932 627 64618 0 1 1 spiking 
0 852 439 929 621 64619 0 1 1 spiking 
0 856 428 927 616 64620 0 1 0 spiking 
0 859 434 927 613 64621 0 1 1 spiking 
0 863 440 927 611 64622 0 1 1 spiking 
0 866 446 927 608 64623 0 1 1 spiking 
0 870 453 927 606 64624 0 1 0 spiking 
0 873 459 932 610 64625 0 1 1 spiking 
0 876 465 937 615 64626 0 1 1 spiking 
0 880 472 942 620 64627 0 1 1 spiking 
0 883 478 947 625 64628 0 1 1 spiking 
0 887 485 952 630 64629 0 1 1 spiking 
1 723 462 785 603 64610 0 1 0 spiking 
1 729 460 790 606 64611 0 1 1 blocking 
1 735 458 796 609 64612 0 1 1 blocking 
1 741 456 802 612 64613 0 1 1 blocking 
1 747 454 808 615 64614 0 1 1 blocking 
1 754 453 814 619 64615 0 1 0 blocking 
1 758 450 818 617 64616 0 1 1 blocking 
1 762 447 823 615 64617 0 1 1 blocking 
1 767 444 827 613 64618 0 1 1 blocking 
1 771 441 832 611 64619 0 1 1 blocking 
1 776 439 837 610 64620 0 1 0 blocking 
1 780 439 844 610 64621 0 1 1 blocking 
1 785 439 851 610 64622 0 1 1 blocking 
1 789 440 858 610 64623 0 1 1 blocking 
1 794 440 865 610 64624 0 1 1 blocking 
1 799 441 872 611 64625 0 1 0 blocking 
1 803 441 874 611 64626 0 1 1 blocking 
1 808 441 876 612 64627 0 1 1 blocking 
1 812 442 878 612 64628 0 1 1 blocking 
1 817 442 880 613 64629 0 1 1 blocking 
2 719 517 776 649 64610 0 1 0 blocking 
2 724 509 781 646 64611 0 1 1 blocking 
2 730 501 786 643 64612 0 1 1 blocking 
2 735 493 792 641 64613 0 1 1 blocking 
2 741 485 797 638 64614 0 1 1 blocking 
2 746 477 803 636 64615 0 1 1 blocking 
2 752 469 808 633 64616 0 1 1 blocking 
2 757 461 813 630 64617 0 1 1 blocking 
2 763 453 819 628 64618 0 1 1 blocking 
2 768 445 824 625 64619 0 1 1 blocking 
2 774 438 830 623 64620 0 1 0 blocking 
2 776 438 840 622 64621 0 1 1 blocking 
2 778 438 851 622 64622 0 1 1 blocking 
2 780 439 862 622 64623 0 1 1 blocking 
2 782 439 873 622 64624 0 1 1 blocking 
2 784 440 884 622 64625 0 1 0 blocking 
2 785 441 885 627 64626 0 1 1 blocking 
2 786 443 886 632 64627 0 1 1 blocking 
2 788 445 887 637 64628 0 1 1 blocking 
2 789 447 888 642 64629 0 1 1 blocking 
3 739 429 770 546 64610 0 0 0 blocking 
3 742 428 774 545 64611 0 0 1 standing 
3 745 427 778 544 64612 0 0 1 standing 
3 748 427 783 544 64613 0 0 0 standing 
3 748 424 785 541 64614 0 0 1 standing 
3 748 421 788 538 64615 0 0 1 standing 
3 749 418 791 535 64616 0 0 0 standing 
3 750 415 792 533 64617 0 0 1 standing 
3 752 413 793 531 64618 0 0 1 standing 
3 754 411 795 530 64619 0 0 0 standing 
3 749 410 796 528 64620 0 0 1 standing 
3 744 410 797 526 64621 0 0 1 standing 
3 739 410 799 525 64622 0 0 0 standing 
3 737 412 806 522 64623 0 0 1 standing 
3 735 415 814 520 64624 0 0 1 standing 
3 733 418 822 518 64625 0 0 0 standing 
3 738 417 827 519 64626 0 0 1 standing 
3 744 417 833 520 64627 0 0 1 standing 
3 750 416 839 521 64628 0 0 1 standing 
3 756 416 845 522 64629 0 0 1 standing 
4 801 482 873 613 64610 0 0 0 standing 
4 805 481 874 612 64611 0 0 1 spiking 
4 809 480 876 611 64612 0 0 1 spiking 
4 813 479 878 611 64613 0 0 0 spiking 
4 821 478 886 610 64614 0 0 1 spiking 
4 829 478 894 610 64615 0 0 1 spiking 
4 837 478 902 610 64616 0 0 0 spiking 
4 845 476 908 608 64617 0 0 1 spiking 
4 853 474 914 606 64618 0 0 1 spiking 
4 862 473 920 604 64619 0 0 0 spiking 
4 869 471 932 604 64620 0 0 1 spiking 
4 876 469 945 604 64621 0 0 1 spiking 
4 883 467 958 604 64622 0 0 0 spiking 
4 897 467 970 602 64623 0 0 1 spiking 
4 911 468 983 601 64624 0 0 1 spiking 
4 925 469 996 600 64625 0 0 0 spiking 
4 932 469 1005 599 64626 0 0 1 spiking 
4 939 469 1014 598 64627 0 0 1 spiking 
4 947 469 1024 598 64628 0 0 1 spiking 
4 954 469 1033 597 64629 0 0 1 spiking 
5 1080 479 1149 592 64610 0 0 0 spiking 
5 1086 480 1151 595 64611 0 0 1 standing 
5 1092 482 1154 598 64612 0 0 1 standing 
5 1098 484 1157 602 64613 0 0 0 standing 
5 1100 485 1158 601 64614 0 0 1 standing 
5 1102 486 1160 601 64615 0 0 1 standing 
5 1104 487 1162 601 64616 0 0 0 standing 
5 1105 485 1160 602 64617 0 0 1 standing 
5 1107 483 1158 603 64618 0 0 1 standing 
5 1109 481 1157 604 64619 0 0 0 standing 
5 1110 481 1160 606 64620 0 0 1 standing 
5 1112 481 1163 608 64621 0 0 1 standing 
5 1114 481 1166 611 64622 0 0 0 standing 
5 1112 484 1168 614 64623 0 0 1 standing 
5 1110 487 1171 618 64624 0 0 1 standing 
5 1109 491 1174 622 64625 0 0 0 standing 
5 1113 494 1179 623 64626 0 0 1 standing 
5 1118 498 1184 625 64627 0 0 1 standing 
5 1123 501 1189 626 64628 0 0 1 standing 
5 1128 505 1194 628 64629 0 0 1 standing 
6 809 412 875 559 64610 0 0 0 standing 
6 815 417 878 563 64611 0 0 1 standing 
6 821 422 882 567 64612 0 0 1 standing 
6 827 427 886 572 64613 0 0 0 standing 
6 835 434 890 579 64614 0 0 1 standing 
6 843 441 894 586 64615 0 0 1 standing 
6 851 449 899 593 64616 0 0 0 standing 
6 853 448 901 592 64617 0 0 1 standing 
6 855 448 903 592 64618 0 0 1 standing 
6 858 448 906 592 64619 0 0 1 standing 
6 860 447 908 591 64620 0 0 1 standing 
6 862 447 910 591 64621 0 0 1 standing 
6 865 447 913 591 64622 0 0 0 standing 
6 874 447 921 587 64623 0 0 1 standing 
6 883 447 929 583 64624 0 0 1 standing 
6 892 448 938 579 64625 0 0 0 standing 
6 899 449 946 582 64626 0 0 1 standing 
6 906 450 954 585 64627 0 0 1 standing 
6 913 451 963 588 64628 0 0 1 standing 
6 920 452 971 591 64629 0 0 1 standing 
7 932 383 1017 489 64610 0 0 0 standing 
7 934 382 1010 488 64611 0 0 1 moving 
7 937 381 1004 488 64612 0 0 1 moving 
7 940 380 998 488 64613 0 0 0 moving 
7 938 379 996 492 64614 0 0 1 moving 
7 936 378 994 497 64615 0 0 1 moving 
7 934 377 992 502 64616 0 0 0 moving 
7 933 375 991 501 64617 0 0 1 moving 
7 932 374 990 500 64618 0 0 1 moving 
7 931 373 990 499 64619 0 0 0 moving 
7 933 371 994 500 64620 0 0 1 moving 
7 935 369 999 501 64621 0 0 1 moving 
7 937 367 1004 502 64622 0 0 0 moving 
7 940 368 1006 503 64623 0 0 1 moving 
7 943 369 1009 504 64624 0 0 1 moving 
7 947 370 1012 505 64625 0 0 0 moving 
7 949 373 1013 504 64626 0 0 1 moving 
7 952 376 1014 504 64627 0 0 1 moving 
7 954 379 1016 503 64628 0 0 1 moving 
7 957 382 1017 503 64629 0 0 1 moving 
8 1033 444 1100 551 64610 0 0 0 moving 
8 1018 442 1087 553 64611 0 0 1 standing 
8 1004 440 1074 555 64612 0 0 1 standing 
8 990 439 1061 557 64613 0 0 0 standing 
8 991 438 1057 556 64614 0 0 1 standing 
8 992 437 1053 555 64615 0 0 1 standing 
8 993 436 1050 554 64616 0 0 0 standing 
8 991 433 1049 555 64617 0 0 1 standing 
8 990 430 1048 556 64618 0 0 1 standing 
8 989 428 1048 558 64619 0 0 0 standing 
8 984 429 1047 559 64620 0 0 1 standing 
8 979 430 1046 560 64621 0 0 1 standing 
8 974 431 1045 562 64622 0 0 0 standing 
8 975 433 1046 563 64623 0 0 1 standing 
8 976 436 1047 564 64624 0 0 1 standing 
8 977 439 1048 565 64625 0 0 0 standing 
8 985 441 1053 566 64626 0 0 1 standing 
8 993 443 1058 567 64627 0 0 1 standing 
8 1001 445 1064 568 64628 0 0 1 standing 
8 1009 447 1069 569 64629 0 0 1 standing 
9 544 445 614 538 64610 0 0 0 standing 
9 546 445 618 537 64611 0 0 1 waiting 
9 548 445 623 536 64612 0 0 1 waiting 
9 551 446 628 535 64613 0 0 0 waiting 
9 555 445 634 534 64614 0 0 1 waiting 
9 559 444 640 533 64615 0 0 1 waiting 
9 564 443 646 533 64616 0 0 0 waiting 
9 570 441 650 532 64617 0 0 1 waiting 
9 576 439 654 532 64618 0 0 1 waiting 
9 582 437 659 532 64619 0 0 0 waiting 
9 588 437 665 532 64620 0 0 1 waiting 
9 594 437 671 532 64621 0 0 1 waiting 
9 600 437 677 532 64622 0 0 0 waiting 
9 607 438 683 533 64623 0 0 1 waiting 
9 614 439 689 534 64624 0 0 1 waiting 
9 621 440 696 535 64625 0 0 0 waiting 
9 626 440 701 534 64626 0 0 1 waiting 
9 632 440 707 534 64627 0 0 1 waiting 
9 638 441 713 533 64628 0 0 1 waiting 
9 644 441 719 533 64629 0 0 1 waiting 
10 378 516 440 640 64610 0 0 0 waiting 
10 379 516 442 641 64611 0 0 1 digging 
10 381 517 444 642 64612 0 0 1 digging 
10 383 518 447 643 64613 0 0 0 digging 
10 388 519 449 644 64614 0 0 1 digging 
10 394 520 451 645 64615 0 0 1 digging 
10 400 521 453 646 64616 0 0 0 digging 
10 404 521 457 646 64617 0 0 1 digging 
10 408 521 461 647 64618 0 0 1 digging 
10 412 522 465 648 64619 0 0 0 digging 
10 418 522 470 646 64620 0 0 1 digging 
10 424 522 476 644 64621 0 0 1 digging 
10 430 523 482 642 64622 0 0 0 digging 
10 434 525 489 646 64623 0 0 1 digging 
10 439 527 496 650 64624 0 0 1 digging 
10 444 530 503 654 64625 0 0 0 digging 
10 450 530 509 653 64626 0 0 1 digging 
10 457 530 516 652 64627 0 0 1 digging 
10 464 530 522 652 64628 0 0 1 digging 
10 471 530 529 651 64629 0 0 1 digging 
11 282 463 330 589 64610 0 0 0 digging 
11 284 462 332 587 64611 0 0 1 standing 
11 286 461 334 585 64612 0 0 1 standing 
11 289 460 337 583 64613 0 0 0 standing 
11 293 459 342 581 64614 0 0 1 standing 
11 297 458 347 579 64615 0 0 1 standing 
11 302 458 353 578 64616 0 0 0 standing 
11 307 458 358 578 64617 0 0 1 standing 
11 312 458 364 578 64618 0 0 1 standing 
11 317 458 370 578 64619 0 0 0 standing 
11 320 457 373 577 64620 0 0 1 standing 
11 323 457 376 577 64621 0 0 1 standing 
11 326 457 379 577 64622 0 0 0 standing 
11 327 457 384 573 64623 0 0 1 standing 
11 328 457 389 569 64624 0 0 1 standing 
11 329 457 394 566 64625 0 0 0 standing 
11 336 458 401 565 64626 0 0 1 standing 
11 344 459 409 564 64627 0 0 1 standing 
11 351 460 416 564 64628 0 0 1 standing 
11 359 461 424 563 64629 0 0 1 standing 
