0 621 386 701 508 14840 0 0 0 standing 
0 623 387 705 509 14841 0 0 1 standing 
0 626 388 710 510 14842 0 0 1 standing 
0 629 390 715 512 14843 0 0 1 standing 
0 632 391 719 513 14844 0 0 1 standing 
0 635 393 724 514 14845 0 0 1 standing 
0 637 394 729 516 14846 0 0 1 standing 
0 640 396 734 517 14847 0 0 1 standing 
0 643 397 738 518 14848 0 0 1 standing 
0 646 399 743 520 14849 0 0 1 standing 
0 649 400 748 521 14850 0 0 1 standing 
0 651 402 753 522 14851 0 0 1 standing 
0 654 403 757 524 14852 0 0 1 standing 
0 657 405 762 525 14853 0 0 1 standing 
0 660 406 767 526 14854 0 0 1 standing 
0 663 408 772 528 14855 0 0 0 standing 
0 663 408 772 528 14856 0 0 1 standing 
0 663 408 772 528 14857 0 0 1 standing 
0 663 408 772 528 14858 0 0 1 standing 
0 663 408 772 528 14859 0 0 1 standing 
1 873 366 969 500 14840 0 0 0 standing 
1 866 365 962 500 14841 0 0 1 waiting 
1 859 364 955 500 14842 0 0 1 waiting 
1 852 364 948 500 14843 0 0 0 waiting 
1 849 364 945 500 14844 0 0 1 waiting 
1 847 364 943 500 14845 0 0 1 waiting 
1 844 364 941 500 14846 0 0 1 waiting 
1 842 364 939 500 14847 0 0 1 waiting 
1 839 364 937 500 14848 0 0 1 waiting 
1 837 364 935 501 14849 0 0 0 waiting 
1 834 364 932 501 14850 0 0 1 waiting 
1 831 365 929 502 14851 0 0 1 waiting 
1 828 365 926 502 14852 0 0 1 waiting 
1 825 366 923 503 14853 0 0 0 waiting 
1 825 366 923 503 14854 0 0 1 waiting 
1 825 366 923 503 14855 0 0 1 waiting 
1 825 366 923 503 14856 0 0 1 waiting 
1 825 366 923 503 14857 0 0 1 waiting 
1 825 366 923 503 14858 0 0 1 waiting 
1 825 366 923 503 14859 0 0 1 waiting 
2 1058 384 1168 518 14840 0 0 0 waiting 
2 1063 382 1169 517 14841 0 0 1 standing 
2 1068 381 1171 516 14842 0 0 1 standing 
2 1074 380 1172 515 14843 0 0 1 standing 
2 1079 379 1174 514 14844 0 0 1 standing 
2 1085 378 1176 514 14845 0 0 0 standing 
2 1082 377 1173 513 14846 0 0 1 standing 
2 1080 377 1171 513 14847 0 0 1 standing 
2 1078 377 1169 512 14848 0 0 1 standing 
2 1076 376 1167 512 14849 0 0 1 standing 
2 1074 376 1165 511 14850 0 0 1 standing 
2 1072 376 1163 511 14851 0 0 1 standing 
2 1070 376 1161 511 14852 0 0 0 standing 
2 1062 375 1153 510 14853 0 0 1 standing 
2 1055 374 1146 510 14854 0 0 1 standing 
2 1048 373 1139 510 14855 0 0 0 standing 
2 1048 373 1139 510 14856 0 0 1 standing 
2 1048 373 1139 510 14857 0 0 1 standing 
2 1048 373 1139 510 14858 0 0 1 standing 
2 1048 373 1139 510 14859 0 0 1 standing 
3 600 436 656 588 14840 0 1 0 standing 
3 597 428 652 586 14841 0 1 1 blocking 
3 594 420 649 584 14842 0 1 1 blocking 
3 591 412 645 582 14843 0 1 1 blocking 
3 588 404 642 580 14844 0 1 1 blocking 
3 585 396 639 578 14845 0 1 1 blocking 
3 582 388 635 576 14846 0 1 1 blocking 
3 579 380 632 574 14847 0 1 1 blocking 
3 577 373 629 572 14848 0 1 0 blocking 
3 574 369 626 568 14849 0 1 1 blocking 
3 571 366 623 565 14850 0 1 1 blocking 
3 568 363 620 562 14851 0 1 1 blocking 
3 565 360 617 559 14852 0 1 1 blocking 
3 563 357 614 556 14853 0 1 0 blocking 
3 553 357 611 552 14854 0 1 1 blocking 
3 544 357 609 549 14855 0 1 1 blocking 
3 535 357 606 546 14856 0 1 1 blocking 
3 526 357 604 543 14857 0 1 0 blocking 
3 526 357 604 543 14858 0 1 1 blocking 
3 526 357 604 543 14859 0 1 1 blocking 
4 387 408 476 541 14840 0 0 0 blocking 
4 381 407 471 540 14841 0 0 1 moving 
4 376 407 466 539 14842 0 0 1 moving 
4 370 407 461 539 14843 0 0 1 moving 
4 365 407 456 538 14844 0 0 1 moving 
4 360 407 452 538 14845 0 0 0 moving 
4 358 407 448 538 14846 0 0 1 moving 
4 356 408 445 539 14847 0 0 1 moving 
4 354 409 441 540 14848 0 0 1 moving 
4 352 410 438 541 14849 0 0 1 moving 
4 350 411 435 542 14850 0 0 1 moving 
4 348 412 431 542 14851 0 0 1 moving 
4 346 413 428 543 14852 0 0 1 moving 
4 344 414 425 544 14853 0 0 1 moving 
4 342 415 421 545 14854 0 0 1 moving 
4 340 416 418 546 14855 0 0 1 moving 
4 338 417 414 546 14856 0 0 1 moving 
4 336 418 411 547 14857 0 0 1 moving 
4 334 419 408 548 14858 0 0 1 moving 
4 332 420 404 549 14859 0 0 1 moving 
5 617 467 683 617 14840 0 1 0 moving 
5 609 460 678 613 14841 0 1 1 blocking 
5 602 454 674 610 14842 0 1 1 blocking 
5 595 447 669 607 14843 0 1 1 blocking 
5 588 441 665 603 14844 0 1 1 blocking 
5 580 434 660 600 14845 0 1 1 blocking 
5 573 428 656 597 14846 0 1 1 blocking 
5 566 421 651 593 14847 0 1 1 blocking 
5 559 415 647 590 14848 0 1 1 blocking 
5 551 408 642 587 14849 0 1 1 blocking 
5 544 402 638 583 14850 0 1 1 blocking 
5 537 395 633 580 14851 0 1 1 blocking 
5 530 389 629 577 14852 0 1 1 blocking 
5 522 382 624 573 14853 0 1 1 blocking 
5 515 376 620 570 14854 0 1 1 blocking 
5 508 369 615 567 14855 0 1 1 blocking 
5 501 363 611 564 14856 0 1 0 blocking 
5 501 363 611 564 14857 0 1 1 blocking 
5 501 363 611 564 14858 0 1 1 blocking 
5 501 363 611 564 14859 0 1 1 blocking 
6 208 367 266 506 14840 0 0 0 blocking 
6 201 367 259 506 14841 0 0 1 standing 
6 194 367 252 507 14842 0 0 1 standing 
6 187 368 245 508 14843 0 0 0 standing 
6 178 371 241 510 14844 0 0 1 standing 
6 170 374 237 513 14845 0 0 1 standing 
6 162 377 233 515 14846 0 0 1 standing 
6 154 380 230 518 14847 0 0 0 standing 
6 148 380 226 518 14848 0 0 1 standing 
6 142 380 222 518 14849 0 0 1 standing 
6 137 380 218 519 14850 0 0 1 standing 
6 131 380 214 519 14851 0 0 1 standing 
6 125 380 210 519 14852 0 0 1 standing 
6 120 380 206 520 14853 0 0 1 standing 
6 114 380 202 520 14854 0 0 1 standing 
6 109 380 198 521 14855 0 0 0 standing 
6 102 382 191 523 14856 0 0 1 standing 
6 95 385 184 526 14857 0 0 1 standing 
6 88 388 177 529 14858 0 0 1 standing 
6 81 391 170 532 14859 0 0 1 standing 
7 467 322 563 440 14840 0 0 0 standing 
7 465 319 558 439 14841 0 0 1 standing 
7 463 317 553 439 14842 0 0 1 standing 
7 462 314 548 438 14843 0 0 1 standing 
7 460 312 543 438 14844 0 0 1 standing 
7 459 310 538 438 14845 0 0 0 standing 
7 456 308 535 437 14846 0 0 1 standing 
7 454 306 533 437 14847 0 0 1 standing 
7 452 304 531 437 14848 0 0 1 standing 
7 450 302 528 437 14849 0 0 1 standing 
7 448 300 526 437 14850 0 0 1 standing 
7 446 298 524 437 14851 0 0 1 standing 
7 444 297 522 437 14852 0 0 0 standing 
7 436 297 515 437 14853 0 0 1 standing 
7 429 297 508 437 14854 0 0 1 standing 
7 422 298 501 437 14855 0 0 1 standing 
7 415 298 494 438 14856 0 0 1 standing 
7 408 298 487 438 14857 0 0 1 standing 
7 401 299 480 438 14858 0 0 1 standing 
7 394 299 473 438 14859 0 0 1 standing 
8 260 474 375 646 14840 0 1 0 standing 
8 264 460 376 632 14841 0 1 1 spiking 
8 268 447 378 619 14842 0 1 1 spiking 
8 272 433 379 605 14843 0 1 1 spiking 
8 276 420 381 592 14844 0 1 1 spiking 
8 280 406 382 578 14845 0 1 1 spiking 
8 284 393 384 565 14846 0 1 0 spiking 
8 289 394 390 566 14847 0 1 1 spiking 
8 295 395 397 568 14848 0 1 1 spiking 
8 301 396 404 570 14849 0 1 1 spiking 
8 307 398 411 572 14850 0 1 1 spiking 
8 313 399 418 573 14851 0 1 1 spiking 
8 319 400 425 575 14852 0 1 1 spiking 
8 325 401 432 577 14853 0 1 1 spiking 
8 331 403 439 579 14854 0 1 0 spiking 
8 334 406 442 582 14855 0 1 1 spiking 
8 337 409 445 585 14856 0 1 1 spiking 
8 340 412 449 589 14857 0 1 1 spiking 
8 343 415 452 592 14858 0 1 1 spiking 
8 346 419 456 596 14859 0 1 0 spiking 
9 471 304 544 455 14840 0 0 0 spiking 
9 471 310 544 460 14841 0 0 1 standing 
9 472 316 545 465 14842 0 0 1 standing 
9 473 323 545 470 14843 0 0 1 standing 
9 474 329 546 475 14844 0 0 1 standing 
9 475 335 546 480 14845 0 0 1 standing 
9 476 342 547 485 14846 0 0 1 standing 
9 477 348 547 490 14847 0 0 1 standing 
9 478 355 548 495 14848 0 0 0 standing 
9 475 352 545 492 14849 0 0 1 standing 
9 473 349 543 489 14850 0 0 1 standing 
9 471 347 541 487 14851 0 0 1 standing 
9 468 344 538 484 14852 0 0 1 standing 
9 466 341 536 481 14853 0 0 1 standing 
9 464 339 534 479 14854 0 0 0 standing 
9 464 339 534 479 14855 0 0 1 standing 
9 464 339 534 479 14856 0 0 1 standing 
9 464 339 534 479 14857 0 0 1 standing 
9 464 339 534 479 14858 0 0 1 standing 
9 464 339 534 479 14859 0 0 1 standing 
10 251 397 325 553 14840 0 0 0 standing 
10 244 396 319 552 14841 0 0 1 standing 
10 238 395 313 552 14842 0 0 1 standing 
10 232 395 307 551 14843 0 0 1 standing 
10 226 394 301 551 14844 0 0 1 standing 
10 220 394 295 551 14845 0 0 1 standing 
10 214 393 289 550 14846 0 0 1 standing 
10 208 392 283 550 14847 0 0 1 standing 
10 202 392 277 549 14848 0 0 1 standing 
10 196 391 271 549 14849 0 0 1 standing 
10 190 391 266 549 14850 0 0 0 standing 
10 186 391 258 552 14851 0 0 1 standing 
10 183 392 251 555 14852 0 0 1 standing 
10 179 393 243 558 14853 0 0 1 standing 
10 176 394 236 561 14854 0 0 1 standing 
10 173 395 229 564 14855 0 0 0 standing 
10 173 395 229 564 14856 0 0 1 standing 
10 173 395 229 564 14857 0 0 1 standing 
10 173 395 229 564 14858 0 0 1 standing 
10 173 395 229 564 14859 0 0 1 standing 
11 974 477 1064 614 14840 0 0 0 standing 
11 980 478 1068 617 14841 0 0 1 standing 
11 986 479 1072 620 14842 0 0 1 standing 
11 992 481 1076 623 14843 0 0 1 standing 
11 998 482 1081 626 14844 0 0 1 standing 
11 1004 484 1085 629 14845 0 0 1 standing 
11 1010 485 1089 632 14846 0 0 1 standing 
11 1017 487 1094 635 14847 0 0 0 standing 
11 1016 491 1094 634 14848 0 0 1 standing 
11 1016 496 1094 634 14849 0 0 1 standing 
11 1016 500 1094 634 14850 0 0 1 standing 
11 1016 505 1095 634 14851 0 0 0 standing 
11 1012 505 1091 634 14852 0 0 1 standing 
11 1009 505 1088 634 14853 0 0 1 standing 
11 1005 505 1084 634 14854 0 0 1 standing 
11 1002 505 1081 634 14855 0 0 1 standing 
11 999 505 1078 634 14856 0 0 0 standing 
11 999 505 1078 634 14857 0 0 1 standing 
11 999 505 1078 634 14858 0 0 1 standing 
11 999 505 1078 634 14859 0 0 1 standing 
