0 839 441 906 581 93560 0 1 0 spiking 
0 829 427 895 577 93561 0 1 1 spiking 
0 820 414 884 574 93562 0 1 1 spiking 
0 810 401 873 570 93563 0 1 1 spiking 
0 801 388 862 567 93564 0 1 0 spiking 
0 790 383 849 563 93565 0 1 1 spiking 
0 780 379 837 560 93566 0 1 1 spiking 
0 770 374 825 556 93567 0 1 1 spiking 
0 760 370 813 553 93568 0 1 1 spiking 
0 750 366 801 550 93569 0 1 0 spiking 
0 740 370 790 549 93570 0 1 1 spiking 
0 730 374 780 548 93571 0 1 1 spiking 
0 720 379 770 547 93572 0 1 0 spiking 
0 714 386 762 549 93573 0 1 1 spiking 
0 708 394 755 552 93574 0 1 1 spiking 
0 702 401 747 554 93575 0 1 1 spiking 
0 696 409 740 557 93576 0 1 0 spiking 
0 696 414 741 559 93577 0 1 1 spiking 
0 697 420 743 562 93578 0 1 1 spiking 
0 698 426 745 564 93579 0 1 1 spiking 
1 693 451 769 570 93560 0 1 0 spiking 
1 691 452 767 571 93561 0 1 1 blocking 
1 689 453 765 572 93562 0 1 1 blocking 
1 687 454 763 573 93563 0 1 1 blocking 
1 686 455 761 574 93564 0 1 0 blocking 
1 679 448 752 574 93565 0 1 1 blocking 
1 673 442 743 574 93566 0 1 1 blocking 
1 667 435 734 574 93567 0 1 1 blocking 
1 661 429 725 574 93568 0 1 1 blocking 
1 655 423 716 574 93569 0 1 0 blocking 
1 648 418 707 574 93570 0 1 1 blocking 
1 641 414 698 574 93571 0 1 1 blocking 
1 634 410 689 574 93572 0 1 1 blocking 
1 627 406 680 574 93573 0 1 1 blocking 
1 621 402 672 574 93574 0 1 0 blocking 
1 616 402 667 574 93575 0 1 1 blocking 
1 612 403 662 575 93576 0 1 1 blocking 
1 607 403 657 575 93577 0 1 1 blocking 
1 603 404 653 576 93578 0 1 0 blocking 
1 612 412 662 573 93579 0 1 1 blocking 
2 721 390 774 498 93560 0 0 0 blocking 
2 714 391 769 496 93561 0 0 1 standing 
2 707 392 764 494 93562 0 0 1 standing 
2 701 393 760 493 93563 0 0 0 standing 
2 694 393 751 500 93564 0 0 1 standing 
2 687 394 742 507 93565 0 0 1 standing 
2 681 395 734 514 93566 0 0 0 standing 
2 674 398 727 517 93567 0 0 1 standing 
2 667 401 720 520 93568 0 0 1 standing 
2 661 404 714 524 93569 0 0 0 standing 
2 652 405 705 525 93570 0 0 1 standing 
2 643 406 696 526 93571 0 0 1 standing 
2 635 407 688 527 93572 0 0 0 standing 
2 631 409 686 529 93573 0 0 1 standing 
2 627 411 684 531 93574 0 0 1 standing 
2 624 413 683 533 93575 0 0 0 standing 
2 623 414 682 534 93576 0 0 1 standing 
2 622 415 681 535 93577 0 0 1 standing 
2 621 416 680 536 93578 0 0 1 standing 
2 620 417 679 537 93579 0 0 1 standing 
3 631 351 701 449 93560 0 0 0 standing 
3 621 349 685 452 93561 0 0 1 moving 
3 611 348 670 456 93562 0 0 1 moving 
3 602 347 655 460 93563 0 0 0 moving 
3 580 349 641 460 93564 0 0 1 moving 
3 558 352 628 460 93565 0 0 1 moving 
3 536 355 615 461 93566 0 0 0 moving 
3 521 357 601 461 93567 0 0 1 moving 
3 506 359 588 462 93568 0 0 1 moving 
3 492 362 575 463 93569 0 0 0 moving 
3 480 363 563 464 93570 0 0 1 moving 
3 468 364 551 465 93571 0 0 1 moving 
3 456 365 539 467 93572 0 0 0 moving 
3 448 367 523 469 93573 0 0 1 moving 
3 440 370 507 471 93574 0 0 1 moving 
3 433 373 492 473 93575 0 0 0 moving 
3 427 374 492 473 93576 0 0 1 moving 
3 422 375 492 473 93577 0 0 1 moving 
3 416 376 493 474 93578 0 0 1 moving 
3 411 377 493 474 93579 0 0 1 moving 
4 846 418 902 557 93560 0 0 0 moving 
4 835 420 890 558 93561 0 0 1 spiking 
4 824 422 878 559 93562 0 0 1 spiking 
4 814 424 867 561 93563 0 0 0 spiking 
4 804 417 857 554 93564 0 0 1 spiking 
4 795 410 848 548 93565 0 0 1 spiking 
4 786 404 839 542 93566 0 0 0 spiking 
4 776 409 826 546 93567 0 0 1 spiking 
4 766 414 814 551 93568 0 0 1 spiking 
4 756 419 802 556 93569 0 0 0 spiking 
4 748 419 794 556 93570 0 0 1 spiking 
4 741 419 787 556 93571 0 0 1 spiking 
4 734 419 780 557 93572 0 0 0 spiking 
4 727 415 773 555 93573 0 0 1 spiking 
4 721 411 767 553 93574 0 0 1 spiking 
4 715 407 761 552 93575 0 0 0 spiking 
4 714 407 766 550 93576 0 0 1 spiking 
4 713 407 772 548 93577 0 0 1 spiking 
4 712 407 777 547 93578 0 0 1 spiking 
4 711 407 783 545 93579 0 0 1 spiking 
5 1050 466 1123 600 93560 0 0 0 spiking 
5 1037 466 1112 600 93561 0 0 1 standing 
5 1025 466 1101 600 93562 0 0 1 standing 
5 1013 466 1090 601 93563 0 0 0 standing 
5 1001 465 1080 600 93564 0 0 1 standing 
5 989 464 1070 599 93565 0 0 1 standing 
5 977 464 1060 599 93566 0 0 0 standing 
5 968 459 1047 598 93567 0 0 1 standing 
5 960 455 1034 598 93568 0 0 1 standing 
5 952 451 1022 598 93569 0 0 0 standing 
5 943 449 1011 596 93570 0 0 1 standing 
5 934 447 1000 594 93571 0 0 1 standing 
5 925 445 989 592 93572 0 0 0 standing 
5 917 447 977 594 93573 0 0 1 standing 
5 910 449 966 596 93574 0 0 1 standing 
5 903 451 955 599 93575 0 0 0 standing 
5 902 451 956 598 93576 0 0 1 standing 
5 902 452 957 597 93577 0 0 1 standing 
5 901 452 958 597 93578 0 0 1 standing 
5 901 453 959 596 93579 0 0 1 standing 
6 955 397 1009 517 93560 0 0 0 standing 
6 947 397 1001 517 93561 0 0 1 standing 
6 939 397 993 517 93562 0 0 1 standing 
6 931 397 985 517 93563 0 0 0 standing 
6 922 396 976 516 93564 0 0 1 standing 
6 913 395 967 516 93565 0 0 1 standing 
6 905 395 959 516 93566 0 0 0 standing 
6 897 394 951 515 93567 0 0 1 standing 
6 889 393 943 514 93568 0 0 1 standing 
6 881 393 935 513 93569 0 0 0 standing 
6 873 391 927 511 93570 0 0 1 standing 
6 866 389 920 509 93571 0 0 1 standing 
6 859 388 913 508 93572 0 0 0 standing 
6 852 389 908 508 93573 0 0 1 standing 
6 846 390 903 508 93574 0 0 1 standing 
6 840 391 899 509 93575 0 0 0 standing 
6 840 391 900 510 93576 0 0 1 standing 
6 840 391 902 512 93577 0 0 1 standing 
6 841 391 903 513 93578 0 0 1 standing 
6 841 391 905 515 93579 0 0 1 standing 
7 884 358 955 487 93560 0 0 0 standing 
7 873 358 944 486 93561 0 0 1 standing 
7 863 358 933 485 93562 0 0 1 standing 
7 853 359 922 484 93563 0 0 0 standing 
7 843 358 912 483 93564 0 0 1 standing 
7 833 357 902 482 93565 0 0 1 standing 
7 823 356 892 482 93566 0 0 0 standing 
7 813 356 881 481 93567 0 0 1 standing 
7 804 356 870 481 93568 0 0 1 standing 
7 795 356 859 481 93569 0 0 0 standing 
7 786 356 850 481 93570 0 0 1 standing 
7 777 356 841 481 93571 0 0 1 standing 
7 768 356 832 482 93572 0 0 0 standing 
7 759 355 823 481 93573 0 0 1 standing 
7 750 354 814 480 93574 0 0 1 standing 
7 742 353 806 479 93575 0 0 0 standing 
7 742 352 806 478 93576 0 0 1 standing 
7 742 352 806 478 93577 0 0 1 standing 
7 742 351 807 477 93578 0 0 1 standing 
7 742 351 807 477 93579 0 0 1 standing 
8 1082 418 1136 539 93560 0 0 0 standing 
8 1072 417 1126 538 93561 0 0 1 standing 
8 1063 416 1116 537 93562 0 0 1 standing 
8 1054 416 1107 537 93563 0 0 0 standing 
8 1038 416 1096 537 93564 0 0 1 standing 
8 1023 417 1085 537 93565 0 0 1 standing 
8 1008 418 1074 538 93566 0 0 0 standing 
8 993 418 1059 535 93567 0 0 1 standing 
8 978 418 1044 533 93568 0 0 1 standing 
8 964 418 1029 531 93569 0 0 0 standing 
8 955 416 1016 529 93570 0 0 1 standing 
8 947 414 1003 527 93571 0 0 1 standing 
8 939 412 990 525 93572 0 0 0 standing 
8 930 411 976 527 93573 0 0 1 standing 
8 921 410 963 530 93574 0 0 1 standing 
8 913 409 950 533 93575 0 0 0 standing 
8 911 410 947 534 93576 0 0 1 standing 
8 909 411 945 536 93577 0 0 1 standing 
8 907 413 943 537 93578 0 0 1 standing 
8 905 414 941 539 93579 0 0 1 standing 
9 494 483 564 621 93560 0 0 0 standing 
9 482 483 551 623 93561 0 0 1 standing 
9 471 483 538 625 93562 0 0 1 standing 
9 460 484 525 627 93563 0 0 0 standing 
9 449 484 514 627 93564 0 0 1 standing 
9 439 484 504 627 93565 0 0 1 standing 
9 429 485 494 628 93566 0 0 0 standing 
9 419 484 484 628 93567 0 0 1 standing 
9 409 484 474 628 93568 0 0 1 standing 
9 400 484 465 628 93569 0 0 0 standing 
9 394 485 454 627 93570 0 0 1 standing 
9 388 487 444 626 93571 0 0 1 standing 
9 382 489 434 626 93572 0 0 0 standing 
9 374 492 426 625 93573 0 0 1 standing 
9 366 495 419 625 93574 0 0 1 standing 
9 359 498 412 625 93575 0 0 0 standing 
9 359 497 412 624 93576 0 0 1 standing 
9 359 496 412 624 93577 0 0 1 standing 
9 359 495 412 623 93578 0 0 1 standing 
9 359 494 412 623 93579 0 0 1 standing 
10 493 401 534 499 93560 0 0 0 standing 
10 488 401 536 498 93561 0 0 1 digging 
10 483 402 538 498 93562 0 0 1 digging 
10 478 403 541 498 93563 0 0 0 digging 
10 474 405 537 502 93564 0 0 1 digging 
10 470 407 533 506 93565 0 0 1 digging 
10 466 410 530 510 93566 0 0 0 digging 
10 460 411 521 513 93567 0 0 1 digging 
10 454 412 512 516 93568 0 0 1 digging 
10 449 413 503 520 93569 0 0 0 digging 
10 443 414 494 522 93570 0 0 1 digging 
10 437 415 486 525 93571 0 0 1 digging 
10 431 416 478 528 93572 0 0 0 digging 
10 426 421 473 529 93573 0 0 1 digging 
10 422 427 468 531 93574 0 0 1 digging 
10 418 433 464 533 93575 0 0 0 digging 
10 416 436 464 532 93576 0 0 1 digging 
10 415 440 464 532 93577 0 0 1 digging 
10 414 443 464 532 93578 0 0 1 digging 
10 413 447 464 532 93579 0 0 1 digging 
11 348 449 409 586 93560 0 0 0 digging 
11 341 449 399 586 93561 0 0 1 standing 
11 334 449 390 586 93562 0 0 1 standing 
11 328 449 381 586 93563 0 0 0 standing 
11 319 452 380 588 93564 0 0 1 standing 
11 310 455 379 591 93565 0 0 1 standing 
11 301 458 379 594 93566 0 0 0 standing 
11 297 459 371 591 93567 0 0 1 standing 
11 293 460 363 589 93568 0 0 1 standing 
11 290 461 355 587 93569 0 0 0 standing 
11 286 463 347 590 93570 0 0 1 standing 
11 283 465 339 594 93571 0 0 1 standing 
11 280 467 331 598 93572 0 0 0 standing 
11 275 470 326 597 93573 0 0 1 standing 
11 270 473 322 597 93574 0 0 1 standing 
11 266 476 318 597 93575 0 0 0 standing 
11 267 476 319 596 93576 0 0 1 standing 
11 268 476 320 595 93577 0 0 1 standing 
11 269 476 321 595 93578 0 0 1 standing 
11 270 476 322 594 93579 0 0 1 standing 
