0 647 397 733 541 14815 0 1 0 standing 
0 635 390 719 537 14816 0 1 1 standing 
0 624 384 705 533 14817 0 1 1 standing 
0 613 378 691 529 14818 0 1 1 standing 
0 602 372 677 525 14819 0 1 1 standing 
0 591 366 663 521 14820 0 1 1 standing 
0 579 359 649 517 14821 0 1 1 standing 
0 568 353 635 513 14822 0 1 1 standing 
0 557 347 621 509 14823 0 1 1 standing 
0 546 341 607 505 14824 0 1 1 standing 
0 535 335 593 501 14825 0 1 0 standing 
0 526 342 584 505 14826 0 1 1 standing 
0 518 350 576 509 14827 0 1 1 standing 
0 510 357 568 513 14828 0 1 1 standing 
0 502 365 560 517 14829 0 1 1 standing 
0 494 373 552 521 14830 0 1 1 standing 
0 486 380 543 525 14831 0 1 1 standing 
0 478 388 535 529 14832 0 1 1 standing 
0 470 395 527 533 14833 0 1 1 standing 
0 462 403 519 537 14834 0 1 1 standing 
1 523 395 642 538 14815 0 1 0 standing 
1 523 388 635 534 14816 0 1 1 standing 
1 523 382 629 531 14817 0 1 1 standing 
1 523 375 623 528 14818 0 1 1 standing 
1 523 369 617 525 14819 0 1 1 standing 
1 524 363 611 522 14820 0 1 1 standing 
1 524 356 604 518 14821 0 1 1 standing 
1 524 350 598 515 14822 0 1 1 standing 
1 524 343 592 512 14823 0 1 1 standing 
1 524 337 586 509 14824 0 1 1 standing 
1 525 331 580 506 14825 0 1 0 standing 
1 520 325 577 495 14826 0 1 1 standing 
1 516 319 575 484 14827 0 1 1 standing 
1 512 313 573 473 14828 0 1 1 standing 
1 508 307 571 462 14829 0 1 1 standing 
1 504 302 569 451 14830 0 1 0 standing 
1 501 299 568 446 14831 0 1 1 standing 
1 498 296 567 441 14832 0 1 1 standing 
1 495 293 566 436 14833 0 1 1 standing 
1 492 290 565 431 14834 0 1 1 standing 
2 425 302 515 411 14815 0 1 0 standing 
2 425 301 514 411 14816 0 1 1 standing 
2 426 300 514 411 14817 0 1 1 standing 
2 426 299 514 411 14818 0 1 1 standing 
2 427 298 514 412 14819 0 1 1 standing 
2 428 297 513 412 14820 0 1 1 standing 
2 428 296 513 412 14821 0 1 1 standing 
2 429 295 513 412 14822 0 1 1 standing 
2 430 294 513 413 14823 0 1 0 standing 
2 431 296 514 415 14824 0 1 1 standing 
2 433 299 515 418 14825 0 1 1 standing 
2 435 301 517 420 14826 0 1 1 standing 
2 437 304 518 423 14827 0 1 1 standing 
2 439 306 519 425 14828 0 1 1 standing 
2 441 309 521 428 14829 0 1 1 standing 
2 443 312 522 430 14830 0 1 1 standing 
2 445 314 523 433 14831 0 1 1 standing 
2 447 317 525 435 14832 0 1 1 standing 
2 449 319 526 438 14833 0 1 1 standing 
2 451 322 527 440 14834 0 1 1 standing 
3 286 399 377 549 14815 0 0 0 standing 
3 285 397 376 547 14816 0 0 1 standing 
3 285 396 376 546 14817 0 0 1 standing 
3 285 395 376 545 14818 0 0 1 standing 
3 284 394 375 544 14819 0 0 1 standing 
3 284 393 375 543 14820 0 0 1 standing 
3 284 392 375 542 14821 0 0 1 standing 
3 283 391 374 541 14822 0 0 1 standing 
3 283 390 374 540 14823 0 0 1 standing 
3 283 389 374 539 14824 0 0 1 standing 
3 283 388 374 538 14825 0 0 0 standing 
3 283 388 372 537 14826 0 0 1 standing 
3 283 388 370 537 14827 0 0 1 standing 
3 283 388 368 537 14828 0 0 1 standing 
3 283 388 366 537 14829 0 0 1 standing 
3 283 388 365 537 14830 0 0 1 standing 
3 283 388 363 537 14831 0 0 1 standing 
3 283 388 361 537 14832 0 0 1 standing 
3 283 388 359 537 14833 0 0 1 standing 
3 283 388 357 537 14834 0 0 1 standing 
4 142 506 252 663 14815 0 1 0 standing 
4 140 504 250 661 14816 0 1 1 moving 
4 139 503 249 660 14817 0 1 1 moving 
4 138 502 248 659 14818 0 1 1 moving 
4 137 500 247 657 14819 0 1 1 moving 
4 136 499 246 656 14820 0 1 1 moving 
4 135 498 245 655 14821 0 1 0 moving 
4 140 498 250 655 14822 0 1 1 moving 
4 145 498 255 655 14823 0 1 1 moving 
4 150 499 260 656 14824 0 1 1 moving 
4 155 499 265 656 14825 0 1 1 moving 
4 160 499 270 656 14826 0 1 1 moving 
4 165 500 275 657 14827 0 1 1 moving 
4 170 500 280 657 14828 0 1 1 moving 
4 175 500 285 657 14829 0 1 1 moving 
4 180 501 290 658 14830 0 1 1 moving 
4 185 501 295 658 14831 0 1 1 moving 
4 190 501 300 658 14832 0 1 1 moving 
4 195 502 305 659 14833 0 1 1 moving 
4 200 502 310 659 14834 0 1 1 moving 
5 801 422 887 592 14815 0 0 0 moving 
5 792 422 878 592 14816 0 0 1 standing 
5 783 423 869 593 14817 0 0 1 standing 
5 774 423 860 593 14818 0 0 1 standing 
5 766 424 852 594 14819 0 0 1 standing 
5 757 425 843 595 14820 0 0 1 standing 
5 748 425 834 595 14821 0 0 1 standing 
5 740 426 826 596 14822 0 0 1 standing 
5 731 426 817 596 14823 0 0 1 standing 
5 722 427 808 597 14824 0 0 1 standing 
5 714 428 800 598 14825 0 0 0 standing 
5 707 430 793 599 14826 0 0 1 standing 
5 701 432 787 601 14827 0 0 1 standing 
5 695 434 780 603 14828 0 0 1 standing 
5 689 436 774 605 14829 0 0 1 standing 
5 683 438 767 607 14830 0 0 1 standing 
5 676 440 761 608 14831 0 0 1 standing 
5 670 442 754 610 14832 0 0 1 standing 
5 664 444 748 612 14833 0 0 1 standing 
5 658 446 741 614 14834 0 0 1 standing 
6 1146 459 1242 620 14815 0 0 0 standing 
6 1135 458 1231 619 14816 0 0 1 standing 
6 1124 458 1220 619 14817 0 0 1 standing 
6 1113 457 1209 618 14818 0 0 1 standing 
6 1102 457 1198 618 14819 0 0 1 standing 
6 1092 456 1188 617 14820 0 0 1 standing 
6 1081 456 1177 617 14821 0 0 1 standing 
6 1070 455 1166 616 14822 0 0 1 standing 
6 1059 455 1155 616 14823 0 0 1 standing 
6 1048 454 1144 615 14824 0 0 1 standing 
6 1038 454 1134 615 14825 0 0 0 standing 
6 1031 457 1127 615 14826 0 0 1 standing 
6 1024 460 1120 615 14827 0 0 1 standing 
6 1018 463 1113 615 14828 0 0 1 standing 
6 1011 466 1107 616 14829 0 0 1 standing 
6 1005 469 1100 616 14830 0 0 1 standing 
6 998 472 1093 616 14831 0 0 1 standing 
6 991 475 1087 617 14832 0 0 1 standing 
6 985 478 1080 617 14833 0 0 1 standing 
6 978 481 1073 617 14834 0 0 1 standing 
7 1122 369 1206 502 14815 0 0 0 standing 
7 1111 368 1195 501 14816 0 0 1 standing 
7 1100 367 1184 500 14817 0 0 1 standing 
7 1089 366 1173 499 14818 0 0 1 standing 
7 1078 366 1162 499 14819 0 0 1 standing 
7 1067 365 1151 498 14820 0 0 1 standing 
7 1056 364 1140 497 14821 0 0 1 standing 
7 1045 364 1129 497 14822 0 0 1 standing 
7 1034 363 1118 496 14823 0 0 1 standing 
7 1023 362 1107 495 14824 0 0 1 standing 
7 1013 362 1096 495 14825 0 0 0 standing 
7 1004 362 1087 495 14826 0 0 1 standing 
7 995 362 1078 495 14827 0 0 1 standing 
7 986 362 1069 495 14828 0 0 1 standing 
7 977 362 1060 495 14829 0 0 1 standing 
7 968 363 1051 496 14830 0 0 1 standing 
7 959 363 1042 496 14831 0 0 1 standing 
7 950 363 1033 496 14832 0 0 1 standing 
7 941 363 1024 496 14833 0 0 1 standing 
7 932 363 1015 496 14834 0 0 1 standing 
8 313 360 381 497 14815 0 0 0 standing 
8 308 360 376 497 14816 0 0 1 standing 
8 303 360 371 497 14817 0 0 1 standing 
8 299 360 367 497 14818 0 0 1 standing 
8 294 360 362 497 14819 0 0 1 standing 
8 290 361 358 498 14820 0 0 1 standing 
8 285 361 353 498 14821 0 0 1 standing 
8 280 361 348 498 14822 0 0 1 standing 
8 276 361 344 498 14823 0 0 1 standing 
8 271 361 339 498 14824 0 0 1 standing 
8 267 362 335 499 14825 0 0 0 standing 
8 262 362 330 499 14826 0 0 1 standing 
8 258 363 325 500 14827 0 0 1 standing 
8 253 363 321 500 14828 0 0 1 standing 
8 249 364 316 501 14829 0 0 1 standing 
8 244 365 312 502 14830 0 0 1 standing 
8 240 365 307 502 14831 0 0 1 standing 
8 235 366 302 503 14832 0 0 1 standing 
8 231 366 298 503 14833 0 0 1 standing 
8 226 367 293 504 14834 0 0 1 standing 
9 781 384 864 541 14815 0 0 0 standing 
9 772 385 854 541 14816 0 0 1 standing 
9 764 386 844 542 14817 0 0 1 standing 
9 756 387 834 543 14818 0 0 1 standing 
9 748 388 824 543 14819 0 0 1 standing 
9 740 390 814 544 14820 0 0 1 standing 
9 731 391 804 545 14821 0 0 1 standing 
9 723 392 794 545 14822 0 0 1 standing 
9 715 393 784 546 14823 0 0 1 standing 
9 707 394 774 547 14824 0 0 1 standing 
9 699 396 765 548 14825 0 0 0 standing 
9 692 398 758 549 14826 0 0 1 standing 
9 686 401 752 550 14827 0 0 1 standing 
9 679 403 745 552 14828 0 0 1 standing 
9 673 406 739 553 14829 0 0 1 standing 
9 667 408 732 555 14830 0 0 1 standing 
9 660 411 726 556 14831 0 0 1 standing 
9 654 413 719 557 14832 0 0 1 standing 
9 647 416 713 559 14833 0 0 1 standing 
9 641 418 706 560 14834 0 0 1 standing 
10 1249 385 1279 543 14815 0 0 0 standing 
10 1239 384 1276 541 14816 0 0 1 standing 
10 1229 383 1274 539 14817 0 0 1 standing 
10 1219 382 1271 537 14818 0 0 1 standing 
10 1210 382 1269 535 14819 0 0 0 standing 
10 1200 381 1259 535 14820 0 0 1 standing 
10 1191 381 1250 535 14821 0 0 1 standing 
10 1181 381 1241 535 14822 0 0 1 standing 
10 1172 380 1232 535 14823 0 0 1 standing 
10 1162 380 1223 535 14824 0 0 1 standing 
10 1153 380 1214 535 14825 0 0 0 standing 
10 1146 380 1209 534 14826 0 0 1 standing 
10 1140 381 1204 534 14827 0 0 1 standing 
10 1133 382 1199 534 14828 0 0 1 standing 
10 1127 383 1194 534 14829 0 0 1 standing 
10 1121 384 1189 534 14830 0 0 1 standing 
10 1114 384 1184 534 14831 0 0 1 standing 
10 1108 385 1179 534 14832 0 0 1 standing 
10 1101 386 1174 534 14833 0 0 1 standing 
10 1095 387 1169 534 14834 0 0 1 standing 
11 786 380 855 515 14815 0 0 0 standing 
11 776 381 845 515 14816 0 0 1 standing 
11 767 383 836 516 14817 0 0 1 standing 
11 758 384 827 517 14818 0 0 1 standing 
11 749 386 817 518 14819 0 0 1 standing 
11 740 388 808 519 14820 0 0 1 standing 
11 731 389 799 519 14821 0 0 1 standing 
11 722 391 789 520 14822 0 0 1 standing 
11 713 392 780 521 14823 0 0 1 standing 
11 704 394 771 522 14824 0 0 1 standing 
11 695 396 762 523 14825 0 0 0 standing 
11 688 395 755 521 14826 0 0 1 standing 
11 682 394 749 520 14827 0 0 1 standing 
11 675 393 742 518 14828 0 0 1 standing 
11 669 392 736 517 14829 0 0 1 standing 
11 663 391 729 515 14830 0 0 1 standing 
11 656 390 723 514 14831 0 0 1 standing 
11 650 389 716 512 14832 0 0 1 standing 
11 643 388 710 511 14833 0 0 1 standing 
11 637 387 703 509 14834 0 0 1 standing 
