0 642 468 740 630 46465 0 1 0 moving 
0 639 469 737 631 46466 0 1 1 moving 
0 637 471 735 633 46467 0 1 1 moving 
0 635 472 733 634 46468 0 1 1 moving 
0 633 474 731 636 46469 0 1 1 moving 
0 631 476 729 638 46470 0 1 1 moving 
0 629 477 727 639 46471 0 1 1 moving 
0 627 479 725 641 46472 0 1 1 moving 
0 625 480 723 642 46473 0 1 1 moving 
0 623 482 721 644 46474 0 1 1 moving 
0 621 484 719 646 46475 0 1 0 moving 
0 618 480 716 643 46476 0 1 1 moving 
0 616 476 714 641 46477 0 1 1 moving 
0 614 472 712 639 46478 0 1 1 moving 
0 612 468 710 636 46479 0 1 1 moving 
0 610 464 708 634 46480 0 1 1 moving 
0 608 460 706 632 46481 0 1 1 moving 
0 606 456 704 629 46482 0 1 1 moving 
0 604 452 702 627 46483 0 1 1 moving 
0 602 448 700 625 46484 0 1 1 moving 
1 426 450 489 597 46465 0 1 0 moving 
1 425 449 488 598 46466 0 1 1 setting 
1 425 448 488 599 46467 0 1 1 setting 
1 425 447 487 600 46468 0 1 1 setting 
1 425 446 487 601 46469 0 1 0 setting 
1 420 443 483 600 46470 0 1 1 setting 
1 416 440 479 600 46471 0 1 1 setting 
1 412 438 476 599 46472 0 1 1 setting 
1 407 435 472 599 46473 0 1 1 setting 
1 403 433 469 598 46474 0 1 1 setting 
1 399 430 465 598 46475 0 1 1 setting 
1 395 428 462 598 46476 0 1 0 setting 
1 388 430 455 599 46477 0 1 1 setting 
1 381 433 448 601 46478 0 1 1 setting 
1 374 436 441 602 46479 0 1 1 setting 
1 367 439 434 604 46480 0 1 1 setting 
1 360 441 427 605 46481 0 1 1 setting 
1 353 444 420 607 46482 0 1 1 setting 
1 346 447 413 608 46483 0 1 1 setting 
1 339 450 406 610 46484 0 1 1 setting 
2 358 340 419 477 46465 0 1 0 setting 
2 362 340 425 477 46466 0 1 1 standing 
2 367 340 431 477 46467 0 1 1 standing 
2 371 340 437 477 46468 0 1 1 standing 
2 376 341 443 477 46469 0 1 1 standing 
2 381 341 450 478 46470 0 1 1 standing 
2 385 341 456 478 46471 0 1 1 standing 
2 390 342 462 478 46472 0 1 1 standing 
2 394 342 468 478 46473 0 1 1 standing 
2 399 342 474 478 46474 0 1 1 standing 
2 404 343 481 479 46475 0 1 0 standing 
2 405 343 484 479 46476 0 1 1 standing 
2 407 343 488 479 46477 0 1 1 standing 
2 409 343 492 479 46478 0 1 1 standing 
2 410 344 496 479 46479 0 1 1 standing 
2 412 344 500 480 46480 0 1 1 standing 
2 414 344 504 480 46481 0 1 1 standing 
2 415 345 508 480 46482 0 1 1 standing 
2 417 345 512 480 46483 0 1 1 standing 
2 419 345 516 480 46484 0 1 1 standing 
3 541 263 593 371 46465 0 1 0 standing 
3 545 262 597 370 46466 0 1 1 moving 
3 550 261 602 369 46467 0 1 1 moving 
3 554 261 606 369 46468 0 1 1 moving 
3 559 260 611 368 46469 0 1 1 moving 
3 564 260 616 368 46470 0 1 1 moving 
3 568 259 620 367 46471 0 1 1 moving 
3 573 258 625 366 46472 0 1 1 moving 
3 577 258 629 366 46473 0 1 1 moving 
3 582 257 634 365 46474 0 1 1 moving 
3 587 257 639 365 46475 0 1 0 moving 
3 589 256 641 364 46476 0 1 1 moving 
3 591 256 643 364 46477 0 1 1 moving 
3 593 256 645 364 46478 0 1 1 moving 
3 595 256 647 364 46479 0 1 1 moving 
3 598 256 649 364 46480 0 1 1 moving 
3 600 256 651 364 46481 0 1 1 moving 
3 602 256 653 364 46482 0 1 1 moving 
3 604 256 655 364 46483 0 1 1 moving 
3 606 256 657 364 46484 0 1 1 moving 
4 514 305 561 441 46465 0 0 0 moving 
4 516 304 563 440 46466 0 0 1 standing 
4 519 304 566 440 46467 0 0 1 standing 
4 522 304 569 440 46468 0 0 1 standing 
4 525 304 572 440 46469 0 0 1 standing 
4 528 304 575 440 46470 0 0 1 standing 
4 531 304 578 440 46471 0 0 1 standing 
4 534 304 581 440 46472 0 0 1 standing 
4 537 304 584 440 46473 0 0 1 standing 
4 540 304 587 440 46474 0 0 1 standing 
4 543 304 590 440 46475 0 0 0 standing 
4 544 303 592 439 46476 0 0 1 standing 
4 546 303 595 439 46477 0 0 1 standing 
4 548 303 598 439 46478 0 0 1 standing 
4 550 303 601 439 46479 0 0 0 standing 
4 549 303 601 439 46480 0 0 1 standing 
4 548 303 601 439 46481 0 0 1 standing 
4 548 304 602 439 46482 0 0 1 standing 
4 547 304 602 439 46483 0 0 1 standing 
4 546 304 602 439 46484 0 0 1 standing 
5 832 383 894 563 46465 0 0 0 standing 
5 833 382 895 562 46466 0 0 1 standing 
5 835 382 897 562 46467 0 0 1 standing 
5 837 382 899 562 46468 0 0 1 standing 
5 839 381 901 561 46469 0 0 1 standing 
5 841 381 903 561 46470 0 0 1 standing 
5 843 381 905 561 46471 0 0 1 standing 
5 845 380 907 560 46472 0 0 1 standing 
5 847 380 909 560 46473 0 0 1 standing 
5 849 380 911 560 46474 0 0 1 standing 
5 851 380 913 560 46475 0 0 0 standing 
5 848 377 910 557 46476 0 0 1 standing 
5 845 375 907 555 46477 0 0 1 standing 
5 842 373 904 553 46478 0 0 1 standing 
5 839 371 901 550 46479 0 0 1 standing 
5 836 369 898 548 46480 0 0 1 standing 
5 833 366 895 546 46481 0 0 1 standing 
5 830 364 892 543 46482 0 0 1 standing 
5 827 362 889 541 46483 0 0 1 standing 
5 824 360 886 539 46484 0 0 1 standing 
6 966 384 1030 541 46465 0 0 0 standing 
6 966 383 1030 540 46466 0 0 1 standing 
6 967 382 1030 540 46467 0 0 1 standing 
6 967 381 1031 539 46468 0 0 1 standing 
6 968 380 1031 539 46469 0 0 1 standing 
6 968 379 1032 539 46470 0 0 1 standing 
6 969 378 1032 538 46471 0 0 1 standing 
6 969 377 1032 538 46472 0 0 1 standing 
6 970 376 1033 537 46473 0 0 1 standing 
6 970 375 1033 537 46474 0 0 1 standing 
6 971 374 1034 537 46475 0 0 0 standing 
6 968 373 1031 536 46476 0 0 1 standing 
6 965 372 1028 535 46477 0 0 1 standing 
6 963 371 1026 534 46478 0 0 1 standing 
6 960 370 1023 533 46479 0 0 1 standing 
6 958 369 1021 532 46480 0 0 1 standing 
6 955 368 1018 531 46481 0 0 1 standing 
6 952 367 1015 530 46482 0 0 1 standing 
6 950 366 1013 529 46483 0 0 1 standing 
6 947 365 1010 528 46484 0 0 1 standing 
7 974 306 1024 445 46465 0 0 0 standing 
7 975 306 1025 445 46466 0 0 1 standing 
7 976 306 1026 445 46467 0 0 1 standing 
7 977 306 1027 445 46468 0 0 1 standing 
7 978 306 1028 445 46469 0 0 1 standing 
7 980 306 1030 445 46470 0 0 1 standing 
7 981 306 1031 445 46471 0 0 1 standing 
7 982 306 1032 445 46472 0 0 1 standing 
7 983 306 1033 445 46473 0 0 1 standing 
7 984 306 1034 445 46474 0 0 1 standing 
7 986 306 1036 445 46475 0 0 0 standing 
7 982 306 1032 445 46476 0 0 1 standing 
7 979 306 1029 445 46477 0 0 1 standing 
7 976 307 1026 446 46478 0 0 1 standing 
7 973 307 1023 446 46479 0 0 1 standing 
7 970 308 1020 447 46480 0 0 1 standing 
7 967 308 1017 447 46481 0 0 1 standing 
7 964 308 1014 447 46482 0 0 1 standing 
7 961 309 1011 448 46483 0 0 1 standing 
7 958 309 1008 448 46484 0 0 1 standing 
8 970 339 1014 501 46465 0 0 0 standing 
8 971 339 1015 501 46466 0 0 1 standing 
8 972 339 1016 501 46467 0 0 1 standing 
8 973 339 1017 501 46468 0 0 1 standing 
8 975 339 1019 501 46469 0 0 1 standing 
8 976 339 1020 502 46470 0 0 1 standing 
8 977 339 1021 502 46471 0 0 1 standing 
8 979 339 1023 502 46472 0 0 1 standing 
8 980 339 1024 502 46473 0 0 1 standing 
8 981 339 1025 502 46474 0 0 1 standing 
8 983 340 1027 503 46475 0 0 0 standing 
8 979 340 1023 502 46476 0 0 1 standing 
8 975 341 1019 502 46477 0 0 1 standing 
8 972 341 1015 501 46478 0 0 1 standing 
8 968 342 1012 501 46479 0 0 1 standing 
8 965 342 1008 500 46480 0 0 1 standing 
8 961 343 1004 500 46481 0 0 1 standing 
8 957 343 1001 499 46482 0 0 1 standing 
8 954 344 997 499 46483 0 0 1 standing 
8 950 344 993 498 46484 0 0 1 standing 
