0 535 363 599 531 43815 0 1 0 setting 
0 532 357 595 526 43816 0 1 1 setting 
0 529 352 591 521 43817 0 1 1 setting 
0 527 346 588 516 43818 0 1 1 setting 
0 524 341 584 512 43819 0 1 1 setting 
0 522 335 581 507 43820 0 1 1 setting 
0 519 330 577 502 43821 0 1 1 setting 
0 517 325 574 498 43822 0 1 0 setting 
0 517 326 571 495 43823 0 1 1 setting 
0 517 327 568 493 43824 0 1 1 setting 
0 517 329 565 491 43825 0 1 0 setting 
0 514 334 562 491 43826 0 1 1 setting 
0 512 339 560 492 43827 0 1 1 setting 
0 510 344 557 493 43828 0 1 1 setting 
0 508 349 555 493 43829 0 1 1 setting 
0 506 355 552 494 43830 0 1 1 setting 
0 504 360 550 495 43831 0 1 1 setting 
0 502 365 547 495 43832 0 1 1 setting 
0 500 370 545 496 43833 0 1 1 setting 
0 498 375 542 497 43834 0 1 1 setting 
1 377 377 488 512 43815 0 1 0 setting 
1 390 375 489 510 43816 0 1 1 setting 
1 403 374 491 509 43817 0 1 1 setting 
1 416 373 492 508 43818 0 1 1 setting 
1 429 372 494 507 43819 0 1 0 setting 
1 436 366 500 508 43820 0 1 1 setting 
1 443 360 506 509 43821 0 1 1 setting 
1 451 355 513 511 43822 0 1 0 setting 
1 449 348 511 507 43823 0 1 1 setting 
1 448 341 509 504 43824 0 1 1 setting 
1 447 335 508 501 43825 0 1 0 setting 
1 449 331 508 493 43826 0 1 1 setting 
1 451 328 509 485 43827 0 1 1 setting 
1 453 324 509 477 43828 0 1 1 setting 
1 456 321 510 470 43829 0 1 0 setting 
1 458 321 511 472 43830 0 1 1 setting 
1 461 322 512 474 43831 0 1 1 setting 
1 464 323 513 476 43832 0 1 1 setting 
1 467 323 514 478 43833 0 1 1 setting 
1 470 324 515 480 43834 0 1 1 setting 
2 257 361 301 490 43815 0 0 0 setting 
2 255 361 305 489 43816 0 0 1 standing 
2 253 361 309 489 43817 0 0 1 standing 
2 251 361 313 489 43818 0 0 1 standing 
2 250 361 317 489 43819 0 0 0 standing 
2 250 362 318 489 43820 0 0 1 standing 
2 250 363 319 489 43821 0 0 1 standing 
2 251 365 320 489 43822 0 0 0 standing 
2 261 363 321 489 43823 0 0 1 standing 
2 271 362 323 489 43824 0 0 1 standing 
2 281 361 325 490 43825 0 0 0 standing 
2 282 360 333 487 43826 0 0 1 standing 
2 283 360 341 485 43827 0 0 1 standing 
2 285 360 349 483 43828 0 0 0 standing 
2 286 360 348 481 43829 0 0 1 standing 
2 287 360 347 479 43830 0 0 1 standing 
2 289 361 346 477 43831 0 0 1 standing 
2 290 361 346 476 43832 0 0 1 standing 
2 292 362 345 474 43833 0 0 1 standing 
2 293 362 344 472 43834 0 0 1 standing 
3 313 292 367 407 43815 0 1 0 standing 
3 311 292 367 407 43816 0 1 1 moving 
3 309 293 368 407 43817 0 1 1 moving 
3 307 293 368 407 43818 0 1 1 moving 
3 305 294 369 407 43819 0 1 0 moving 
3 303 294 373 407 43820 0 1 1 moving 
3 302 295 377 408 43821 0 1 1 moving 
3 301 296 381 409 43822 0 1 0 moving 
3 306 296 384 408 43823 0 1 1 moving 
3 312 297 387 408 43824 0 1 1 moving 
3 318 297 390 408 43825 0 1 1 moving 
3 324 298 393 408 43826 0 1 1 moving 
3 330 298 396 408 43827 0 1 1 moving 
3 336 299 400 408 43828 0 1 0 moving 
3 343 300 404 409 43829 0 1 1 moving 
3 350 302 408 410 43830 0 1 1 moving 
3 358 304 412 412 43831 0 1 1 moving 
3 365 306 416 413 43832 0 1 1 moving 
3 373 308 420 415 43833 0 1 1 moving 
3 380 310 424 416 43834 0 1 1 moving 
4 116 499 227 654 43815 0 1 0 moving 
4 125 496 235 651 43816 0 1 1 moving 
4 134 494 243 649 43817 0 1 1 moving 
4 143 492 252 647 43818 0 1 1 moving 
4 152 490 260 644 43819 0 1 1 moving 
4 161 488 269 642 43820 0 1 1 moving 
4 170 486 277 640 43821 0 1 1 moving 
4 180 484 286 638 43822 0 1 0 moving 
4 186 482 292 636 43823 0 1 1 moving 
4 193 481 298 635 43824 0 1 1 moving 
4 200 480 304 634 43825 0 1 0 moving 
4 208 479 312 631 43826 0 1 1 moving 
4 216 478 320 628 43827 0 1 1 moving 
4 225 477 329 625 43828 0 1 1 moving 
4 233 476 337 622 43829 0 1 1 moving 
4 242 475 346 620 43830 0 1 0 moving 
4 259 474 354 618 43831 0 1 1 moving 
4 276 474 362 616 43832 0 1 1 moving 
4 293 473 370 614 43833 0 1 1 moving 
4 310 473 378 612 43834 0 1 1 moving 
5 84 411 156 569 43815 0 0 0 moving 
5 79 410 152 568 43816 0 0 1 moving 
5 74 409 148 567 43817 0 0 1 moving 
5 69 408 144 566 43818 0 0 1 moving 
5 64 407 140 565 43819 0 0 0 moving 
5 58 407 137 563 43820 0 0 1 moving 
5 52 407 135 561 43821 0 0 1 moving 
5 46 407 133 559 43822 0 0 0 moving 
5 44 405 137 556 43823 0 0 1 moving 
5 42 404 142 553 43824 0 0 1 moving 
5 40 403 147 550 43825 0 0 1 moving 
5 39 402 152 548 43826 0 0 0 moving 
5 36 403 155 547 43827 0 0 1 moving 
5 34 405 158 546 43828 0 0 1 moving 
5 32 407 162 546 43829 0 0 0 moving 
5 39 406 162 543 43830 0 0 1 moving 
5 46 405 163 541 43831 0 0 1 moving 
5 54 404 163 539 43832 0 0 1 moving 
5 61 403 164 537 43833 0 0 1 moving 
5 68 402 164 535 43834 0 0 1 moving 
6 628 401 688 547 43815 0 0 0 moving 
6 625 402 684 546 43816 0 0 1 standing 
6 623 403 681 546 43817 0 0 1 standing 
6 621 404 678 545 43818 0 0 1 standing 
6 618 405 675 545 43819 0 0 1 standing 
6 616 407 672 544 43820 0 0 1 standing 
6 614 408 668 544 43821 0 0 1 standing 
6 611 409 665 543 43822 0 0 1 standing 
6 609 410 662 543 43823 0 0 1 standing 
6 607 411 659 542 43824 0 0 1 standing 
6 605 413 656 542 43825 0 0 0 standing 
6 600 414 651 543 43826 0 0 1 standing 
6 596 416 647 545 43827 0 0 1 standing 
6 592 417 643 546 43828 0 0 1 standing 
6 588 419 639 548 43829 0 0 1 standing 
6 584 421 635 550 43830 0 0 0 standing 
6 580 421 631 550 43831 0 0 1 standing 
6 576 421 627 550 43832 0 0 1 standing 
6 572 421 623 550 43833 0 0 1 standing 
6 568 421 619 550 43834 0 0 1 standing 
7 980 448 1042 582 43815 0 0 0 standing 
7 976 446 1038 579 43816 0 0 1 standing 
7 972 444 1034 576 43817 0 0 1 standing 
7 968 443 1030 574 43818 0 0 1 standing 
7 964 441 1026 571 43819 0 0 1 standing 
7 960 440 1022 569 43820 0 0 1 standing 
7 956 438 1018 566 43821 0 0 1 standing 
7 953 437 1015 564 43822 0 0 0 standing 
7 950 436 1011 563 43823 0 0 1 standing 
7 947 436 1008 562 43824 0 0 1 standing 
7 944 436 1005 561 43825 0 0 0 standing 
7 940 437 1000 559 43826 0 0 1 standing 
7 937 438 995 558 43827 0 0 1 standing 
7 933 439 991 556 43828 0 0 1 standing 
7 930 440 986 555 43829 0 0 1 standing 
7 927 442 982 554 43830 0 0 0 standing 
7 928 441 982 554 43831 0 0 1 standing 
7 929 440 983 554 43832 0 0 1 standing 
7 931 440 983 555 43833 0 0 1 standing 
7 932 439 984 555 43834 0 0 1 standing 
8 846 332 916 437 43815 0 0 0 standing 
8 843 332 912 436 43816 0 0 1 standing 
8 840 332 908 436 43817 0 0 1 standing 
8 837 332 904 436 43818 0 0 1 standing 
8 835 332 900 436 43819 0 0 0 standing 
8 830 331 895 434 43820 0 0 1 standing 
8 826 330 890 433 43821 0 0 1 standing 
8 822 329 886 432 43822 0 0 0 standing 
8 823 330 885 432 43823 0 0 1 standing 
8 825 331 885 432 43824 0 0 1 standing 
8 826 332 885 432 43825 0 0 1 standing 
8 828 333 885 433 43826 0 0 0 standing 
8 825 333 885 432 43827 0 0 1 standing 
8 823 333 886 432 43828 0 0 1 standing 
8 820 333 886 432 43829 0 0 1 standing 
8 818 333 887 432 43830 0 0 0 standing 
8 819 333 885 432 43831 0 0 1 standing 
8 820 333 883 433 43832 0 0 1 standing 
8 821 333 881 434 43833 0 0 1 standing 
8 822 333 879 435 43834 0 0 1 standing 
9 624 370 677 504 43815 0 0 0 standing 
9 621 370 672 504 43816 0 0 1 blocking 
9 618 370 668 504 43817 0 0 1 blocking 
9 615 371 664 504 43818 0 0 1 blocking 
9 612 371 660 505 43819 0 0 1 blocking 
9 609 372 656 505 43820 0 0 1 blocking 
9 606 372 651 505 43821 0 0 1 blocking 
9 603 372 647 506 43822 0 0 1 blocking 
9 600 373 643 506 43823 0 0 1 blocking 
9 597 373 639 506 43824 0 0 1 blocking 
9 594 374 635 507 43825 0 0 0 blocking 
9 590 374 630 507 43826 0 0 1 blocking 
9 587 374 626 507 43827 0 0 1 blocking 
9 584 374 622 507 43828 0 0 1 blocking 
9 580 375 618 507 43829 0 0 1 blocking 
9 577 375 614 508 43830 0 0 1 blocking 
9 574 375 610 508 43831 0 0 1 blocking 
9 570 376 606 508 43832 0 0 1 blocking 
9 567 376 602 508 43833 0 0 1 blocking 
9 564 376 598 508 43834 0 0 1 blocking 
10 627 339 679 442 43815 0 0 0 blocking 
10 624 339 675 442 43816 0 0 1 blocking 
10 622 340 671 443 43817 0 0 1 blocking 
10 620 341 667 444 43818 0 0 1 blocking 
10 618 342 664 444 43819 0 0 1 blocking 
10 616 343 660 445 43820 0 0 1 blocking 
10 614 343 656 446 43821 0 0 1 blocking 
10 612 344 653 446 43822 0 0 1 blocking 
10 610 345 649 447 43823 0 0 1 blocking 
10 608 346 645 448 43824 0 0 1 blocking 
10 606 347 642 449 43825 0 0 0 blocking 
10 602 346 640 448 43826 0 0 1 blocking 
10 598 345 638 447 43827 0 0 1 blocking 
10 595 345 637 446 43828 0 0 1 blocking 
10 591 344 635 445 43829 0 0 1 blocking 
10 588 344 634 445 43830 0 0 0 blocking 
10 586 346 634 447 43831 0 0 1 blocking 
10 584 348 634 449 43832 0 0 1 blocking 
10 582 350 634 451 43833 0 0 1 blocking 
10 580 352 634 453 43834 0 0 1 blocking 
11 1131 393 1197 517 43815 0 0 0 blocking 
11 1125 392 1191 516 43816 0 0 1 waiting 
11 1120 392 1186 516 43817 0 0 1 waiting 
11 1115 392 1180 516 43818 0 0 1 waiting 
11 1110 392 1175 515 43819 0 0 1 waiting 
11 1105 392 1170 515 43820 0 0 1 waiting 
11 1100 391 1164 515 43821 0 0 1 waiting 
11 1095 391 1159 514 43822 0 0 1 waiting 
11 1090 391 1153 514 43823 0 0 1 waiting 
11 1085 391 1148 514 43824 0 0 1 waiting 
11 1080 391 1143 514 43825 0 0 0 waiting 
11 1072 391 1136 512 43826 0 0 1 waiting 
11 1064 391 1130 511 43827 0 0 1 waiting 
11 1056 391 1123 509 43828 0 0 1 waiting 
11 1048 391 1117 508 43829 0 0 1 waiting 
11 1041 392 1111 507 43830 0 0 0 waiting 
11 1033 390 1104 503 43831 0 0 1 waiting 
11 1025 388 1098 500 43832 0 0 1 waiting 
11 1018 386 1092 496 43833 0 0 1 waiting 
11 1010 384 1086 493 43834 0 0 1 waiting 
