0 89 497 146 612 51655 0 1 0 digging 
0 122 497 180 610 51656 0 1 1 digging 
0 156 497 215 608 51657 0 1 1 digging 
0 189 497 250 606 51658 0 1 1 digging 
0 223 497 285 604 51659 0 1 1 digging 
0 256 497 320 602 51660 0 1 1 digging 
0 290 498 355 601 51661 0 1 0 digging 
0 313 497 380 597 51662 0 1 1 digging 
0 337 496 405 594 51663 0 1 1 digging 
0 361 495 430 591 51664 0 1 1 digging 
0 385 494 455 588 51665 0 1 0 digging 
0 392 493 462 584 51666 0 1 1 digging 
0 400 492 470 580 51667 0 1 1 digging 
0 407 491 478 576 51668 0 1 1 digging 
0 415 491 486 573 51669 0 1 0 digging 
0 412 489 482 568 51670 0 1 1 digging 
0 409 488 479 564 51671 0 1 1 digging 
0 406 486 476 560 51672 0 1 1 digging 
0 403 485 473 555 51673 0 1 1 digging 
0 400 483 470 551 51674 0 1 1 digging 
1 140 455 186 560 51655 0 0 0 digging 
1 176 453 222 558 51656 0 0 1 digging 
1 212 451 258 556 51657 0 0 1 digging 
1 248 450 294 555 51658 0 0 1 digging 
1 284 448 330 553 51659 0 0 1 digging 
1 320 446 366 551 51660 0 0 1 digging 
1 356 445 402 550 51661 0 0 0 digging 
1 382 442 428 547 51662 0 0 1 digging 
1 409 440 455 545 51663 0 0 1 digging 
1 435 437 481 542 51664 0 0 1 digging 
1 462 435 508 540 51665 0 0 0 digging 
1 470 432 518 539 51666 0 0 1 digging 
1 478 429 528 538 51667 0 0 1 digging 
1 486 426 538 537 51668 0 0 1 digging 
1 495 423 548 537 51669 0 0 0 digging 
1 497 419 552 535 51670 0 0 1 digging 
1 500 416 556 534 51671 0 0 1 digging 
1 503 413 561 533 51672 0 0 1 digging 
1 505 409 565 532 51673 0 0 1 digging 
1 508 406 569 531 51674 0 0 1 digging 
2 128 421 177 525 51655 0 0 0 digging 
2 163 416 212 520 51656 0 0 1 digging 
2 199 412 248 516 51657 0 0 1 digging 
2 235 407 283 512 51658 0 0 1 digging 
2 270 403 319 507 51659 0 0 1 digging 
2 306 398 354 503 51660 0 0 1 digging 
2 342 394 390 499 51661 0 0 0 digging 
2 371 387 419 492 51662 0 0 1 digging 
2 400 380 448 485 51663 0 0 1 digging 
2 429 373 477 478 51664 0 0 1 digging 
2 458 367 507 472 51665 0 0 0 digging 
2 468 362 518 468 51666 0 0 1 digging 
2 479 357 530 465 51667 0 0 1 digging 
2 490 352 542 462 51668 0 0 1 digging 
2 501 347 554 459 51669 0 0 0 digging 
2 501 347 555 460 51670 0 0 1 digging 
2 502 347 557 461 51671 0 0 1 digging 
2 503 347 558 462 51672 0 0 1 digging 
2 503 347 560 463 51673 0 0 1 digging 
2 504 347 561 464 51674 0 0 1 digging 
3 251 516 321 649 51655 0 0 0 digging 
3 285 511 354 646 51656 0 0 1 standing 
3 319 507 388 643 51657 0 0 1 standing 
3 354 502 422 640 51658 0 0 1 standing 
3 388 498 455 637 51659 0 0 1 standing 
3 422 493 489 634 51660 0 0 1 standing 
3 457 489 523 632 51661 0 0 0 standing 
3 484 486 550 631 51662 0 0 1 standing 
3 512 484 577 630 51663 0 0 1 standing 
3 539 481 604 629 51664 0 0 1 standing 
3 567 479 631 628 51665 0 0 0 standing 
3 576 477 642 625 51666 0 0 1 standing 
3 586 475 653 623 51667 0 0 1 standing 
3 596 473 664 621 51668 0 0 1 standing 
3 606 471 675 619 51669 0 0 0 standing 
3 608 470 678 617 51670 0 0 1 standing 
3 610 469 682 616 51671 0 0 1 standing 
3 612 469 685 614 51672 0 0 1 standing 
3 614 468 689 613 51673 0 0 1 standing 
3 616 467 692 611 51674 0 0 1 standing 
4 471 459 533 593 51655 0 0 0 standing 
4 507 459 569 592 51656 0 0 1 standing 
4 544 459 606 591 51657 0 0 1 standing 
4 581 459 642 591 51658 0 0 1 standing 
4 618 459 679 590 51659 0 0 1 standing 
4 655 459 715 589 51660 0 0 1 standing 
4 692 460 752 589 51661 0 0 0 standing 
4 717 459 776 588 51662 0 0 1 standing 
4 742 459 801 587 51663 0 0 1 standing 
4 767 459 826 586 51664 0 0 1 standing 
4 792 459 851 585 51665 0 0 0 standing 
4 800 458 859 584 51666 0 0 1 standing 
4 809 457 868 583 51667 0 0 1 standing 
4 818 456 877 582 51668 0 0 1 standing 
4 827 456 886 581 51669 0 0 0 standing 
4 827 455 886 580 51670 0 0 1 standing 
4 827 455 886 580 51671 0 0 1 standing 
4 828 455 887 580 51672 0 0 1 standing 
4 828 454 887 579 51673 0 0 1 standing 
4 828 454 887 579 51674 0 0 1 standing 
5 581 429 638 558 51655 0 0 0 standing 
5 616 428 673 557 51656 0 0 1 standing 
5 652 428 709 557 51657 0 0 1 standing 
5 688 427 745 557 51658 0 0 1 standing 
5 724 427 781 556 51659 0 0 1 standing 
5 760 426 817 556 51660 0 0 1 standing 
5 796 426 853 556 51661 0 0 0 standing 
5 822 425 879 556 51662 0 0 1 standing 
5 848 425 905 556 51663 0 0 1 standing 
5 874 424 931 556 51664 0 0 1 standing 
5 901 424 958 556 51665 0 0 0 standing 
5 910 422 967 553 51666 0 0 1 standing 
5 919 420 976 551 51667 0 0 1 standing 
5 928 418 985 549 51668 0 0 1 standing 
5 938 416 995 547 51669 0 0 0 standing 
5 940 415 997 546 51670 0 0 1 standing 
5 942 414 999 546 51671 0 0 1 standing 
5 945 414 1002 545 51672 0 0 1 standing 
5 947 413 1004 545 51673 0 0 1 standing 
5 949 412 1006 544 51674 0 0 1 standing 
6 606 409 656 540 51655 0 0 0 standing 
6 639 408 689 539 51656 0 0 1 standing 
6 672 407 722 538 51657 0 0 1 standing 
6 706 407 755 538 51658 0 0 1 standing 
6 739 406 788 537 51659 0 0 1 standing 
6 772 405 821 536 51660 0 0 1 standing 
6 806 405 854 536 51661 0 0 0 standing 
6 832 404 880 535 51662 0 0 1 standing 
6 859 403 907 534 51663 0 0 1 standing 
6 886 402 934 533 51664 0 0 1 standing 
6 913 401 961 532 51665 0 0 0 standing 
6 921 398 969 529 51666 0 0 1 standing 
6 930 395 978 527 51667 0 0 1 standing 
6 939 392 987 524 51668 0 0 1 standing 
6 948 390 996 522 51669 0 0 0 standing 
6 952 390 1000 522 51670 0 0 1 standing 
6 956 390 1004 522 51671 0 0 1 standing 
6 960 390 1008 522 51672 0 0 1 standing 
6 964 390 1012 522 51673 0 0 1 standing 
6 968 390 1016 522 51674 0 0 1 standing 
7 645 440 712 571 51655 0 0 0 standing 
7 678 439 743 571 51656 0 0 1 standing 
7 711 439 774 572 51657 0 0 1 standing 
7 744 438 805 572 51658 0 0 1 standing 
7 777 438 836 573 51659 0 0 1 standing 
7 810 437 867 573 51660 0 0 1 standing 
7 843 437 898 574 51661 0 0 0 standing 
7 868 435 921 574 51662 0 0 1 standing 
7 893 434 944 574 51663 0 0 1 standing 
7 918 432 967 574 51664 0 0 1 standing 
7 943 431 990 574 51665 0 0 0 standing 
7 951 433 998 576 51666 0 0 1 standing 
7 959 435 1006 578 51667 0 0 1 standing 
7 967 437 1014 580 51668 0 0 1 standing 
7 975 439 1022 582 51669 0 0 0 standing 
7 975 438 1022 581 51670 0 0 1 standing 
7 975 438 1022 581 51671 0 0 1 standing 
7 976 438 1023 580 51672 0 0 1 standing 
7 976 437 1023 580 51673 0 0 1 standing 
7 976 437 1023 579 51674 0 0 1 standing 
8 800 444 839 572 51655 0 0 0 standing 
8 835 444 874 573 51656 0 0 1 standing 
8 870 445 909 574 51657 0 0 1 standing 
8 905 446 944 575 51658 0 0 1 standing 
8 940 447 979 576 51659 0 0 1 standing 
8 975 448 1014 577 51660 0 0 1 standing 
8 1010 449 1049 578 51661 0 0 0 standing 
8 1039 449 1078 578 51662 0 0 1 standing 
8 1068 449 1107 579 51663 0 0 1 standing 
8 1097 449 1136 579 51664 0 0 1 standing 
8 1126 449 1165 580 51665 0 0 0 standing 
8 1139 448 1179 579 51666 0 0 1 standing 
8 1152 448 1193 579 51667 0 0 1 standing 
8 1165 448 1207 579 51668 0 0 1 standing 
8 1179 448 1221 579 51669 0 0 0 standing 
8 1183 450 1227 581 51670 0 0 1 standing 
8 1188 452 1233 584 51671 0 0 1 standing 
8 1193 454 1240 586 51672 0 0 1 standing 
8 1197 456 1246 589 51673 0 0 1 standing 
8 1202 458 1252 591 51674 0 0 1 standing 
9 996 439 1060 597 51655 0 0 0 standing 
9 1028 437 1092 595 51656 0 0 1 standing 
9 1060 435 1124 593 51657 0 0 1 standing 
9 1092 434 1156 591 51658 1 0 0 standing 
9 1078 434 1142 591 51659 1 0 1 standing 
9 1064 435 1128 592 51660 1 0 1 standing 
9 1050 436 1114 593 51661 1 0 1 standing 
9 1037 436 1101 594 51662 1 0 1 standing 
9 1023 437 1087 595 51663 1 0 1 standing 
9 1009 438 1073 596 51664 1 0 1 standing 
9 996 439 1060 597 51665 1 0 0 standing 
9 996 439 1060 597 51666 1 0 1 standing 
9 996 439 1060 597 51667 1 0 1 standing 
9 996 439 1060 597 51668 1 0 1 standing 
9 996 439 1060 597 51669 1 0 1 standing 
9 996 439 1060 597 51670 1 0 1 standing 
9 996 439 1060 597 51671 1 0 1 standing 
9 996 439 1060 597 51672 1 0 1 standing 
9 996 439 1060 597 51673 1 0 1 standing 
9 996 439 1060 597 51674 1 0 1 standing 
10 1064 349 1126 486 51655 0 0 0 standing 
10 1094 355 1157 492 51656 0 0 1 standing 
10 1124 361 1188 498 51657 0 0 1 standing 
10 1155 368 1219 505 51658 1 0 0 standing 
10 1142 365 1205 502 51659 1 0 1 standing 
10 1129 362 1192 499 51660 1 0 1 standing 
10 1116 359 1179 496 51661 1 0 1 standing 
10 1103 357 1165 494 51662 1 0 1 standing 
10 1090 354 1152 491 51663 1 0 1 standing 
10 1077 351 1139 488 51664 1 0 1 standing 
10 1064 349 1126 486 51665 1 0 0 standing 
10 1064 349 1126 486 51666 1 0 1 standing 
10 1064 349 1126 486 51667 1 0 1 standing 
10 1064 349 1126 486 51668 1 0 1 standing 
10 1064 349 1126 486 51669 1 0 1 standing 
10 1064 349 1126 486 51670 1 0 1 standing 
10 1064 349 1126 486 51671 1 0 1 standing 
10 1064 349 1126 486 51672 1 0 1 standing 
10 1064 349 1126 486 51673 1 0 1 standing 
10 1064 349 1126 486 51674 1 0 1 standing 
11 213 474 266 619 51655 1 0 1 standing 
11 213 474 266 619 51656 1 0 1 standing 
11 213 474 266 619 51657 1 0 0 standing 
11 185 475 238 621 51658 1 0 1 standing 
11 158 477 211 623 51659 1 0 1 standing 
11 131 479 184 625 51660 1 0 1 standing 
11 104 481 157 627 51661 0 0 0 standing 
11 131 479 184 625 51662 0 0 1 standing 
11 158 477 211 623 51663 0 0 1 standing 
11 185 475 238 621 51664 0 0 1 standing 
11 213 474 266 619 51665 0 0 0 standing 
11 219 476 272 621 51666 0 0 1 standing 
11 226 478 279 623 51667 0 0 1 standing 
11 233 480 286 625 51668 0 0 1 standing 
11 239 482 292 627 51669 0 0 1 standing 
11 246 484 299 629 51670 0 0 1 standing 
11 253 486 306 631 51671 0 0 1 standing 
11 259 488 312 633 51672 0 0 1 standing 
11 266 490 319 635 51673 0 0 1 standing 
11 273 492 326 637 51674 0 0 1 standing 
