0 1083 455 1133 599 114715 0 0 0 standing 
0 1096 455 1146 599 114716 0 0 1 standing 
0 1109 455 1159 599 114717 0 0 1 standing 
0 1123 455 1173 599 114718 0 0 1 standing 
0 1136 455 1186 599 114719 0 0 1 standing 
0 1150 455 1200 599 114720 0 0 1 standing 
0 1163 455 1213 599 114721 0 0 1 standing 
0 1176 455 1226 599 114722 0 0 1 standing 
0 1190 455 1240 599 114723 0 0 1 standing 
0 1203 455 1253 599 114724 0 0 1 standing 
0 1217 456 1267 600 114725 0 0 0 standing 
0 1218 455 1268 597 114726 0 0 1 standing 
0 1219 455 1269 595 114727 0 0 1 standing 
0 1220 455 1270 592 114728 0 0 1 standing 
0 1221 455 1271 590 114729 0 0 1 standing 
0 1223 455 1272 587 114730 0 0 1 standing 
0 1224 455 1273 585 114731 0 0 1 standing 
0 1225 455 1274 582 114732 0 0 1 standing 
0 1226 455 1275 580 114733 0 0 1 standing 
0 1227 455 1276 577 114734 0 0 1 standing 
1 884 381 931 527 114715 0 0 0 standing 
1 893 381 940 527 114716 0 0 1 standing 
1 903 381 950 527 114717 0 0 1 standing 
1 912 381 959 527 114718 0 0 1 standing 
1 922 382 969 528 114719 0 0 1 standing 
1 932 382 979 528 114720 0 0 1 standing 
1 941 382 988 528 114721 0 0 1 standing 
1 951 383 998 529 114722 0 0 1 standing 
1 960 383 1007 529 114723 0 0 1 standing 
1 970 383 1017 529 114724 0 0 1 standing 
1 980 384 1027 530 114725 0 0 0 standing 
1 985 385 1032 531 114726 0 0 1 standing 
1 991 387 1038 533 114727 0 0 1 standing 
1 997 389 1044 535 114728 0 0 0 standing 
1 994 388 1041 534 114729 0 0 1 standing 
1 991 387 1038 533 114730 0 0 1 standing 
1 988 387 1035 533 114731 0 0 1 standing 
1 985 386 1032 532 114732 0 0 1 standing 
1 983 386 1030 532 114733 0 0 1 standing 
1 980 385 1027 531 114734 0 0 1 standing 
2 465 380 540 505 114715 0 0 0 standing 
2 471 380 550 505 114716 0 0 1 standing 
2 477 380 560 505 114717 0 0 1 standing 
2 483 380 570 505 114718 0 0 1 standing 
2 489 380 580 505 114719 0 0 1 standing 
2 496 381 590 505 114720 0 0 0 standing 
2 501 380 590 505 114721 0 0 1 standing 
2 506 379 590 506 114722 0 0 1 standing 
2 511 378 590 507 114723 0 0 1 standing 
2 517 377 590 508 114724 0 0 1 standing 
2 522 376 590 509 114725 0 0 1 standing 
2 527 375 590 510 114726 0 0 1 standing 
2 533 375 591 511 114727 0 0 0 standing 
2 521 378 588 514 114728 0 0 1 standing 
2 509 381 585 518 114729 0 0 1 standing 
2 497 384 582 521 114730 0 0 1 standing 
2 486 387 579 525 114731 0 0 0 standing 
2 480 391 571 526 114732 0 0 1 standing 
2 475 396 564 527 114733 0 0 1 standing 
2 470 400 556 528 114734 0 0 1 standing 
3 1060 394 1105 525 114715 0 0 0 standing 
3 1070 393 1116 524 114716 0 0 1 standing 
3 1081 393 1128 524 114717 0 0 1 standing 
3 1091 393 1140 524 114718 0 0 1 standing 
3 1102 393 1151 523 114719 0 0 1 standing 
3 1113 393 1163 523 114720 0 0 1 standing 
3 1123 392 1175 523 114721 0 0 1 standing 
3 1134 392 1186 522 114722 0 0 1 standing 
3 1144 392 1198 522 114723 0 0 1 standing 
3 1155 392 1210 522 114724 0 0 1 standing 
3 1166 392 1222 522 114725 0 0 0 standing 
3 1169 392 1225 522 114726 0 0 1 standing 
3 1173 392 1229 522 114727 0 0 1 standing 
3 1176 392 1232 522 114728 0 0 1 standing 
3 1180 393 1236 523 114729 0 0 1 standing 
3 1184 393 1240 523 114730 0 0 1 standing 
3 1187 393 1243 523 114731 0 0 1 standing 
3 1191 394 1247 524 114732 0 0 1 standing 
3 1194 394 1250 524 114733 0 0 1 standing 
3 1198 394 1254 524 114734 0 0 1 standing 
4 1038 424 1094 558 114715 0 0 0 standing 
4 1053 424 1109 558 114716 0 0 1 standing 
4 1069 424 1125 558 114717 0 0 1 standing 
4 1085 424 1141 558 114718 0 0 1 standing 
4 1100 425 1156 559 114719 0 0 1 standing 
4 1116 425 1172 559 114720 0 0 1 standing 
4 1132 425 1188 559 114721 0 0 1 standing 
4 1147 426 1203 560 114722 0 0 1 standing 
4 1163 426 1219 560 114723 0 0 1 standing 
4 1179 426 1235 560 114724 0 0 1 standing 
4 1195 427 1251 561 114725 0 0 0 standing 
4 1197 426 1253 560 114726 0 0 1 standing 
4 1200 426 1256 560 114727 0 0 1 standing 
4 1203 426 1259 560 114728 0 0 1 standing 
4 1206 426 1262 560 114729 0 0 1 standing 
4 1209 426 1265 560 114730 0 0 1 standing 
4 1212 426 1267 560 114731 0 0 1 standing 
4 1215 426 1270 560 114732 0 0 1 standing 
4 1218 426 1273 560 114733 0 0 1 standing 
4 1221 426 1276 560 114734 0 0 1 standing 
5 842 428 911 573 114715 0 0 0 standing 
5 853 427 922 572 114716 0 0 1 standing 
5 865 426 934 571 114717 0 0 1 standing 
5 877 425 946 570 114718 0 0 1 standing 
5 889 425 958 570 114719 0 0 1 standing 
5 901 424 970 569 114720 0 0 1 standing 
5 912 423 981 568 114721 0 0 1 standing 
5 924 423 993 568 114722 0 0 1 standing 
5 936 422 1005 567 114723 0 0 1 standing 
5 948 421 1017 566 114724 0 0 1 standing 
5 960 421 1029 566 114725 0 0 0 standing 
5 960 420 1028 565 114726 0 0 1 standing 
5 960 420 1027 565 114727 0 0 1 standing 
5 960 420 1026 565 114728 0 0 1 standing 
5 961 420 1025 564 114729 0 0 1 standing 
5 961 420 1025 564 114730 0 0 1 standing 
5 961 419 1024 564 114731 0 0 1 standing 
5 962 419 1023 563 114732 0 0 1 standing 
5 962 419 1022 563 114733 0 0 1 standing 
5 962 419 1021 563 114734 0 0 1 standing 
6 858 454 953 591 114715 0 0 0 standing 
6 869 454 959 590 114716 0 0 1 standing 
6 880 454 965 590 114717 0 0 1 standing 
6 891 454 971 590 114718 0 0 1 standing 
6 902 454 977 590 114719 0 0 1 standing 
6 913 454 983 590 114720 0 0 1 standing 
6 924 454 989 589 114721 0 0 1 standing 
6 935 454 995 589 114722 0 0 1 standing 
6 946 454 1001 589 114723 0 0 1 standing 
6 957 454 1007 589 114724 0 0 1 standing 
6 968 454 1013 589 114725 0 0 0 standing 
6 968 454 1012 590 114726 0 0 1 standing 
6 968 454 1012 591 114727 0 0 1 standing 
6 968 454 1012 592 114728 0 0 1 standing 
6 968 454 1012 594 114729 0 0 1 standing 
6 968 454 1012 595 114730 0 0 1 standing 
6 968 454 1012 596 114731 0 0 1 standing 
6 968 454 1012 598 114732 0 0 1 standing 
6 968 454 1012 599 114733 0 0 1 standing 
6 968 454 1012 600 114734 0 0 1 standing 
7 228 444 285 544 114715 0 1 0 standing 
7 241 445 299 545 114716 0 1 1 digging 
7 254 446 314 546 114717 0 1 1 digging 
7 267 448 328 548 114718 0 1 1 digging 
7 280 449 343 549 114719 0 1 1 digging 
7 294 451 358 551 114720 0 1 0 digging 
7 302 450 367 550 114721 0 1 1 digging 
7 310 449 376 549 114722 0 1 1 digging 
7 318 449 386 548 114723 0 1 1 digging 
7 326 448 395 547 114724 0 1 1 digging 
7 334 448 405 547 114725 0 1 0 digging 
7 335 445 406 546 114726 0 1 1 digging 
7 336 443 407 545 114727 0 1 1 digging 
7 337 440 408 544 114728 0 1 1 digging 
7 339 438 409 543 114729 0 1 0 digging 
7 334 437 404 544 114730 0 1 1 digging 
7 329 437 399 545 114731 0 1 1 digging 
7 324 437 394 547 114732 0 1 1 digging 
7 320 437 390 548 114733 0 1 1 digging 
7 315 437 385 550 114734 0 1 1 digging 
8 448 480 520 613 114715 0 0 0 digging 
8 461 478 540 613 114716 0 0 1 standing 
8 474 477 560 613 114717 0 0 1 standing 
8 487 475 581 613 114718 0 0 1 standing 
8 500 474 601 613 114719 0 0 1 standing 
8 513 473 622 613 114720 0 0 0 standing 
8 528 472 635 612 114721 0 0 1 standing 
8 543 471 648 612 114722 0 0 1 standing 
8 558 470 661 612 114723 0 0 1 standing 
8 573 469 675 611 114724 0 0 1 standing 
8 588 468 688 611 114725 0 0 1 standing 
8 603 467 701 611 114726 0 0 1 standing 
8 618 466 714 611 114727 0 0 1 standing 
8 633 465 728 610 114728 0 0 1 standing 
8 648 464 741 610 114729 0 0 1 standing 
8 663 463 754 610 114730 0 0 1 standing 
8 678 462 768 610 114731 0 0 0 standing 
8 689 459 770 607 114732 0 0 1 standing 
8 700 457 773 605 114733 0 0 1 standing 
8 711 455 776 602 114734 0 0 1 standing 
9 744 455 823 600 114715 0 0 0 standing 
9 748 454 829 599 114716 0 0 1 moving 
9 752 454 835 599 114717 0 0 1 moving 
9 756 454 841 598 114718 0 0 1 moving 
9 760 453 847 598 114719 0 0 1 moving 
9 764 453 853 598 114720 0 0 1 moving 
9 768 453 859 597 114721 0 0 1 moving 
9 772 452 865 597 114722 0 0 1 moving 
9 776 452 871 596 114723 0 0 1 moving 
9 780 452 877 596 114724 0 0 1 moving 
9 785 452 883 596 114725 0 0 0 moving 
9 778 449 874 593 114726 0 0 1 moving 
9 771 447 865 591 114727 0 0 1 moving 
9 764 444 856 588 114728 0 0 1 moving 
9 757 442 847 586 114729 0 0 1 moving 
9 750 439 838 583 114730 0 0 1 moving 
9 743 437 829 581 114731 0 0 1 moving 
9 736 434 820 578 114732 0 0 1 moving 
9 729 432 812 576 114733 0 0 0 moving 
9 719 432 802 574 114734 0 0 1 moving 
10 773 461 824 605 114715 0 0 0 moving 
10 781 462 834 606 114716 0 0 1 standing 
10 790 464 845 608 114717 0 0 1 standing 
10 798 466 855 610 114718 0 0 1 standing 
10 807 468 866 611 114719 0 0 1 standing 
10 815 470 876 613 114720 0 0 1 standing 
10 824 472 887 615 114721 0 0 1 standing 
10 832 474 897 616 114722 0 0 1 standing 
10 841 476 908 618 114723 0 0 1 standing 
10 849 478 918 620 114724 0 0 1 standing 
10 858 480 929 622 114725 0 0 0 standing 
10 851 480 926 622 114726 0 0 1 standing 
10 844 481 923 622 114727 0 0 1 standing 
10 837 481 921 623 114728 0 0 1 standing 
10 830 482 918 623 114729 0 0 1 standing 
10 823 482 915 623 114730 0 0 1 standing 
10 816 483 913 624 114731 0 0 1 standing 
10 809 483 910 624 114732 0 0 1 standing 
10 802 484 907 624 114733 0 0 1 standing 
10 796 485 905 625 114734 0 0 0 standing 
11 759 446 818 596 114715 0 0 0 standing 
11 767 446 828 596 114716 0 0 1 moving 
11 775 446 838 596 114717 0 0 1 moving 
11 784 446 848 596 114718 0 0 1 moving 
11 792 446 858 596 114719 0 0 1 moving 
11 801 447 868 596 114720 0 0 1 moving 
11 809 447 878 596 114721 0 0 1 moving 
11 817 447 888 596 114722 0 0 1 moving 
11 826 447 898 596 114723 0 0 1 moving 
11 834 447 908 596 114724 0 0 1 moving 
11 843 448 919 597 114725 0 0 0 moving 
11 838 444 914 591 114726 0 0 1 moving 
11 833 441 909 586 114727 0 0 1 moving 
11 828 438 904 581 114728 0 0 1 moving 
11 823 434 899 576 114729 0 0 1 moving 
11 819 431 894 571 114730 0 0 1 moving 
11 814 428 889 566 114731 0 0 1 moving 
11 809 424 884 561 114732 0 0 1 moving 
11 804 421 879 556 114733 0 0 1 moving 
11 799 418 874 551 114734 0 0 1 moving 
