0 738 409 809 622 73595 0 1 0 spiking 
0 734 406 813 611 73596 0 1 1 spiking 
0 730 404 818 601 73597 0 1 1 spiking 
0 726 402 823 591 73598 0 1 1 spiking 
0 722 400 828 581 73599 0 1 1 spiking 
0 718 398 833 571 73600 0 1 0 spiking 
0 720 399 828 571 73601 0 1 1 spiking 
0 722 400 823 571 73602 0 1 1 spiking 
0 724 401 819 571 73603 0 1 1 spiking 
0 726 402 814 571 73604 0 1 1 spiking 
0 728 403 810 572 73605 0 1 0 spiking 
0 733 410 813 576 73606 0 1 1 spiking 
0 739 418 817 581 73607 0 1 1 spiking 
0 745 426 821 586 73608 0 1 1 spiking 
0 750 434 825 591 73609 0 1 1 spiking 
0 756 442 829 596 73610 0 1 1 spiking 
0 762 450 832 600 73611 0 1 1 spiking 
0 767 458 836 605 73612 0 1 1 spiking 
0 773 466 840 610 73613 0 1 1 spiking 
0 779 474 844 615 73614 0 1 1 spiking 
1 554 448 606 624 73595 0 1 0 spiking 
1 559 439 611 618 73596 0 1 1 standing 
1 564 431 616 613 73597 0 1 1 standing 
1 570 423 621 608 73598 0 1 1 standing 
1 575 415 626 603 73599 0 1 1 standing 
1 581 407 632 598 73600 0 1 1 standing 
1 586 399 637 592 73601 0 1 1 standing 
1 591 391 642 587 73602 0 1 1 standing 
1 597 383 647 582 73603 0 1 1 standing 
1 602 375 652 577 73604 0 1 1 standing 
1 608 367 658 572 73605 0 1 0 standing 
1 614 371 663 572 73606 0 1 1 standing 
1 621 376 669 573 73607 0 1 1 standing 
1 627 380 675 573 73608 0 1 1 standing 
1 634 385 681 574 73609 0 1 1 standing 
1 640 390 687 575 73610 0 1 1 standing 
1 647 394 693 575 73611 0 1 1 standing 
1 653 399 699 576 73612 0 1 1 standing 
1 660 403 705 576 73613 0 1 1 standing 
1 666 408 711 577 73614 0 1 1 standing 
2 557 403 607 574 73595 0 1 0 standing 
2 561 400 612 570 73596 0 1 1 standing 
2 565 397 617 567 73597 0 1 1 standing 
2 569 394 622 564 73598 0 1 1 standing 
2 573 391 627 561 73599 0 1 1 standing 
2 577 388 632 558 73600 0 1 1 standing 
2 581 385 637 555 73601 0 1 1 standing 
2 585 382 642 552 73602 0 1 1 standing 
2 589 379 647 549 73603 0 1 1 standing 
2 593 376 652 546 73604 0 1 1 standing 
2 598 373 657 543 73605 0 1 0 standing 
2 604 381 662 550 73606 0 1 1 standing 
2 610 390 667 557 73607 0 1 1 standing 
2 616 398 672 565 73608 0 1 1 standing 
2 623 407 677 572 73609 0 1 1 standing 
2 629 415 682 580 73610 0 1 1 standing 
2 635 424 687 587 73611 0 1 1 standing 
2 642 432 692 594 73612 0 1 1 standing 
2 648 441 697 602 73613 0 1 1 standing 
2 654 449 702 609 73614 0 1 1 standing 
3 0 443 11 474 73595 0 0 0 standing 
3 0 440 12 480 73596 0 0 1 standing 
3 0 437 13 486 73597 0 0 1 standing 
3 0 434 14 493 73598 0 0 1 standing 
3 0 431 15 499 73599 0 0 1 standing 
3 0 428 16 505 73600 0 0 1 standing 
3 0 425 18 512 73601 0 0 0 standing 
3 0 420 25 517 73602 0 0 1 standing 
3 0 415 33 522 73603 0 0 1 standing 
3 0 410 41 527 73604 0 0 0 standing 
3 1 410 51 527 73605 0 0 1 standing 
3 2 410 61 527 73606 0 0 1 standing 
3 3 411 71 528 73607 0 0 0 standing 
3 15 413 83 526 73608 0 0 1 standing 
3 27 415 95 524 73609 0 0 1 standing 
3 40 417 107 523 73610 0 0 0 standing 
3 48 418 113 525 73611 0 0 1 standing 
3 56 419 119 527 73612 0 0 1 standing 
3 65 421 126 529 73613 0 0 0 standing 
3 72 416 133 527 73614 0 0 1 standing 
4 57 455 183 611 73595 0 0 0 standing 
4 58 455 184 611 73596 0 0 1 standing 
4 59 455 185 611 73597 0 0 1 standing 
4 61 455 187 612 73598 0 0 0 standing 
4 67 453 178 611 73599 0 0 1 standing 
4 73 452 169 610 73600 0 0 1 standing 
4 79 451 160 610 73601 0 0 0 standing 
4 77 451 154 607 73602 0 0 1 standing 
4 75 451 149 604 73603 0 0 1 standing 
4 74 451 144 601 73604 0 0 0 standing 
4 66 453 145 605 73605 0 0 1 standing 
4 58 455 147 610 73606 0 0 1 standing 
4 50 458 149 615 73607 0 0 0 standing 
4 52 464 150 615 73608 0 0 1 standing 
4 54 471 152 615 73609 0 0 1 standing 
4 56 478 154 615 73610 0 0 0 standing 
4 63 478 161 615 73611 0 0 1 standing 
4 70 478 168 615 73612 0 0 1 standing 
4 77 478 175 615 73613 0 0 0 standing 
4 83 472 179 612 73614 0 0 1 standing 
5 161 380 256 474 73595 0 0 0 standing 
5 162 378 259 476 73596 0 0 1 standing 
5 163 376 262 479 73597 0 0 1 standing 
5 165 375 266 482 73598 0 0 0 standing 
5 170 375 267 482 73599 0 0 1 standing 
5 175 375 268 482 73600 0 0 1 standing 
5 181 375 269 482 73601 0 0 0 standing 
5 184 373 262 481 73602 0 0 1 standing 
5 187 371 256 480 73603 0 0 1 standing 
5 191 370 250 480 73604 0 0 0 standing 
5 185 371 250 480 73605 0 0 1 standing 
5 180 372 250 480 73606 0 0 1 standing 
5 175 373 251 481 73607 0 0 0 standing 
5 174 375 257 483 73608 0 0 1 standing 
5 174 377 264 485 73609 0 0 1 standing 
5 174 380 271 487 73610 0 0 0 standing 
5 182 380 277 486 73611 0 0 1 standing 
5 190 380 283 486 73612 0 0 1 standing 
5 199 380 289 486 73613 0 0 0 standing 
5 205 377 294 484 73614 0 0 1 standing 
6 430 355 494 481 73595 0 0 0 standing 
6 419 354 496 478 73596 0 0 1 standing 
6 408 353 498 475 73597 0 0 1 standing 
6 398 352 500 473 73598 0 0 0 standing 
6 402 352 494 473 73599 0 0 1 standing 
6 407 352 489 473 73600 0 0 1 standing 
6 412 352 484 473 73601 0 0 0 standing 
6 410 353 477 472 73602 0 0 1 standing 
6 408 355 470 471 73603 0 0 1 standing 
6 406 357 464 470 73604 0 0 0 standing 
6 396 358 464 470 73605 0 0 1 standing 
6 386 359 464 470 73606 0 0 1 standing 
6 377 360 465 470 73607 0 0 0 standing 
6 378 364 469 471 73608 0 0 1 standing 
6 379 368 474 472 73609 0 0 1 standing 
6 381 373 479 473 73610 0 0 0 standing 
6 387 373 485 473 73611 0 0 1 standing 
6 394 373 491 473 73612 0 0 1 standing 
6 401 374 498 474 73613 0 0 0 standing 
6 404 368 502 472 73614 0 0 1 standing 
7 647 378 707 526 73595 0 0 0 standing 
7 650 380 707 528 73596 0 0 1 standing 
7 654 382 707 530 73597 0 0 1 standing 
7 658 385 708 532 73598 0 0 0 standing 
7 663 387 712 532 73599 0 0 1 standing 
7 668 390 716 532 73600 0 0 1 standing 
7 674 393 721 532 73601 0 0 0 standing 
7 679 394 724 529 73602 0 0 1 standing 
7 684 395 727 526 73603 0 0 1 standing 
7 690 397 730 523 73604 0 0 0 standing 
7 698 398 738 525 73605 0 0 1 standing 
7 706 399 746 528 73606 0 0 1 standing 
7 715 401 754 531 73607 0 0 0 standing 
7 721 402 760 531 73608 0 0 1 standing 
7 727 403 766 532 73609 0 0 1 standing 
7 733 404 772 533 73610 0 0 0 standing 
7 738 404 777 533 73611 0 0 1 standing 
7 743 404 782 533 73612 0 0 1 standing 
7 748 404 787 533 73613 0 0 0 standing 
7 750 401 792 533 73614 0 0 1 standing 
8 781 410 855 540 73595 0 0 0 standing 
8 780 409 856 536 73596 0 0 1 standing 
8 779 408 858 533 73597 0 0 1 standing 
8 779 407 860 530 73598 0 0 0 standing 
8 785 403 864 529 73599 0 0 1 standing 
8 791 400 868 528 73600 0 0 1 standing 
8 798 397 873 527 73601 0 0 0 standing 
8 802 394 875 533 73602 0 0 1 standing 
8 806 392 878 539 73603 0 0 1 standing 
8 810 390 881 545 73604 0 0 0 standing 
8 813 388 883 544 73605 0 0 1 standing 
8 816 387 885 543 73606 0 0 1 standing 
8 820 386 887 542 73607 0 0 0 standing 
8 823 389 890 543 73608 0 0 1 standing 
8 826 393 894 544 73609 0 0 1 standing 
8 830 397 898 546 73610 0 0 0 standing 
8 834 401 905 547 73611 0 0 1 standing 
8 839 406 913 549 73612 0 0 1 standing 
8 844 411 921 551 73613 0 0 0 standing 
8 849 412 925 551 73614 0 0 1 standing 
9 831 453 919 595 73595 0 0 0 standing 
9 833 453 921 597 73596 0 0 1 moving 
9 836 453 923 599 73597 0 0 1 moving 
9 839 453 926 601 73598 0 0 0 moving 
9 843 452 931 601 73599 0 0 1 moving 
9 847 452 936 601 73600 0 0 1 moving 
9 852 452 941 601 73601 0 0 0 moving 
9 855 450 938 599 73602 0 0 1 moving 
9 859 449 936 598 73603 0 0 1 moving 
9 863 448 934 597 73604 0 0 0 moving 
9 865 448 932 597 73605 0 0 1 moving 
9 868 449 931 597 73606 0 0 1 moving 
9 871 450 930 597 73607 0 0 0 moving 
9 876 451 935 598 73608 0 0 1 moving 
9 882 453 941 600 73609 0 0 1 moving 
9 888 455 947 602 73610 0 0 0 moving 
9 889 457 949 602 73611 0 0 1 moving 
9 890 459 951 603 73612 0 0 1 moving 
9 892 462 953 604 73613 0 0 0 moving 
9 893 461 959 605 73614 0 0 1 moving 
10 916 402 991 547 73595 0 0 0 moving 
10 920 401 993 548 73596 0 0 1 standing 
10 924 400 996 549 73597 0 0 1 standing 
10 928 400 999 550 73598 0 0 0 standing 
10 934 400 1002 553 73599 0 0 1 standing 
10 941 400 1005 556 73600 0 0 1 standing 
10 948 401 1008 560 73601 0 0 0 standing 
10 955 401 1014 560 73602 0 0 1 standing 
10 962 401 1021 561 73603 0 0 1 standing 
10 970 401 1028 562 73604 0 0 0 standing 
10 974 401 1035 562 73605 0 0 1 standing 
10 979 402 1043 562 73606 0 0 1 standing 
10 984 403 1051 563 73607 0 0 0 standing 
10 988 404 1058 563 73608 0 0 1 standing 
10 992 405 1065 564 73609 0 0 1 standing 
10 997 406 1072 565 73610 0 0 0 standing 
10 1004 408 1077 567 73611 0 0 1 standing 
10 1011 410 1083 569 73612 0 0 1 standing 
10 1019 412 1089 571 73613 0 0 0 standing 
10 1027 414 1094 570 73614 0 0 1 standing 
11 932 316 997 430 73595 0 0 0 standing 
11 929 316 995 436 73596 0 0 1 standing 
11 927 316 993 442 73597 0 0 1 standing 
11 925 316 991 448 73598 0 0 0 standing 
11 926 316 991 450 73599 0 0 1 standing 
11 928 317 991 453 73600 0 0 1 standing 
11 930 318 991 456 73601 0 0 0 standing 
11 934 319 994 454 73602 0 0 1 standing 
11 939 320 997 452 73603 0 0 1 standing 
11 944 322 1001 451 73604 0 0 0 standing 
11 939 323 1002 453 73605 0 0 1 standing 
11 934 325 1004 455 73606 0 0 1 standing 
11 930 327 1006 457 73607 0 0 0 standing 
11 934 329 1010 460 73608 0 0 1 standing 
11 938 331 1015 463 73609 0 0 1 standing 
11 943 333 1020 466 73610 0 0 0 standing 
11 947 333 1023 466 73611 0 0 1 standing 
11 952 334 1026 466 73612 0 0 1 standing 
11 957 335 1030 466 73613 0 0 0 standing 
11 960 336 1033 467 73614 0 0 1 standing 
