0 1 393 85 564 36320 1 1 0 standing 
0 0 391 84 562 36321 1 1 1 standing 
0 0 390 83 561 36322 1 1 1 standing 
0 0 389 83 560 36323 1 1 1 standing 
0 0 388 82 559 36324 1 1 1 standing 
0 0 387 82 558 36325 1 1 1 standing 
0 0 385 81 557 36326 1 1 1 standing 
0 0 384 80 556 36327 1 1 1 standing 
0 0 383 80 555 36328 1 1 1 standing 
0 0 382 79 554 36329 1 1 1 standing 
0 0 381 79 553 36330 1 1 0 standing 
0 0 381 79 553 36331 1 1 1 standing 
0 0 381 79 553 36332 1 1 1 standing 
0 0 381 79 553 36333 1 1 1 standing 
0 0 381 79 553 36334 1 1 1 standing 
0 0 381 79 553 36335 1 1 1 standing 
0 0 381 79 553 36336 1 1 1 standing 
0 0 381 79 553 36337 1 1 1 standing 
0 0 381 79 553 36338 1 1 1 standing 
0 0 381 79 553 36339 1 1 1 standing 
1 305 345 359 489 36320 0 1 0 standing 
1 310 344 364 488 36321 0 1 1 standing 
1 316 343 370 487 36322 0 1 1 standing 
1 321 342 375 486 36323 0 1 1 standing 
1 327 341 381 485 36324 0 1 1 standing 
1 332 340 386 484 36325 0 1 1 standing 
1 338 339 392 483 36326 0 1 1 standing 
1 343 338 397 482 36327 0 1 1 standing 
1 349 337 403 481 36328 0 1 1 standing 
1 354 336 408 480 36329 0 1 1 standing 
1 360 335 414 480 36330 0 1 0 standing 
1 366 333 420 479 36331 0 1 1 standing 
1 373 332 427 479 36332 0 1 1 standing 
1 379 331 433 479 36333 0 1 1 standing 
1 386 330 440 479 36334 0 1 1 standing 
1 393 329 446 479 36335 0 1 1 standing 
1 399 327 453 478 36336 0 1 1 standing 
1 406 326 459 478 36337 0 1 1 standing 
1 412 325 466 478 36338 0 1 1 standing 
1 419 324 472 478 36339 0 1 1 standing 
2 329 391 378 561 36320 0 1 0 standing 
2 332 388 381 558 36321 0 1 1 standing 
2 335 385 384 556 36322 0 1 1 standing 
2 338 383 387 553 36323 0 1 1 standing 
2 341 380 390 551 36324 0 1 1 standing 
2 344 378 393 549 36325 0 1 1 standing 
2 347 375 396 546 36326 0 1 1 standing 
2 350 372 399 544 36327 0 1 1 standing 
2 353 370 402 541 36328 0 1 1 standing 
2 356 367 405 539 36329 0 1 1 standing 
2 360 365 409 537 36330 0 1 0 standing 
2 364 363 413 535 36331 0 1 1 standing 
2 369 361 418 533 36332 0 1 1 standing 
2 374 359 423 531 36333 0 1 1 standing 
2 378 357 427 530 36334 0 1 1 standing 
2 383 356 432 528 36335 0 1 1 standing 
2 388 354 437 526 36336 0 1 1 standing 
2 392 352 441 525 36337 0 1 1 standing 
2 397 350 446 523 36338 0 1 1 standing 
2 402 348 451 521 36339 0 1 1 standing 
3 379 413 443 576 36320 0 1 0 standing 
3 383 411 447 574 36321 0 1 1 standing 
3 388 410 452 573 36322 0 1 1 standing 
3 393 408 457 571 36323 0 1 1 standing 
3 397 407 461 570 36324 0 1 1 standing 
3 402 405 466 568 36325 0 1 1 standing 
3 407 404 471 567 36326 0 1 1 standing 
3 411 402 475 565 36327 0 1 1 standing 
3 416 401 480 564 36328 0 1 1 standing 
3 421 399 485 562 36329 0 1 1 standing 
3 426 398 490 561 36330 0 1 0 standing 
3 432 394 496 557 36331 0 1 1 standing 
3 438 390 502 553 36332 0 1 1 standing 
3 444 386 508 549 36333 0 1 1 standing 
3 451 382 515 545 36334 0 1 1 standing 
3 457 378 521 541 36335 0 1 1 standing 
3 463 374 527 537 36336 0 1 1 standing 
3 470 370 534 533 36337 0 1 1 standing 
3 476 366 540 529 36338 0 1 1 standing 
3 482 362 546 525 36339 0 1 1 standing 
4 471 371 537 528 36320 0 1 0 standing 
4 471 369 537 526 36321 0 1 1 standing 
4 472 367 538 524 36322 0 1 1 standing 
4 472 365 538 523 36323 0 1 1 standing 
4 473 364 539 521 36324 0 1 1 standing 
4 473 362 539 520 36325 0 1 1 standing 
4 474 360 540 518 36326 0 1 1 standing 
4 474 359 540 516 36327 0 1 1 standing 
4 475 357 541 515 36328 0 1 1 standing 
4 475 355 541 513 36329 0 1 1 standing 
4 476 354 542 512 36330 0 1 0 standing 
4 476 352 542 510 36331 0 1 1 standing 
4 477 350 543 508 36332 0 1 1 standing 
4 478 348 544 506 36333 0 1 1 standing 
4 479 346 545 504 36334 0 1 1 standing 
4 480 344 546 502 36335 0 1 1 standing 
4 481 342 547 500 36336 0 1 1 standing 
4 482 340 548 498 36337 0 1 1 standing 
4 483 338 549 496 36338 0 1 1 standing 
4 484 336 550 494 36339 0 1 1 standing 
5 517 350 585 479 36320 0 1 0 standing 
5 516 348 584 477 36321 0 1 1 standing 
5 515 347 583 476 36322 0 1 1 standing 
5 514 346 583 475 36323 0 1 1 standing 
5 513 345 582 474 36324 0 1 1 standing 
5 513 344 582 473 36325 0 1 1 standing 
5 512 342 581 471 36326 0 1 1 standing 
5 511 341 580 470 36327 0 1 1 standing 
5 510 340 580 469 36328 0 1 1 standing 
5 509 339 579 468 36329 0 1 1 standing 
5 509 338 579 467 36330 0 1 0 standing 
5 511 337 581 468 36331 0 1 1 standing 
5 513 336 583 469 36332 0 1 1 standing 
5 515 336 585 470 36333 0 1 1 standing 
5 517 335 587 471 36334 0 1 1 standing 
5 519 335 589 473 36335 0 1 1 standing 
5 521 334 591 474 36336 0 1 1 standing 
5 523 333 593 475 36337 0 1 1 standing 
5 525 333 595 476 36338 0 1 1 standing 
5 527 332 597 477 36339 0 1 1 standing 
6 763 343 815 485 36320 0 0 0 standing 
6 768 341 820 483 36321 0 0 1 standing 
6 773 340 825 482 36322 0 0 1 standing 
6 778 339 830 481 36323 0 0 1 standing 
6 784 338 836 480 36324 0 0 1 standing 
6 789 337 841 479 36325 0 0 1 standing 
6 794 335 846 477 36326 0 0 1 standing 
6 800 334 852 476 36327 0 0 1 standing 
6 805 333 857 475 36328 0 0 1 standing 
6 810 332 862 474 36329 0 0 1 standing 
6 816 331 868 473 36330 0 0 0 standing 
6 822 330 874 472 36331 0 0 1 standing 
6 829 329 881 471 36332 0 0 1 standing 
6 836 329 888 471 36333 0 0 1 standing 
6 842 328 894 470 36334 0 0 1 standing 
6 849 328 901 470 36335 0 0 1 standing 
6 856 327 908 469 36336 0 0 1 standing 
6 862 326 914 468 36337 0 0 1 standing 
6 869 326 921 468 36338 0 0 1 standing 
6 876 325 928 467 36339 0 0 1 standing 
7 901 404 955 569 36320 0 0 0 standing 
7 904 404 958 569 36321 0 0 1 standing 
7 907 404 961 570 36322 0 0 1 standing 
7 910 404 964 570 36323 0 0 1 standing 
7 913 405 967 571 36324 0 0 1 standing 
7 916 405 970 571 36325 0 0 1 standing 
7 919 405 973 572 36326 0 0 1 standing 
7 922 406 976 572 36327 0 0 1 standing 
7 925 406 979 573 36328 0 0 1 standing 
7 928 406 982 573 36329 0 0 1 standing 
7 932 407 986 574 36330 0 0 0 standing 
7 936 405 991 574 36331 0 0 1 standing 
7 940 404 996 575 36332 0 0 1 standing 
7 944 403 1002 576 36333 0 0 1 standing 
7 948 402 1007 576 36334 0 0 1 standing 
7 952 401 1013 577 36335 0 0 1 standing 
7 956 399 1018 578 36336 0 0 1 standing 
7 960 398 1023 578 36337 0 0 1 standing 
7 964 397 1029 579 36338 0 0 1 standing 
7 968 396 1034 580 36339 0 0 1 standing 
8 933 359 980 523 36320 0 0 0 standing 
8 936 357 983 521 36321 0 0 1 standing 
8 940 356 987 520 36322 0 0 1 standing 
8 944 354 991 518 36323 0 0 1 standing 
8 948 353 995 517 36324 0 0 1 standing 
8 952 352 999 515 36325 0 0 1 standing 
8 955 350 1002 514 36326 0 0 1 standing 
8 959 349 1006 512 36327 0 0 1 standing 
8 963 347 1010 511 36328 0 0 1 standing 
8 967 346 1014 509 36329 0 0 1 standing 
8 971 345 1018 508 36330 0 0 0 standing 
8 977 344 1024 507 36331 0 0 1 standing 
8 983 344 1030 507 36332 0 0 1 standing 
8 989 343 1036 506 36333 0 0 1 standing 
8 996 343 1043 506 36334 0 0 1 standing 
8 1002 343 1049 506 36335 0 0 1 standing 
8 1008 342 1055 505 36336 0 0 1 standing 
8 1015 342 1062 505 36337 0 0 1 standing 
8 1021 341 1068 504 36338 0 0 1 standing 
8 1027 341 1074 504 36339 0 0 1 standing 
9 993 392 1056 564 36320 0 0 0 standing 
9 996 390 1059 562 36321 0 0 1 standing 
9 999 388 1062 560 36322 0 0 1 standing 
9 1002 386 1065 558 36323 0 0 1 standing 
9 1005 384 1068 556 36324 0 0 1 standing 
9 1008 382 1071 554 36325 0 0 1 standing 
9 1011 380 1074 552 36326 0 0 1 standing 
9 1014 378 1077 550 36327 0 0 1 standing 
9 1017 376 1080 548 36328 0 0 1 standing 
9 1020 374 1083 546 36329 0 0 1 standing 
9 1023 372 1086 545 36330 0 0 0 standing 
9 1029 372 1093 545 36331 0 0 1 standing 
9 1036 373 1100 546 36332 0 0 1 standing 
9 1043 373 1107 546 36333 0 0 1 standing 
9 1050 374 1114 547 36334 0 0 1 standing 
9 1057 375 1121 548 36335 0 0 1 standing 
9 1063 375 1128 548 36336 0 0 1 standing 
9 1070 376 1135 549 36337 0 0 1 standing 
9 1077 376 1142 549 36338 0 0 1 standing 
9 1084 377 1149 550 36339 0 0 1 standing 
10 1238 435 1273 563 36320 1 0 0 standing 
10 1238 435 1273 563 36321 1 0 1 standing 
10 1238 435 1273 563 36322 1 0 1 standing 
10 1238 435 1273 563 36323 1 0 1 standing 
10 1238 435 1273 563 36324 1 0 1 standing 
10 1238 435 1273 563 36325 1 0 1 standing 
10 1238 435 1273 563 36326 1 0 1 standing 
10 1238 435 1273 563 36327 1 0 1 standing 
10 1238 435 1273 563 36328 1 0 1 standing 
10 1238 435 1273 563 36329 1 0 1 standing 
10 1238 435 1273 563 36330 1 0 0 standing 
10 1238 435 1273 563 36331 1 0 1 standing 
10 1238 435 1273 563 36332 1 0 1 standing 
10 1238 435 1273 563 36333 1 0 1 standing 
10 1238 435 1273 563 36334 1 0 1 standing 
10 1238 435 1273 563 36335 1 0 1 standing 
10 1238 435 1273 563 36336 1 0 1 standing 
10 1238 435 1273 563 36337 1 0 1 standing 
10 1238 435 1273 563 36338 1 0 1 standing 
10 1238 435 1273 563 36339 1 0 1 standing 
11 277 606 481 687 36320 0 0 0 standing 
11 261 606 465 687 36321 0 0 1 falling 
11 246 607 450 688 36322 0 0 1 falling 
11 231 607 434 689 36323 0 0 1 falling 
11 215 608 419 689 36324 0 0 1 falling 
11 200 609 404 690 36325 0 0 1 falling 
11 185 609 388 691 36326 0 0 1 falling 
11 169 610 373 691 36327 0 0 1 falling 
11 154 610 357 692 36328 0 0 1 falling 
11 139 611 342 693 36329 0 0 1 falling 
11 124 612 327 694 36330 0 0 0 falling 
11 115 611 313 692 36331 0 0 1 falling 
11 106 610 300 691 36332 0 0 1 falling 
11 97 609 286 690 36333 0 0 1 falling 
11 88 608 273 688 36334 0 0 1 falling 
11 80 607 260 687 36335 0 0 1 falling 
11 71 606 246 686 36336 0 0 1 falling 
11 62 605 233 684 36337 0 0 1 falling 
11 53 604 219 683 36338 0 0 1 falling 
11 44 603 206 682 36339 0 0 1 falling 
