0 424 383 519 557 20385 0 1 0 standing 
0 423 377 516 553 20386 0 1 1 standing 
0 422 372 513 550 20387 0 1 1 standing 
0 421 367 510 546 20388 0 1 1 standing 
0 420 362 507 543 20389 0 1 1 standing 
0 419 357 504 539 20390 0 1 1 standing 
0 418 352 502 536 20391 0 1 0 standing 
0 413 359 496 541 20392 0 1 1 standing 
0 408 367 490 546 20393 0 1 1 standing 
0 403 375 484 551 20394 0 1 1 standing 
0 399 383 478 556 20395 0 1 0 standing 
0 385 390 463 562 20396 0 1 1 standing 
0 372 398 448 569 20397 0 1 1 standing 
0 359 406 433 576 20398 0 1 1 standing 
0 345 414 418 582 20399 0 1 1 standing 
0 332 422 403 589 20400 0 1 1 standing 
0 319 430 388 596 20401 0 1 1 standing 
0 306 438 374 603 20402 0 1 0 standing 
0 295 438 362 602 20403 0 1 1 standing 
0 285 438 350 601 20404 0 1 1 standing 
1 674 403 731 597 20385 0 1 0 standing 
1 663 396 722 588 20386 0 1 1 blocking 
1 652 389 713 579 20387 0 1 1 blocking 
1 642 383 704 570 20388 0 1 1 blocking 
1 631 376 695 561 20389 0 1 1 blocking 
1 620 369 686 552 20390 0 1 1 blocking 
1 610 363 678 544 20391 0 1 0 blocking 
1 596 358 666 537 20392 0 1 1 blocking 
1 582 353 654 530 20393 0 1 1 blocking 
1 568 348 642 523 20394 0 1 1 blocking 
1 554 343 630 516 20395 0 1 0 blocking 
1 539 350 612 522 20396 0 1 1 blocking 
1 525 357 595 529 20397 0 1 1 blocking 
1 510 364 577 536 20398 0 1 1 blocking 
1 496 371 560 543 20399 0 1 1 blocking 
1 481 378 543 550 20400 0 1 1 blocking 
1 467 385 525 557 20401 0 1 1 blocking 
1 452 392 508 564 20402 0 1 1 blocking 
1 438 399 490 571 20403 0 1 1 blocking 
1 423 406 473 578 20404 0 1 1 blocking 
2 662 365 718 552 20385 0 1 0 blocking 
2 650 361 707 548 20386 0 1 1 standing 
2 639 358 696 545 20387 0 1 1 standing 
2 628 355 685 541 20388 0 1 1 standing 
2 616 351 674 538 20389 0 1 1 standing 
2 605 348 663 534 20390 0 1 1 standing 
2 594 345 652 531 20391 0 1 1 standing 
2 582 341 641 527 20392 0 1 1 standing 
2 571 338 630 524 20393 0 1 1 standing 
2 560 335 620 521 20394 0 1 0 standing 
2 546 340 607 526 20395 0 1 1 standing 
2 532 346 594 532 20396 0 1 1 standing 
2 518 351 582 537 20397 0 1 1 standing 
2 504 357 569 543 20398 0 1 1 standing 
2 490 363 556 548 20399 0 1 1 standing 
2 477 368 544 554 20400 0 1 1 standing 
2 463 374 531 559 20401 0 1 1 standing 
2 449 380 518 565 20402 0 1 1 standing 
2 435 385 506 570 20403 0 1 1 standing 
2 421 391 493 576 20404 0 1 1 standing 
3 1207 363 1276 498 20385 0 0 0 standing 
3 1200 361 1269 496 20386 0 0 1 standing 
3 1194 360 1263 495 20387 0 0 1 standing 
3 1187 358 1256 493 20388 0 0 1 standing 
3 1181 357 1250 492 20389 0 0 1 standing 
3 1174 355 1243 490 20390 0 0 1 standing 
3 1168 354 1237 489 20391 0 0 0 standing 
3 1153 352 1222 487 20392 0 0 1 standing 
3 1139 351 1208 486 20393 0 0 1 standing 
3 1125 350 1194 485 20394 0 0 1 standing 
3 1111 349 1180 484 20395 0 0 0 standing 
3 1092 348 1162 483 20396 0 0 1 standing 
3 1074 347 1145 482 20397 0 0 1 standing 
3 1055 346 1128 481 20398 0 0 1 standing 
3 1037 346 1111 480 20399 0 0 1 standing 
3 1019 345 1094 479 20400 0 0 1 standing 
3 1000 344 1077 478 20401 0 0 1 standing 
3 982 343 1060 477 20402 0 0 1 standing 
3 964 343 1043 477 20403 0 0 0 standing 
3 948 342 1030 475 20404 0 0 1 standing 
4 1151 485 1240 625 20385 0 0 0 standing 
4 1146 484 1235 624 20386 0 0 1 waiting 
4 1141 484 1230 624 20387 0 0 1 waiting 
4 1136 484 1226 623 20388 0 0 1 waiting 
4 1132 483 1221 623 20389 0 0 1 waiting 
4 1127 483 1217 622 20390 0 0 1 waiting 
4 1122 483 1212 622 20391 0 0 1 waiting 
4 1118 483 1208 622 20392 0 0 0 waiting 
4 1103 482 1193 621 20393 0 0 1 waiting 
4 1088 481 1178 620 20394 0 0 1 waiting 
4 1073 480 1163 619 20395 0 0 0 waiting 
4 1050 477 1143 615 20396 0 0 1 waiting 
4 1028 474 1124 611 20397 0 0 1 waiting 
4 1006 471 1104 607 20398 0 0 1 waiting 
4 983 468 1085 603 20399 0 0 1 waiting 
4 961 465 1065 599 20400 0 0 1 waiting 
4 939 463 1046 595 20401 0 0 1 waiting 
4 917 460 1026 591 20402 0 0 1 waiting 
4 894 457 1007 587 20403 0 0 1 waiting 
4 872 454 987 583 20404 0 0 1 waiting 
5 896 330 980 453 20385 0 0 0 waiting 
5 887 330 971 453 20386 0 0 1 standing 
5 879 331 963 454 20387 0 0 1 standing 
5 871 331 955 454 20388 0 0 1 standing 
5 863 332 947 455 20389 0 0 1 standing 
5 855 332 939 455 20390 0 0 1 standing 
5 847 333 931 456 20391 0 0 1 standing 
5 839 333 923 456 20392 0 0 1 standing 
5 831 334 915 457 20393 0 0 1 standing 
5 823 334 907 457 20394 0 0 1 standing 
5 815 335 899 458 20395 0 0 0 standing 
5 799 337 882 457 20396 0 0 1 standing 
5 783 340 866 457 20397 0 0 1 standing 
5 767 342 850 456 20398 0 0 1 standing 
5 751 345 834 456 20399 0 0 1 standing 
5 735 348 818 456 20400 0 0 1 standing 
5 719 350 802 455 20401 0 0 1 standing 
5 703 353 786 455 20402 0 0 1 standing 
5 687 355 770 454 20403 0 0 1 standing 
5 671 358 754 454 20404 0 0 1 standing 
6 708 370 820 515 20385 0 0 0 standing 
6 705 370 813 515 20386 0 0 1 standing 
6 702 370 806 515 20387 0 0 1 standing 
6 699 370 799 515 20388 0 0 1 standing 
6 696 371 793 515 20389 0 0 1 standing 
6 693 371 786 515 20390 0 0 1 standing 
6 690 371 779 515 20391 0 0 1 standing 
6 687 372 773 516 20392 0 0 0 standing 
6 671 372 766 517 20393 0 0 1 standing 
6 656 373 759 518 20394 0 0 1 standing 
6 641 374 753 519 20395 0 0 0 standing 
6 625 373 737 518 20396 0 0 1 standing 
6 609 372 721 517 20397 0 0 1 standing 
6 593 371 705 516 20398 0 0 1 standing 
6 577 371 689 516 20399 0 0 1 standing 
6 561 370 673 515 20400 0 0 1 standing 
6 545 369 657 514 20401 0 0 1 standing 
6 529 369 641 514 20402 0 0 1 standing 
6 513 368 625 513 20403 0 0 1 standing 
6 497 367 609 512 20404 0 0 1 standing 
7 514 366 593 513 20385 0 0 0 standing 
7 506 367 590 514 20386 0 0 1 spiking 
7 498 369 587 515 20387 0 0 1 spiking 
7 490 370 584 517 20388 0 0 1 spiking 
7 482 372 581 518 20389 0 0 1 spiking 
7 474 373 578 519 20390 0 0 1 spiking 
7 466 375 575 521 20391 0 0 0 spiking 
7 458 376 559 522 20392 0 0 1 spiking 
7 450 378 544 524 20393 0 0 1 spiking 
7 442 379 528 526 20394 0 0 1 spiking 
7 434 381 513 528 20395 0 0 0 spiking 
7 417 381 496 528 20396 0 0 1 spiking 
7 401 381 480 528 20397 0 0 1 spiking 
7 385 381 464 528 20398 0 0 1 spiking 
7 369 381 448 528 20399 0 0 1 spiking 
7 353 382 432 529 20400 0 0 1 spiking 
7 336 382 415 529 20401 0 0 1 spiking 
7 320 382 399 529 20402 0 0 1 spiking 
7 304 382 383 529 20403 0 0 1 spiking 
7 288 382 367 529 20404 0 0 1 spiking 
8 414 305 476 430 20385 0 0 0 spiking 
8 414 307 476 433 20386 0 0 1 standing 
8 414 309 476 436 20387 0 0 1 standing 
8 414 312 476 439 20388 0 0 0 standing 
8 404 312 466 440 20389 0 0 1 standing 
8 395 313 457 442 20390 0 0 1 standing 
8 386 313 448 443 20391 0 0 1 standing 
8 377 314 438 445 20392 0 0 1 standing 
8 368 314 429 446 20393 0 0 1 standing 
8 359 315 420 448 20394 0 0 1 standing 
8 350 316 411 450 20395 0 0 0 standing 
8 335 318 398 452 20396 0 0 1 standing 
8 321 320 385 454 20397 0 0 1 standing 
8 306 322 373 456 20398 0 0 1 standing 
8 292 324 360 458 20399 0 0 1 standing 
8 277 327 348 460 20400 0 0 1 standing 
8 263 329 335 462 20401 0 0 1 standing 
8 248 331 322 464 20402 0 0 1 standing 
8 234 333 310 466 20403 0 0 1 standing 
8 219 335 297 468 20404 0 0 1 standing 
9 373 423 468 559 20385 0 0 0 standing 
9 379 423 467 559 20386 0 0 1 standing 
9 385 423 467 559 20387 0 0 1 standing 
9 391 423 466 559 20388 0 0 1 standing 
9 398 424 466 559 20389 0 0 0 standing 
9 392 424 459 559 20390 0 0 1 standing 
9 387 425 453 560 20391 0 0 1 standing 
9 381 426 446 561 20392 0 0 1 standing 
9 376 426 440 562 20393 0 0 1 standing 
9 370 427 433 563 20394 0 0 1 standing 
9 365 428 427 564 20395 0 0 0 standing 
9 348 427 412 564 20396 0 0 1 standing 
9 332 427 398 565 20397 0 0 1 standing 
9 316 427 384 566 20398 0 0 1 standing 
9 300 427 369 567 20399 0 0 1 standing 
9 284 427 355 568 20400 0 0 1 standing 
9 268 426 341 569 20401 0 0 1 standing 
9 252 426 326 570 20402 0 0 1 standing 
9 236 426 312 571 20403 0 0 1 standing 
9 220 426 298 572 20404 0 0 1 standing 
10 282 377 370 516 20385 0 0 0 standing 
10 272 378 359 517 20386 0 0 1 moving 
10 262 379 348 518 20387 0 0 1 moving 
10 252 380 337 519 20388 0 0 1 moving 
10 242 382 326 521 20389 0 0 0 moving 
10 228 383 308 521 20390 0 0 1 moving 
10 214 384 290 522 20391 0 0 1 moving 
10 200 385 272 523 20392 0 0 1 moving 
10 186 386 255 524 20393 0 0 0 moving 
10 161 389 233 528 20394 0 0 1 moving 
10 136 393 212 533 20395 0 0 1 moving 
10 111 396 190 538 20396 0 0 1 moving 
10 86 400 169 543 20397 0 0 1 moving 
10 61 403 147 548 20398 0 0 1 moving 
10 36 407 126 553 20399 0 0 1 moving 
10 12 411 105 558 20400 0 0 0 moving 
10 9 409 87 555 20401 0 0 1 moving 
10 7 408 69 552 20402 0 0 1 moving 
10 4 407 51 549 20403 0 0 1 moving 
10 2 406 33 546 20404 0 0 1 moving 
11 136 355 241 478 20385 0 0 0 moving 
11 131 356 234 478 20386 0 0 1 moving 
11 127 357 227 479 20387 0 0 1 moving 
11 123 358 220 480 20388 0 0 1 moving 
11 118 359 213 481 20389 0 0 1 moving 
11 114 360 206 482 20390 0 0 1 moving 
11 110 361 199 483 20391 0 0 1 moving 
11 105 362 192 484 20392 0 0 1 moving 
11 101 363 185 485 20393 0 0 1 moving 
11 97 364 178 486 20394 0 0 1 moving 
11 93 365 172 487 20395 0 0 0 moving 
11 80 366 153 488 20396 0 0 1 moving 
11 68 368 135 490 20397 0 0 1 moving 
11 56 370 117 492 20398 0 0 1 moving 
11 43 371 98 493 20399 0 0 1 moving 
11 31 373 80 495 20400 0 0 1 moving 
11 19 375 62 497 20401 0 0 1 moving 
11 7 377 44 499 20402 0 0 0 moving 
11 4 375 35 497 20403 0 0 1 moving 
11 2 373 26 495 20404 0 0 1 moving 
