0 352 383 394 478 34145 0 1 0 digging 
0 355 384 397 478 34146 0 1 1 digging 
0 358 385 401 479 34147 0 1 1 digging 
0 361 387 405 480 34148 0 1 0 digging 
0 364 386 409 481 34149 0 1 1 digging 
0 367 385 413 482 34150 0 1 1 digging 
0 370 384 417 483 34151 0 1 1 digging 
0 373 383 422 484 34152 0 1 1 digging 
0 376 382 426 485 34153 0 1 1 digging 
0 379 381 430 486 34154 0 1 1 digging 
0 383 380 435 487 34155 0 1 0 digging 
0 385 380 437 487 34156 0 1 1 digging 
0 388 380 440 487 34157 0 1 1 digging 
0 391 380 443 487 34158 0 1 1 digging 
0 394 380 446 487 34159 0 1 0 digging 
0 395 380 447 487 34160 0 1 1 digging 
0 396 380 448 487 34161 0 1 1 digging 
0 398 380 450 487 34162 0 1 0 digging 
0 398 379 450 486 34163 0 1 1 digging 
0 398 378 450 485 34164 0 1 1 digging 
1 282 424 344 518 34145 0 0 0 digging 
1 283 426 344 518 34146 0 0 1 standing 
1 284 428 344 518 34147 0 0 1 standing 
1 286 431 345 518 34148 0 0 0 standing 
1 287 429 345 518 34149 0 0 1 standing 
1 288 427 346 519 34150 0 0 1 standing 
1 290 426 346 519 34151 0 0 1 standing 
1 291 424 347 520 34152 0 0 1 standing 
1 293 423 347 520 34153 0 0 1 standing 
1 294 421 348 521 34154 0 0 1 standing 
1 296 420 349 522 34155 0 0 0 standing 
1 296 421 349 523 34156 0 0 1 standing 
1 296 422 349 524 34157 0 0 1 standing 
1 296 423 349 525 34158 0 0 1 standing 
1 296 425 349 527 34159 0 0 0 standing 
1 293 426 346 528 34160 0 0 1 standing 
1 290 427 343 529 34161 0 0 1 standing 
1 288 429 341 531 34162 0 0 0 standing 
1 284 428 337 530 34163 0 0 1 standing 
1 281 427 334 529 34164 0 0 1 standing 
2 569 458 624 587 34145 0 0 0 standing 
2 569 459 626 588 34146 0 0 1 standing 
2 570 460 628 589 34147 0 0 1 standing 
2 570 461 631 590 34148 0 0 1 standing 
2 571 462 633 591 34149 0 0 1 standing 
2 572 464 636 593 34150 0 0 0 standing 
2 572 463 638 592 34151 0 0 1 standing 
2 573 463 641 592 34152 0 0 1 standing 
2 574 463 643 591 34153 0 0 1 standing 
2 575 463 646 591 34154 0 0 1 standing 
2 576 463 649 591 34155 0 0 0 standing 
2 575 463 648 591 34156 0 0 1 standing 
2 574 464 647 592 34157 0 0 1 standing 
2 573 465 646 593 34158 0 0 1 standing 
2 572 466 645 594 34159 0 0 1 standing 
2 571 467 644 595 34160 0 0 1 standing 
2 570 468 643 596 34161 0 0 1 standing 
2 569 469 642 597 34162 0 0 1 standing 
2 568 470 641 598 34163 0 0 1 standing 
2 567 471 640 599 34164 0 0 1 standing 
3 638 337 682 453 34145 0 0 0 standing 
3 642 343 686 457 34146 0 0 1 moving 
3 647 349 690 461 34147 0 0 1 moving 
3 651 355 694 465 34148 0 0 1 moving 
3 656 361 698 469 34149 0 0 1 moving 
3 661 367 703 473 34150 0 0 0 moving 
3 663 366 705 471 34151 0 0 1 moving 
3 665 365 707 469 34152 0 0 1 moving 
3 667 364 710 467 34153 0 0 1 moving 
3 669 363 712 465 34154 0 0 1 moving 
3 672 363 715 463 34155 0 0 0 moving 
3 673 364 716 464 34156 0 0 1 moving 
3 675 365 718 465 34157 0 0 1 moving 
3 676 366 719 466 34158 0 0 1 moving 
3 678 367 721 467 34159 0 0 0 moving 
3 677 365 721 465 34160 0 0 1 moving 
3 676 364 721 464 34161 0 0 1 moving 
3 675 363 721 462 34162 0 0 1 moving 
3 674 362 721 461 34163 0 0 1 moving 
3 673 361 721 460 34164 0 0 0 moving 
4 707 341 748 447 34145 0 0 0 moving 
4 712 347 753 453 34146 0 0 1 standing 
4 717 354 758 460 34147 0 0 1 standing 
4 723 361 764 467 34148 0 0 0 standing 
4 728 360 769 466 34149 0 0 1 standing 
4 734 360 775 466 34150 0 0 1 standing 
4 740 360 781 466 34151 0 0 1 standing 
4 746 360 787 466 34152 0 0 1 standing 
4 752 360 793 466 34153 0 0 1 standing 
4 758 360 799 466 34154 0 0 1 standing 
4 764 360 805 466 34155 0 0 0 standing 
4 771 362 811 466 34156 0 0 1 standing 
4 778 364 818 466 34157 0 0 1 standing 
4 785 366 825 466 34158 0 0 1 standing 
4 792 368 832 466 34159 0 0 1 standing 
4 799 370 839 466 34160 0 0 0 standing 
4 805 371 845 464 34161 0 0 1 standing 
4 811 373 851 463 34162 0 0 1 standing 
4 818 374 858 461 34163 0 0 1 standing 
4 824 376 864 460 34164 0 0 1 standing 
5 804 417 847 528 34145 0 0 0 standing 
5 807 419 850 530 34146 0 0 1 standing 
5 811 422 854 533 34147 0 0 1 standing 
5 815 424 858 535 34148 0 0 1 standing 
5 819 427 862 538 34149 0 0 1 standing 
5 823 429 866 540 34150 0 0 1 standing 
5 827 432 870 543 34151 0 0 1 standing 
5 831 434 874 545 34152 0 0 1 standing 
5 835 437 878 548 34153 0 0 0 standing 
5 841 438 884 549 34154 0 0 1 standing 
5 847 439 890 551 34155 0 0 1 standing 
5 853 440 896 553 34156 0 0 1 standing 
5 859 441 902 554 34157 0 0 1 standing 
5 865 442 909 556 34158 0 0 1 standing 
5 871 443 915 558 34159 0 0 1 standing 
5 877 444 921 560 34160 0 0 1 standing 
5 883 445 927 561 34161 0 0 1 standing 
5 889 446 933 563 34162 0 0 1 standing 
5 895 447 940 565 34163 0 0 1 standing 
5 901 448 946 566 34164 0 0 1 standing 
6 873 385 922 488 34145 0 0 0 standing 
6 874 387 923 490 34146 0 0 1 standing 
6 876 390 925 493 34147 0 0 1 standing 
6 878 393 927 496 34148 0 0 0 standing 
6 881 394 930 497 34149 0 0 1 standing 
6 884 396 933 499 34150 0 0 1 standing 
6 887 398 936 501 34151 0 0 0 standing 
6 893 398 942 501 34152 0 0 1 standing 
6 900 398 949 501 34153 0 0 1 standing 
6 906 398 955 501 34154 0 0 1 standing 
6 913 398 962 501 34155 0 0 0 standing 
6 920 398 969 502 34156 0 0 1 standing 
6 928 399 977 503 34157 0 0 1 standing 
6 935 399 984 504 34158 0 0 1 standing 
6 943 400 992 506 34159 0 0 1 standing 
6 951 400 999 507 34160 0 0 1 standing 
6 958 401 1007 508 34161 0 0 1 standing 
6 966 401 1014 510 34162 0 0 1 standing 
6 973 402 1022 511 34163 0 0 1 standing 
6 981 402 1029 512 34164 0 0 1 standing 
7 308 462 369 585 34145 0 0 0 standing 
7 309 463 369 585 34146 0 0 1 standing 
7 310 464 370 585 34147 0 0 1 standing 
7 312 465 371 586 34148 0 0 1 standing 
7 313 466 372 586 34149 0 0 1 standing 
7 315 467 373 587 34150 0 0 0 standing 
7 316 464 375 587 34151 0 0 1 standing 
7 318 462 378 587 34152 0 0 1 standing 
7 320 459 380 587 34153 0 0 1 standing 
7 322 457 383 587 34154 0 0 0 standing 
7 322 457 384 588 34155 0 0 1 standing 
7 323 457 385 589 34156 0 0 1 standing 
7 323 457 386 590 34157 0 0 1 standing 
7 324 458 387 591 34158 0 0 0 standing 
7 322 458 386 591 34159 0 0 1 standing 
7 320 459 385 592 34160 0 0 1 standing 
7 318 460 385 592 34161 0 0 1 standing 
7 316 461 384 593 34162 0 0 1 standing 
7 314 462 384 593 34163 0 0 1 standing 
7 312 463 383 594 34164 0 0 1 standing 
8 612 416 658 529 34145 0 0 0 standing 
8 614 414 659 528 34146 0 0 1 standing 
8 616 413 661 528 34147 0 0 1 standing 
8 618 412 663 527 34148 0 0 1 standing 
8 620 410 665 527 34149 0 0 1 standing 
8 622 409 667 526 34150 0 0 1 standing 
8 624 408 669 526 34151 0 0 1 standing 
8 626 406 671 525 34152 0 0 1 standing 
8 628 405 673 525 34153 0 0 1 standing 
8 630 404 675 525 34154 0 0 0 standing 
8 630 403 675 524 34155 0 0 1 standing 
8 631 403 676 524 34156 0 0 1 standing 
8 631 403 676 524 34157 0 0 1 standing 
8 632 403 677 524 34158 0 0 1 standing 
8 633 403 678 524 34159 0 0 1 standing 
8 633 402 678 524 34160 0 0 1 standing 
8 634 402 679 524 34161 0 0 1 standing 
8 635 402 680 524 34162 0 0 1 standing 
8 635 402 680 524 34163 0 0 1 standing 
8 636 402 681 524 34164 0 0 1 standing 
9 640 343 680 457 34145 0 0 0 standing 
9 657 353 696 467 34146 0 0 1 standing 
9 674 364 713 477 34147 0 0 1 standing 
9 691 374 730 488 34148 0 0 1 standing 
9 708 385 747 498 34149 0 0 1 standing 
9 725 395 764 508 34150 0 0 1 standing 
9 743 406 781 519 34151 0 0 0 standing 
9 748 403 786 520 34152 0 0 1 standing 
9 754 401 792 522 34153 0 0 1 standing 
9 759 398 798 523 34154 0 0 1 standing 
9 765 396 804 525 34155 0 0 0 standing 
9 771 397 810 526 34156 0 0 1 standing 
9 777 398 816 527 34157 0 0 1 standing 
9 783 399 822 528 34158 0 0 1 standing 
9 789 400 828 529 34159 0 0 0 standing 
9 791 401 830 530 34160 0 0 1 standing 
9 794 402 833 531 34161 0 0 1 standing 
9 797 403 836 532 34162 0 0 1 standing 
9 800 404 839 533 34163 0 0 1 standing 
9 803 405 842 534 34164 0 0 1 standing 
10 791 475 843 608 34145 0 0 0 standing 
10 788 475 841 609 34146 0 0 1 standing 
10 785 475 839 610 34147 0 0 1 standing 
10 782 476 837 611 34148 0 0 0 standing 
10 780 476 835 612 34149 0 0 1 standing 
10 779 476 833 613 34150 0 0 1 standing 
10 778 477 831 615 34151 0 0 0 standing 
10 779 475 831 614 34152 0 0 1 standing 
10 780 473 832 613 34153 0 0 1 standing 
10 781 471 833 612 34154 0 0 1 standing 
10 783 470 834 612 34155 0 0 0 standing 
10 785 470 837 611 34156 0 0 1 standing 
10 788 471 841 611 34157 0 0 1 standing 
10 791 472 845 611 34158 0 0 0 standing 
10 792 471 845 610 34159 0 0 1 standing 
10 793 471 845 609 34160 0 0 1 standing 
10 794 471 846 609 34161 0 0 1 standing 
10 795 471 846 608 34162 0 0 1 standing 
10 796 471 847 608 34163 0 0 0 standing 
10 796 471 847 608 34164 0 0 1 standing 
11 836 438 879 557 34145 0 0 0 standing 
11 838 439 882 559 34146 0 0 1 standing 
11 840 440 885 561 34147 0 0 1 standing 
11 843 442 888 564 34148 0 0 1 standing 
11 845 443 891 566 34149 0 0 1 standing 
11 847 444 894 568 34150 0 0 1 standing 
11 850 446 897 571 34151 0 0 0 standing 
11 858 445 905 571 34152 0 0 1 standing 
11 866 445 914 572 34153 0 0 1 standing 
11 874 444 923 573 34154 0 0 1 standing 
11 882 444 932 574 34155 0 0 0 standing 
11 889 447 941 575 34156 0 0 1 standing 
11 897 451 950 577 34157 0 0 1 standing 
11 904 454 959 579 34158 0 0 1 standing 
11 912 458 969 581 34159 0 0 0 standing 
11 922 456 977 582 34160 0 0 1 standing 
11 932 454 986 583 34161 0 0 1 standing 
11 942 452 995 585 34162 0 0 1 standing 
11 952 450 1004 586 34163 0 0 1 standing 
11 963 448 1013 588 34164 0 0 0 standing 
