0 719 435 796 548 34115 0 1 0 standing 
0 719 430 794 542 34116 0 1 1 standing 
0 720 425 792 536 34117 0 1 1 standing 
0 720 420 790 530 34118 0 1 1 standing 
0 721 416 789 524 34119 0 1 0 standing 
0 719 413 783 521 34120 0 1 1 standing 
0 717 410 777 518 34121 0 1 1 standing 
0 716 407 771 516 34122 0 1 0 standing 
0 714 404 770 514 34123 0 1 1 standing 
0 713 401 769 512 34124 0 1 1 standing 
0 712 398 769 510 34125 0 1 0 standing 
0 710 392 767 506 34126 0 1 1 standing 
0 708 387 766 502 34127 0 1 1 standing 
0 706 381 764 498 34128 0 1 1 standing 
0 704 376 763 494 34129 0 1 1 standing 
0 702 370 761 490 34130 0 1 1 standing 
0 700 365 760 487 34131 0 1 0 standing 
0 700 358 760 479 34132 0 1 1 standing 
0 700 351 760 471 34133 0 1 1 standing 
0 700 344 760 463 34134 0 1 1 standing 
1 657 380 706 519 34115 0 1 0 standing 
1 659 376 708 513 34116 0 1 1 setting 
1 662 373 711 507 34117 0 1 1 setting 
1 665 370 713 501 34118 0 1 1 setting 
1 668 367 716 496 34119 0 1 0 setting 
1 668 366 716 497 34120 0 1 1 setting 
1 669 366 717 498 34121 0 1 1 setting 
1 670 366 717 499 34122 0 1 1 setting 
1 670 366 718 500 34123 0 1 1 setting 
1 671 366 718 501 34124 0 1 1 setting 
1 672 366 719 503 34125 0 1 0 setting 
1 672 371 719 505 34126 0 1 1 setting 
1 673 377 720 507 34127 0 1 1 setting 
1 674 383 720 509 34128 0 1 1 setting 
1 674 389 721 511 34129 0 1 1 setting 
1 675 395 721 513 34130 0 1 1 setting 
1 676 401 722 515 34131 0 1 0 setting 
1 677 399 724 512 34132 0 1 1 setting 
1 679 397 726 510 34133 0 1 1 setting 
1 681 395 728 508 34134 0 1 1 setting 
2 938 419 981 521 34115 0 0 0 setting 
2 929 416 975 520 34116 0 0 1 standing 
2 920 414 969 519 34117 0 0 1 standing 
2 911 412 964 518 34118 0 0 0 standing 
2 903 410 960 516 34119 0 0 1 standing 
2 896 408 956 515 34120 0 0 1 standing 
2 889 407 952 514 34121 0 0 0 standing 
2 885 408 941 515 34122 0 0 1 standing 
2 881 410 930 516 34123 0 0 1 standing 
2 878 412 919 518 34124 0 0 0 standing 
2 867 414 914 519 34125 0 0 1 standing 
2 857 416 910 521 34126 0 0 1 standing 
2 847 418 906 523 34127 0 0 0 standing 
2 845 415 897 523 34128 0 0 1 standing 
2 843 412 889 523 34129 0 0 1 standing 
2 842 410 881 523 34130 0 0 0 standing 
2 834 410 877 522 34131 0 0 1 standing 
2 826 410 873 521 34132 0 0 1 standing 
2 818 411 869 521 34133 0 0 1 standing 
2 810 411 865 520 34134 0 0 1 standing 
3 957 455 1032 585 34115 0 0 0 standing 
3 953 453 1021 585 34116 0 0 1 moving 
3 949 451 1010 585 34117 0 0 1 moving 
3 946 449 999 586 34118 0 0 0 moving 
3 936 447 997 584 34119 0 0 1 moving 
3 926 445 995 582 34120 0 0 1 moving 
3 916 443 993 581 34121 0 0 0 moving 
3 910 443 983 579 34122 0 0 1 moving 
3 904 444 973 578 34123 0 0 1 moving 
3 898 445 963 577 34124 0 0 0 moving 
3 893 443 955 577 34125 0 0 1 moving 
3 888 441 948 577 34126 0 0 1 moving 
3 884 440 941 578 34127 0 0 0 moving 
3 873 439 933 576 34128 0 0 1 moving 
3 862 438 926 575 34129 0 0 1 moving 
3 852 437 919 574 34130 0 0 0 moving 
3 846 435 914 571 34131 0 0 1 moving 
3 840 434 909 569 34132 0 0 1 moving 
3 834 433 904 566 34133 0 0 1 moving 
3 828 432 899 564 34134 0 0 1 moving 
4 1004 398 1056 498 34115 0 0 0 moving 
4 999 395 1057 497 34116 0 0 1 standing 
4 994 393 1058 497 34117 0 0 1 standing 
4 990 391 1060 497 34118 0 0 0 standing 
4 987 389 1054 494 34119 0 0 1 standing 
4 985 387 1048 492 34120 0 0 1 standing 
4 983 385 1042 490 34121 0 0 0 standing 
4 977 383 1034 489 34122 0 0 1 standing 
4 971 382 1026 489 34123 0 0 1 standing 
4 965 381 1018 489 34124 0 0 0 standing 
4 958 380 1014 490 34125 0 0 1 standing 
4 951 380 1010 491 34126 0 0 1 standing 
4 944 380 1007 492 34127 0 0 0 standing 
4 940 380 996 491 34128 0 0 1 standing 
4 936 380 985 490 34129 0 0 1 standing 
4 933 380 974 489 34130 0 0 0 standing 
4 924 378 971 488 34131 0 0 1 standing 
4 916 377 969 487 34132 0 0 1 standing 
4 907 376 967 487 34133 0 0 1 standing 
4 899 375 965 486 34134 0 0 1 standing 
5 1035 545 1137 677 34115 0 0 0 standing 
5 1022 543 1132 675 34116 0 0 1 moving 
5 1010 541 1127 673 34117 0 0 1 moving 
5 998 539 1122 671 34118 0 0 0 moving 
5 992 535 1116 667 34119 0 0 1 moving 
5 987 531 1111 663 34120 0 0 1 moving 
5 982 527 1106 659 34121 0 0 0 moving 
5 977 525 1088 658 34122 0 0 1 moving 
5 972 523 1070 658 34123 0 0 1 moving 
5 968 521 1053 658 34124 0 0 0 moving 
5 959 517 1045 658 34125 0 0 1 moving 
5 950 513 1037 658 34126 0 0 1 moving 
5 941 509 1030 659 34127 0 0 0 moving 
5 926 505 1018 653 34128 0 0 1 moving 
5 911 502 1007 647 34129 0 0 1 moving 
5 896 499 996 641 34130 0 0 0 moving 
5 885 495 982 639 34131 0 0 1 moving 
5 874 492 968 638 34132 0 0 1 moving 
5 864 488 954 637 34133 0 0 1 moving 
5 853 485 940 636 34134 0 0 1 moving 
6 541 472 591 618 34115 0 0 0 moving 
6 542 471 595 616 34116 0 0 1 standing 
6 543 470 599 615 34117 0 0 1 standing 
6 545 469 604 614 34118 0 0 0 standing 
6 547 469 604 613 34119 0 0 1 standing 
6 549 469 604 612 34120 0 0 1 standing 
6 551 469 604 612 34121 0 0 0 standing 
6 553 468 606 611 34122 0 0 1 standing 
6 555 467 608 611 34123 0 0 1 standing 
6 557 467 610 611 34124 0 0 0 standing 
6 558 468 611 612 34125 0 0 1 standing 
6 559 469 612 613 34126 0 0 1 standing 
6 560 470 613 614 34127 0 0 0 standing 
6 560 471 615 608 34128 0 0 1 standing 
6 561 473 617 602 34129 0 0 1 standing 
6 562 475 619 597 34130 0 0 0 standing 
6 560 475 620 594 34131 0 0 1 standing 
6 558 475 621 592 34132 0 0 1 standing 
6 557 475 622 590 34133 0 0 1 standing 
6 555 475 623 588 34134 0 0 1 standing 
7 274 475 333 602 34115 0 0 0 standing 
7 276 476 335 600 34116 0 0 1 standing 
7 278 477 337 598 34117 0 0 1 standing 
7 281 478 340 597 34118 0 0 0 standing 
7 282 477 341 596 34119 0 0 1 standing 
7 283 476 342 595 34120 0 0 1 standing 
7 285 476 344 595 34121 0 0 0 standing 
7 284 474 345 593 34122 0 0 1 standing 
7 283 473 346 591 34123 0 0 1 standing 
7 283 472 347 589 34124 0 0 0 standing 
7 283 471 347 588 34125 0 0 1 standing 
7 283 470 347 588 34126 0 0 1 standing 
7 284 470 348 588 34127 0 0 0 standing 
7 285 471 349 587 34128 0 0 1 standing 
7 286 472 350 586 34129 0 0 1 standing 
7 288 473 352 586 34130 0 0 0 standing 
7 289 472 352 585 34131 0 0 1 standing 
7 290 471 352 584 34132 0 0 1 standing 
7 291 470 352 583 34133 0 0 1 standing 
7 292 469 352 582 34134 0 0 1 standing 
8 558 430 615 561 34115 0 0 0 standing 
8 560 430 617 561 34116 0 0 1 standing 
8 562 430 619 561 34117 0 0 1 standing 
8 564 430 622 561 34118 0 0 0 standing 
8 566 428 621 558 34119 0 0 1 standing 
8 569 426 621 556 34120 0 0 1 standing 
8 572 424 621 554 34121 0 0 0 standing 
8 571 425 621 555 34122 0 0 1 standing 
8 570 426 621 556 34123 0 0 1 standing 
8 569 428 622 557 34124 0 0 0 standing 
8 570 433 623 560 34125 0 0 1 standing 
8 571 439 624 564 34126 0 0 1 standing 
8 573 445 625 568 34127 0 0 0 standing 
8 576 444 628 568 34128 0 0 1 standing 
8 580 443 632 568 34129 0 0 1 standing 
8 584 443 636 568 34130 0 0 0 standing 
8 584 439 635 564 34131 0 0 1 standing 
8 584 436 635 561 34132 0 0 1 standing 
8 584 433 634 558 34133 0 0 1 standing 
8 584 430 634 555 34134 0 0 1 standing 
9 332 396 378 490 34115 0 0 0 standing 
9 334 395 380 489 34116 0 0 1 standing 
9 336 394 382 488 34117 0 0 1 standing 
9 338 393 384 488 34118 0 0 0 standing 
9 339 391 385 486 34119 0 0 1 standing 
9 340 389 386 485 34120 0 0 1 standing 
9 341 388 388 484 34121 0 0 0 standing 
9 342 388 389 484 34122 0 0 1 standing 
9 343 388 390 484 34123 0 0 1 standing 
9 344 389 391 485 34124 0 0 0 standing 
9 345 389 392 485 34125 0 0 1 standing 
9 346 389 393 485 34126 0 0 1 standing 
9 347 389 394 485 34127 0 0 0 standing 
9 349 389 396 485 34128 0 0 1 standing 
9 351 389 398 485 34129 0 0 1 standing 
9 353 389 400 485 34130 0 0 0 standing 
9 349 387 399 482 34131 0 0 1 standing 
9 346 385 399 479 34132 0 0 1 standing 
9 343 383 398 476 34133 0 0 1 standing 
9 340 381 398 473 34134 0 0 1 standing 
10 555 413 605 535 34115 0 0 0 standing 
10 559 412 608 534 34116 0 0 1 standing 
10 563 411 611 534 34117 0 0 1 standing 
10 567 410 615 534 34118 0 0 0 standing 
10 570 409 618 533 34119 0 0 1 standing 
10 574 408 622 532 34120 0 0 1 standing 
10 578 407 626 532 34121 0 0 0 standing 
10 581 405 629 530 34122 0 0 1 standing 
10 584 403 632 529 34123 0 0 1 standing 
10 588 402 636 528 34124 0 0 0 standing 
10 590 400 636 521 34125 0 0 1 standing 
10 592 399 636 514 34126 0 0 1 standing 
10 595 398 636 507 34127 0 0 0 standing 
10 598 395 639 504 34128 0 0 1 standing 
10 601 392 642 501 34129 0 0 1 standing 
10 604 389 645 498 34130 0 0 0 standing 
10 605 381 646 489 34131 0 0 1 standing 
10 606 373 647 481 34132 0 0 1 standing 
10 607 365 649 473 34133 0 0 1 standing 
10 608 357 650 465 34134 0 0 1 standing 
11 240 424 301 540 34115 0 0 0 standing 
11 244 424 300 542 34116 0 0 1 standing 
11 248 424 299 545 34117 0 0 1 standing 
11 252 424 298 548 34118 0 0 0 standing 
11 255 424 302 548 34119 0 0 1 standing 
11 259 424 306 549 34120 0 0 1 standing 
11 263 425 310 550 34121 0 0 0 standing 
11 264 425 311 550 34122 0 0 1 standing 
11 265 425 312 550 34123 0 0 1 standing 
11 267 426 314 551 34124 0 0 0 standing 
11 267 425 315 549 34125 0 0 1 standing 
11 267 425 317 547 34126 0 0 1 standing 
11 268 425 319 545 34127 0 0 0 standing 
11 269 426 320 542 34128 0 0 1 standing 
11 270 427 322 539 34129 0 0 1 standing 
11 272 429 324 537 34130 0 0 0 standing 
11 272 429 326 534 34131 0 0 1 standing 
11 273 429 328 532 34132 0 0 1 standing 
11 274 430 330 530 34133 0 0 1 standing 
11 275 430 332 528 34134 0 0 1 standing 
