0 756 390 839 513 102010 0 1 0 setting 
0 756 388 836 513 102011 0 1 1 setting 
0 756 387 834 514 102012 0 1 1 setting 
0 756 385 831 514 102013 0 1 1 setting 
0 756 384 829 515 102014 0 1 1 setting 
0 756 382 826 515 102015 0 1 1 setting 
0 756 381 824 516 102016 0 1 0 setting 
0 750 371 816 516 102017 0 1 1 setting 
0 744 361 808 516 102018 0 1 1 setting 
0 738 351 800 516 102019 0 1 1 setting 
0 732 341 792 516 102020 0 1 0 setting 
0 725 343 785 516 102021 0 1 1 setting 
0 718 346 778 516 102022 0 1 1 setting 
0 711 349 771 516 102023 0 1 1 setting 
0 704 351 764 516 102024 0 1 1 setting 
0 698 354 757 516 102025 0 1 1 setting 
0 691 357 750 516 102026 0 1 1 setting 
0 684 359 743 516 102027 0 1 1 setting 
0 677 362 736 516 102028 0 1 1 setting 
0 670 365 729 516 102029 0 1 1 setting 
1 718 372 763 499 102010 0 0 0 setting 
1 718 371 764 498 102011 0 0 1 standing 
1 718 370 765 498 102012 0 0 1 standing 
1 718 370 767 498 102013 0 0 0 standing 
1 715 369 764 495 102014 0 0 1 standing 
1 713 369 761 493 102015 0 0 1 standing 
1 711 369 759 491 102016 0 0 0 standing 
1 706 368 754 490 102017 0 0 1 standing 
1 701 368 749 490 102018 0 0 1 standing 
1 696 368 744 490 102019 0 0 0 standing 
1 686 365 738 489 102020 0 0 1 standing 
1 676 362 732 488 102021 0 0 1 standing 
1 666 359 726 487 102022 0 0 0 standing 
1 660 355 720 484 102023 0 0 1 standing 
1 654 351 714 481 102024 0 0 1 standing 
1 649 347 708 478 102025 0 0 0 standing 
1 648 347 706 477 102026 0 0 1 standing 
1 647 347 704 476 102027 0 0 1 standing 
1 646 347 702 476 102028 0 0 0 standing 
1 647 348 704 477 102029 0 0 1 standing 
2 922 385 984 491 102010 0 0 0 standing 
2 918 384 985 491 102011 0 0 1 standing 
2 914 383 986 491 102012 0 0 1 standing 
2 911 382 987 491 102013 0 0 0 standing 
2 906 380 978 489 102014 0 0 1 standing 
2 902 378 970 487 102015 0 0 1 standing 
2 898 377 962 486 102016 0 0 0 standing 
2 887 374 951 483 102017 0 0 1 standing 
2 876 372 940 481 102018 0 0 1 standing 
2 866 370 930 479 102019 0 0 0 standing 
2 852 369 916 478 102020 0 0 1 standing 
2 838 368 902 477 102021 0 0 1 standing 
2 825 367 889 476 102022 0 0 0 standing 
2 811 366 871 470 102023 0 0 1 standing 
2 798 366 854 465 102024 0 0 1 standing 
2 785 366 837 460 102025 0 0 0 standing 
2 772 367 827 462 102026 0 0 1 standing 
2 759 368 817 464 102027 0 0 1 standing 
2 746 369 807 466 102028 0 0 1 standing 
2 733 370 797 468 102029 0 0 1 standing 
3 983 387 1041 513 102010 0 0 0 standing 
3 979 389 1037 512 102011 0 0 1 standing 
3 975 392 1033 511 102012 0 0 1 standing 
3 971 395 1030 511 102013 0 0 0 standing 
3 962 397 1022 509 102014 0 0 1 standing 
3 953 399 1014 508 102015 0 0 1 standing 
3 945 401 1007 507 102016 0 0 0 standing 
3 936 401 996 505 102017 0 0 1 standing 
3 927 402 985 503 102018 0 0 1 standing 
3 918 403 975 502 102019 0 0 0 standing 
3 907 402 964 504 102020 0 0 1 standing 
3 896 401 953 506 102021 0 0 1 standing 
3 886 401 942 508 102022 0 0 0 standing 
3 874 397 931 506 102023 0 0 1 standing 
3 863 394 920 505 102024 0 0 1 standing 
3 852 391 909 504 102025 0 0 0 standing 
3 845 388 902 503 102026 0 0 1 standing 
3 839 385 896 503 102027 0 0 1 standing 
3 833 382 890 503 102028 0 0 1 standing 
3 827 379 884 503 102029 0 0 1 standing 
4 1035 471 1110 591 102010 0 0 0 standing 
4 1036 471 1111 591 102011 0 0 1 standing 
4 1038 471 1113 592 102012 0 0 1 standing 
4 1040 471 1115 593 102013 0 0 0 standing 
4 1036 469 1111 591 102014 0 0 1 standing 
4 1032 467 1107 589 102015 0 0 1 standing 
4 1029 466 1104 588 102016 0 0 0 standing 
4 1019 462 1094 586 102017 0 0 1 standing 
4 1010 459 1084 585 102018 0 0 1 standing 
4 1001 456 1075 584 102019 0 0 0 standing 
4 990 455 1064 583 102020 0 0 1 standing 
4 980 455 1054 583 102021 0 0 1 standing 
4 970 455 1044 583 102022 0 0 0 standing 
4 956 454 1033 581 102023 0 0 1 standing 
4 942 453 1023 580 102024 0 0 1 standing 
4 928 452 1013 579 102025 0 0 0 standing 
4 919 452 1002 577 102026 0 0 1 standing 
4 911 452 992 576 102027 0 0 1 standing 
4 902 452 981 574 102028 0 0 1 standing 
4 894 452 971 573 102029 0 0 1 standing 
5 807 446 862 579 102010 0 0 0 standing 
5 809 448 863 579 102011 0 0 1 standing 
5 812 450 865 580 102012 0 0 1 standing 
5 815 452 867 581 102013 0 0 0 standing 
5 814 452 869 581 102014 0 0 1 standing 
5 814 452 872 582 102015 0 0 1 standing 
5 814 453 875 583 102016 0 0 0 standing 
5 811 453 868 583 102017 0 0 1 standing 
5 808 454 862 584 102018 0 0 1 standing 
5 806 455 856 585 102019 0 0 0 standing 
5 802 455 851 584 102020 0 0 1 standing 
5 799 455 847 583 102021 0 0 1 standing 
5 796 455 843 583 102022 0 0 0 standing 
5 789 456 841 584 102023 0 0 1 standing 
5 782 457 839 586 102024 0 0 1 standing 
5 776 458 838 588 102025 0 0 0 standing 
5 774 459 834 589 102026 0 0 1 standing 
5 772 460 830 590 102027 0 0 1 standing 
5 771 462 827 592 102028 0 0 0 standing 
5 773 461 828 591 102029 0 0 1 standing 
6 608 397 663 543 102010 0 0 0 standing 
6 609 397 661 542 102011 0 0 1 standing 
6 610 397 659 542 102012 0 0 1 standing 
6 611 397 658 542 102013 0 0 0 standing 
6 606 398 652 540 102014 0 0 1 standing 
6 601 399 647 538 102015 0 0 1 standing 
6 596 401 642 537 102016 0 0 0 standing 
6 586 400 632 537 102017 0 0 1 standing 
6 576 399 623 537 102018 0 0 1 standing 
6 566 399 614 538 102019 0 0 0 standing 
6 553 399 603 538 102020 0 0 1 standing 
6 540 400 592 538 102021 0 0 1 standing 
6 528 401 582 539 102022 0 0 0 standing 
6 517 400 573 539 102023 0 0 1 standing 
6 506 399 564 539 102024 0 0 1 standing 
6 496 399 556 540 102025 0 0 0 standing 
6 489 400 546 540 102026 0 0 1 standing 
6 482 401 536 541 102027 0 0 1 standing 
6 475 402 527 541 102028 0 0 1 standing 
6 468 403 517 542 102029 0 0 1 standing 
7 582 401 624 489 102010 0 0 0 standing 
7 573 401 622 489 102011 0 0 1 standing 
7 565 401 620 489 102012 0 0 1 standing 
7 557 402 619 490 102013 0 0 0 standing 
7 552 402 614 490 102014 0 0 1 standing 
7 547 402 609 490 102015 0 0 1 standing 
7 543 402 605 490 102016 0 0 0 standing 
7 528 402 597 489 102017 0 0 1 standing 
7 513 402 589 488 102018 0 0 1 standing 
7 498 403 582 487 102019 0 0 0 standing 
7 485 402 564 493 102020 0 0 1 standing 
7 472 402 547 500 102021 0 0 1 standing 
7 460 402 530 507 102022 0 0 0 standing 
7 448 403 517 510 102023 0 0 1 standing 
7 437 404 504 513 102024 0 0 1 standing 
7 426 406 491 516 102025 0 0 0 standing 
7 408 405 481 518 102026 0 0 1 standing 
7 390 404 471 520 102027 0 0 1 standing 
7 373 403 462 522 102028 0 0 1 standing 
7 355 402 452 524 102029 0 0 1 standing 
8 527 342 581 473 102010 0 0 0 standing 
8 525 344 588 474 102011 0 0 1 standing 
8 523 347 595 475 102012 0 0 1 standing 
8 522 350 602 477 102013 0 0 0 standing 
8 516 351 596 476 102014 0 0 1 standing 
8 511 352 590 476 102015 0 0 1 standing 
8 506 354 585 476 102016 0 0 0 standing 
8 501 353 580 475 102017 0 0 1 standing 
8 496 353 575 475 102018 0 0 1 standing 
8 491 353 570 475 102019 0 0 0 standing 
8 488 353 560 474 102020 0 0 1 standing 
8 485 353 550 474 102021 0 0 1 standing 
8 483 353 541 474 102022 0 0 0 standing 
8 477 354 535 478 102023 0 0 1 standing 
8 472 355 530 482 102024 0 0 1 standing 
8 467 357 525 487 102025 0 0 0 standing 
8 463 358 519 488 102026 0 0 1 standing 
8 459 359 514 489 102027 0 0 1 standing 
8 456 361 508 490 102028 0 0 1 standing 
8 452 362 503 491 102029 0 0 1 standing 
9 423 367 512 500 102010 0 0 0 standing 
9 417 373 506 499 102011 0 0 1 standing 
9 412 379 500 499 102012 0 0 1 standing 
9 407 385 495 499 102013 0 0 0 standing 
9 396 390 481 499 102014 0 0 1 standing 
9 386 395 467 500 102015 0 0 1 standing 
9 376 401 453 501 102016 0 0 0 standing 
9 367 403 440 503 102017 0 0 1 standing 
9 358 406 427 505 102018 0 0 1 standing 
9 349 409 415 508 102019 0 0 0 standing 
9 342 408 402 516 102020 0 0 1 standing 
9 335 407 389 524 102021 0 0 1 standing 
9 328 407 377 533 102022 0 0 0 standing 
9 318 407 375 533 102023 0 0 1 standing 
9 308 408 373 533 102024 0 0 1 standing 
9 299 409 371 534 102025 0 0 0 standing 
9 293 410 366 534 102026 0 0 1 standing 
9 288 411 361 534 102027 0 0 1 standing 
9 282 412 356 535 102028 0 0 1 standing 
9 277 413 351 535 102029 0 0 1 standing 
10 380 432 440 581 102010 0 0 0 standing 
10 378 432 438 581 102011 0 0 1 standing 
10 377 432 437 581 102012 0 0 1 standing 
10 376 433 436 581 102013 0 0 0 standing 
10 371 433 431 581 102014 0 0 1 standing 
10 366 434 426 581 102015 0 0 1 standing 
10 361 435 421 581 102016 0 0 0 standing 
10 351 435 413 580 102017 0 0 1 standing 
10 341 435 405 580 102018 0 0 1 standing 
10 332 435 398 580 102019 0 0 0 standing 
10 322 435 381 580 102020 0 0 1 standing 
10 312 435 364 580 102021 0 0 1 standing 
10 303 435 347 581 102022 0 0 0 standing 
10 284 437 336 583 102023 0 0 1 standing 
10 266 439 325 586 102024 0 0 1 standing 
10 248 441 314 589 102025 0 0 0 standing 
10 237 441 305 588 102026 0 0 1 standing 
10 226 441 296 588 102027 0 0 1 standing 
10 216 442 288 587 102028 0 0 1 standing 
10 205 442 279 587 102029 0 0 1 standing 
11 315 392 362 518 102010 0 0 0 standing 
11 310 392 361 518 102011 0 0 1 standing 
11 305 392 361 518 102012 0 0 1 standing 
11 301 392 361 518 102013 0 0 0 standing 
11 295 392 351 518 102014 0 0 1 standing 
11 289 392 342 518 102015 0 0 1 standing 
11 284 393 333 519 102016 0 0 0 standing 
11 275 393 323 519 102017 0 0 1 standing 
11 266 393 313 520 102018 0 0 1 standing 
11 257 393 304 521 102019 0 0 0 standing 
11 246 393 298 521 102020 0 0 1 standing 
11 236 394 293 521 102021 0 0 1 standing 
11 226 395 288 522 102022 0 0 0 standing 
11 215 395 277 523 102023 0 0 1 standing 
11 205 395 266 524 102024 0 0 1 standing 
11 195 396 256 526 102025 0 0 0 standing 
11 186 395 247 525 102026 0 0 1 standing 
11 177 395 238 524 102027 0 0 1 standing 
11 168 395 229 523 102028 0 0 1 standing 
11 159 395 220 522 102029 0 0 1 standing 
