0 0 377 32 523 47255 0 1 1 standing 
0 0 378 32 523 47256 0 1 1 standing 
0 0 378 32 524 47257 0 1 1 standing 
0 0 379 32 524 47258 0 1 1 standing 
0 0 379 32 525 47259 0 1 1 standing 
0 0 380 33 526 47260 0 1 1 standing 
0 0 380 33 526 47261 0 1 1 standing 
0 0 381 33 527 47262 0 1 1 standing 
0 0 381 33 527 47263 0 1 1 standing 
0 0 382 33 528 47264 0 1 1 standing 
0 0 383 34 529 47265 0 1 0 standing 
0 0 383 34 529 47266 0 1 1 standing 
0 0 383 34 529 47267 0 1 1 standing 
0 0 383 34 529 47268 0 1 1 standing 
0 0 383 34 529 47269 0 1 1 standing 
0 0 383 34 529 47270 0 1 1 standing 
0 0 383 34 529 47271 0 1 1 standing 
0 0 383 34 529 47272 0 1 1 standing 
0 0 383 34 529 47273 0 1 1 standing 
0 0 383 34 529 47274 0 1 1 standing 
1 55 378 124 540 47255 0 1 0 standing 
1 54 379 123 541 47256 0 1 1 standing 
1 53 380 122 542 47257 0 1 1 standing 
1 52 381 121 543 47258 0 1 1 standing 
1 51 382 120 544 47259 0 1 1 standing 
1 50 383 119 545 47260 0 1 1 standing 
1 49 384 118 546 47261 0 1 1 standing 
1 48 385 117 547 47262 0 1 1 standing 
1 47 386 116 548 47263 0 1 1 standing 
1 46 387 115 549 47264 0 1 1 standing 
1 45 389 114 551 47265 0 1 0 standing 
1 45 389 114 551 47266 0 1 1 standing 
1 45 389 114 551 47267 0 1 1 standing 
1 45 389 114 551 47268 0 1 1 standing 
1 45 389 114 551 47269 0 1 1 standing 
1 45 389 114 551 47270 0 1 1 standing 
1 45 389 114 551 47271 0 1 1 standing 
1 45 389 114 551 47272 0 1 1 standing 
1 45 389 114 551 47273 0 1 1 standing 
1 45 389 114 551 47274 0 1 1 standing 
2 28 440 91 589 47255 0 1 0 standing 
2 25 440 88 589 47256 0 1 1 standing 
2 22 440 85 589 47257 0 1 1 standing 
2 20 440 83 589 47258 0 1 1 standing 
2 17 440 80 589 47259 0 1 1 standing 
2 15 440 78 589 47260 0 1 1 standing 
2 12 440 75 589 47261 0 1 1 standing 
2 9 440 72 589 47262 0 1 1 standing 
2 7 440 70 589 47263 0 1 1 standing 
2 4 440 67 589 47264 0 1 1 standing 
2 2 440 65 589 47265 0 1 0 standing 
2 2 440 65 589 47266 0 1 1 standing 
2 2 440 65 589 47267 0 1 1 standing 
2 2 440 65 589 47268 0 1 1 standing 
2 2 440 65 589 47269 0 1 1 standing 
2 2 440 65 589 47270 0 1 1 standing 
2 2 440 65 589 47271 0 1 1 standing 
2 2 440 65 589 47272 0 1 1 standing 
2 2 440 65 589 47273 0 1 1 standing 
2 2 440 65 589 47274 0 1 1 standing 
3 161 497 256 664 47255 0 1 0 standing 
3 156 497 251 664 47256 0 1 1 standing 
3 151 497 246 664 47257 0 1 1 standing 
3 147 497 242 664 47258 0 1 1 standing 
3 142 497 237 664 47259 0 1 1 standing 
3 138 498 233 665 47260 0 1 1 standing 
3 133 498 228 665 47261 0 1 1 standing 
3 128 498 223 665 47262 0 1 1 standing 
3 124 498 219 665 47263 0 1 1 standing 
3 119 498 214 665 47264 0 1 1 standing 
3 115 499 210 666 47265 0 1 0 standing 
3 115 499 210 666 47266 0 1 1 standing 
3 115 499 210 666 47267 0 1 1 standing 
3 115 499 210 666 47268 0 1 1 standing 
3 115 499 210 666 47269 0 1 1 standing 
3 115 499 210 666 47270 0 1 1 standing 
3 115 499 210 666 47271 0 1 1 standing 
3 115 499 210 666 47272 0 1 1 standing 
3 115 499 210 666 47273 0 1 1 standing 
3 115 499 210 666 47274 0 1 1 standing 
4 319 512 375 677 47255 0 0 1 standing 
4 319 512 375 677 47256 0 0 1 standing 
4 319 512 375 677 47257 0 0 1 standing 
4 319 512 375 677 47258 0 0 1 standing 
4 319 512 375 677 47259 0 0 1 standing 
4 319 512 375 677 47260 0 0 1 standing 
4 319 512 375 677 47261 0 0 1 standing 
4 319 512 375 677 47262 0 0 1 standing 
4 319 512 375 677 47263 0 0 1 standing 
4 319 512 375 677 47264 0 0 1 standing 
4 319 512 375 677 47265 0 0 1 standing 
4 319 512 375 677 47266 0 0 1 standing 
4 319 512 375 677 47267 0 0 1 standing 
4 319 512 375 677 47268 0 0 1 standing 
4 319 512 375 677 47269 0 0 1 standing 
4 319 512 375 677 47270 0 0 1 standing 
4 319 512 375 677 47271 0 0 1 standing 
4 319 512 375 677 47272 0 0 1 standing 
4 319 512 375 677 47273 0 0 1 standing 
4 319 512 375 677 47274 0 0 1 standing 
5 382 476 441 655 47255 0 0 0 standing 
5 382 476 441 655 47256 0 0 1 standing 
5 382 477 441 656 47257 0 0 1 standing 
5 382 477 441 656 47258 0 0 1 standing 
5 382 478 441 657 47259 0 0 1 standing 
5 382 478 441 657 47260 0 0 1 standing 
5 382 479 441 658 47261 0 0 1 standing 
5 382 479 441 658 47262 0 0 1 standing 
5 382 480 441 659 47263 0 0 1 standing 
5 382 480 441 659 47264 0 0 1 standing 
5 382 481 441 660 47265 0 0 0 standing 
5 382 481 441 660 47266 0 0 1 standing 
5 382 481 441 660 47267 0 0 1 standing 
5 382 481 441 660 47268 0 0 1 standing 
5 382 481 441 660 47269 0 0 1 standing 
5 382 481 441 660 47270 0 0 1 standing 
5 382 481 441 660 47271 0 0 1 standing 
5 382 481 441 660 47272 0 0 1 standing 
5 382 481 441 660 47273 0 0 1 standing 
5 382 481 441 660 47274 0 0 1 standing 
6 512 360 561 520 47255 0 0 0 standing 
6 512 360 561 520 47256 0 0 1 standing 
6 512 360 561 520 47257 0 0 1 standing 
6 512 360 561 520 47258 0 0 1 standing 
6 512 360 561 520 47259 0 0 1 standing 
6 512 360 561 520 47260 0 0 1 standing 
6 512 360 561 520 47261 0 0 1 standing 
6 512 360 561 520 47262 0 0 1 standing 
6 512 360 561 520 47263 0 0 1 standing 
6 512 360 561 520 47264 0 0 1 standing 
6 512 360 561 520 47265 0 0 1 standing 
6 512 360 561 520 47266 0 0 1 standing 
6 512 360 561 520 47267 0 0 1 standing 
6 512 360 561 520 47268 0 0 1 standing 
6 512 360 561 520 47269 0 0 1 standing 
6 512 360 561 520 47270 0 0 1 standing 
6 512 360 561 520 47271 0 0 1 standing 
6 512 360 561 520 47272 0 0 1 standing 
6 512 360 561 520 47273 0 0 1 standing 
6 512 360 561 520 47274 0 0 1 standing 
7 693 311 765 478 47255 0 0 0 standing 
7 695 310 766 477 47256 0 0 1 standing 
7 698 310 768 477 47257 0 0 1 standing 
7 701 310 769 476 47258 0 0 1 standing 
7 704 309 771 476 47259 0 0 1 standing 
7 707 309 772 476 47260 0 0 1 standing 
7 709 309 774 475 47261 0 0 1 standing 
7 712 308 775 475 47262 0 0 1 standing 
7 715 308 777 474 47263 0 0 1 standing 
7 718 308 778 474 47264 0 0 1 standing 
7 721 308 780 474 47265 0 0 0 standing 
7 721 308 780 474 47266 0 0 1 standing 
7 721 308 780 474 47267 0 0 1 standing 
7 721 308 780 474 47268 0 0 1 standing 
7 721 308 780 474 47269 0 0 1 standing 
7 721 308 780 474 47270 0 0 1 standing 
7 721 308 780 474 47271 0 0 1 standing 
7 721 308 780 474 47272 0 0 1 standing 
7 721 308 780 474 47273 0 0 1 standing 
7 721 308 780 474 47274 0 0 1 standing 
8 758 407 825 580 47255 0 0 0 standing 
8 756 407 823 580 47256 0 0 1 standing 
8 754 407 821 581 47257 0 0 1 standing 
8 752 408 819 581 47258 0 0 1 standing 
8 750 408 817 582 47259 0 0 1 standing 
8 748 409 815 582 47260 0 0 1 standing 
8 746 409 813 583 47261 0 0 1 standing 
8 744 409 811 583 47262 0 0 1 standing 
8 742 410 809 584 47263 0 0 1 standing 
8 740 410 807 584 47264 0 0 1 standing 
8 738 411 805 585 47265 0 0 0 standing 
8 738 411 805 585 47266 0 0 1 standing 
8 738 411 805 585 47267 0 0 1 standing 
8 738 411 805 585 47268 0 0 1 standing 
8 738 411 805 585 47269 0 0 1 standing 
8 738 411 805 585 47270 0 0 1 standing 
8 738 411 805 585 47271 0 0 1 standing 
8 738 411 805 585 47272 0 0 1 standing 
8 738 411 805 585 47273 0 0 1 standing 
8 738 411 805 585 47274 0 0 1 standing 
9 850 338 944 488 47255 0 0 0 standing 
9 850 337 940 487 47256 0 0 1 standing 
9 850 337 936 487 47257 0 0 1 standing 
9 850 337 933 487 47258 0 0 1 standing 
9 850 337 929 487 47259 0 0 1 standing 
9 850 337 926 487 47260 0 0 1 standing 
9 850 337 922 486 47261 0 0 1 standing 
9 850 337 918 486 47262 0 0 1 standing 
9 850 337 915 486 47263 0 0 1 standing 
9 850 337 911 486 47264 0 0 1 standing 
9 850 337 908 486 47265 0 0 0 standing 
9 850 337 908 486 47266 0 0 1 standing 
9 850 337 908 486 47267 0 0 1 standing 
9 850 337 908 486 47268 0 0 1 standing 
9 850 337 908 486 47269 0 0 1 standing 
9 850 337 908 486 47270 0 0 1 standing 
9 850 337 908 486 47271 0 0 1 standing 
9 850 337 908 486 47272 0 0 1 standing 
9 850 337 908 486 47273 0 0 1 standing 
9 850 337 908 486 47274 0 0 1 standing 
10 3 501 91 673 47255 1 0 1 standing 
10 3 501 91 673 47256 1 0 1 standing 
10 3 501 91 673 47257 1 0 1 standing 
10 3 501 91 673 47258 1 0 1 standing 
10 3 501 91 673 47259 1 0 1 standing 
10 3 501 91 673 47260 1 0 1 standing 
10 3 501 91 673 47261 1 0 1 standing 
10 3 501 91 673 47262 1 0 1 standing 
10 3 501 91 673 47263 1 0 1 standing 
10 3 501 91 673 47264 1 0 1 standing 
10 3 501 91 673 47265 0 1 0 standing 
10 3 501 91 673 47266 0 1 1 standing 
10 3 501 91 673 47267 0 1 1 standing 
10 3 501 91 673 47268 0 1 1 standing 
10 3 501 91 673 47269 0 1 1 standing 
10 3 501 91 673 47270 0 1 1 standing 
10 3 501 91 673 47271 0 1 1 standing 
10 3 501 91 673 47272 0 1 1 standing 
10 3 501 91 673 47273 0 1 1 standing 
10 3 501 91 673 47274 0 1 1 standing 
