0 535 435 608 584 31930 0 1 0 moving 
0 527 430 600 582 31931 0 1 1 moving 
0 519 426 593 580 31932 0 1 1 moving 
0 511 421 585 578 31933 0 1 1 moving 
0 503 417 578 577 31934 0 1 1 moving 
0 495 412 571 575 31935 0 1 1 moving 
0 487 408 563 573 31936 0 1 1 moving 
0 479 403 556 572 31937 0 1 1 moving 
0 471 399 548 570 31938 0 1 1 moving 
0 463 394 541 568 31939 0 1 1 moving 
0 455 390 534 567 31940 0 1 0 moving 
0 444 395 523 569 31941 0 1 1 moving 
0 433 401 513 572 31942 0 1 1 moving 
0 422 406 503 574 31943 0 1 1 moving 
0 412 412 492 577 31944 0 1 1 moving 
0 401 417 482 579 31945 0 1 1 moving 
0 390 423 472 582 31946 0 1 1 moving 
0 380 428 461 584 31947 0 1 1 moving 
0 369 434 451 587 31948 0 1 1 moving 
0 358 439 441 589 31949 0 1 1 moving 
1 539 282 596 409 31930 0 1 0 moving 
1 535 282 593 409 31931 0 1 1 moving 
1 531 282 591 409 31932 0 1 1 moving 
1 527 282 589 409 31933 0 1 1 moving 
1 524 283 586 409 31934 0 1 1 moving 
1 520 283 584 409 31935 0 1 1 moving 
1 516 283 582 409 31936 0 1 1 moving 
1 513 284 579 409 31937 0 1 1 moving 
1 509 284 577 409 31938 0 1 1 moving 
1 505 284 575 409 31939 0 1 1 moving 
1 502 285 573 410 31940 0 1 0 moving 
1 499 286 570 410 31941 0 1 1 moving 
1 497 287 568 410 31942 0 1 1 moving 
1 495 288 566 410 31943 0 1 1 moving 
1 493 289 564 411 31944 0 1 1 moving 
1 491 290 562 411 31945 0 1 1 moving 
1 489 291 559 411 31946 0 1 1 moving 
1 487 292 557 412 31947 0 1 1 moving 
1 485 293 555 412 31948 0 1 1 moving 
1 483 294 553 412 31949 0 1 1 moving 
2 304 495 390 646 31930 0 1 0 moving 
2 304 495 390 645 31931 0 1 1 moving 
2 304 495 391 645 31932 0 1 1 moving 
2 304 495 392 645 31933 0 1 1 moving 
2 304 495 392 645 31934 0 1 1 moving 
2 304 495 393 645 31935 0 1 1 moving 
2 304 495 394 645 31936 0 1 1 moving 
2 304 495 394 645 31937 0 1 1 moving 
2 304 495 395 645 31938 0 1 1 moving 
2 304 495 396 645 31939 0 1 1 moving 
2 304 495 397 645 31940 0 1 0 moving 
2 304 495 397 645 31941 0 1 1 moving 
2 304 495 397 645 31942 0 1 1 moving 
2 304 495 397 645 31943 0 1 1 moving 
2 304 495 397 645 31944 0 1 1 moving 
2 304 495 397 645 31945 0 1 1 moving 
2 304 495 397 645 31946 0 1 1 moving 
2 304 495 397 645 31947 0 1 1 moving 
2 304 495 397 645 31948 0 1 1 moving 
2 304 495 397 645 31949 0 1 1 moving 
3 658 377 754 530 31930 0 0 0 moving 
3 655 375 751 528 31931 0 0 1 standing 
3 652 373 748 526 31932 0 0 1 standing 
3 650 371 746 524 31933 0 0 1 standing 
3 647 369 743 522 31934 0 0 1 standing 
3 645 367 741 520 31935 0 0 1 standing 
3 642 365 738 518 31936 0 0 1 standing 
3 639 363 735 516 31937 0 0 1 standing 
3 637 361 733 514 31938 0 0 1 standing 
3 634 359 730 512 31939 0 0 1 standing 
3 632 358 728 511 31940 0 0 0 standing 
3 627 357 721 509 31941 0 0 1 standing 
3 623 356 715 508 31942 0 0 1 standing 
3 619 355 709 507 31943 0 0 1 standing 
3 615 354 703 506 31944 0 0 1 standing 
3 611 353 697 505 31945 0 0 1 standing 
3 606 352 690 504 31946 0 0 1 standing 
3 602 351 684 503 31947 0 0 1 standing 
3 598 350 678 502 31948 0 0 1 standing 
3 594 349 672 501 31949 0 0 1 standing 
4 393 405 469 529 31930 0 0 0 standing 
4 396 404 472 529 31931 0 0 1 moving 
4 400 403 475 529 31932 0 0 1 moving 
4 403 402 479 529 31933 0 0 1 moving 
4 407 401 482 529 31934 0 0 1 moving 
4 410 400 486 530 31935 0 0 1 moving 
4 414 399 489 530 31936 0 0 1 moving 
4 417 398 492 530 31937 0 0 1 moving 
4 421 397 496 530 31938 0 0 1 moving 
4 424 396 499 530 31939 0 0 1 moving 
4 428 395 503 531 31940 0 0 0 moving 
4 430 393 507 529 31941 0 0 1 moving 
4 433 392 512 528 31942 0 0 1 moving 
4 436 391 516 527 31943 0 0 1 moving 
4 439 389 521 526 31944 0 0 1 moving 
4 442 388 526 525 31945 0 0 1 moving 
4 445 387 530 523 31946 0 0 1 moving 
4 448 385 535 522 31947 0 0 1 moving 
4 451 384 539 521 31948 0 0 1 moving 
4 454 383 544 520 31949 0 0 1 moving 
5 1012 398 1085 571 31930 0 0 0 moving 
5 1005 398 1078 571 31931 0 0 1 standing 
5 998 398 1071 571 31932 0 0 1 standing 
5 991 398 1064 571 31933 0 0 1 standing 
5 984 398 1057 571 31934 0 0 1 standing 
5 977 399 1050 572 31935 0 0 1 standing 
5 970 399 1043 572 31936 0 0 1 standing 
5 963 399 1036 572 31937 0 0 1 standing 
5 956 399 1029 572 31938 0 0 1 standing 
5 949 399 1022 572 31939 0 0 1 standing 
5 943 400 1016 573 31940 0 0 0 standing 
5 932 402 1005 570 31941 0 0 1 standing 
5 922 405 994 568 31942 0 0 1 standing 
5 912 408 984 566 31943 0 0 0 standing 
5 901 404 973 563 31944 0 0 1 standing 
5 891 401 963 561 31945 0 0 1 standing 
5 881 398 953 559 31946 0 0 1 standing 
5 870 395 942 556 31947 0 0 1 standing 
5 860 392 932 554 31948 0 0 1 standing 
5 850 389 922 552 31949 0 0 1 standing 
6 977 354 1037 500 31930 0 0 0 standing 
6 970 354 1030 500 31931 0 0 1 standing 
6 964 355 1024 501 31932 0 0 1 standing 
6 957 355 1017 501 31933 0 0 1 standing 
6 951 356 1011 502 31934 0 0 1 standing 
6 945 356 1005 502 31935 0 0 1 standing 
6 938 357 998 503 31936 0 0 1 standing 
6 932 357 992 503 31937 0 0 1 standing 
6 925 358 985 504 31938 0 0 1 standing 
6 919 358 979 504 31939 0 0 1 standing 
6 913 359 973 505 31940 0 0 0 standing 
6 902 356 962 502 31941 0 0 1 standing 
6 892 354 952 500 31942 0 0 1 standing 
6 881 352 941 498 31943 0 0 1 standing 
6 871 350 931 496 31944 0 0 1 standing 
6 861 348 921 494 31945 0 0 1 standing 
6 850 345 910 491 31946 0 0 1 standing 
6 840 343 900 489 31947 0 0 1 standing 
6 829 341 889 487 31948 0 0 1 standing 
6 819 339 879 485 31949 0 0 1 standing 
7 349 489 431 568 31930 0 0 0 standing 
7 343 486 424 567 31931 0 0 1 falling 
7 338 483 418 566 31932 0 0 1 falling 
7 332 480 411 565 31933 0 0 1 falling 
7 327 478 405 565 31934 0 0 1 falling 
7 322 475 398 564 31935 0 0 1 falling 
7 316 472 392 563 31936 0 0 1 falling 
7 311 470 385 563 31937 0 0 1 falling 
7 305 467 379 562 31938 0 0 1 falling 
7 300 464 372 561 31939 0 0 1 falling 
7 295 462 366 561 31940 0 0 0 falling 
7 285 457 356 560 31941 0 0 1 falling 
7 275 452 346 560 31942 0 0 1 falling 
7 266 447 336 560 31943 0 0 1 falling 
7 256 442 327 560 31944 0 0 1 falling 
7 247 437 317 560 31945 0 0 1 falling 
7 237 432 307 559 31946 0 0 1 falling 
7 227 427 298 559 31947 0 0 1 falling 
7 218 422 288 559 31948 0 0 1 falling 
7 208 417 278 559 31949 0 0 1 falling 
8 983 379 1047 534 31930 0 0 0 falling 
8 976 378 1040 533 31931 0 0 1 standing 
8 969 378 1033 533 31932 0 0 1 standing 
8 962 378 1026 533 31933 0 0 1 standing 
8 955 377 1019 532 31934 0 0 1 standing 
8 948 377 1012 532 31935 0 0 1 standing 
8 941 377 1005 532 31936 0 0 1 standing 
8 934 376 998 531 31937 0 0 1 standing 
8 927 376 991 531 31938 0 0 1 standing 
8 920 376 984 531 31939 0 0 1 standing 
8 914 376 978 531 31940 0 0 0 standing 
8 904 375 968 529 31941 0 0 1 standing 
8 894 374 958 527 31942 0 0 1 standing 
8 884 374 948 525 31943 0 0 1 standing 
8 874 373 938 523 31944 0 0 1 standing 
8 864 372 928 521 31945 0 0 1 standing 
8 855 372 918 520 31946 0 0 0 standing 
8 845 368 908 518 31947 0 0 1 standing 
8 835 365 899 516 31948 0 0 1 standing 
8 825 361 889 514 31949 0 0 1 standing 
9 1181 349 1228 497 31930 1 0 1 standing 
9 1186 349 1233 497 31931 1 0 1 standing 
9 1191 349 1237 497 31932 1 0 1 standing 
9 1196 349 1241 497 31933 1 0 1 standing 
9 1201 349 1245 497 31934 1 0 1 standing 
9 1206 350 1249 498 31935 1 0 1 standing 
9 1211 350 1253 498 31936 1 0 1 standing 
9 1216 350 1258 498 31937 1 0 1 standing 
9 1221 350 1262 498 31938 1 0 1 standing 
9 1226 350 1266 498 31939 1 0 1 standing 
9 1231 350 1270 498 31940 1 0 1 standing 
9 1236 350 1274 498 31941 1 0 1 standing 
9 1242 351 1279 499 31942 0 0 0 standing 
9 1233 350 1274 497 31943 0 0 1 standing 
9 1224 349 1269 496 31944 0 0 1 standing 
9 1215 348 1264 494 31945 0 0 1 standing 
9 1206 347 1260 493 31946 0 0 0 standing 
9 1197 346 1250 492 31947 0 0 1 standing 
9 1188 345 1241 491 31948 0 0 1 standing 
9 1179 344 1232 490 31949 0 0 1 standing 
10 1182 460 1230 612 31930 1 0 1 standing 
10 1185 460 1232 612 31931 1 0 1 standing 
10 1188 460 1234 613 31932 1 0 1 standing 
10 1191 460 1237 613 31933 1 0 1 standing 
10 1194 460 1239 614 31934 1 0 1 standing 
10 1198 460 1242 614 31935 1 0 1 standing 
10 1201 460 1244 615 31936 1 0 1 standing 
10 1204 460 1246 615 31937 1 0 1 standing 
10 1207 460 1249 616 31938 1 0 1 standing 
10 1210 460 1251 616 31939 1 0 1 standing 
10 1213 460 1254 617 31940 1 0 1 standing 
10 1216 460 1256 617 31941 1 0 1 standing 
10 1219 460 1258 618 31942 1 0 1 standing 
10 1222 460 1261 618 31943 1 0 1 standing 
10 1225 460 1263 619 31944 1 0 1 standing 
10 1228 460 1266 619 31945 1 0 1 standing 
10 1231 460 1268 620 31946 1 0 1 standing 
10 1234 460 1270 620 31947 1 0 1 standing 
10 1237 460 1273 621 31948 1 0 1 standing 
10 1240 460 1275 621 31949 1 0 1 standing 
