0 393 423 451 581 38150 0 1 0 standing 
0 395 422 453 580 38151 0 1 1 standing 
0 398 422 456 580 38152 0 1 1 standing 
0 400 422 458 580 38153 0 1 1 standing 
0 403 422 461 580 38154 0 1 1 standing 
0 405 422 463 580 38155 0 1 1 standing 
0 408 422 466 579 38156 0 1 1 standing 
0 410 422 468 579 38157 0 1 1 standing 
0 413 422 471 579 38158 0 1 1 standing 
0 415 422 473 579 38159 0 1 1 standing 
0 418 422 476 579 38160 0 1 0 standing 
0 415 422 475 579 38161 0 1 1 standing 
0 413 423 475 580 38162 0 1 1 standing 
0 411 424 474 580 38163 0 1 1 standing 
0 409 425 474 581 38164 0 1 1 standing 
0 407 426 474 582 38165 0 1 1 standing 
0 405 426 473 582 38166 0 1 1 standing 
0 403 427 473 583 38167 0 1 1 standing 
0 401 428 472 583 38168 0 1 1 standing 
0 399 429 472 584 38169 0 1 1 standing 
1 631 407 701 541 38150 0 1 0 standing 
1 633 407 703 541 38151 0 1 1 standing 
1 636 408 706 542 38152 0 1 1 standing 
1 639 408 709 543 38153 0 1 1 standing 
1 641 409 711 544 38154 0 1 1 standing 
1 644 410 714 545 38155 0 1 1 standing 
1 647 410 717 546 38156 0 1 1 standing 
1 649 411 719 547 38157 0 1 1 standing 
1 652 411 722 548 38158 0 1 1 standing 
1 655 412 725 549 38159 0 1 1 standing 
1 658 413 728 550 38160 0 1 0 standing 
1 659 413 729 550 38161 0 1 1 standing 
1 661 414 731 551 38162 0 1 1 standing 
1 663 414 733 551 38163 0 1 1 standing 
1 664 415 734 552 38164 0 1 1 standing 
1 666 416 736 553 38165 0 1 1 standing 
1 668 416 738 553 38166 0 1 1 standing 
1 669 417 739 554 38167 0 1 1 standing 
1 671 417 741 554 38168 0 1 1 standing 
1 673 418 743 555 38169 0 1 1 standing 
2 681 475 764 621 38150 0 1 0 standing 
2 676 471 759 617 38151 0 1 1 standing 
2 672 468 755 613 38152 0 1 1 standing 
2 667 464 750 610 38153 0 1 1 standing 
2 663 461 746 606 38154 0 1 1 standing 
2 658 457 741 603 38155 0 1 1 standing 
2 654 454 737 599 38156 0 1 1 standing 
2 649 450 732 595 38157 0 1 1 standing 
2 645 447 728 592 38158 0 1 1 standing 
2 640 443 723 588 38159 0 1 1 standing 
2 636 440 719 585 38160 0 1 0 standing 
2 632 440 715 585 38161 0 1 1 standing 
2 628 440 711 585 38162 0 1 1 standing 
2 624 440 707 585 38163 0 1 1 standing 
2 620 440 703 585 38164 0 1 1 standing 
2 617 440 700 585 38165 0 1 1 standing 
2 613 440 696 585 38166 0 1 1 standing 
2 609 440 692 585 38167 0 1 1 standing 
2 605 440 688 585 38168 0 1 1 standing 
2 601 440 684 585 38169 0 1 1 standing 
3 714 378 792 512 38150 0 1 0 standing 
3 718 377 795 512 38151 0 1 1 standing 
3 722 377 799 512 38152 0 1 1 standing 
3 726 377 803 512 38153 0 1 1 standing 
3 730 377 807 512 38154 0 1 1 standing 
3 734 377 811 512 38155 0 1 1 standing 
3 738 376 815 512 38156 0 1 1 standing 
3 742 376 819 512 38157 0 1 1 standing 
3 746 376 823 512 38158 0 1 1 standing 
3 750 376 827 512 38159 0 1 1 standing 
3 754 376 831 513 38160 0 1 0 standing 
3 754 376 831 513 38161 0 1 1 standing 
3 754 376 831 513 38162 0 1 1 standing 
3 754 376 831 513 38163 0 1 1 standing 
3 754 376 831 513 38164 0 1 1 standing 
3 754 376 831 513 38165 0 1 1 standing 
3 754 376 831 513 38166 0 1 1 standing 
3 754 376 831 513 38167 0 1 1 standing 
3 754 376 831 513 38168 0 1 1 standing 
3 754 376 831 513 38169 0 1 1 standing 
4 762 398 837 547 38150 0 1 0 standing 
4 764 398 837 547 38151 0 1 1 standing 
4 766 398 837 547 38152 0 1 1 standing 
4 768 398 837 547 38153 0 1 1 standing 
4 770 398 837 547 38154 0 1 1 standing 
4 772 398 837 547 38155 0 1 1 standing 
4 774 398 837 547 38156 0 1 1 standing 
4 776 398 837 547 38157 0 1 1 standing 
4 778 398 837 547 38158 0 1 1 standing 
4 780 398 837 547 38159 0 1 1 standing 
4 783 398 837 547 38160 0 1 0 standing 
4 780 398 836 546 38161 0 1 1 standing 
4 778 398 835 546 38162 0 1 1 standing 
4 776 398 834 546 38163 0 1 1 standing 
4 774 398 833 546 38164 0 1 1 standing 
4 772 398 832 546 38165 0 1 1 standing 
4 770 398 831 546 38166 0 1 1 standing 
4 768 398 830 546 38167 0 1 1 standing 
4 766 398 829 546 38168 0 1 1 standing 
4 764 398 828 546 38169 0 1 1 standing 
5 725 445 803 588 38150 0 1 0 standing 
5 722 444 800 587 38151 0 1 1 standing 
5 720 444 798 587 38152 0 1 1 standing 
5 718 443 796 586 38153 0 1 1 standing 
5 716 443 794 586 38154 0 1 1 standing 
5 714 442 792 585 38155 0 1 1 standing 
5 711 442 789 585 38156 0 1 1 standing 
5 709 441 787 584 38157 0 1 1 standing 
5 707 441 785 584 38158 0 1 1 standing 
5 705 440 783 583 38159 0 1 1 standing 
5 703 440 781 583 38160 0 1 0 standing 
5 701 438 777 581 38161 0 1 1 standing 
5 699 437 773 580 38162 0 1 1 standing 
5 697 435 769 578 38163 0 1 1 standing 
5 696 434 765 577 38164 0 1 1 standing 
5 694 432 762 576 38165 0 1 1 standing 
5 692 431 758 574 38166 0 1 1 standing 
5 691 429 754 573 38167 0 1 1 standing 
5 689 428 750 571 38168 0 1 1 standing 
5 687 426 746 570 38169 0 1 1 standing 
6 1014 528 1105 655 38150 0 0 0 standing 
6 1024 533 1119 655 38151 0 0 1 falling 
6 1035 538 1133 656 38152 0 0 1 falling 
6 1046 543 1147 656 38153 0 0 1 falling 
6 1057 549 1161 657 38154 0 0 1 falling 
6 1068 554 1175 657 38155 0 0 1 falling 
6 1078 559 1189 658 38156 0 0 1 falling 
6 1089 565 1203 658 38157 0 0 1 falling 
6 1100 570 1217 659 38158 0 0 1 falling 
6 1111 575 1231 659 38159 0 0 1 falling 
6 1122 581 1246 660 38160 1 0 0 falling 
6 1122 581 1246 660 38161 1 0 1 falling 
6 1122 581 1246 660 38162 1 0 1 falling 
6 1122 581 1246 660 38163 1 0 1 falling 
6 1122 581 1246 660 38164 1 0 1 falling 
6 1122 581 1246 660 38165 1 0 1 falling 
6 1122 581 1246 660 38166 1 0 1 falling 
6 1122 581 1246 660 38167 1 0 1 falling 
6 1122 581 1246 660 38168 1 0 1 falling 
6 1122 581 1246 660 38169 1 0 1 falling 
7 1172 384 1256 527 38150 0 0 0 falling 
7 1175 384 1258 525 38151 0 0 1 standing 
7 1179 384 1260 524 38152 0 0 1 standing 
7 1182 385 1262 522 38153 0 0 1 standing 
7 1186 385 1264 521 38154 0 0 1 standing 
7 1189 386 1266 519 38155 0 0 1 standing 
7 1193 386 1268 518 38156 0 0 1 standing 
7 1196 386 1270 516 38157 0 0 1 standing 
7 1200 387 1272 515 38158 0 0 1 standing 
7 1203 387 1274 513 38159 0 0 1 standing 
7 1207 388 1277 512 38160 0 0 0 standing 
7 1210 388 1277 511 38161 0 0 1 standing 
7 1213 388 1277 511 38162 0 0 1 standing 
7 1217 388 1277 511 38163 0 0 1 standing 
7 1220 388 1277 511 38164 0 0 1 standing 
7 1224 388 1277 511 38165 0 0 1 standing 
7 1227 388 1277 511 38166 0 0 1 standing 
7 1230 388 1277 511 38167 0 0 1 standing 
7 1234 388 1277 511 38168 0 0 1 standing 
7 1237 388 1277 511 38169 0 0 1 standing 
8 965 510 1025 649 38150 0 0 0 standing 
8 973 509 1033 649 38151 0 0 1 standing 
8 982 508 1042 650 38152 0 0 1 standing 
8 990 507 1050 650 38153 0 0 1 standing 
8 999 506 1059 651 38154 0 0 1 standing 
8 1008 505 1067 651 38155 0 0 1 standing 
8 1016 504 1076 652 38156 0 0 1 standing 
8 1025 503 1084 652 38157 0 0 1 standing 
8 1033 502 1093 653 38158 0 0 1 standing 
8 1042 501 1101 653 38159 0 0 1 standing 
8 1051 500 1110 654 38160 0 0 0 standing 
8 1058 500 1117 656 38161 0 0 1 standing 
8 1066 500 1125 659 38162 0 0 1 standing 
8 1074 501 1133 662 38163 0 0 1 standing 
8 1082 501 1140 665 38164 0 0 1 standing 
8 1090 502 1148 668 38165 0 0 1 standing 
8 1097 502 1156 671 38166 0 0 1 standing 
8 1105 502 1163 674 38167 0 0 1 standing 
8 1113 503 1171 677 38168 0 0 1 standing 
8 1121 503 1179 680 38169 0 0 1 standing 
9 990 455 1061 614 38150 0 0 0 standing 
9 995 453 1066 613 38151 0 0 1 standing 
9 1001 452 1072 612 38152 0 0 1 standing 
9 1007 451 1078 611 38153 0 0 1 standing 
9 1013 450 1084 610 38154 0 0 1 standing 
9 1019 449 1090 609 38155 0 0 1 standing 
9 1025 447 1096 608 38156 0 0 1 standing 
9 1031 446 1102 607 38157 0 0 1 standing 
9 1037 445 1108 606 38158 0 0 1 standing 
9 1043 444 1114 605 38159 0 0 1 standing 
9 1049 443 1120 604 38160 0 0 0 standing 
9 1054 443 1125 604 38161 0 0 1 standing 
9 1059 444 1130 605 38162 0 0 1 standing 
9 1064 444 1135 605 38163 0 0 1 standing 
9 1069 445 1140 606 38164 0 0 1 standing 
9 1074 446 1145 607 38165 0 0 1 standing 
9 1079 446 1150 607 38166 0 0 1 standing 
9 1084 447 1155 608 38167 0 0 1 standing 
9 1089 447 1160 608 38168 0 0 1 standing 
9 1094 448 1165 609 38169 0 0 1 standing 
