0 42 461 126 587 57055 0 1 0 falling 
0 93 464 184 583 57056 0 1 1 falling 
0 144 467 242 579 57057 0 1 1 falling 
0 195 470 300 575 57058 0 1 1 falling 
0 246 473 359 572 57059 0 1 0 falling 
0 274 477 393 570 57060 0 1 1 falling 
0 303 481 428 569 57061 0 1 1 falling 
0 331 485 462 568 57062 0 1 1 falling 
0 360 489 497 566 57063 0 1 1 falling 
0 388 493 531 565 57064 0 1 1 falling 
0 417 497 566 564 57065 0 1 1 falling 
0 446 502 601 563 57066 0 1 0 falling 
0 457 500 610 563 57067 0 1 1 falling 
0 469 499 619 563 57068 0 1 1 falling 
0 481 498 628 563 57069 0 1 1 falling 
0 493 497 637 563 57070 0 1 1 falling 
0 505 496 646 563 57071 0 1 0 falling 
0 498 497 642 564 57072 0 1 1 falling 
0 491 498 638 565 57073 0 1 1 falling 
0 485 499 635 566 57074 0 1 1 falling 
1 623 402 679 562 57055 0 0 0 falling 
1 676 401 732 561 57056 0 0 1 standing 
1 729 400 785 560 57057 0 0 1 standing 
1 782 400 838 560 57058 0 0 0 standing 
1 822 398 878 558 57059 0 0 1 standing 
1 862 397 918 557 57060 0 0 1 standing 
1 902 396 958 556 57061 0 0 0 standing 
1 931 396 988 553 57062 0 0 1 standing 
1 960 396 1018 551 57063 0 0 1 standing 
1 990 397 1048 549 57064 0 0 0 standing 
1 1005 398 1064 550 57065 0 0 1 standing 
1 1020 400 1080 551 57066 0 0 1 standing 
1 1036 402 1096 553 57067 0 0 0 standing 
1 1037 404 1097 559 57068 0 0 1 standing 
1 1039 406 1098 566 57069 0 0 1 standing 
1 1041 409 1100 573 57070 0 0 0 standing 
1 1035 409 1095 572 57071 0 0 1 standing 
1 1029 409 1090 571 57072 0 0 1 standing 
1 1023 409 1085 570 57073 0 0 1 standing 
1 1017 409 1080 569 57074 0 0 1 standing 
2 647 439 696 597 57055 0 0 0 standing 
2 696 439 745 597 57056 0 0 1 standing 
2 745 439 794 597 57057 0 0 1 standing 
2 794 439 843 597 57058 0 0 0 standing 
2 832 438 882 596 57059 0 0 1 standing 
2 871 437 922 596 57060 0 0 1 standing 
2 910 437 962 596 57061 0 0 0 standing 
2 938 437 990 598 57062 0 0 1 standing 
2 966 438 1018 600 57063 0 0 1 standing 
2 995 439 1046 603 57064 0 0 0 standing 
2 1008 440 1060 604 57065 0 0 1 standing 
2 1022 442 1074 605 57066 0 0 1 standing 
2 1036 444 1089 606 57067 0 0 0 standing 
2 1036 445 1088 606 57068 0 0 1 standing 
2 1036 446 1088 606 57069 0 0 1 standing 
2 1036 447 1088 606 57070 0 0 0 standing 
2 1029 447 1084 605 57071 0 0 1 standing 
2 1022 447 1080 605 57072 0 0 1 standing 
2 1015 447 1076 605 57073 0 0 1 standing 
2 1008 447 1072 605 57074 0 0 1 standing 
3 660 383 730 538 57055 0 0 0 standing 
3 708 381 778 536 57056 0 0 1 standing 
3 756 380 826 535 57057 0 0 1 standing 
3 804 379 874 534 57058 0 0 0 standing 
3 848 377 914 532 57059 0 0 1 standing 
3 892 376 954 530 57060 0 0 1 standing 
3 936 375 995 529 57061 0 0 0 standing 
3 965 375 1020 526 57062 0 0 1 standing 
3 994 375 1046 523 57063 0 0 1 standing 
3 1023 375 1072 521 57064 0 0 0 standing 
3 1035 375 1084 521 57065 0 0 1 standing 
3 1048 375 1097 521 57066 0 0 1 standing 
3 1061 375 1110 521 57067 0 0 0 standing 
3 1058 374 1107 521 57068 0 0 1 standing 
3 1055 374 1104 521 57069 0 0 1 standing 
3 1052 374 1101 521 57070 0 0 1 standing 
3 1050 374 1098 521 57071 0 0 1 standing 
3 1047 373 1095 521 57072 0 0 1 standing 
3 1044 373 1092 521 57073 0 0 1 standing 
3 1041 373 1089 521 57074 0 0 1 standing 
4 928 402 994 517 57055 0 0 0 standing 
4 978 401 1044 516 57056 0 0 1 standing 
4 1029 400 1095 515 57057 0 0 1 standing 
4 1080 399 1146 514 57058 0 0 0 standing 
4 1125 397 1189 514 57059 0 0 1 standing 
4 1170 396 1233 514 57060 0 0 1 standing 
4 1215 395 1277 515 57061 0 0 0 standing 
4 1233 389 1277 508 57062 0 0 1 standing 
4 1251 383 1278 502 57063 0 0 1 standing 
4 1270 377 1279 496 57064 0 0 0 standing 
4 1270 377 1279 496 57065 0 0 1 standing 
4 1270 377 1279 496 57066 0 0 1 standing 
4 1270 377 1279 496 57067 0 0 1 standing 
4 1270 377 1279 496 57068 0 0 1 standing 
4 1270 377 1279 496 57069 0 0 1 standing 
4 1270 377 1279 496 57070 0 0 1 standing 
4 1270 377 1279 496 57071 0 0 1 standing 
4 1270 377 1279 496 57072 0 0 1 standing 
4 1270 377 1279 496 57073 0 0 1 standing 
4 1270 377 1279 496 57074 0 0 1 standing 
5 1075 436 1151 554 57055 0 0 0 standing 
5 1116 439 1193 561 57056 0 0 1 standing 
5 1157 442 1235 569 57057 0 0 1 standing 
5 1199 445 1277 577 57058 0 0 0 standing 
5 1218 444 1277 576 57059 0 0 1 standing 
5 1238 443 1278 575 57060 0 0 1 standing 
5 1258 442 1279 574 57061 0 0 0 standing 
5 1264 440 1279 572 57062 0 0 1 standing 
5 1270 438 1280 570 57063 0 0 1 standing 
5 1277 436 1281 568 57064 0 0 0 standing 
5 1277 436 1281 568 57065 0 0 1 standing 
5 1277 436 1281 568 57066 0 0 1 standing 
5 1277 436 1281 568 57067 0 0 1 standing 
5 1277 436 1281 568 57068 0 0 1 standing 
5 1277 436 1281 568 57069 0 0 1 standing 
5 1277 436 1281 568 57070 0 0 1 standing 
5 1277 436 1281 568 57071 0 0 1 standing 
5 1277 436 1281 568 57072 0 0 1 standing 
5 1277 436 1281 568 57073 0 0 1 standing 
5 1277 436 1281 568 57074 0 0 1 standing 
6 1102 497 1163 646 57055 0 0 0 standing 
6 1145 501 1200 650 57056 0 0 1 standing 
6 1188 505 1238 654 57057 0 0 1 standing 
6 1232 509 1276 658 57058 0 0 0 standing 
6 1243 508 1277 657 57059 0 0 1 standing 
6 1254 507 1278 656 57060 0 0 1 standing 
6 1266 506 1279 655 57061 0 0 0 standing 
6 1267 504 1279 652 57062 0 0 1 standing 
6 1268 502 1279 650 57063 0 0 1 standing 
6 1270 500 1279 648 57064 0 0 0 standing 
6 1270 500 1279 648 57065 0 0 1 standing 
6 1270 500 1279 648 57066 0 0 1 standing 
6 1270 500 1279 648 57067 0 0 1 standing 
6 1270 500 1279 648 57068 0 0 1 standing 
6 1270 500 1279 648 57069 0 0 1 standing 
6 1270 500 1279 648 57070 0 0 1 standing 
6 1270 500 1279 648 57071 0 0 1 standing 
6 1270 500 1279 648 57072 0 0 1 standing 
6 1270 500 1279 648 57073 0 0 1 standing 
6 1270 500 1279 648 57074 0 0 1 standing 
7 506 462 578 607 57055 0 0 0 standing 
7 553 460 625 603 57056 0 0 1 standing 
7 601 459 673 599 57057 0 0 1 standing 
7 649 458 721 596 57058 0 0 0 standing 
7 690 458 764 597 57059 0 0 1 standing 
7 732 458 807 598 57060 0 0 1 standing 
7 774 458 850 599 57061 0 0 0 standing 
7 802 458 879 598 57062 0 0 1 standing 
7 831 458 909 597 57063 0 0 1 standing 
7 860 459 939 597 57064 0 0 0 standing 
7 878 461 954 598 57065 0 0 1 standing 
7 896 463 969 599 57066 0 0 1 standing 
7 915 466 984 600 57067 0 0 0 standing 
7 916 468 988 601 57068 0 0 1 standing 
7 918 470 993 602 57069 0 0 1 standing 
7 920 473 998 604 57070 0 0 0 standing 
7 912 473 995 603 57071 0 0 1 standing 
7 905 473 992 602 57072 0 0 1 standing 
7 898 473 989 601 57073 0 0 1 standing 
7 891 473 986 600 57074 0 0 1 standing 
8 323 371 427 502 57055 0 0 0 standing 
8 372 367 471 498 57056 0 0 1 standing 
8 422 363 515 495 57057 0 0 1 standing 
8 472 359 560 492 57058 0 0 0 standing 
8 513 357 592 491 57059 0 0 1 standing 
8 554 355 624 491 57060 0 0 1 standing 
8 596 354 656 491 57061 0 0 0 standing 
8 625 354 682 493 57062 0 0 1 standing 
8 654 355 708 495 57063 0 0 1 standing 
8 683 356 735 498 57064 0 0 0 standing 
8 697 356 749 497 57065 0 0 1 standing 
8 711 356 764 497 57066 0 0 1 standing 
8 725 356 779 497 57067 0 0 0 standing 
8 724 356 778 498 57068 0 0 1 standing 
8 723 356 777 499 57069 0 0 1 standing 
8 722 356 777 501 57070 0 0 0 standing 
8 712 360 772 503 57071 0 0 1 standing 
8 702 364 767 505 57072 0 0 1 standing 
8 692 368 762 507 57073 0 0 1 standing 
8 682 372 757 509 57074 0 0 1 standing 
9 135 406 196 531 57055 0 0 0 standing 
9 185 403 246 527 57056 0 0 1 standing 
9 235 400 296 524 57057 0 0 1 standing 
9 286 398 346 521 57058 0 0 0 standing 
9 330 394 387 518 57059 0 0 1 standing 
9 374 390 428 516 57060 0 0 1 standing 
9 418 387 470 514 57061 0 0 0 standing 
9 448 384 500 512 57062 0 0 1 standing 
9 479 381 530 510 57063 0 0 1 standing 
9 510 379 561 509 57064 0 0 0 standing 
9 523 379 576 505 57065 0 0 1 standing 
9 537 379 592 502 57066 0 0 1 standing 
9 551 380 608 499 57067 0 0 0 standing 
9 552 380 610 499 57068 0 0 1 standing 
9 553 381 613 499 57069 0 0 1 standing 
9 554 382 616 500 57070 0 0 0 standing 
9 549 380 614 500 57071 0 0 1 standing 
9 545 378 612 500 57072 0 0 1 standing 
9 541 376 611 500 57073 0 0 1 standing 
9 537 374 609 500 57074 0 0 1 standing 
10 0 514 65 646 57055 0 0 0 standing 
10 48 507 113 636 57056 0 0 1 waiting 
10 96 500 162 627 57057 0 0 1 waiting 
10 145 493 211 618 57058 0 0 0 waiting 
10 185 487 251 611 57059 0 0 1 waiting 
10 226 481 291 604 57060 0 0 1 waiting 
10 267 476 332 597 57061 0 0 0 waiting 
10 288 474 359 595 57062 0 0 1 waiting 
10 309 473 386 593 57063 0 0 1 waiting 
10 330 472 414 591 57064 0 0 0 waiting 
10 340 470 428 590 57065 0 0 1 waiting 
10 350 469 442 590 57066 0 0 1 waiting 
10 360 468 456 590 57067 0 0 0 waiting 
10 361 468 456 589 57068 0 0 1 waiting 
10 362 468 456 589 57069 0 0 1 waiting 
10 363 468 456 589 57070 0 0 0 waiting 
10 359 466 451 589 57071 0 0 1 waiting 
10 355 465 447 589 57072 0 0 1 waiting 
10 351 463 442 589 57073 0 0 1 waiting 
10 347 462 438 589 57074 0 0 1 waiting 
11 4 561 75 650 57055 0 0 0 waiting 
11 2 526 68 630 57056 0 0 1 moving 
11 1 491 61 611 57057 0 0 1 moving 
11 0 456 55 592 57058 0 0 0 moving 
11 35 453 101 593 57059 0 0 1 moving 
11 70 450 147 595 57060 0 0 1 moving 
11 105 447 193 597 57061 0 0 0 moving 
11 137 447 224 602 57062 0 0 1 moving 
11 169 447 256 607 57063 0 0 1 moving 
11 201 447 288 612 57064 0 0 0 moving 
11 219 451 305 611 57065 0 0 1 moving 
11 238 455 322 610 57066 0 0 1 moving 
11 257 459 339 609 57067 0 0 0 moving 
11 261 462 342 615 57068 0 0 1 moving 
11 266 465 345 622 57069 0 0 1 moving 
11 271 469 349 629 57070 0 0 0 moving 
11 268 471 350 631 57071 0 0 1 moving 
11 265 473 351 634 57072 0 0 1 moving 
11 263 475 352 637 57073 0 0 1 moving 
11 260 477 353 640 57074 0 0 1 moving 
