0 297 448 382 586 64375 0 1 0 moving 
0 296 447 385 585 64376 0 1 1 moving 
0 295 447 389 585 64377 0 1 1 moving 
0 294 446 393 585 64378 0 1 1 moving 
0 294 446 397 585 64379 0 1 0 moving 
0 299 446 399 584 64380 0 1 1 moving 
0 304 446 401 584 64381 0 1 1 moving 
0 309 447 404 584 64382 0 1 1 moving 
0 314 447 406 584 64383 0 1 1 moving 
0 320 448 409 584 64384 0 1 0 moving 
0 321 447 410 583 64385 0 1 1 moving 
0 322 447 411 582 64386 0 1 1 moving 
0 323 447 412 582 64387 0 1 1 moving 
0 324 446 413 581 64388 0 1 1 moving 
0 325 446 414 581 64389 0 1 1 moving 
0 327 446 416 580 64390 0 1 1 moving 
0 328 446 417 580 64391 0 1 1 moving 
0 329 445 418 579 64392 0 1 1 moving 
0 330 445 419 579 64393 0 1 1 moving 
0 331 445 420 578 64394 0 1 1 moving 
1 441 511 526 665 64375 0 1 0 moving 
1 437 510 524 663 64376 0 1 1 standing 
1 433 509 522 661 64377 0 1 1 standing 
1 430 508 520 660 64378 0 1 0 standing 
1 429 509 521 660 64379 0 1 1 standing 
1 428 511 522 661 64380 0 1 1 standing 
1 427 512 523 662 64381 0 1 1 standing 
1 427 514 524 663 64382 0 1 0 standing 
1 427 512 526 662 64383 0 1 1 standing 
1 428 511 528 661 64384 0 1 1 standing 
1 429 510 531 660 64385 0 1 0 standing 
1 429 510 532 660 64386 0 1 1 standing 
1 429 511 533 660 64387 0 1 1 standing 
1 429 511 534 661 64388 0 1 1 standing 
1 429 512 535 661 64389 0 1 1 standing 
1 430 513 536 662 64390 0 1 0 standing 
1 430 515 536 664 64391 0 1 1 standing 
1 430 518 536 667 64392 0 1 1 standing 
1 430 521 536 670 64393 0 1 1 standing 
1 430 524 536 673 64394 0 1 1 standing 
2 569 340 626 436 64375 0 1 0 standing 
2 567 339 624 435 64376 0 1 1 moving 
2 566 339 623 435 64377 0 1 1 moving 
2 565 339 622 435 64378 0 1 1 moving 
2 563 338 620 434 64379 0 1 1 moving 
2 562 338 619 434 64380 0 1 1 moving 
2 561 338 618 434 64381 0 1 1 moving 
2 559 337 616 433 64382 0 1 1 moving 
2 558 337 615 433 64383 0 1 1 moving 
2 557 337 614 433 64384 0 1 1 moving 
2 556 337 613 433 64385 0 1 0 moving 
2 555 337 612 433 64386 0 1 1 moving 
2 555 338 612 434 64387 0 1 1 moving 
2 555 338 612 435 64388 0 1 1 moving 
2 555 339 612 435 64389 0 1 1 moving 
2 555 339 612 436 64390 0 1 1 moving 
2 554 340 612 437 64391 0 1 1 moving 
2 554 340 612 437 64392 0 1 1 moving 
2 554 341 612 438 64393 0 1 1 moving 
2 554 341 612 439 64394 0 1 1 moving 
3 524 432 587 548 64375 0 1 0 moving 
3 524 424 585 548 64376 0 1 1 setting 
3 524 417 583 548 64377 0 1 1 setting 
3 524 410 582 549 64378 0 1 0 setting 
3 524 402 580 544 64379 0 1 1 setting 
3 524 394 579 539 64380 0 1 1 setting 
3 524 386 577 534 64381 0 1 1 setting 
3 524 378 576 529 64382 0 1 1 setting 
3 525 370 575 525 64383 0 1 0 setting 
3 524 370 578 522 64384 0 1 1 setting 
3 523 370 581 519 64385 0 1 1 setting 
3 523 370 584 517 64386 0 1 0 setting 
3 518 376 580 519 64387 0 1 1 setting 
3 514 382 577 522 64388 0 1 1 setting 
3 510 388 574 525 64389 0 1 1 setting 
3 506 394 570 528 64390 0 1 1 setting 
3 501 400 567 531 64391 0 1 1 setting 
3 497 406 564 534 64392 0 1 1 setting 
3 493 412 560 537 64393 0 1 1 setting 
3 489 418 557 540 64394 0 1 1 setting 
4 646 413 711 553 64375 0 0 0 setting 
4 648 412 713 552 64376 0 0 1 standing 
4 651 411 716 551 64377 0 0 1 standing 
4 653 410 719 550 64378 0 0 1 standing 
4 656 409 722 549 64379 0 0 1 standing 
4 658 408 725 548 64380 0 0 1 standing 
4 661 407 728 547 64381 0 0 1 standing 
4 664 407 731 547 64382 0 0 0 standing 
4 664 406 731 546 64383 0 0 1 standing 
4 665 406 731 546 64384 0 0 1 standing 
4 666 406 732 546 64385 0 0 0 standing 
4 663 406 729 546 64386 0 0 1 standing 
4 661 406 727 546 64387 0 0 1 standing 
4 659 406 725 546 64388 0 0 1 standing 
4 656 406 723 546 64389 0 0 1 standing 
4 654 407 721 547 64390 0 0 1 standing 
4 652 407 719 547 64391 0 0 1 standing 
4 649 407 717 547 64392 0 0 1 standing 
4 647 407 715 547 64393 0 0 1 standing 
4 645 407 713 547 64394 0 0 1 standing 
5 438 491 490 628 64375 0 0 0 standing 
5 438 490 491 627 64376 0 0 1 standing 
5 438 490 493 627 64377 0 0 1 standing 
5 438 490 494 627 64378 0 0 1 standing 
5 438 490 496 627 64379 0 0 1 standing 
5 438 490 497 626 64380 0 0 1 standing 
5 439 490 499 626 64381 0 0 1 standing 
5 439 489 500 626 64382 0 0 1 standing 
5 439 489 502 626 64383 0 0 1 standing 
5 439 489 503 625 64384 0 0 1 standing 
5 439 489 505 625 64385 0 0 1 standing 
5 439 489 506 625 64386 0 0 1 standing 
5 440 489 508 625 64387 0 0 0 standing 
5 439 486 507 625 64388 0 0 1 standing 
5 438 483 506 625 64389 0 0 1 standing 
5 437 480 505 625 64390 0 0 0 standing 
5 436 481 504 624 64391 0 0 1 standing 
5 435 482 503 624 64392 0 0 1 standing 
5 434 484 503 623 64393 0 0 1 standing 
5 433 485 502 623 64394 0 0 1 standing 
6 812 423 868 554 64375 0 0 0 standing 
6 811 422 867 553 64376 0 0 1 standing 
6 811 422 867 553 64377 0 0 1 standing 
6 811 422 867 552 64378 0 0 1 standing 
6 811 421 867 552 64379 0 0 1 standing 
6 811 421 867 552 64380 0 0 1 standing 
6 811 421 867 551 64381 0 0 1 standing 
6 811 420 867 551 64382 0 0 1 standing 
6 811 420 867 550 64383 0 0 1 standing 
6 811 420 867 550 64384 0 0 1 standing 
6 811 420 867 550 64385 0 0 0 standing 
6 806 421 862 551 64386 0 0 1 standing 
6 801 423 858 553 64387 0 0 1 standing 
6 797 425 853 555 64388 0 0 1 standing 
6 792 426 849 556 64389 0 0 1 standing 
6 788 428 844 558 64390 0 0 1 standing 
6 783 430 840 560 64391 0 0 1 standing 
6 778 431 835 561 64392 0 0 1 standing 
6 774 433 831 563 64393 0 0 1 standing 
6 769 435 826 565 64394 0 0 1 standing 
7 850 472 913 592 64375 0 0 0 standing 
7 846 471 909 592 64376 0 0 1 standing 
7 843 471 906 593 64377 0 0 1 standing 
7 840 471 902 594 64378 0 0 1 standing 
7 836 471 899 595 64379 0 0 1 standing 
7 833 471 896 596 64380 0 0 1 standing 
7 830 470 892 596 64381 0 0 1 standing 
7 826 470 889 597 64382 0 0 1 standing 
7 823 470 885 598 64383 0 0 1 standing 
7 820 470 882 599 64384 0 0 1 standing 
7 817 470 879 600 64385 0 0 0 standing 
7 811 470 873 600 64386 0 0 1 standing 
7 806 470 868 600 64387 0 0 1 standing 
7 801 470 863 600 64388 0 0 1 standing 
7 796 471 858 601 64389 0 0 1 standing 
7 791 471 853 601 64390 0 0 1 standing 
7 786 471 848 601 64391 0 0 1 standing 
7 781 472 843 602 64392 0 0 1 standing 
7 776 472 838 602 64393 0 0 1 standing 
7 771 472 833 602 64394 0 0 1 standing 
8 852 390 906 514 64375 0 0 0 standing 
8 849 389 903 513 64376 0 0 1 standing 
8 847 389 901 513 64377 0 0 1 standing 
8 845 388 898 513 64378 0 0 1 standing 
8 843 388 896 513 64379 0 0 1 standing 
8 841 388 894 513 64380 0 0 1 standing 
8 838 387 891 512 64381 0 0 1 standing 
8 836 387 889 512 64382 0 0 1 standing 
8 834 386 886 512 64383 0 0 1 standing 
8 832 386 884 512 64384 0 0 1 standing 
8 830 386 882 512 64385 0 0 0 standing 
8 825 386 877 512 64386 0 0 1 standing 
8 820 387 872 513 64387 0 0 1 standing 
8 815 388 867 514 64388 0 0 1 standing 
8 811 389 863 515 64389 0 0 1 standing 
8 806 390 858 516 64390 0 0 1 standing 
8 801 391 853 517 64391 0 0 1 standing 
8 797 392 849 518 64392 0 0 1 standing 
8 792 393 844 519 64393 0 0 1 standing 
8 787 394 839 520 64394 0 0 1 standing 
9 1093 398 1156 520 64375 0 0 0 standing 
9 1093 396 1156 518 64376 0 0 1 standing 
9 1094 395 1157 517 64377 0 0 1 standing 
9 1095 394 1157 516 64378 0 0 1 standing 
9 1095 392 1158 514 64379 0 0 1 standing 
9 1096 391 1158 513 64380 0 0 1 standing 
9 1097 390 1159 512 64381 0 0 1 standing 
9 1097 388 1159 510 64382 0 0 1 standing 
9 1098 387 1160 509 64383 0 0 1 standing 
9 1099 386 1160 508 64384 0 0 1 standing 
9 1100 385 1161 507 64385 0 0 0 standing 
9 1097 385 1158 507 64386 0 0 1 standing 
9 1094 385 1155 507 64387 0 0 1 standing 
9 1091 385 1152 507 64388 0 0 1 standing 
9 1089 385 1150 507 64389 0 0 1 standing 
9 1086 386 1147 508 64390 0 0 1 standing 
9 1083 386 1144 508 64391 0 0 1 standing 
9 1081 386 1142 508 64392 0 0 1 standing 
9 1078 386 1139 508 64393 0 0 1 standing 
9 1075 386 1136 508 64394 0 0 1 standing 
10 1142 488 1204 635 64375 0 0 0 standing 
10 1141 488 1203 635 64376 0 0 1 standing 
10 1140 488 1202 635 64377 0 0 1 standing 
10 1140 488 1202 635 64378 0 0 1 standing 
10 1139 488 1201 635 64379 0 0 1 standing 
10 1139 488 1201 635 64380 0 0 1 standing 
10 1138 488 1200 635 64381 0 0 1 standing 
10 1137 488 1199 635 64382 0 0 1 standing 
10 1137 488 1199 635 64383 0 0 1 standing 
10 1136 488 1198 635 64384 0 0 1 standing 
10 1136 488 1198 635 64385 0 0 0 standing 
10 1131 488 1196 635 64386 0 0 1 standing 
10 1127 489 1195 636 64387 0 0 1 standing 
10 1122 489 1194 636 64388 0 0 1 standing 
10 1118 490 1193 637 64389 0 0 0 standing 
10 1119 490 1192 637 64390 0 0 1 standing 
10 1120 491 1191 638 64391 0 0 1 standing 
10 1122 492 1190 639 64392 0 0 1 standing 
10 1123 492 1189 639 64393 0 0 1 standing 
10 1124 493 1188 640 64394 0 0 1 standing 
11 1239 433 1278 558 64375 0 0 0 standing 
11 1239 433 1278 558 64376 0 0 1 standing 
11 1240 433 1278 558 64377 0 0 1 standing 
11 1241 433 1278 559 64378 0 0 1 standing 
11 1241 433 1278 559 64379 0 0 1 standing 
11 1242 433 1278 560 64380 0 0 1 standing 
11 1243 433 1278 560 64381 0 0 1 standing 
11 1243 433 1278 560 64382 0 0 1 standing 
11 1244 433 1278 561 64383 0 0 1 standing 
11 1245 433 1278 561 64384 0 0 1 standing 
11 1246 433 1278 562 64385 0 0 0 standing 
11 1248 433 1278 562 64386 0 0 1 standing 
11 1250 433 1279 562 64387 0 0 1 standing 
11 1252 433 1279 562 64388 0 0 1 standing 
11 1255 434 1280 562 64389 0 0 0 standing 
11 1254 434 1279 562 64390 0 0 1 standing 
11 1253 434 1279 562 64391 0 0 1 standing 
11 1253 434 1279 562 64392 0 0 1 standing 
11 1252 434 1279 562 64393 0 0 1 standing 
11 1251 434 1279 562 64394 0 0 1 standing 
