0 848 436 928 561 74800 0 1 0 digging 
0 839 437 928 564 74801 0 1 1 digging 
0 830 438 929 567 74802 0 1 1 digging 
0 822 440 930 571 74803 0 1 0 digging 
0 812 444 925 571 74804 0 1 1 digging 
0 803 448 920 572 74805 0 1 1 digging 
0 794 452 916 573 74806 0 1 0 digging 
0 784 454 902 573 74807 0 1 1 digging 
0 775 456 888 574 74808 0 1 1 digging 
0 766 458 874 575 74809 0 1 0 digging 
0 747 459 852 574 74810 0 1 1 digging 
0 729 460 830 573 74811 0 1 1 digging 
0 711 462 809 573 74812 0 1 0 digging 
0 690 462 787 573 74813 0 1 1 digging 
0 669 462 765 573 74814 0 1 1 digging 
0 648 463 743 574 74815 0 1 0 digging 
0 642 463 737 575 74816 0 1 1 digging 
0 636 463 732 576 74817 0 1 1 digging 
0 630 463 727 577 74818 0 1 1 digging 
0 624 463 722 578 74819 0 1 1 digging 
1 960 387 1039 522 74800 0 0 0 digging 
1 959 388 1034 526 74801 0 0 1 digging 
1 958 389 1029 531 74802 0 0 1 digging 
1 957 390 1025 536 74803 0 0 0 digging 
1 947 393 1012 536 74804 0 0 1 digging 
1 937 396 999 537 74805 0 0 1 digging 
1 927 399 987 538 74806 0 0 0 digging 
1 915 400 974 535 74807 0 0 1 digging 
1 903 401 962 532 74808 0 0 1 digging 
1 892 402 950 529 74809 0 0 0 digging 
1 874 400 934 529 74810 0 0 1 digging 
1 857 398 918 530 74811 0 0 1 digging 
1 840 396 902 531 74812 0 0 0 digging 
1 823 393 886 526 74813 0 0 1 digging 
1 806 390 871 521 74814 0 0 1 digging 
1 790 388 856 516 74815 0 0 0 digging 
1 785 387 850 516 74816 0 0 1 digging 
1 781 386 845 516 74817 0 0 1 digging 
1 776 386 839 516 74818 0 0 1 digging 
1 772 385 834 516 74819 0 0 1 digging 
2 896 327 959 459 74800 0 0 0 digging 
2 887 326 947 458 74801 0 0 1 standing 
2 878 325 935 457 74802 0 0 1 standing 
2 869 325 924 456 74803 0 0 0 standing 
2 857 325 912 456 74804 0 0 1 standing 
2 845 326 900 457 74805 0 0 1 standing 
2 833 327 889 458 74806 0 0 0 standing 
2 820 327 875 456 74807 0 0 1 standing 
2 807 327 862 455 74808 0 0 1 standing 
2 794 327 849 454 74809 0 0 0 standing 
2 773 326 836 454 74810 0 0 1 standing 
2 752 325 823 454 74811 0 0 1 standing 
2 732 325 811 455 74812 0 0 0 standing 
2 717 322 796 452 74813 0 0 1 standing 
2 702 319 781 450 74814 0 0 1 standing 
2 688 316 766 448 74815 0 0 0 standing 
2 683 316 761 446 74816 0 0 1 standing 
2 679 316 756 444 74817 0 0 1 standing 
2 675 316 751 443 74818 0 0 1 standing 
2 671 316 746 441 74819 0 0 1 standing 
3 649 411 716 554 74800 0 0 0 standing 
3 642 413 723 554 74801 0 0 1 standing 
3 635 415 731 554 74802 0 0 1 standing 
3 628 418 739 555 74803 0 0 0 standing 
3 618 420 728 557 74804 0 0 1 standing 
3 609 422 717 559 74805 0 0 1 standing 
3 600 425 707 562 74806 0 0 0 standing 
3 592 423 693 560 74807 0 0 1 standing 
3 585 421 679 558 74808 0 0 1 standing 
3 578 420 666 556 74809 0 0 0 standing 
3 570 418 652 558 74810 0 0 1 standing 
3 562 416 639 560 74811 0 0 1 standing 
3 555 415 626 562 74812 0 0 0 standing 
3 541 417 610 563 74813 0 0 1 standing 
3 528 420 594 565 74814 0 0 1 standing 
3 515 423 578 567 74815 0 0 0 standing 
3 507 426 572 570 74816 0 0 1 standing 
3 500 429 566 573 74817 0 0 1 standing 
3 493 433 561 576 74818 0 0 1 standing 
3 486 436 555 579 74819 0 0 1 standing 
4 569 221 628 438 74800 0 0 0 standing 
4 555 222 619 436 74801 0 0 1 standing 
4 541 223 611 434 74802 0 0 1 standing 
4 528 225 603 432 74803 0 0 0 standing 
4 516 227 595 425 74804 0 0 1 standing 
4 504 230 587 419 74805 0 0 1 standing 
4 493 233 580 413 74806 0 0 0 standing 
4 485 238 568 421 74807 0 0 1 standing 
4 477 244 557 430 74808 0 0 1 standing 
4 469 250 546 439 74809 0 0 0 standing 
4 452 259 527 439 74810 0 0 1 standing 
4 435 268 508 439 74811 0 0 1 standing 
4 419 277 490 440 74812 0 0 0 standing 
4 407 283 477 440 74813 0 0 1 standing 
4 396 289 464 441 74814 0 0 1 standing 
4 385 295 452 442 74815 0 0 0 standing 
4 380 294 450 441 74816 0 0 1 standing 
4 375 293 448 440 74817 0 0 1 standing 
4 370 292 446 439 74818 0 0 1 standing 
4 365 291 444 438 74819 0 0 1 standing 
5 566 221 617 419 74800 0 0 0 standing 
5 553 222 604 407 74801 0 0 1 standing 
5 541 223 591 395 74802 0 0 1 standing 
5 529 225 579 384 74803 0 0 0 standing 
5 517 228 569 386 74804 0 0 1 standing 
5 505 231 560 389 74805 0 0 1 standing 
5 493 234 551 392 74806 0 0 0 standing 
5 482 237 543 395 74807 0 0 1 standing 
5 471 241 536 398 74808 0 0 1 standing 
5 460 245 529 402 74809 0 0 0 standing 
5 441 254 503 411 74810 0 0 1 standing 
5 423 263 478 420 74811 0 0 1 standing 
5 405 272 453 430 74812 0 0 0 standing 
5 391 283 445 431 74813 0 0 1 standing 
5 377 295 438 433 74814 0 0 1 standing 
5 364 307 431 435 74815 0 0 0 standing 
5 358 309 420 433 74816 0 0 1 standing 
5 352 311 409 432 74817 0 0 1 standing 
5 346 313 399 430 74818 0 0 1 standing 
5 340 315 388 429 74819 0 0 1 standing 
6 472 193 534 373 74800 0 0 0 standing 
6 464 207 525 372 74801 0 0 1 jumping 
6 457 221 517 371 74802 0 0 1 jumping 
6 450 235 509 370 74803 0 0 0 jumping 
6 438 239 497 373 74804 0 0 1 jumping 
6 427 243 486 376 74805 0 0 1 jumping 
6 416 247 475 379 74806 0 0 0 jumping 
6 403 256 463 385 74807 0 0 1 jumping 
6 390 265 451 391 74808 0 0 1 jumping 
6 377 274 440 397 74809 0 0 0 jumping 
6 363 280 428 405 74810 0 0 1 jumping 
6 349 286 416 413 74811 0 0 1 jumping 
6 336 292 405 421 74812 0 0 0 jumping 
6 320 293 389 422 74813 0 0 1 jumping 
6 304 294 373 423 74814 0 0 1 jumping 
6 288 296 357 425 74815 0 0 0 jumping 
6 279 295 347 424 74816 0 0 1 jumping 
6 271 294 337 423 74817 0 0 1 jumping 
6 262 293 327 422 74818 0 0 1 jumping 
6 254 292 317 421 74819 0 0 1 jumping 
7 507 315 568 472 74800 0 0 0 jumping 
7 501 318 557 475 74801 0 0 1 standing 
7 496 322 547 479 74802 0 0 1 standing 
7 491 326 537 483 74803 0 0 0 standing 
7 478 327 524 482 74804 0 0 1 standing 
7 465 328 511 481 74805 0 0 1 standing 
7 452 329 499 481 74806 0 0 0 standing 
7 440 328 487 481 74807 0 0 1 standing 
7 429 327 475 482 74808 0 0 1 standing 
7 418 327 463 483 74809 0 0 0 standing 
7 401 327 446 483 74810 0 0 1 standing 
7 385 327 430 483 74811 0 0 1 standing 
7 369 328 414 484 74812 0 0 0 standing 
7 351 328 396 485 74813 0 0 1 standing 
7 334 329 379 486 74814 0 0 1 standing 
7 317 330 362 488 74815 0 0 0 standing 
7 309 329 354 487 74816 0 0 1 standing 
7 301 328 347 486 74817 0 0 1 standing 
7 293 327 340 485 74818 0 0 1 standing 
7 285 326 333 484 74819 0 0 1 standing 
8 340 336 398 488 74800 0 0 0 standing 
8 334 335 395 486 74801 0 0 1 standing 
8 328 335 393 485 74802 0 0 1 standing 
8 322 335 391 484 74803 0 0 0 standing 
8 312 340 380 485 74804 0 0 1 standing 
8 302 345 369 487 74805 0 0 1 standing 
8 292 350 359 489 74806 0 0 0 standing 
8 279 351 346 490 74807 0 0 1 standing 
8 266 353 334 491 74808 0 0 1 standing 
8 254 355 322 492 74809 0 0 0 standing 
8 236 352 302 491 74810 0 0 1 standing 
8 218 349 283 490 74811 0 0 1 standing 
8 201 347 264 490 74812 0 0 0 standing 
8 183 343 242 488 74813 0 0 1 standing 
8 166 339 221 486 74814 0 0 1 standing 
8 149 335 200 484 74815 0 0 0 standing 
8 141 334 191 482 74816 0 0 1 standing 
8 134 333 183 481 74817 0 0 1 standing 
8 126 332 175 480 74818 0 0 1 standing 
8 119 331 167 479 74819 0 0 1 standing 
9 249 455 344 622 74800 0 0 0 standing 
9 242 456 337 621 74801 0 0 1 standing 
9 236 458 331 620 74802 0 0 1 standing 
9 230 460 325 619 74803 0 0 0 standing 
9 217 459 311 618 74804 0 0 1 standing 
9 205 458 298 618 74805 0 0 1 standing 
9 193 458 285 618 74806 0 0 0 standing 
9 183 456 270 618 74807 0 0 1 standing 
9 173 455 255 619 74808 0 0 1 standing 
9 163 454 241 620 74809 0 0 0 standing 
9 144 453 224 621 74810 0 0 1 standing 
9 125 452 208 622 74811 0 0 1 standing 
9 107 452 192 623 74812 0 0 0 standing 
9 90 453 175 624 74813 0 0 1 standing 
9 73 454 159 625 74814 0 0 1 standing 
9 56 456 143 627 74815 0 0 0 standing 
9 48 456 135 627 74816 0 0 1 standing 
9 41 456 127 627 74817 0 0 1 standing 
9 33 456 120 627 74818 0 0 1 standing 
9 26 456 112 627 74819 0 0 1 standing 
10 181 368 239 517 74800 0 0 0 standing 
10 168 369 225 516 74801 0 0 1 standing 
10 155 370 212 516 74802 0 0 1 standing 
10 143 372 199 516 74803 0 0 0 standing 
10 126 374 185 515 74804 0 0 1 standing 
10 109 377 172 515 74805 0 0 1 standing 
10 92 380 159 515 74806 0 0 0 standing 
10 73 380 140 517 74807 0 0 1 standing 
10 55 381 121 520 74808 0 0 1 standing 
10 37 382 103 523 74809 0 0 0 standing 
10 24 380 84 521 74810 0 0 1 standing 
10 12 379 65 520 74811 0 0 1 standing 
10 0 378 46 519 74812 0 0 0 standing 
10 0 377 37 518 74813 0 0 1 standing 
10 0 377 29 517 74814 0 0 1 standing 
10 0 377 21 516 74815 0 0 0 standing 
10 0 377 21 516 74816 0 0 1 standing 
10 0 377 21 516 74817 0 0 1 standing 
10 0 377 21 516 74818 0 0 1 standing 
10 0 377 21 516 74819 0 0 1 standing 
11 473 387 544 538 74800 0 0 0 standing 
11 461 386 529 540 74801 0 0 1 standing 
11 450 385 514 543 74802 0 0 1 standing 
11 439 385 500 546 74803 0 0 0 standing 
11 416 388 484 547 74804 0 0 1 standing 
11 394 391 469 548 74805 0 0 1 standing 
11 372 394 454 549 74806 0 0 0 standing 
11 355 398 438 551 74807 0 0 1 standing 
11 338 402 423 553 74808 0 0 1 standing 
11 322 406 408 556 74809 0 0 0 standing 
11 305 403 394 556 74810 0 0 1 standing 
11 288 400 380 556 74811 0 0 1 standing 
11 271 398 366 556 74812 0 0 0 standing 
11 254 397 345 554 74813 0 0 1 standing 
11 237 396 324 553 74814 0 0 1 standing 
11 220 396 303 552 74815 0 0 0 standing 
11 212 394 293 551 74816 0 0 1 standing 
11 204 392 284 550 74817 0 0 1 standing 
11 196 391 274 549 74818 0 0 1 standing 
11 188 389 265 548 74819 0 0 1 standing 
