0 1038 484 1110 611 56660 0 1 0 falling 
0 1015 483 1084 609 56661 0 1 1 falling 
0 992 483 1058 607 56662 0 1 1 falling 
0 969 483 1032 605 56663 0 1 1 falling 
0 946 483 1007 603 56664 0 1 0 falling 
0 927 485 987 603 56665 0 1 1 falling 
0 908 487 967 604 56666 0 1 1 falling 
0 890 489 948 605 56667 0 1 0 falling 
0 878 488 938 602 56668 0 1 1 falling 
0 866 487 928 600 56669 0 1 1 falling 
0 855 487 918 598 56670 0 1 0 falling 
0 851 488 916 598 56671 0 1 1 falling 
0 848 490 914 598 56672 0 1 1 falling 
0 845 492 913 599 56673 0 1 0 falling 
0 845 490 913 596 56674 0 1 1 falling 
0 846 488 914 594 56675 0 1 1 falling 
0 847 487 915 592 56676 0 1 1 falling 
0 848 485 916 590 56677 0 1 1 falling 
0 849 483 916 587 56678 0 1 1 falling 
0 850 482 917 585 56679 0 1 1 falling 
1 1226 381 1272 522 56660 0 0 0 falling 
1 1203 378 1251 516 56661 0 0 1 standing 
1 1181 376 1230 511 56662 0 0 1 standing 
1 1159 373 1210 506 56663 0 0 1 standing 
1 1137 371 1189 501 56664 0 0 1 standing 
1 1115 369 1169 496 56665 0 0 0 standing 
1 1101 369 1157 496 56666 0 0 1 standing 
1 1087 369 1145 497 56667 0 0 1 standing 
1 1073 369 1133 497 56668 0 0 1 standing 
1 1059 369 1121 498 56669 0 0 1 standing 
1 1045 369 1109 499 56670 0 0 0 standing 
1 1041 367 1105 496 56671 0 0 1 standing 
1 1038 365 1101 493 56672 0 0 1 standing 
1 1035 363 1097 490 56673 0 0 1 standing 
1 1032 361 1093 487 56674 0 0 1 standing 
1 1029 360 1089 485 56675 0 0 1 standing 
1 1025 358 1085 482 56676 0 0 1 standing 
1 1022 356 1081 479 56677 0 0 1 standing 
1 1019 354 1077 476 56678 0 0 1 standing 
1 1016 352 1073 473 56679 0 0 1 standing 
2 1055 442 1106 549 56660 0 0 0 standing 
2 1038 444 1090 551 56661 0 0 1 standing 
2 1021 446 1074 553 56662 0 0 1 standing 
2 1005 449 1059 556 56663 0 0 1 standing 
2 988 451 1043 558 56664 0 0 1 standing 
2 972 454 1028 561 56665 0 0 0 standing 
2 964 453 1021 560 56666 0 0 1 standing 
2 956 453 1014 560 56667 0 0 1 standing 
2 948 453 1007 559 56668 0 0 1 standing 
2 940 453 1000 559 56669 0 0 1 standing 
2 933 453 994 559 56670 0 0 0 standing 
2 934 450 996 558 56671 0 0 1 standing 
2 936 448 999 557 56672 0 0 1 standing 
2 938 445 1002 556 56673 0 0 1 standing 
2 940 443 1005 556 56674 0 0 1 standing 
2 942 441 1008 555 56675 0 0 1 standing 
2 943 438 1010 554 56676 0 0 1 standing 
2 945 436 1013 554 56677 0 0 1 standing 
2 947 433 1016 553 56678 0 0 1 standing 
2 949 431 1019 552 56679 0 0 1 standing 
3 1009 414 1072 501 56660 0 0 0 standing 
3 989 415 1055 502 56661 0 0 1 standing 
3 969 416 1039 503 56662 0 0 1 standing 
3 950 418 1022 505 56663 0 0 1 standing 
3 930 419 1006 506 56664 0 0 1 standing 
3 911 421 990 508 56665 0 0 0 standing 
3 900 419 978 508 56666 0 0 1 standing 
3 890 417 967 508 56667 0 0 1 standing 
3 880 415 955 509 56668 0 0 1 standing 
3 870 413 944 509 56669 0 0 1 standing 
3 860 412 933 510 56670 0 0 0 standing 
3 860 410 933 509 56671 0 0 1 standing 
3 860 409 933 509 56672 0 0 1 standing 
3 860 408 933 509 56673 0 0 1 standing 
3 860 407 933 509 56674 0 0 1 standing 
3 860 406 933 509 56675 0 0 1 standing 
3 860 404 933 508 56676 0 0 1 standing 
3 860 403 933 508 56677 0 0 1 standing 
3 860 402 933 508 56678 0 0 1 standing 
3 860 401 933 508 56679 0 0 1 standing 
4 850 494 930 629 56660 0 0 0 standing 
4 831 494 912 628 56661 0 0 1 standing 
4 813 494 894 627 56662 0 0 1 standing 
4 795 494 876 626 56663 0 0 1 standing 
4 777 494 858 625 56664 0 0 1 standing 
4 759 494 840 624 56665 0 0 0 standing 
4 747 489 829 623 56666 0 0 1 standing 
4 736 484 818 622 56667 0 0 1 standing 
4 725 480 808 621 56668 0 0 1 standing 
4 714 475 797 620 56669 0 0 1 standing 
4 703 471 787 620 56670 0 0 0 standing 
4 705 471 790 618 56671 0 0 1 standing 
4 708 472 793 616 56672 0 0 1 standing 
4 710 472 796 614 56673 0 0 1 standing 
4 713 473 799 612 56674 0 0 1 standing 
4 716 474 802 610 56675 0 0 1 standing 
4 718 474 805 608 56676 0 0 1 standing 
4 721 475 808 606 56677 0 0 1 standing 
4 723 475 811 604 56678 0 0 1 standing 
4 726 476 814 602 56679 0 0 1 standing 
5 705 375 755 494 56660 0 0 0 standing 
5 685 376 734 496 56661 0 0 1 standing 
5 665 377 714 499 56662 0 0 1 standing 
5 645 378 694 501 56663 0 0 1 standing 
5 625 379 674 504 56664 0 0 1 standing 
5 605 380 654 507 56665 0 0 0 standing 
5 593 382 643 508 56666 0 0 1 standing 
5 582 385 632 509 56667 0 0 1 standing 
5 571 387 621 510 56668 0 0 1 standing 
5 560 390 610 511 56669 0 0 1 standing 
5 549 393 599 512 56670 0 0 0 standing 
5 549 393 599 512 56671 0 0 1 standing 
5 549 393 599 512 56672 0 0 1 standing 
5 549 393 599 512 56673 0 0 1 standing 
5 549 393 599 512 56674 0 0 1 standing 
5 549 393 599 512 56675 0 0 1 standing 
5 549 393 599 512 56676 0 0 1 standing 
5 549 393 599 512 56677 0 0 1 standing 
5 549 393 599 512 56678 0 0 1 standing 
5 549 393 599 512 56679 0 0 1 standing 
6 150 386 199 501 56660 0 0 0 standing 
6 131 388 180 503 56661 0 0 1 moving 
6 113 390 162 505 56662 0 0 1 moving 
6 95 393 144 508 56663 0 0 1 moving 
6 77 395 126 510 56664 0 0 1 moving 
6 59 398 108 513 56665 0 0 0 moving 
6 49 399 98 514 56666 0 0 1 moving 
6 40 400 89 515 56667 0 0 1 moving 
6 30 401 79 516 56668 0 0 1 moving 
6 21 402 70 517 56669 0 0 1 moving 
6 12 403 61 518 56670 0 0 0 moving 
6 14 403 62 519 56671 0 0 1 moving 
6 17 403 64 521 56672 0 0 1 moving 
6 19 403 66 523 56673 0 0 1 moving 
6 22 403 68 524 56674 0 0 1 moving 
6 24 404 70 526 56675 0 0 1 moving 
6 27 404 71 528 56676 0 0 1 moving 
6 29 404 73 529 56677 0 0 1 moving 
6 32 404 75 531 56678 0 0 1 moving 
6 34 404 77 533 56679 0 0 1 moving 
7 394 457 473 583 56660 0 0 0 moving 
7 372 458 450 584 56661 0 0 1 standing 
7 351 459 428 585 56662 0 0 1 standing 
7 330 460 406 586 56663 0 0 1 standing 
7 309 461 384 587 56664 0 0 1 standing 
7 288 463 362 589 56665 0 0 0 standing 
7 277 462 350 588 56666 0 0 1 standing 
7 266 462 338 588 56667 0 0 1 standing 
7 255 462 326 587 56668 0 0 1 standing 
7 244 462 314 587 56669 0 0 1 standing 
7 234 462 303 587 56670 0 0 0 standing 
7 230 463 299 589 56671 0 0 1 standing 
7 227 464 295 591 56672 0 0 1 standing 
7 223 465 292 593 56673 0 0 1 standing 
7 220 466 288 595 56674 0 0 1 standing 
7 216 467 285 597 56675 0 0 1 standing 
7 213 468 281 599 56676 0 0 1 standing 
7 209 469 277 601 56677 0 0 1 standing 
7 206 470 274 603 56678 0 0 1 standing 
7 202 471 270 605 56679 0 0 1 standing 
8 422 388 462 515 56660 0 0 0 standing 
8 402 389 442 516 56661 0 0 1 standing 
8 383 390 423 517 56662 0 0 1 standing 
8 364 391 404 518 56663 0 0 1 standing 
8 345 392 385 519 56664 0 0 1 standing 
8 326 394 366 521 56665 0 0 0 standing 
8 315 394 355 521 56666 0 0 1 standing 
8 304 394 344 521 56667 0 0 1 standing 
8 293 394 333 521 56668 0 0 1 standing 
8 282 394 322 521 56669 0 0 1 standing 
8 271 394 311 521 56670 0 0 0 standing 
8 270 394 310 521 56671 0 0 1 standing 
8 270 395 310 522 56672 0 0 1 standing 
8 269 396 309 523 56673 0 0 1 standing 
8 269 397 309 524 56674 0 0 1 standing 
8 268 398 308 525 56675 0 0 1 standing 
8 268 398 308 525 56676 0 0 1 standing 
8 267 399 307 526 56677 0 0 1 standing 
8 267 400 307 527 56678 0 0 1 standing 
8 266 401 306 528 56679 0 0 1 standing 
9 574 437 618 581 56660 0 0 0 standing 
9 559 437 603 582 56661 0 0 1 standing 
9 545 437 589 583 56662 0 0 1 standing 
9 530 437 574 584 56663 0 0 1 standing 
9 516 437 560 585 56664 0 0 1 standing 
9 502 438 546 586 56665 0 0 0 standing 
9 492 438 536 587 56666 0 0 1 standing 
9 483 438 526 588 56667 0 0 1 standing 
9 473 438 517 589 56668 0 0 1 standing 
9 464 438 507 590 56669 0 0 1 standing 
9 455 439 498 591 56670 0 0 0 standing 
9 456 439 499 591 56671 0 0 1 standing 
9 457 440 500 592 56672 0 0 1 standing 
9 458 441 501 593 56673 0 0 1 standing 
9 459 441 502 593 56674 0 0 1 standing 
9 461 442 504 594 56675 0 0 1 standing 
9 462 443 505 595 56676 0 0 1 standing 
9 463 443 506 595 56677 0 0 1 standing 
9 464 444 507 596 56678 0 0 1 standing 
9 465 445 508 597 56679 0 0 1 standing 
10 609 429 659 570 56660 0 0 0 standing 
10 590 428 640 569 56661 0 0 1 standing 
10 572 428 622 569 56662 0 0 1 standing 
10 554 427 604 568 56663 0 0 1 standing 
10 536 427 586 568 56664 0 0 1 standing 
10 518 427 568 568 56665 0 0 0 standing 
10 508 426 558 567 56666 0 0 1 standing 
10 498 426 548 567 56667 0 0 1 standing 
10 488 426 538 567 56668 0 0 1 standing 
10 478 426 528 567 56669 0 0 1 standing 
10 469 426 519 567 56670 0 0 0 standing 
10 468 426 518 567 56671 0 0 1 standing 
10 468 426 518 567 56672 0 0 1 standing 
10 467 426 517 567 56673 0 0 1 standing 
10 467 427 517 568 56674 0 0 1 standing 
10 467 427 517 568 56675 0 0 1 standing 
10 466 427 516 568 56676 0 0 1 standing 
10 466 428 516 569 56677 0 0 1 standing 
10 465 428 515 569 56678 0 0 1 standing 
10 465 428 515 569 56679 0 0 1 standing 
11 623 391 661 534 56660 0 0 0 standing 
11 604 391 642 534 56661 0 0 1 standing 
11 585 392 623 535 56662 0 0 1 standing 
11 566 392 605 535 56663 0 0 1 standing 
11 547 393 586 536 56664 0 0 1 standing 
11 528 394 568 537 56665 0 0 0 standing 
11 517 396 557 538 56666 0 0 1 standing 
11 506 398 546 540 56667 0 0 1 standing 
11 495 400 535 542 56668 0 0 1 standing 
11 484 402 524 544 56669 0 0 1 standing 
11 473 404 514 546 56670 0 0 0 standing 
11 473 404 514 546 56671 0 0 1 standing 
11 473 404 514 546 56672 0 0 1 standing 
11 473 404 514 546 56673 0 0 1 standing 
11 473 404 514 546 56674 0 0 1 standing 
11 474 404 515 546 56675 0 0 1 standing 
11 474 404 515 546 56676 0 0 1 standing 
11 474 404 515 546 56677 0 0 1 standing 
11 474 404 515 546 56678 0 0 1 standing 
11 474 404 515 546 56679 0 0 1 standing 
