0 569 419 641 579 44590 0 1 0 setting 
0 564 409 634 572 44591 0 1 1 setting 
0 559 399 627 566 44592 0 1 1 setting 
0 555 390 620 560 44593 0 1 0 setting 
0 553 386 616 557 44594 0 1 1 setting 
0 551 383 612 554 44595 0 1 1 setting 
0 549 379 608 551 44596 0 1 1 setting 
0 548 376 605 549 44597 0 1 0 setting 
0 545 373 600 547 44598 0 1 1 setting 
0 542 371 595 545 44599 0 1 1 setting 
0 539 369 591 544 44600 0 1 0 setting 
0 535 376 588 548 44601 0 1 1 setting 
0 531 383 586 553 44602 0 1 1 setting 
0 527 390 584 558 44603 0 1 0 setting 
0 520 397 579 562 44604 0 1 1 setting 
0 513 404 574 567 44605 0 1 1 setting 
0 506 412 569 572 44606 0 1 0 setting 
0 500 416 565 570 44607 0 1 1 setting 
0 494 420 562 568 44608 0 1 1 setting 
0 488 424 559 566 44609 0 1 1 setting 
1 457 424 551 556 44590 0 1 0 setting 
1 468 423 552 556 44591 0 1 1 setting 
1 480 422 554 556 44592 0 1 1 setting 
1 492 422 556 556 44593 0 1 0 setting 
1 496 419 560 556 44594 0 1 1 setting 
1 500 416 565 556 44595 0 1 1 setting 
1 504 413 570 556 44596 0 1 1 setting 
1 509 411 575 556 44597 0 1 0 setting 
1 505 400 574 550 44598 0 1 1 setting 
1 501 389 574 545 44599 0 1 1 setting 
1 497 378 574 539 44600 0 1 1 setting 
1 493 367 574 534 44601 0 1 1 setting 
1 490 357 574 529 44602 0 1 0 setting 
1 489 355 569 523 44603 0 1 1 setting 
1 488 353 565 518 44604 0 1 1 setting 
1 487 351 561 513 44605 0 1 1 setting 
1 487 350 557 508 44606 0 1 0 setting 
1 487 349 554 508 44607 0 1 1 setting 
1 488 349 552 509 44608 0 1 1 setting 
1 488 349 549 509 44609 0 1 1 setting 
2 401 341 452 447 44590 0 1 0 setting 
2 399 340 452 446 44591 0 1 1 moving 
2 398 340 452 446 44592 0 1 1 moving 
2 397 340 452 445 44593 0 1 1 moving 
2 395 339 452 445 44594 0 1 1 moving 
2 394 339 452 445 44595 0 1 1 moving 
2 393 339 452 444 44596 0 1 1 moving 
2 391 338 452 444 44597 0 1 1 moving 
2 390 338 452 443 44598 0 1 1 moving 
2 389 338 452 443 44599 0 1 1 moving 
2 388 338 452 443 44600 0 1 0 moving 
2 391 337 453 442 44601 0 1 1 moving 
2 394 336 454 442 44602 0 1 1 moving 
2 397 336 456 442 44603 0 1 1 moving 
2 400 335 457 442 44604 0 1 1 moving 
2 404 335 459 442 44605 0 1 1 moving 
2 407 334 460 442 44606 0 1 1 moving 
2 410 333 461 442 44607 0 1 1 moving 
2 413 333 463 442 44608 0 1 1 moving 
2 416 332 464 442 44609 0 1 1 moving 
3 199 488 288 602 44590 0 1 0 moving 
3 203 487 290 602 44591 0 1 1 moving 
3 207 486 292 603 44592 0 1 1 moving 
3 211 485 294 604 44593 0 1 0 moving 
3 217 485 303 605 44594 0 1 1 moving 
3 223 486 313 606 44595 0 1 1 moving 
3 229 486 323 607 44596 0 1 1 moving 
3 235 487 333 609 44597 0 1 0 moving 
3 241 485 336 609 44598 0 1 1 moving 
3 248 484 340 610 44599 0 1 1 moving 
3 255 483 344 611 44600 0 1 1 moving 
3 261 482 347 612 44601 0 1 1 moving 
3 268 481 351 613 44602 0 1 1 moving 
3 275 480 355 614 44603 0 1 0 moving 
3 286 480 364 614 44604 0 1 1 moving 
3 297 481 373 615 44605 0 1 1 moving 
3 308 482 382 616 44606 0 1 1 moving 
3 319 483 391 617 44607 0 1 1 moving 
3 331 484 400 618 44608 0 1 0 moving 
3 333 484 401 618 44609 0 1 1 moving 
4 264 388 324 489 44590 0 0 0 moving 
4 257 388 320 489 44591 0 0 1 standing 
4 251 388 316 489 44592 0 0 1 standing 
4 245 388 312 490 44593 0 0 0 standing 
4 243 386 311 492 44594 0 0 1 standing 
4 242 385 311 495 44595 0 0 1 standing 
4 241 384 310 497 44596 0 0 1 standing 
4 240 383 310 500 44597 0 0 0 standing 
4 239 384 310 498 44598 0 0 1 standing 
4 238 386 311 497 44599 0 0 1 standing 
4 238 388 312 496 44600 0 0 0 standing 
4 233 388 312 495 44601 0 0 1 standing 
4 229 388 312 494 44602 0 0 1 standing 
4 225 389 313 493 44603 0 0 0 standing 
4 229 388 313 494 44604 0 0 1 standing 
4 233 388 314 495 44605 0 0 1 standing 
4 237 387 315 496 44606 0 0 1 standing 
4 241 387 316 498 44607 0 0 1 standing 
4 245 386 317 499 44608 0 0 1 standing 
4 249 386 318 500 44609 0 0 1 standing 
5 246 431 310 546 44590 0 0 0 standing 
5 244 432 307 547 44591 0 0 1 standing 
5 242 433 305 548 44592 0 0 1 standing 
5 240 435 303 550 44593 0 0 0 standing 
5 242 432 305 547 44594 0 0 1 standing 
5 245 429 307 544 44595 0 0 1 standing 
5 247 426 309 541 44596 0 0 1 standing 
5 250 424 312 539 44597 0 0 0 standing 
5 251 424 313 539 44598 0 0 1 standing 
5 253 424 314 539 44599 0 0 1 standing 
5 255 425 315 539 44600 0 0 0 standing 
5 251 425 313 539 44601 0 0 1 standing 
5 247 425 312 539 44602 0 0 1 standing 
5 243 426 311 540 44603 0 0 0 standing 
5 246 425 311 541 44604 0 0 1 standing 
5 249 424 311 542 44605 0 0 1 standing 
5 252 423 311 543 44606 0 0 1 standing 
5 255 422 311 544 44607 0 0 1 standing 
5 258 421 311 545 44608 0 0 1 standing 
5 262 421 311 546 44609 0 0 0 standing 
6 692 450 750 585 44590 0 0 0 standing 
6 689 450 746 584 44591 0 0 1 standing 
6 686 450 742 584 44592 0 0 1 standing 
6 683 450 738 584 44593 0 0 0 standing 
6 679 450 733 584 44594 0 0 1 standing 
6 676 450 729 584 44595 0 0 1 standing 
6 673 450 725 584 44596 0 0 1 standing 
6 670 451 721 585 44597 0 0 1 standing 
6 667 451 717 585 44598 0 0 1 standing 
6 664 451 713 585 44599 0 0 1 standing 
6 661 452 709 586 44600 0 0 0 standing 
6 655 451 704 585 44601 0 0 1 standing 
6 650 450 699 585 44602 0 0 1 standing 
6 645 449 695 584 44603 0 0 1 standing 
6 639 448 690 584 44604 0 0 1 standing 
6 634 448 686 584 44605 0 0 1 standing 
6 629 447 681 583 44606 0 0 1 standing 
6 623 446 676 583 44607 0 0 1 standing 
6 618 445 672 582 44608 0 0 1 standing 
6 613 444 667 582 44609 0 0 1 standing 
7 975 487 1046 609 44590 0 0 0 standing 
7 975 486 1050 608 44591 0 0 1 digging 
7 975 486 1055 607 44592 0 0 1 digging 
7 975 486 1060 606 44593 0 0 0 digging 
7 975 486 1059 606 44594 0 0 1 digging 
7 975 486 1058 606 44595 0 0 1 digging 
7 975 486 1057 606 44596 0 0 1 digging 
7 976 486 1057 606 44597 0 0 0 digging 
7 976 486 1060 606 44598 0 0 1 digging 
7 977 486 1063 606 44599 0 0 1 digging 
7 978 486 1067 607 44600 0 0 0 digging 
7 978 487 1062 604 44601 0 0 1 digging 
7 979 488 1057 601 44602 0 0 1 digging 
7 980 489 1053 598 44603 0 0 0 digging 
7 980 487 1052 596 44604 0 0 1 digging 
7 981 486 1052 595 44605 0 0 1 digging 
7 982 485 1051 594 44606 0 0 1 digging 
7 983 483 1051 593 44607 0 0 1 digging 
7 984 482 1050 592 44608 0 0 1 digging 
7 985 481 1050 591 44609 0 0 1 digging 
8 963 387 1010 497 44590 0 0 0 digging 
8 957 388 1004 498 44591 0 0 1 standing 
8 951 390 998 500 44592 0 0 1 standing 
8 946 392 993 502 44593 0 0 0 standing 
8 940 392 987 502 44594 0 0 1 standing 
8 935 392 982 502 44595 0 0 1 standing 
8 930 392 977 502 44596 0 0 1 standing 
8 924 392 971 502 44597 0 0 1 standing 
8 919 392 966 502 44598 0 0 1 standing 
8 914 392 961 502 44599 0 0 1 standing 
8 909 392 956 502 44600 0 0 0 standing 
8 905 393 952 501 44601 0 0 1 standing 
8 901 394 948 500 44602 0 0 1 standing 
8 898 396 945 499 44603 0 0 0 standing 
8 895 394 942 498 44604 0 0 1 standing 
8 892 393 939 497 44605 0 0 1 standing 
8 889 392 936 496 44606 0 0 1 standing 
8 886 390 933 495 44607 0 0 1 standing 
8 883 389 930 494 44608 0 0 1 standing 
8 880 388 927 493 44609 0 0 1 standing 
9 688 415 741 546 44590 0 0 0 standing 
9 684 414 736 545 44591 0 0 1 blocking 
9 680 414 732 545 44592 0 0 1 blocking 
9 676 414 728 545 44593 0 0 1 blocking 
9 672 414 724 544 44594 0 0 1 blocking 
9 668 414 720 544 44595 0 0 1 blocking 
9 664 413 715 544 44596 0 0 1 blocking 
9 660 413 711 543 44597 0 0 1 blocking 
9 656 413 707 543 44598 0 0 1 blocking 
9 652 413 703 543 44599 0 0 1 blocking 
9 649 413 699 543 44600 0 0 0 blocking 
9 645 413 693 543 44601 0 0 1 blocking 
9 641 414 688 543 44602 0 0 1 blocking 
9 637 414 683 544 44603 0 0 1 blocking 
9 634 415 678 544 44604 0 0 1 blocking 
9 630 415 673 545 44605 0 0 1 blocking 
9 626 416 667 545 44606 0 0 1 blocking 
9 623 416 662 545 44607 0 0 1 blocking 
9 619 417 657 546 44608 0 0 1 blocking 
9 615 417 652 546 44609 0 0 1 blocking 
10 695 387 751 496 44590 0 0 0 blocking 
10 692 386 747 495 44591 0 0 1 standing 
10 690 385 743 494 44592 0 0 1 standing 
10 688 384 739 493 44593 0 0 1 standing 
10 685 384 735 492 44594 0 0 1 standing 
10 683 383 732 492 44595 0 0 1 standing 
10 681 382 728 491 44596 0 0 1 standing 
10 678 382 724 490 44597 0 0 1 standing 
10 676 381 720 489 44598 0 0 1 standing 
10 674 380 716 488 44599 0 0 1 standing 
10 672 380 713 488 44600 0 0 0 standing 
10 666 380 708 488 44601 0 0 1 standing 
10 661 381 704 489 44602 0 0 1 standing 
10 656 382 700 490 44603 0 0 0 standing 
10 652 382 696 490 44604 0 0 1 standing 
10 649 382 692 490 44605 0 0 1 standing 
10 645 382 688 490 44606 0 0 1 standing 
10 642 382 684 490 44607 0 0 1 standing 
10 638 382 680 490 44608 0 0 1 standing 
10 635 382 676 490 44609 0 0 1 standing 
11 1148 453 1216 566 44590 0 0 0 standing 
11 1143 452 1211 565 44591 0 0 1 digging 
11 1139 451 1207 564 44592 0 0 1 digging 
11 1135 450 1203 563 44593 0 0 1 digging 
11 1131 449 1199 562 44594 0 0 1 digging 
11 1127 448 1195 561 44595 0 0 1 digging 
11 1122 447 1190 560 44596 0 0 1 digging 
11 1118 446 1186 559 44597 0 0 1 digging 
11 1114 445 1182 558 44598 0 0 1 digging 
11 1110 444 1178 557 44599 0 0 1 digging 
11 1106 443 1174 556 44600 0 0 0 digging 
11 1102 443 1168 554 44601 0 0 1 digging 
11 1098 443 1162 552 44602 0 0 1 digging 
11 1095 443 1156 550 44603 0 0 0 digging 
11 1092 442 1153 550 44604 0 0 1 digging 
11 1089 441 1151 550 44605 0 0 1 digging 
11 1086 440 1149 550 44606 0 0 1 digging 
11 1084 440 1146 550 44607 0 0 1 digging 
11 1081 439 1144 550 44608 0 0 1 digging 
11 1078 438 1142 550 44609 0 0 1 digging 
