0 48 423 145 582 44615 0 0 0 standing 
0 47 423 144 583 44616 0 0 1 standing 
0 47 424 144 584 44617 0 0 1 standing 
0 47 425 144 585 44618 0 0 1 standing 
0 46 425 143 586 44619 0 0 1 standing 
0 46 426 143 587 44620 0 0 1 standing 
0 46 427 143 588 44621 0 0 1 standing 
0 45 427 142 589 44622 0 0 1 standing 
0 45 428 142 590 44623 0 0 1 standing 
0 45 429 142 591 44624 0 0 1 standing 
0 45 430 142 592 44625 0 0 0 standing 
0 44 431 142 591 44626 0 0 1 standing 
0 43 432 143 591 44627 0 0 1 standing 
0 42 433 144 590 44628 0 0 1 standing 
0 41 434 144 590 44629 0 0 1 standing 
0 40 435 145 590 44630 0 0 1 standing 
0 39 436 146 589 44631 0 0 1 standing 
0 38 437 146 589 44632 0 0 1 standing 
0 37 438 147 588 44633 0 0 1 standing 
0 36 439 148 588 44634 0 0 1 standing 
1 180 462 244 629 44615 0 0 0 standing 
1 178 462 242 629 44616 0 0 1 standing 
1 176 462 241 629 44617 0 0 1 standing 
1 174 462 240 629 44618 0 0 1 standing 
1 172 463 239 630 44619 0 0 1 standing 
1 170 463 238 630 44620 0 0 1 standing 
1 168 463 236 630 44621 0 0 1 standing 
1 166 464 235 631 44622 0 0 1 standing 
1 164 464 234 631 44623 0 0 1 standing 
1 162 464 233 631 44624 0 0 1 standing 
1 160 465 232 632 44625 0 0 0 standing 
1 157 465 233 632 44626 0 0 1 standing 
1 155 466 234 633 44627 0 0 1 standing 
1 153 467 236 634 44628 0 0 1 standing 
1 151 468 237 635 44629 0 0 1 standing 
1 149 469 239 636 44630 0 0 1 standing 
1 147 469 240 636 44631 0 0 1 standing 
1 145 470 241 637 44632 0 0 1 standing 
1 143 471 243 638 44633 0 0 1 standing 
1 141 472 244 639 44634 0 0 1 standing 
2 274 450 337 621 44615 0 1 0 standing 
2 275 449 338 620 44616 0 1 1 standing 
2 276 448 339 619 44617 0 1 1 standing 
2 277 448 340 619 44618 0 1 1 standing 
2 278 447 341 618 44619 0 1 1 standing 
2 280 447 343 618 44620 0 1 1 standing 
2 281 446 344 617 44621 0 1 1 standing 
2 282 445 345 616 44622 0 1 1 standing 
2 283 445 346 616 44623 0 1 1 standing 
2 284 444 347 615 44624 0 1 1 standing 
2 286 444 349 615 44625 0 1 0 standing 
2 288 442 351 613 44626 0 1 1 standing 
2 291 441 354 612 44627 0 1 1 standing 
2 293 440 357 611 44628 0 1 1 standing 
2 296 439 360 610 44629 0 1 1 standing 
2 299 438 363 609 44630 0 1 1 standing 
2 301 436 365 607 44631 0 1 1 standing 
2 304 435 368 606 44632 0 1 1 standing 
2 306 434 371 605 44633 0 1 1 standing 
2 309 433 374 604 44634 0 1 1 standing 
3 440 361 513 499 44615 0 1 0 standing 
3 438 361 511 500 44616 0 1 1 standing 
3 437 362 510 502 44617 0 1 1 standing 
3 436 363 509 504 44618 0 1 1 standing 
3 435 364 507 506 44619 0 1 1 standing 
3 434 365 506 508 44620 0 1 1 standing 
3 433 366 505 510 44621 0 1 1 standing 
3 432 367 503 512 44622 0 1 1 standing 
3 431 368 502 514 44623 0 1 1 standing 
3 430 369 501 516 44624 0 1 1 standing 
3 429 370 500 518 44625 0 1 0 standing 
3 428 371 499 519 44626 0 1 1 standing 
3 427 373 498 521 44627 0 1 1 standing 
3 426 374 497 522 44628 0 1 1 standing 
3 425 376 496 524 44629 0 1 1 standing 
3 424 378 495 526 44630 0 1 1 standing 
3 423 379 494 527 44631 0 1 1 standing 
3 422 381 493 529 44632 0 1 1 standing 
3 421 382 492 530 44633 0 1 1 standing 
3 420 384 491 532 44634 0 1 1 standing 
4 724 353 788 516 44615 0 1 0 standing 
4 720 353 784 516 44616 0 1 1 standing 
4 716 353 780 516 44617 0 1 1 standing 
4 713 353 777 516 44618 0 1 1 standing 
4 709 354 773 517 44619 0 1 1 standing 
4 706 354 770 517 44620 0 1 1 standing 
4 702 354 766 517 44621 0 1 1 standing 
4 698 355 762 518 44622 0 1 1 standing 
4 695 355 759 518 44623 0 1 1 standing 
4 691 355 755 518 44624 0 1 1 standing 
4 688 356 752 519 44625 0 1 0 standing 
4 683 356 748 519 44626 0 1 1 standing 
4 678 357 745 520 44627 0 1 1 standing 
4 673 358 742 521 44628 0 1 1 standing 
4 668 359 739 521 44629 0 1 1 standing 
4 663 360 736 522 44630 0 1 1 standing 
4 658 361 733 523 44631 0 1 1 standing 
4 653 362 730 523 44632 0 1 1 standing 
4 648 363 727 524 44633 0 1 1 standing 
4 643 364 724 525 44634 0 1 1 standing 
5 644 452 723 599 44615 0 1 0 standing 
5 638 449 717 597 44616 0 1 1 standing 
5 632 447 711 595 44617 0 1 1 standing 
5 626 445 705 593 44618 0 1 1 standing 
5 620 443 699 591 44619 0 1 1 standing 
5 615 441 693 589 44620 0 1 1 standing 
5 609 439 687 587 44621 0 1 1 standing 
5 603 437 681 585 44622 0 1 1 standing 
5 597 435 675 583 44623 0 1 1 standing 
5 591 433 669 581 44624 0 1 1 standing 
5 586 431 664 580 44625 0 1 0 standing 
5 583 430 658 579 44626 0 1 1 standing 
5 580 429 653 578 44627 0 1 1 standing 
5 577 429 648 578 44628 0 1 1 standing 
5 574 428 642 577 44629 0 1 1 standing 
5 572 428 637 577 44630 0 1 1 standing 
5 569 427 632 576 44631 0 1 1 standing 
5 566 426 626 575 44632 0 1 1 standing 
5 563 426 621 575 44633 0 1 1 standing 
5 560 425 616 574 44634 0 1 1 standing 
6 44 381 120 539 44615 0 0 0 standing 
6 44 381 120 539 44616 0 0 1 standing 
6 44 382 120 540 44617 0 0 1 standing 
6 44 382 120 540 44618 0 0 1 standing 
6 44 383 120 541 44619 0 0 1 standing 
6 45 384 121 541 44620 0 0 1 standing 
6 45 384 121 542 44621 0 0 1 standing 
6 45 385 121 542 44622 0 0 1 standing 
6 45 385 121 543 44623 0 0 1 standing 
6 45 386 121 543 44624 0 0 1 standing 
6 46 387 122 544 44625 0 0 0 standing 
6 46 387 121 544 44626 0 0 1 standing 
6 46 388 120 544 44627 0 0 1 standing 
6 46 388 120 545 44628 0 0 1 standing 
6 47 389 119 545 44629 0 0 1 standing 
6 47 389 119 546 44630 0 0 1 standing 
6 47 390 118 546 44631 0 0 1 standing 
6 48 391 117 547 44632 0 0 1 standing 
6 48 391 117 547 44633 0 0 1 standing 
6 48 392 116 548 44634 0 0 1 standing 
7 24 373 88 523 44615 0 0 0 standing 
7 23 373 87 523 44616 0 0 1 standing 
7 23 373 87 523 44617 0 0 1 standing 
7 22 373 86 523 44618 0 0 1 standing 
7 22 373 86 523 44619 0 0 1 standing 
7 21 373 85 523 44620 0 0 1 standing 
7 21 373 85 523 44621 0 0 1 standing 
7 20 373 84 523 44622 0 0 1 standing 
7 20 373 84 523 44623 0 0 1 standing 
7 19 373 83 523 44624 0 0 1 standing 
7 19 374 83 524 44625 0 0 0 standing 
7 17 375 81 525 44626 0 0 1 standing 
7 15 376 79 526 44627 0 0 1 standing 
7 13 377 77 527 44628 0 0 1 standing 
7 11 378 75 529 44629 0 0 1 standing 
7 9 380 74 530 44630 0 0 1 standing 
7 7 381 72 531 44631 0 0 1 standing 
7 5 382 70 533 44632 0 0 1 standing 
7 3 383 68 534 44633 0 0 1 standing 
7 1 384 66 535 44634 0 0 1 standing 
8 583 320 673 479 44615 0 1 0 standing 
8 581 321 670 480 44616 0 1 1 standing 
8 580 322 667 481 44617 0 1 1 standing 
8 578 323 664 482 44618 0 1 1 standing 
8 577 324 662 483 44619 0 1 1 standing 
8 576 325 659 485 44620 0 1 1 standing 
8 574 326 656 486 44621 0 1 1 standing 
8 573 327 654 487 44622 0 1 1 standing 
8 571 328 651 488 44623 0 1 1 standing 
8 570 329 648 489 44624 0 1 1 standing 
8 569 331 646 491 44625 0 1 0 standing 
8 565 332 643 491 44626 0 1 1 standing 
8 562 334 641 491 44627 0 1 1 standing 
8 558 336 639 491 44628 0 1 1 standing 
8 555 338 636 492 44629 0 1 1 standing 
8 551 340 634 492 44630 0 1 1 standing 
8 548 342 632 492 44631 0 1 1 standing 
8 544 344 629 493 44632 0 1 1 standing 
8 541 346 627 493 44633 0 1 1 standing 
8 537 348 625 493 44634 0 1 1 standing 
