0 650 463 726 631 68135 0 1 0 spiking 
0 646 454 721 624 68136 0 1 1 spiking 
0 643 445 716 618 68137 0 1 1 spiking 
0 640 436 711 611 68138 0 1 1 spiking 
0 636 427 706 605 68139 0 1 1 spiking 
0 633 419 701 599 68140 0 1 1 spiking 
0 630 410 696 592 68141 0 1 1 spiking 
0 626 401 691 586 68142 0 1 1 spiking 
0 623 392 686 579 68143 0 1 1 spiking 
0 620 383 681 573 68144 0 1 1 spiking 
0 617 375 677 567 68145 0 1 0 spiking 
0 609 379 669 570 68146 0 1 1 spiking 
0 602 383 662 574 68147 0 1 1 spiking 
0 595 388 655 577 68148 0 1 1 spiking 
0 588 392 647 581 68149 0 1 1 spiking 
0 581 397 640 585 68150 0 1 1 spiking 
0 573 401 633 588 68151 0 1 1 spiking 
0 566 405 625 592 68152 0 1 1 spiking 
0 559 410 618 595 68153 0 1 1 spiking 
0 552 414 611 599 68154 0 1 1 spiking 
1 879 474 942 617 68135 0 1 0 spiking 
1 867 464 930 611 68136 0 1 1 blocking 
1 856 454 919 605 68137 0 1 1 blocking 
1 845 444 908 599 68138 0 1 1 blocking 
1 834 434 896 594 68139 0 1 1 blocking 
1 823 424 885 588 68140 0 1 1 blocking 
1 811 414 874 582 68141 0 1 1 blocking 
1 800 404 862 577 68142 0 1 1 blocking 
1 789 394 851 571 68143 0 1 1 blocking 
1 778 384 840 565 68144 0 1 1 blocking 
1 767 374 829 560 68145 0 1 0 blocking 
1 753 373 815 562 68146 0 1 1 blocking 
1 739 373 801 564 68147 0 1 1 blocking 
1 725 373 787 566 68148 0 1 1 blocking 
1 711 373 773 569 68149 0 1 1 blocking 
1 697 373 759 571 68150 0 1 1 blocking 
1 683 373 745 573 68151 0 1 1 blocking 
1 669 373 731 576 68152 0 1 1 blocking 
1 655 373 717 578 68153 0 1 1 blocking 
1 641 373 703 580 68154 0 1 1 blocking 
2 882 431 955 592 68135 0 1 0 blocking 
2 869 421 942 587 68136 0 1 1 blocking 
2 856 412 930 582 68137 0 1 1 blocking 
2 843 403 918 578 68138 0 1 1 blocking 
2 831 394 905 573 68139 0 1 1 blocking 
2 818 385 893 569 68140 0 1 1 blocking 
2 805 376 881 564 68141 0 1 1 blocking 
2 793 367 868 559 68142 0 1 1 blocking 
2 780 358 856 555 68143 0 1 1 blocking 
2 767 349 844 550 68144 0 1 1 blocking 
2 755 340 832 546 68145 0 1 0 blocking 
2 743 343 823 549 68146 0 1 1 blocking 
2 731 346 815 552 68147 0 1 1 blocking 
2 719 350 806 555 68148 0 1 1 blocking 
2 707 353 798 559 68149 0 1 1 blocking 
2 695 357 789 562 68150 0 1 1 blocking 
2 683 360 781 565 68151 0 1 1 blocking 
2 671 363 772 569 68152 0 1 1 blocking 
2 659 367 764 572 68153 0 1 1 blocking 
2 647 370 755 575 68154 0 1 1 blocking 
3 1182 355 1253 485 68135 0 0 0 blocking 
3 1171 357 1242 485 68136 0 0 1 standing 
3 1160 359 1231 486 68137 0 0 1 standing 
3 1150 361 1220 487 68138 0 0 1 standing 
3 1139 363 1210 488 68139 0 0 1 standing 
3 1129 365 1199 489 68140 0 0 1 standing 
3 1118 367 1188 490 68141 0 0 1 standing 
3 1107 369 1178 491 68142 0 0 1 standing 
3 1097 371 1167 492 68143 0 0 1 standing 
3 1086 373 1156 493 68144 0 0 1 standing 
3 1076 376 1146 494 68145 0 0 0 standing 
3 1061 377 1131 493 68146 0 0 1 standing 
3 1047 379 1117 492 68147 0 0 1 standing 
3 1033 380 1103 491 68148 0 0 1 standing 
3 1019 382 1088 491 68149 0 0 1 standing 
3 1005 383 1074 490 68150 0 0 1 standing 
3 990 385 1060 489 68151 0 0 1 standing 
3 976 386 1045 489 68152 0 0 1 standing 
3 962 388 1031 488 68153 0 0 1 standing 
3 948 389 1017 487 68154 0 0 1 standing 
4 1046 357 1137 483 68135 0 0 0 standing 
4 1039 356 1128 482 68136 0 0 1 standing 
4 1032 355 1119 481 68137 0 0 1 standing 
4 1025 354 1111 480 68138 0 0 1 standing 
4 1018 354 1102 479 68139 0 0 1 standing 
4 1012 353 1094 479 68140 0 0 1 standing 
4 1005 352 1085 478 68141 0 0 1 standing 
4 998 352 1076 477 68142 0 0 1 standing 
4 991 351 1068 476 68143 0 0 1 standing 
4 984 350 1059 475 68144 0 0 1 standing 
4 978 350 1051 475 68145 0 0 0 standing 
4 966 349 1039 474 68146 0 0 1 standing 
4 954 349 1027 474 68147 0 0 1 standing 
4 942 349 1015 474 68148 0 0 1 standing 
4 931 348 1004 473 68149 0 0 1 standing 
4 919 348 992 473 68150 0 0 1 standing 
4 907 348 980 473 68151 0 0 1 standing 
4 896 347 969 472 68152 0 0 1 standing 
4 884 347 957 472 68153 0 0 1 standing 
4 872 347 945 472 68154 0 0 1 standing 
5 1193 443 1279 613 68135 1 0 0 standing 
5 1193 443 1279 613 68136 1 0 1 standing 
5 1193 443 1279 613 68137 1 0 1 standing 
5 1193 443 1279 613 68138 1 0 1 standing 
5 1193 443 1279 613 68139 1 0 1 standing 
5 1193 443 1279 613 68140 0 0 0 standing 
5 1177 445 1262 612 68141 0 0 1 standing 
5 1162 447 1245 611 68142 0 0 1 standing 
5 1146 449 1228 611 68143 0 0 1 standing 
5 1131 451 1212 610 68144 0 0 1 standing 
5 1116 453 1195 610 68145 0 0 1 standing 
5 1100 455 1178 609 68146 0 0 1 standing 
5 1085 457 1162 608 68147 0 0 1 standing 
5 1069 459 1145 608 68148 0 0 1 standing 
5 1054 461 1128 607 68149 0 0 1 standing 
5 1039 464 1112 607 68150 0 0 0 standing 
5 1023 462 1096 606 68151 0 0 1 standing 
5 1008 461 1081 606 68152 0 0 1 standing 
5 993 460 1066 606 68153 0 0 1 standing 
5 978 459 1051 606 68154 0 0 1 standing 
6 711 388 779 543 68135 0 0 0 standing 
6 701 390 769 542 68136 0 0 1 spiking 
6 692 393 760 542 68137 0 0 1 spiking 
6 683 396 751 541 68138 0 0 1 spiking 
6 674 399 742 541 68139 0 0 1 spiking 
6 665 402 733 540 68140 0 0 1 spiking 
6 656 404 723 540 68141 0 0 1 spiking 
6 647 407 714 539 68142 0 0 1 spiking 
6 638 410 705 539 68143 0 0 1 spiking 
6 629 413 696 538 68144 0 0 1 spiking 
6 620 416 687 538 68145 0 0 0 spiking 
6 606 415 674 539 68146 0 0 1 spiking 
6 593 415 661 540 68147 0 0 1 spiking 
6 579 415 649 541 68148 0 0 1 spiking 
6 566 415 636 542 68149 0 0 1 spiking 
6 552 415 624 543 68150 0 0 1 spiking 
6 539 414 611 544 68151 0 0 1 spiking 
6 525 414 598 545 68152 0 0 1 spiking 
6 512 414 586 546 68153 0 0 1 spiking 
6 498 414 573 547 68154 0 0 1 spiking 
7 676 313 733 458 68135 0 0 0 spiking 
7 666 314 725 458 68136 0 0 1 standing 
7 656 316 717 458 68137 0 0 1 standing 
7 646 318 709 459 68138 0 0 1 standing 
7 636 320 701 459 68139 0 0 1 standing 
7 627 322 693 460 68140 0 0 1 standing 
7 617 324 685 460 68141 0 0 1 standing 
7 607 326 677 460 68142 0 0 1 standing 
7 597 328 669 461 68143 0 0 1 standing 
7 587 330 661 461 68144 0 0 1 standing 
7 578 332 654 462 68145 0 0 0 standing 
7 567 333 643 464 68146 0 0 1 standing 
7 557 335 633 467 68147 0 0 1 standing 
7 546 336 623 469 68148 0 0 1 standing 
7 536 338 612 472 68149 0 0 1 standing 
7 525 339 602 474 68150 0 0 1 standing 
7 515 341 592 477 68151 0 0 1 standing 
7 505 343 582 480 68152 0 0 0 standing 
7 489 344 572 482 68153 0 0 1 standing 
7 474 346 562 485 68154 0 0 1 standing 
8 526 425 618 564 68135 0 0 0 standing 
8 529 426 615 564 68136 0 0 1 standing 
8 532 427 612 565 68137 0 0 1 standing 
8 535 428 609 566 68138 0 0 1 standing 
8 538 429 606 567 68139 0 0 1 standing 
8 541 430 603 568 68140 0 0 0 standing 
8 538 431 600 569 68141 0 0 1 standing 
8 535 432 598 570 68142 0 0 1 standing 
8 532 433 595 571 68143 0 0 1 standing 
8 529 434 593 572 68144 0 0 1 standing 
8 527 436 591 574 68145 0 0 0 standing 
8 517 437 581 575 68146 0 0 1 standing 
8 507 439 571 577 68147 0 0 1 standing 
8 497 441 561 579 68148 0 0 1 standing 
8 487 442 551 580 68149 0 0 1 standing 
8 477 444 541 582 68150 0 0 1 standing 
8 467 446 531 584 68151 0 0 1 standing 
8 457 447 521 585 68152 0 0 1 standing 
8 447 449 511 587 68153 0 0 1 standing 
8 437 451 501 589 68154 0 0 1 standing 
9 401 396 463 548 68135 0 0 0 standing 
9 394 397 456 549 68136 0 0 1 standing 
9 388 398 450 550 68137 0 0 1 standing 
9 382 399 444 551 68138 0 0 1 standing 
9 376 400 438 552 68139 0 0 1 standing 
9 370 402 432 554 68140 0 0 1 standing 
9 363 403 425 555 68141 0 0 1 standing 
9 357 404 419 556 68142 0 0 1 standing 
9 351 405 413 557 68143 0 0 1 standing 
9 345 406 407 558 68144 0 0 1 standing 
9 339 408 401 560 68145 0 0 0 standing 
9 332 410 396 562 68146 0 0 1 standing 
9 325 413 391 564 68147 0 0 1 standing 
9 318 416 386 566 68148 0 0 1 standing 
9 311 419 381 568 68149 0 0 1 standing 
9 305 422 376 571 68150 0 0 0 standing 
9 291 426 360 572 68151 0 0 1 standing 
9 277 431 344 573 68152 0 0 1 standing 
9 263 436 328 575 68153 0 0 1 standing 
9 249 441 312 576 68154 0 0 1 standing 
10 126 355 187 489 68135 0 0 0 standing 
10 115 353 176 488 68136 0 0 1 standing 
10 105 351 166 488 68137 0 0 1 standing 
10 95 349 156 487 68138 0 0 1 standing 
10 85 347 146 487 68139 0 0 1 standing 
10 75 345 136 486 68140 0 0 1 standing 
10 65 343 125 486 68141 0 0 1 standing 
10 55 341 115 485 68142 0 0 1 standing 
10 45 339 105 485 68143 0 0 1 standing 
10 35 337 95 484 68144 0 0 1 standing 
10 25 335 85 484 68145 0 0 0 standing 
10 16 337 69 486 68146 0 0 1 standing 
10 8 339 53 488 68147 0 0 1 standing 
10 0 342 37 490 68148 1 0 0 standing 
10 0 342 37 490 68149 1 0 1 standing 
10 0 342 37 490 68150 1 0 1 standing 
10 0 342 37 490 68151 1 0 0 standing 
10 0 342 37 490 68152 1 0 1 standing 
10 0 342 37 490 68153 1 0 1 standing 
10 0 342 37 490 68154 1 0 1 standing 
11 1237 362 1276 485 68135 1 0 1 standing 
11 1237 362 1276 485 68136 1 0 1 standing 
11 1237 362 1276 485 68137 1 0 1 standing 
11 1237 362 1276 485 68138 1 0 1 standing 
11 1237 362 1276 485 68139 1 0 1 standing 
11 1237 362 1276 485 68140 1 0 1 standing 
11 1237 362 1276 485 68141 1 0 1 standing 
11 1237 362 1276 485 68142 1 0 1 standing 
11 1237 362 1276 485 68143 1 0 1 standing 
11 1237 362 1276 485 68144 1 0 1 standing 
11 1237 362 1276 485 68145 1 0 1 standing 
11 1237 362 1276 485 68146 1 0 1 standing 
11 1237 362 1276 485 68147 1 0 1 standing 
11 1237 362 1276 485 68148 1 0 1 standing 
11 1237 362 1276 485 68149 1 0 1 standing 
11 1237 362 1276 485 68150 1 0 1 standing 
11 1237 362 1276 485 68151 1 0 1 standing 
11 1237 362 1276 485 68152 1 0 1 standing 
11 1237 362 1276 485 68153 1 0 1 standing 
11 1237 362 1276 485 68154 1 0 1 standing 
