0 880 490 982 627 57145 0 1 0 moving 
0 873 489 971 624 57146 0 1 1 moving 
0 866 488 960 622 57147 0 1 1 moving 
0 860 488 949 620 57148 0 1 0 moving 
0 852 489 937 619 57149 0 1 1 moving 
0 844 491 926 618 57150 0 1 1 moving 
0 837 493 915 617 57151 0 1 0 moving 
0 828 495 904 611 57152 0 1 1 moving 
0 820 497 893 605 57153 0 1 1 moving 
0 812 500 883 600 57154 0 1 0 moving 
0 805 504 876 600 57155 0 1 1 moving 
0 799 508 869 601 57156 0 1 1 moving 
0 793 513 862 602 57157 0 1 0 moving 
0 789 514 864 598 57158 0 1 1 moving 
0 785 515 866 595 57159 0 1 1 moving 
0 781 517 869 592 57160 0 1 0 moving 
0 780 515 874 590 57161 0 1 1 moving 
0 780 514 879 589 57162 0 1 1 moving 
0 779 512 884 588 57163 0 1 1 moving 
0 779 511 889 587 57164 0 1 1 moving 
1 1099 454 1177 579 57145 0 1 0 moving 
1 1078 455 1163 576 57146 0 1 1 digging 
1 1057 457 1149 573 57147 0 1 1 digging 
1 1036 459 1135 571 57148 0 1 0 digging 
1 1010 461 1120 569 57149 0 1 1 digging 
1 985 463 1105 567 57150 0 1 1 digging 
1 960 465 1090 565 57151 0 1 0 digging 
1 936 466 1072 566 57152 0 1 1 digging 
1 913 468 1054 567 57153 0 1 1 digging 
1 889 470 1036 568 57154 0 1 1 digging 
1 866 472 1019 569 57155 0 1 0 digging 
1 861 470 1007 568 57156 0 1 1 digging 
1 856 469 995 568 57157 0 1 1 digging 
1 851 468 984 567 57158 0 1 1 digging 
1 846 466 972 567 57159 0 1 1 digging 
1 841 465 960 566 57160 0 1 1 digging 
1 837 464 949 566 57161 0 1 0 digging 
1 841 460 948 564 57162 0 1 1 digging 
1 845 456 947 563 57163 0 1 1 digging 
1 849 452 946 562 57164 0 1 1 digging 
2 992 380 1061 496 57145 0 0 0 digging 
2 978 379 1047 494 57146 0 0 1 standing 
2 964 378 1033 493 57147 0 0 1 standing 
2 950 378 1019 492 57148 0 0 0 standing 
2 929 376 1002 492 57149 0 0 1 standing 
2 908 374 986 492 57150 0 0 1 standing 
2 888 373 970 492 57151 0 0 0 standing 
2 872 371 953 490 57152 0 0 1 standing 
2 856 370 936 489 57153 0 0 1 standing 
2 840 369 919 488 57154 0 0 0 standing 
2 821 369 902 488 57155 0 0 1 standing 
2 803 369 885 489 57156 0 0 1 standing 
2 785 370 868 490 57157 0 0 0 standing 
2 771 372 859 489 57158 0 0 1 standing 
2 757 374 851 489 57159 0 0 1 standing 
2 744 376 843 489 57160 0 0 0 standing 
2 743 378 834 490 57161 0 0 1 standing 
2 742 380 826 492 57162 0 0 1 standing 
2 741 382 818 494 57163 0 0 0 standing 
2 734 381 818 493 57164 0 0 1 standing 
3 734 406 799 534 57145 0 0 0 standing 
3 721 406 789 533 57146 0 0 1 standing 
3 709 406 779 532 57147 0 0 1 standing 
3 697 407 770 531 57148 0 0 0 standing 
3 689 406 759 528 57149 0 0 1 standing 
3 681 405 748 525 57150 0 0 1 standing 
3 673 404 738 522 57151 0 0 0 standing 
3 662 402 725 522 57152 0 0 1 standing 
3 652 400 712 523 57153 0 0 1 standing 
3 642 399 700 524 57154 0 0 0 standing 
3 632 397 691 523 57155 0 0 1 standing 
3 623 395 682 522 57156 0 0 1 standing 
3 614 393 673 521 57157 0 0 0 standing 
3 611 392 669 518 57158 0 0 1 standing 
3 608 391 665 515 57159 0 0 1 standing 
3 605 390 662 512 57160 0 0 0 standing 
3 606 391 664 512 57161 0 0 1 standing 
3 607 392 666 512 57162 0 0 1 standing 
3 608 393 669 512 57163 0 0 1 standing 
3 609 394 671 512 57164 0 0 1 standing 
4 612 290 691 471 57145 0 0 0 standing 
4 603 304 675 475 57146 0 0 1 moving 
4 594 318 659 480 57147 0 0 1 moving 
4 585 332 643 485 57148 0 0 0 moving 
4 573 336 630 485 57149 0 0 1 moving 
4 561 341 618 486 57150 0 0 1 moving 
4 549 346 606 487 57151 0 0 0 moving 
4 535 347 593 487 57152 0 0 1 moving 
4 521 348 581 487 57153 0 0 1 moving 
4 507 350 569 488 57154 0 0 0 moving 
4 495 348 562 488 57155 0 0 1 moving 
4 483 346 556 488 57156 0 0 1 moving 
4 472 345 550 488 57157 0 0 0 moving 
4 471 341 547 486 57158 0 0 1 moving 
4 471 338 544 484 57159 0 0 1 moving 
4 471 335 541 482 57160 0 0 0 moving 
4 480 332 544 478 57161 0 0 1 moving 
4 489 329 547 475 57162 0 0 1 moving 
4 499 326 550 472 57163 0 0 0 moving 
4 506 325 557 471 57164 0 0 1 moving 
5 606 291 672 464 57145 0 0 0 moving 
5 593 295 659 470 57146 0 0 1 moving 
5 581 299 646 476 57147 0 0 1 moving 
5 569 303 634 482 57148 0 0 0 moving 
5 554 313 620 484 57149 0 0 1 moving 
5 539 324 606 486 57150 0 0 1 moving 
5 524 335 593 488 57151 0 0 0 moving 
5 509 335 576 486 57152 0 0 1 moving 
5 494 336 560 484 57153 0 0 1 moving 
5 479 337 544 482 57154 0 0 0 moving 
5 470 336 534 482 57155 0 0 1 moving 
5 462 335 525 482 57156 0 0 1 moving 
5 454 335 516 482 57157 0 0 0 moving 
5 449 331 514 482 57158 0 0 1 moving 
5 444 328 512 482 57159 0 0 1 moving 
5 439 325 510 482 57160 0 0 0 moving 
5 439 325 513 478 57161 0 0 1 moving 
5 439 325 516 475 57162 0 0 1 moving 
5 439 325 519 472 57163 0 0 0 moving 
5 443 323 526 471 57164 0 0 1 moving 
6 528 409 601 559 57145 0 0 0 moving 
6 515 409 588 558 57146 0 0 1 standing 
6 502 409 575 558 57147 0 0 1 standing 
6 490 409 562 558 57148 0 0 0 standing 
6 477 406 547 557 57149 0 0 1 standing 
6 464 404 533 557 57150 0 0 1 standing 
6 452 402 519 557 57151 0 0 0 standing 
6 438 401 504 557 57152 0 0 1 standing 
6 424 400 489 558 57153 0 0 1 standing 
6 411 399 475 559 57154 0 0 0 standing 
6 402 397 467 560 57155 0 0 1 standing 
6 393 396 459 561 57156 0 0 1 standing 
6 384 395 451 562 57157 0 0 0 standing 
6 377 395 444 562 57158 0 0 1 standing 
6 370 395 437 562 57159 0 0 1 standing 
6 363 395 431 562 57160 0 0 0 standing 
6 362 395 429 562 57161 0 0 1 standing 
6 362 395 427 562 57162 0 0 1 standing 
6 362 395 426 562 57163 0 0 1 standing 
6 362 395 424 562 57164 0 0 1 standing 
7 515 330 570 483 57145 0 0 0 standing 
7 503 339 560 487 57146 0 0 1 standing 
7 491 348 550 491 57147 0 0 1 standing 
7 479 357 540 496 57148 0 0 0 standing 
7 469 358 529 496 57149 0 0 1 standing 
7 459 359 519 497 57150 0 0 1 standing 
7 450 360 509 498 57151 0 0 0 standing 
7 439 359 493 497 57152 0 0 1 standing 
7 428 359 477 496 57153 0 0 1 standing 
7 417 359 462 496 57154 0 0 0 standing 
7 406 358 452 495 57155 0 0 1 standing 
7 395 358 442 495 57156 0 0 1 standing 
7 384 358 432 495 57157 0 0 0 standing 
7 380 357 428 494 57158 0 0 1 standing 
7 376 356 424 493 57159 0 0 1 standing 
7 372 356 421 493 57160 0 0 0 standing 
7 371 356 420 496 57161 0 0 1 standing 
7 371 356 419 499 57162 0 0 1 standing 
7 371 357 419 502 57163 0 0 0 standing 
7 371 358 419 501 57164 0 0 1 standing 
8 429 383 484 504 57145 0 0 0 standing 
8 415 381 471 504 57146 0 0 1 standing 
8 402 380 458 504 57147 0 0 1 standing 
8 389 379 445 505 57148 0 0 0 standing 
8 371 379 427 505 57149 0 0 1 standing 
8 353 379 409 505 57150 0 0 1 standing 
8 336 379 391 506 57151 0 0 0 standing 
8 320 378 377 507 57152 0 0 1 standing 
8 304 378 363 509 57153 0 0 1 standing 
8 289 378 350 511 57154 0 0 0 standing 
8 273 376 340 511 57155 0 0 1 standing 
8 258 374 330 511 57156 0 0 1 standing 
8 243 372 321 511 57157 0 0 0 standing 
8 231 371 307 510 57158 0 0 1 standing 
8 220 370 293 509 57159 0 0 1 standing 
8 209 370 280 508 57160 0 0 0 standing 
8 203 370 270 507 57161 0 0 1 standing 
8 197 370 260 506 57162 0 0 1 standing 
8 191 370 250 506 57163 0 0 0 standing 
8 185 367 244 508 57164 0 0 1 standing 
9 322 474 396 622 57145 0 0 0 standing 
9 308 472 384 621 57146 0 0 1 moving 
9 295 470 373 620 57147 0 0 1 moving 
9 282 469 362 620 57148 0 0 0 moving 
9 263 466 345 620 57149 0 0 1 moving 
9 245 463 328 620 57150 0 0 1 moving 
9 227 460 312 620 57151 0 0 0 moving 
9 214 456 293 619 57152 0 0 1 moving 
9 201 452 274 618 57153 0 0 1 moving 
9 188 449 255 618 57154 0 0 0 moving 
9 178 449 243 618 57155 0 0 1 moving 
9 168 449 231 618 57156 0 0 1 moving 
9 159 450 219 618 57157 0 0 0 moving 
9 151 451 211 619 57158 0 0 1 moving 
9 144 452 204 620 57159 0 0 1 moving 
9 137 453 197 621 57160 0 0 0 moving 
9 136 452 195 621 57161 0 0 1 moving 
9 136 452 193 621 57162 0 0 1 moving 
9 136 452 191 621 57163 0 0 0 moving 
9 134 452 193 621 57164 0 0 1 moving 
10 343 415 397 539 57145 0 0 0 moving 
10 326 411 385 538 57146 0 0 1 moving 
10 310 408 373 537 57147 0 0 1 moving 
10 294 405 361 536 57148 0 0 0 moving 
10 276 397 337 527 57149 0 0 1 moving 
10 258 389 313 518 57150 0 0 1 moving 
10 241 381 290 510 57151 0 0 0 moving 
10 223 379 273 508 57152 0 0 1 moving 
10 206 378 256 507 57153 0 0 1 moving 
10 189 377 240 506 57154 0 0 0 moving 
10 173 376 223 511 57155 0 0 1 moving 
10 157 375 206 516 57156 0 0 1 moving 
10 141 375 190 521 57157 0 0 0 moving 
10 131 377 180 523 57158 0 0 1 moving 
10 122 379 171 525 57159 0 0 1 moving 
10 113 381 162 527 57160 0 0 0 moving 
10 105 382 157 526 57161 0 0 1 moving 
10 98 383 153 525 57162 0 0 1 moving 
10 91 385 149 524 57163 0 0 0 moving 
10 91 385 149 524 57164 0 0 1 moving 
11 209 470 295 598 57145 0 0 0 moving 
11 196 469 289 598 57146 0 0 1 moving 
11 183 468 283 598 57147 0 0 1 moving 
11 170 467 277 598 57148 0 0 0 moving 
11 168 465 269 599 57149 0 0 1 moving 
11 166 464 261 600 57150 0 0 1 moving 
11 164 463 254 602 57151 0 0 0 moving 
11 159 459 243 601 57152 0 0 1 moving 
11 154 455 232 600 57153 0 0 1 moving 
11 149 451 222 600 57154 0 0 0 moving 
11 146 450 223 598 57155 0 0 1 moving 
11 144 450 224 597 57156 0 0 1 moving 
11 142 450 225 596 57157 0 0 0 moving 
11 150 453 224 596 57158 0 0 1 moving 
11 158 456 223 596 57159 0 0 1 moving 
11 166 460 223 597 57160 0 0 0 moving 
11 169 460 239 596 57161 0 0 1 moving 
11 172 460 255 595 57162 0 0 1 moving 
11 175 460 272 595 57163 0 0 0 moving 
11 178 460 278 594 57164 0 0 1 moving 
