0 52 387 130 548 31970 0 0 0 standing 
0 49 386 126 546 31971 0 0 1 standing 
0 46 386 123 545 31972 0 0 1 standing 
0 43 386 119 543 31973 0 0 1 standing 
0 41 386 116 542 31974 0 0 1 standing 
0 38 386 113 540 31975 0 0 1 standing 
0 35 386 109 539 31976 0 0 1 standing 
0 33 386 106 537 31977 0 0 1 standing 
0 30 386 102 536 31978 0 0 1 standing 
0 27 386 99 534 31979 0 0 1 standing 
0 25 386 96 533 31980 1 0 0 standing 
0 25 386 96 533 31981 1 0 1 standing 
0 25 386 96 533 31982 1 0 1 standing 
0 25 386 96 533 31983 1 0 1 standing 
0 25 386 96 533 31984 1 0 1 standing 
0 25 386 96 533 31985 1 0 1 standing 
0 25 386 96 533 31986 1 0 1 standing 
0 25 386 96 533 31987 1 0 1 standing 
0 25 386 96 533 31988 1 0 1 standing 
0 25 386 96 533 31989 1 0 1 standing 
1 298 437 376 594 31970 0 0 0 standing 
1 294 435 372 592 31971 0 0 1 standing 
1 290 434 368 590 31972 0 0 1 standing 
1 286 433 364 588 31973 0 0 1 standing 
1 282 431 360 586 31974 0 0 1 standing 
1 278 430 356 584 31975 0 0 1 standing 
1 274 429 352 582 31976 0 0 1 standing 
1 270 427 348 580 31977 0 0 1 standing 
1 266 426 344 578 31978 0 0 1 standing 
1 262 425 340 576 31979 0 0 1 standing 
1 259 424 336 574 31980 0 0 0 standing 
1 249 424 327 574 31981 0 0 1 standing 
1 239 424 319 574 31982 0 0 1 standing 
1 230 424 311 574 31983 0 0 0 standing 
1 209 424 291 574 31984 0 0 1 standing 
1 188 424 271 574 31985 0 0 1 standing 
1 167 424 251 575 31986 0 0 1 standing 
1 146 424 231 575 31987 0 0 1 standing 
1 125 424 211 576 31988 0 0 1 standing 
1 104 424 191 576 31989 0 0 1 standing 
2 358 432 422 561 31970 0 0 0 standing 
2 358 430 433 558 31971 0 0 1 standing 
2 358 429 444 555 31972 0 0 1 standing 
2 359 428 455 553 31973 0 0 0 standing 
2 364 427 455 552 31974 0 0 1 standing 
2 370 426 455 551 31975 0 0 1 standing 
2 375 425 456 550 31976 0 0 1 standing 
2 381 424 456 549 31977 0 0 1 standing 
2 386 423 457 548 31978 0 0 1 standing 
2 392 422 457 547 31979 0 0 1 standing 
2 398 421 458 546 31980 0 0 0 standing 
2 394 421 464 546 31981 0 0 1 standing 
2 390 421 470 546 31982 0 0 1 standing 
2 387 422 477 546 31983 0 0 0 standing 
2 371 423 460 547 31984 0 0 1 standing 
2 356 425 443 549 31985 0 0 1 standing 
2 340 427 426 551 31986 0 0 1 standing 
2 325 428 409 553 31987 0 0 1 standing 
2 309 430 392 555 31988 0 0 1 standing 
2 294 432 376 557 31989 0 0 0 standing 
3 446 387 511 482 31970 0 0 0 standing 
3 441 384 505 481 31971 0 0 1 standing 
3 436 382 500 481 31972 0 0 1 standing 
3 431 380 494 480 31973 0 0 1 standing 
3 427 377 489 480 31974 0 0 1 standing 
3 422 375 484 480 31975 0 0 1 standing 
3 417 373 478 479 31976 0 0 1 standing 
3 413 370 473 479 31977 0 0 1 standing 
3 408 368 467 478 31978 0 0 1 standing 
3 403 366 462 478 31979 0 0 1 standing 
3 399 364 457 478 31980 0 0 0 standing 
3 385 363 443 479 31981 0 0 1 standing 
3 371 363 430 480 31982 0 0 1 standing 
3 358 363 417 482 31983 0 0 0 standing 
3 335 362 394 482 31984 0 0 1 standing 
3 312 361 371 482 31985 0 0 1 standing 
3 290 360 349 483 31986 0 0 1 standing 
3 267 359 326 483 31987 0 0 1 standing 
3 244 358 303 483 31988 0 0 1 standing 
3 222 357 281 484 31989 0 0 1 standing 
4 512 364 590 495 31970 0 0 0 standing 
4 506 365 585 496 31971 0 0 1 standing 
4 500 366 581 497 31972 0 0 1 standing 
4 494 367 577 498 31973 0 0 1 standing 
4 489 368 573 499 31974 0 0 1 standing 
4 483 369 569 500 31975 0 0 1 standing 
4 477 370 564 501 31976 0 0 1 standing 
4 472 371 560 502 31977 0 0 1 standing 
4 466 372 556 503 31978 0 0 1 standing 
4 460 373 552 504 31979 0 0 1 standing 
4 455 375 548 505 31980 0 0 0 standing 
4 442 375 532 503 31981 0 0 1 standing 
4 429 375 516 502 31982 0 0 1 standing 
4 417 375 501 501 31983 0 0 0 standing 
4 396 375 477 501 31984 0 0 1 standing 
4 375 376 454 501 31985 0 0 1 standing 
4 354 377 431 501 31986 0 0 1 standing 
4 333 378 407 501 31987 0 0 1 standing 
4 313 379 384 501 31988 0 0 1 standing 
4 292 380 361 501 31989 0 0 1 standing 
5 466 250 554 394 31970 0 1 0 standing 
5 466 250 554 394 31971 0 1 1 spiking 
5 466 250 554 394 31972 0 1 1 spiking 
5 466 250 554 394 31973 0 1 1 spiking 
5 466 250 554 394 31974 0 1 1 spiking 
5 467 250 555 394 31975 0 1 1 spiking 
5 467 250 555 394 31976 0 1 1 spiking 
5 467 250 555 394 31977 0 1 1 spiking 
5 467 250 555 394 31978 0 1 1 spiking 
5 467 250 555 394 31979 0 1 1 spiking 
5 468 251 556 395 31980 0 1 0 spiking 
5 462 259 539 401 31981 0 1 1 spiking 
5 457 267 522 407 31982 0 1 1 spiking 
5 452 275 505 413 31983 0 1 0 spiking 
5 432 282 485 419 31984 0 1 1 spiking 
5 413 289 465 425 31985 0 1 1 spiking 
5 394 296 445 432 31986 0 1 1 spiking 
5 375 303 425 438 31987 0 1 1 spiking 
5 355 311 406 444 31988 0 1 1 spiking 
5 336 318 386 451 31989 0 1 1 spiking 
6 647 347 701 483 31970 0 1 0 spiking 
6 638 337 694 478 31971 0 1 1 blocking 
6 629 328 688 473 31972 0 1 1 blocking 
6 621 319 682 468 31973 0 1 1 blocking 
6 612 310 675 463 31974 0 1 1 blocking 
6 604 301 669 458 31975 0 1 1 blocking 
6 595 292 663 453 31976 0 1 1 blocking 
6 586 283 656 448 31977 0 1 1 blocking 
6 578 274 650 443 31978 0 1 1 blocking 
6 569 265 644 438 31979 0 1 1 blocking 
6 561 256 638 434 31980 0 1 0 blocking 
6 559 258 636 434 31981 0 1 1 blocking 
6 557 260 634 435 31982 0 1 1 blocking 
6 555 263 632 436 31983 0 1 0 blocking 
6 533 268 607 439 31984 0 1 1 blocking 
6 511 273 583 442 31985 0 1 1 blocking 
6 490 278 559 445 31986 0 1 1 blocking 
6 468 283 535 448 31987 0 1 1 blocking 
6 447 289 510 452 31988 0 1 1 blocking 
6 425 294 486 455 31989 0 1 1 blocking 
7 648 331 688 455 31970 0 1 0 blocking 
7 639 323 683 452 31971 0 1 1 blocking 
7 631 315 678 450 31972 0 1 1 blocking 
7 623 307 673 448 31973 0 1 1 blocking 
7 615 299 668 445 31974 0 1 1 blocking 
7 607 291 664 443 31975 0 1 1 blocking 
7 599 283 659 441 31976 0 1 1 blocking 
7 591 275 654 438 31977 0 1 1 blocking 
7 583 267 649 436 31978 0 1 1 blocking 
7 575 259 644 434 31979 0 1 1 blocking 
7 567 251 640 432 31980 0 1 0 blocking 
7 558 254 632 432 31981 0 1 1 blocking 
7 549 257 624 433 31982 0 1 1 blocking 
7 541 260 617 434 31983 0 1 0 blocking 
7 521 266 598 438 31984 0 1 1 blocking 
7 502 273 579 442 31985 0 1 1 blocking 
7 482 280 560 447 31986 0 1 1 blocking 
7 463 286 541 451 31987 0 1 1 blocking 
7 443 293 522 455 31988 0 1 1 blocking 
7 424 300 503 460 31989 0 1 1 blocking 
8 644 296 692 468 31970 0 1 0 blocking 
8 637 290 686 463 31971 0 1 1 blocking 
8 631 284 681 459 31972 0 1 1 blocking 
8 625 279 675 455 31973 0 1 1 blocking 
8 619 273 670 451 31974 0 1 1 blocking 
8 613 268 665 447 31975 0 1 1 blocking 
8 606 262 659 443 31976 0 1 1 blocking 
8 600 256 654 439 31977 0 1 1 blocking 
8 594 251 648 435 31978 0 1 1 blocking 
8 588 245 643 431 31979 0 1 1 blocking 
8 582 240 638 427 31980 0 1 0 blocking 
8 569 244 625 430 31981 0 1 1 blocking 
8 557 249 612 434 31982 0 1 1 blocking 
8 545 254 600 438 31983 0 1 0 blocking 
8 525 259 580 441 31984 0 1 1 blocking 
8 505 265 560 445 31985 0 1 1 blocking 
8 486 271 540 449 31986 0 1 1 blocking 
8 466 276 520 453 31987 0 1 1 blocking 
8 446 282 500 457 31988 0 1 1 blocking 
8 427 288 480 461 31989 0 1 1 blocking 
9 1033 333 1095 459 31970 0 0 0 blocking 
9 1028 333 1090 459 31971 0 0 1 standing 
9 1023 334 1085 460 31972 0 0 1 standing 
9 1018 334 1080 460 31973 0 0 1 standing 
9 1013 335 1075 461 31974 0 0 1 standing 
9 1008 335 1070 461 31975 0 0 1 standing 
9 1003 336 1065 462 31976 0 0 1 standing 
9 998 336 1060 462 31977 0 0 1 standing 
9 993 337 1055 463 31978 0 0 1 standing 
9 988 337 1050 463 31979 0 0 1 standing 
9 984 338 1046 464 31980 0 0 0 standing 
9 972 340 1033 464 31981 0 0 1 standing 
9 960 343 1020 464 31982 0 0 1 standing 
9 948 346 1008 464 31983 0 0 0 standing 
9 927 349 987 465 31984 0 0 1 standing 
9 906 353 966 466 31985 0 0 1 standing 
9 885 357 945 467 31986 0 0 1 standing 
9 864 360 924 468 31987 0 0 1 standing 
9 843 364 903 469 31988 0 0 1 standing 
9 822 368 882 470 31989 0 0 1 standing 
10 941 462 1044 605 31970 0 0 0 standing 
10 932 461 1033 604 31971 0 0 1 standing 
10 923 461 1022 604 31972 0 0 1 standing 
10 914 461 1011 604 31973 0 0 1 standing 
10 905 461 1000 604 31974 0 0 1 standing 
10 896 461 990 604 31975 0 0 1 standing 
10 887 461 979 603 31976 0 0 1 standing 
10 878 461 968 603 31977 0 0 1 standing 
10 869 461 957 603 31978 0 0 1 standing 
10 860 461 946 603 31979 0 0 1 standing 
10 851 461 936 603 31980 0 0 0 standing 
10 836 462 918 601 31981 0 0 1 standing 
10 822 463 901 599 31982 0 0 1 standing 
10 808 465 884 597 31983 0 0 0 standing 
10 790 464 866 596 31984 0 0 1 standing 
10 773 464 849 596 31985 0 0 1 standing 
10 755 463 832 596 31986 0 0 1 standing 
10 738 463 815 596 31987 0 0 0 standing 
10 714 460 792 594 31988 0 0 1 standing 
10 691 458 769 593 31989 0 0 1 standing 
11 1039 388 1114 538 31970 1 0 1 standing 
11 1056 389 1130 539 31971 1 0 1 standing 
11 1074 389 1146 539 31972 1 0 1 standing 
11 1091 390 1162 540 31973 1 0 1 standing 
11 1109 391 1178 540 31974 1 0 1 standing 
11 1126 391 1194 541 31975 1 0 1 standing 
11 1144 392 1210 541 31976 1 0 1 standing 
11 1161 393 1226 542 31977 1 0 1 standing 
11 1179 393 1242 542 31978 1 0 1 standing 
11 1196 394 1258 543 31979 1 0 1 standing 
11 1214 395 1275 544 31980 0 0 0 standing 
11 1201 398 1262 547 31981 0 0 1 standing 
11 1188 401 1250 550 31982 0 0 1 standing 
11 1175 405 1238 554 31983 0 0 0 standing 
11 1151 403 1215 552 31984 0 0 1 standing 
11 1128 401 1193 550 31985 0 0 1 standing 
11 1105 400 1171 549 31986 0 0 1 standing 
11 1082 398 1148 547 31987 0 0 1 standing 
11 1059 396 1126 545 31988 0 0 1 standing 
11 1036 395 1104 544 31989 0 0 1 standing 
