0 174 469 224 573 51945 0 0 0 moving 
0 170 467 221 572 51946 0 0 1 moving 
0 167 466 218 572 51947 0 0 1 moving 
0 163 465 215 572 51948 0 0 1 moving 
0 160 464 212 572 51949 0 0 0 moving 
0 154 461 206 570 51950 0 0 1 moving 
0 148 459 201 569 51951 0 0 1 moving 
0 142 456 196 568 51952 0 0 1 moving 
0 136 454 190 566 51953 0 0 1 moving 
0 130 451 185 565 51954 0 0 1 moving 
0 125 449 180 564 51955 0 0 0 moving 
0 121 448 176 563 51956 0 0 1 moving 
0 118 447 173 563 51957 0 0 1 moving 
0 115 446 170 562 51958 0 0 1 moving 
0 111 446 167 562 51959 0 0 1 moving 
0 108 445 164 561 51960 0 0 1 moving 
0 105 444 161 561 51961 0 0 1 moving 
0 102 444 158 561 51962 0 0 0 moving 
0 98 444 158 561 51963 0 0 1 moving 
0 95 444 158 562 51964 0 0 1 moving 
1 292 442 344 534 51945 0 1 0 moving 
1 291 441 343 535 51946 0 1 1 digging 
1 290 440 342 536 51947 0 1 1 digging 
1 290 439 341 538 51948 0 1 1 digging 
1 289 438 340 539 51949 0 1 1 digging 
1 289 437 339 541 51950 0 1 0 digging 
1 286 435 335 541 51951 0 1 1 digging 
1 283 434 332 542 51952 0 1 1 digging 
1 280 432 329 543 51953 0 1 1 digging 
1 277 431 326 543 51954 0 1 1 digging 
1 274 429 323 544 51955 0 1 1 digging 
1 271 428 320 545 51956 0 1 1 digging 
1 268 427 317 546 51957 0 1 0 digging 
1 266 426 314 546 51958 0 1 1 digging 
1 264 425 311 546 51959 0 1 1 digging 
1 262 424 308 546 51960 0 1 1 digging 
1 260 424 306 546 51961 0 1 0 digging 
1 259 421 304 544 51962 0 1 1 digging 
1 259 418 303 542 51963 0 1 1 digging 
1 259 415 302 540 51964 0 1 1 digging 
2 404 456 458 535 51945 0 0 0 digging 
2 403 453 457 535 51946 0 0 1 standing 
2 402 450 456 535 51947 0 0 1 standing 
2 402 447 455 535 51948 0 0 1 standing 
2 401 444 455 535 51949 0 0 1 standing 
2 401 441 454 535 51950 0 0 1 standing 
2 400 438 453 535 51951 0 0 1 standing 
2 400 436 453 536 51952 0 0 0 standing 
2 397 432 450 536 51953 0 0 1 standing 
2 395 429 447 537 51954 0 0 1 standing 
2 393 426 445 538 51955 0 0 1 standing 
2 391 423 442 539 51956 0 0 1 standing 
2 389 420 440 540 51957 0 0 0 standing 
2 389 417 440 537 51958 0 0 1 standing 
2 390 414 441 534 51959 0 0 1 standing 
2 391 411 442 531 51960 0 0 1 standing 
2 391 408 443 528 51961 0 0 1 standing 
2 392 405 444 525 51962 0 0 1 standing 
2 393 402 445 522 51963 0 0 1 standing 
2 394 399 446 520 51964 0 0 0 standing 
3 540 449 583 579 51945 0 0 0 standing 
3 541 450 585 580 51946 0 0 1 standing 
3 542 451 587 582 51947 0 0 1 standing 
3 543 452 589 584 51948 0 0 1 standing 
3 544 454 591 586 51949 0 0 0 standing 
3 543 453 591 585 51950 0 0 1 standing 
3 543 452 592 585 51951 0 0 1 standing 
3 543 452 592 585 51952 0 0 1 standing 
3 542 451 593 585 51953 0 0 1 standing 
3 542 450 593 585 51954 0 0 1 standing 
3 542 450 594 585 51955 0 0 0 standing 
3 541 451 594 586 51956 0 0 1 standing 
3 541 453 595 587 51957 0 0 1 standing 
3 540 455 596 588 51958 0 0 1 standing 
3 540 457 597 590 51959 0 0 1 standing 
3 539 459 598 591 51960 0 0 1 standing 
3 539 461 599 592 51961 0 0 1 standing 
3 539 463 600 594 51962 0 0 0 standing 
3 538 461 600 592 51963 0 0 1 standing 
3 537 460 600 590 51964 0 0 1 standing 
4 631 415 670 513 51945 0 0 0 standing 
4 631 415 670 513 51946 0 0 1 standing 
4 632 415 671 514 51947 0 0 1 standing 
4 633 415 672 515 51948 0 0 1 standing 
4 634 415 672 515 51949 0 0 1 standing 
4 635 415 673 516 51950 0 0 1 standing 
4 636 416 674 517 51951 0 0 0 standing 
4 635 415 673 516 51952 0 0 1 standing 
4 635 414 673 516 51953 0 0 1 standing 
4 635 413 673 516 51954 0 0 1 standing 
4 635 412 673 516 51955 0 0 1 standing 
4 635 412 673 516 51956 0 0 0 standing 
4 636 411 674 515 51957 0 0 1 standing 
4 637 411 675 515 51958 0 0 1 standing 
4 639 410 677 514 51959 0 0 1 standing 
4 640 410 678 514 51960 0 0 1 standing 
4 642 409 680 513 51961 0 0 1 standing 
4 643 409 681 513 51962 0 0 1 standing 
4 645 408 683 512 51963 0 0 1 standing 
4 646 408 684 512 51964 0 0 1 standing 
5 846 395 890 500 51945 0 0 0 standing 
5 848 396 892 501 51946 0 0 1 standing 
5 851 397 895 502 51947 0 0 1 standing 
5 853 398 897 503 51948 0 0 1 standing 
5 856 400 900 505 51949 0 0 0 standing 
5 857 399 901 504 51950 0 0 1 standing 
5 859 399 903 504 51951 0 0 1 standing 
5 860 398 904 503 51952 0 0 1 standing 
5 862 398 906 503 51953 0 0 1 standing 
5 863 397 907 502 51954 0 0 1 standing 
5 865 397 909 502 51955 0 0 0 standing 
5 866 396 910 502 51956 0 0 1 standing 
5 868 396 911 502 51957 0 0 1 standing 
5 869 396 913 502 51958 0 0 1 standing 
5 871 395 914 502 51959 0 0 1 standing 
5 872 395 916 502 51960 0 0 1 standing 
5 874 395 917 502 51961 0 0 1 standing 
5 875 394 918 502 51962 0 0 1 standing 
5 877 394 920 502 51963 0 0 1 standing 
5 878 394 921 502 51964 0 0 1 standing 
6 1036 427 1091 542 51945 0 0 0 standing 
6 1035 427 1089 544 51946 0 0 1 standing 
6 1034 428 1087 546 51947 0 0 1 standing 
6 1034 429 1086 548 51948 0 0 1 standing 
6 1033 430 1084 550 51949 0 0 1 standing 
6 1032 431 1082 552 51950 0 0 1 standing 
6 1032 432 1081 554 51951 0 0 0 standing 
6 1030 432 1078 555 51952 0 0 1 standing 
6 1028 433 1075 557 51953 0 0 1 standing 
6 1026 433 1072 558 51954 0 0 1 standing 
6 1025 434 1070 560 51955 0 0 0 standing 
6 1022 434 1070 559 51956 0 0 1 standing 
6 1020 434 1070 558 51957 0 0 1 standing 
6 1017 434 1071 558 51958 0 0 1 standing 
6 1015 434 1071 557 51959 0 0 1 standing 
6 1013 435 1072 557 51960 0 0 0 standing 
6 1014 436 1070 557 51961 0 0 1 standing 
6 1015 437 1068 558 51962 0 0 1 standing 
6 1016 438 1066 558 51963 0 0 1 standing 
6 1017 439 1064 559 51964 0 0 1 standing 
7 412 481 471 615 51945 0 0 0 standing 
7 403 482 462 617 51946 0 0 1 moving 
7 395 483 454 619 51947 0 0 1 moving 
7 387 484 446 621 51948 0 0 1 moving 
7 379 485 437 624 51949 0 0 1 moving 
7 371 486 429 626 51950 0 0 1 moving 
7 363 487 421 628 51951 0 0 1 moving 
7 355 488 413 631 51952 0 0 0 moving 
7 345 487 403 632 51953 0 0 1 moving 
7 335 487 393 633 51954 0 0 1 moving 
7 325 487 383 634 51955 0 0 0 moving 
7 316 490 374 637 51956 0 0 1 moving 
7 307 494 365 641 51957 0 0 1 moving 
7 298 497 356 644 51958 0 0 1 moving 
7 289 501 347 648 51959 0 0 0 moving 
7 283 502 341 649 51960 0 0 1 moving 
7 277 504 335 651 51961 0 0 1 moving 
7 272 506 330 653 51962 0 0 1 moving 
7 266 508 324 655 51963 0 0 1 moving 
7 260 510 318 657 51964 0 0 1 moving 
8 320 377 366 483 51945 0 0 0 moving 
8 319 377 365 482 51946 0 0 1 standing 
8 318 377 364 481 51947 0 0 1 standing 
8 317 377 363 481 51948 0 0 1 standing 
8 316 377 362 480 51949 0 0 1 standing 
8 316 378 361 480 51950 0 0 0 standing 
8 315 376 360 479 51951 0 0 1 standing 
8 314 375 359 479 51952 0 0 1 standing 
8 313 374 359 478 51953 0 0 1 standing 
8 312 373 358 478 51954 0 0 1 standing 
8 312 372 358 478 51955 0 0 0 standing 
8 312 370 359 475 51956 0 0 1 standing 
8 312 368 361 473 51957 0 0 1 standing 
8 312 366 362 471 51958 0 0 1 standing 
8 313 365 364 469 51959 0 0 0 standing 
8 313 365 366 468 51960 0 0 1 standing 
8 314 365 368 468 51961 0 0 1 standing 
8 315 365 370 467 51962 0 0 1 standing 
8 315 365 372 467 51963 0 0 1 standing 
8 316 365 374 466 51964 0 0 1 standing 
9 636 447 682 567 51945 0 0 0 standing 
9 635 446 681 567 51946 0 0 1 standing 
9 634 446 681 567 51947 0 0 1 standing 
9 634 446 681 568 51948 0 0 0 standing 
9 634 446 681 569 51949 0 0 1 standing 
9 634 446 682 570 51950 0 0 1 standing 
9 634 446 682 571 51951 0 0 1 standing 
9 635 446 683 572 51952 0 0 1 standing 
9 635 446 683 573 51953 0 0 1 standing 
9 635 446 684 574 51954 0 0 1 standing 
9 636 447 685 576 51955 0 0 0 standing 
9 637 447 686 576 51956 0 0 1 standing 
9 638 447 687 576 51957 0 0 1 standing 
9 640 447 688 576 51958 0 0 1 standing 
9 641 447 689 576 51959 0 0 1 standing 
9 643 448 690 576 51960 0 0 1 standing 
9 644 448 691 576 51961 0 0 1 standing 
9 645 448 692 576 51962 0 0 1 standing 
9 647 448 693 576 51963 0 0 1 standing 
9 648 448 694 576 51964 0 0 1 standing 
10 826 480 884 593 51945 0 0 0 standing 
10 829 479 887 593 51946 0 0 1 standing 
10 833 479 891 594 51947 0 0 1 standing 
10 836 479 894 595 51948 0 0 1 standing 
10 840 479 898 596 51949 0 0 0 standing 
10 842 479 899 597 51950 0 0 1 standing 
10 844 479 901 598 51951 0 0 1 standing 
10 846 479 903 599 51952 0 0 1 standing 
10 848 479 905 600 51953 0 0 1 standing 
10 850 479 907 601 51954 0 0 1 standing 
10 852 479 909 602 51955 0 0 1 standing 
10 854 479 911 603 51956 0 0 1 standing 
10 856 480 913 604 51957 0 0 0 standing 
10 857 480 914 604 51958 0 0 1 standing 
10 859 481 916 605 51959 0 0 1 standing 
10 861 481 918 605 51960 0 0 1 standing 
10 863 482 920 606 51961 0 0 1 standing 
10 865 482 922 606 51962 0 0 1 standing 
10 867 483 924 607 51963 0 0 1 standing 
10 869 483 926 607 51964 0 0 1 standing 
11 625 415 667 539 51945 0 0 0 standing 
11 625 415 667 539 51946 0 0 1 standing 
11 626 416 668 540 51947 0 0 1 standing 
11 627 417 669 541 51948 0 0 1 standing 
11 627 418 669 542 51949 0 0 1 standing 
11 628 419 670 543 51950 0 0 1 standing 
11 629 420 671 544 51951 0 0 1 standing 
11 630 421 672 545 51952 0 0 1 standing 
11 630 422 672 546 51953 0 0 1 standing 
11 631 423 673 547 51954 0 0 1 standing 
11 632 424 674 548 51955 0 0 1 standing 
11 633 425 675 549 51956 0 0 0 standing 
11 634 424 676 549 51957 0 0 1 standing 
11 635 424 677 549 51958 0 0 1 standing 
11 636 423 678 549 51959 0 0 1 standing 
11 637 423 679 549 51960 0 0 1 standing 
11 638 422 680 550 51961 0 0 1 standing 
11 639 422 681 550 51962 0 0 1 standing 
11 640 421 682 550 51963 0 0 1 standing 
11 641 421 683 550 51964 0 0 1 standing 
