0 612 470 732 594 56825 0 1 0 setting 
0 590 467 715 594 56826 0 1 1 setting 
0 568 464 699 594 56827 0 1 1 setting 
0 546 461 683 594 56828 0 1 1 setting 
0 524 458 667 594 56829 0 1 0 setting 
0 523 452 660 592 56830 0 1 1 setting 
0 522 447 653 590 56831 0 1 1 setting 
0 522 441 646 589 56832 0 1 1 setting 
0 521 436 639 587 56833 0 1 1 setting 
0 521 431 633 586 56834 0 1 0 setting 
0 523 427 628 585 56835 0 1 1 setting 
0 525 424 624 585 56836 0 1 1 setting 
0 527 420 619 585 56837 0 1 1 setting 
0 529 417 615 585 56838 0 1 1 setting 
0 531 414 611 585 56839 0 1 0 setting 
0 536 422 619 585 56840 0 1 1 setting 
0 542 430 627 585 56841 0 1 1 setting 
0 548 439 636 586 56842 0 1 1 setting 
0 554 447 644 586 56843 0 1 1 setting 
0 560 455 652 586 56844 0 1 1 setting 
1 488 332 570 471 56825 0 0 0 setting 
1 468 342 549 476 56826 0 0 1 standing 
1 448 352 528 481 56827 0 0 1 standing 
1 429 362 508 486 56828 0 0 0 standing 
1 423 365 506 484 56829 0 0 1 standing 
1 417 368 504 482 56830 0 0 1 standing 
1 412 371 503 480 56831 0 0 0 standing 
1 415 371 507 480 56832 0 0 1 standing 
1 418 371 511 480 56833 0 0 1 standing 
1 422 372 515 481 56834 0 0 0 standing 
1 433 370 530 478 56835 0 0 1 standing 
1 444 368 545 476 56836 0 0 1 standing 
1 456 366 560 474 56837 0 0 0 standing 
1 476 365 569 473 56838 0 0 1 standing 
1 496 364 579 472 56839 0 0 1 standing 
1 516 363 589 471 56840 0 0 0 standing 
1 535 362 608 471 56841 0 0 1 standing 
1 554 361 627 471 56842 0 0 1 standing 
1 573 361 646 471 56843 0 0 1 standing 
1 592 360 665 471 56844 0 0 1 standing 
2 482 323 534 477 56825 0 0 0 standing 
2 461 327 513 479 56826 0 0 1 standing 
2 441 332 492 482 56827 0 0 1 standing 
2 421 337 472 485 56828 0 0 0 standing 
2 416 341 466 478 56829 0 0 1 standing 
2 411 345 461 471 56830 0 0 1 standing 
2 406 349 456 465 56831 0 0 0 standing 
2 412 349 457 465 56832 0 0 1 standing 
2 418 350 458 465 56833 0 0 1 standing 
2 424 351 460 466 56834 0 0 0 standing 
2 431 349 467 464 56835 0 0 1 standing 
2 439 347 475 462 56836 0 0 1 standing 
2 447 346 483 461 56837 0 0 0 standing 
2 454 345 490 460 56838 0 0 1 standing 
2 461 345 497 460 56839 0 0 1 standing 
2 469 345 505 460 56840 0 0 0 standing 
2 480 347 518 461 56841 0 0 1 standing 
2 492 349 532 463 56842 0 0 1 standing 
2 503 351 545 465 56843 0 0 1 standing 
2 515 353 559 467 56844 0 0 1 standing 
3 431 353 486 471 56825 0 0 0 standing 
3 412 353 467 471 56826 0 0 1 jumping 
3 394 354 448 471 56827 0 0 1 jumping 
3 376 355 429 471 56828 0 0 0 jumping 
3 372 354 425 470 56829 0 0 1 jumping 
3 368 354 421 469 56830 0 0 1 jumping 
3 365 354 418 469 56831 0 0 0 jumping 
3 370 353 420 467 56832 0 0 1 jumping 
3 376 352 422 466 56833 0 0 1 jumping 
3 382 351 425 465 56834 0 0 0 jumping 
3 388 350 431 464 56835 0 0 1 jumping 
3 395 349 438 463 56836 0 0 1 jumping 
3 402 349 445 463 56837 0 0 0 jumping 
3 410 350 453 464 56838 0 0 1 jumping 
3 418 352 461 466 56839 0 0 1 jumping 
3 427 354 470 468 56840 0 0 0 jumping 
3 439 353 482 467 56841 0 0 1 jumping 
3 451 352 494 466 56842 0 0 1 jumping 
3 463 352 507 466 56843 0 0 1 jumping 
3 475 351 519 465 56844 0 0 1 jumping 
4 851 389 917 492 56825 0 0 0 jumping 
4 833 387 898 491 56826 0 0 1 standing 
4 815 385 879 491 56827 0 0 1 standing 
4 798 383 860 491 56828 0 0 0 standing 
4 794 380 852 490 56829 0 0 1 standing 
4 791 378 844 489 56830 0 0 1 standing 
4 788 376 837 488 56831 0 0 0 standing 
4 791 374 840 489 56832 0 0 1 standing 
4 795 372 843 490 56833 0 0 1 standing 
4 799 371 847 492 56834 0 0 0 standing 
4 805 369 853 491 56835 0 0 1 standing 
4 811 367 859 490 56836 0 0 1 standing 
4 818 365 865 490 56837 0 0 0 standing 
4 827 364 876 489 56838 0 0 1 standing 
4 836 363 887 488 56839 0 0 1 standing 
4 845 362 898 487 56840 0 0 0 standing 
4 857 361 916 485 56841 0 0 1 standing 
4 870 360 935 484 56842 0 0 1 standing 
4 882 359 954 482 56843 0 0 1 standing 
4 895 358 973 481 56844 0 0 1 standing 
5 172 416 229 541 56825 0 0 0 standing 
5 153 414 207 541 56826 0 0 1 standing 
5 134 413 186 541 56827 0 0 1 standing 
5 115 412 165 542 56828 0 0 0 standing 
5 109 411 162 540 56829 0 0 1 standing 
5 103 411 159 539 56830 0 0 1 standing 
5 98 411 156 538 56831 0 0 0 standing 
5 100 412 158 538 56832 0 0 1 standing 
5 103 413 160 538 56833 0 0 1 standing 
5 106 414 163 538 56834 0 0 0 standing 
5 108 411 168 537 56835 0 0 1 standing 
5 110 409 173 536 56836 0 0 1 standing 
5 113 407 178 536 56837 0 0 0 standing 
5 117 405 177 534 56838 0 0 1 standing 
5 121 403 177 533 56839 0 0 1 standing 
5 126 401 177 532 56840 0 0 0 standing 
5 131 402 184 533 56841 0 0 1 standing 
5 137 403 191 535 56842 0 0 1 standing 
5 143 405 198 537 56843 0 0 1 standing 
5 149 406 205 539 56844 0 0 1 standing 
6 337 394 386 508 56825 0 0 0 standing 
6 317 391 366 505 56826 0 0 1 standing 
6 297 388 346 502 56827 0 0 1 standing 
6 277 386 326 500 56828 0 0 0 standing 
6 272 384 316 499 56829 0 0 1 standing 
6 267 383 306 499 56830 0 0 1 standing 
6 262 382 296 499 56831 0 0 0 standing 
6 266 380 299 500 56832 0 0 1 standing 
6 270 378 303 501 56833 0 0 1 standing 
6 275 377 307 503 56834 0 0 0 standing 
6 279 378 315 503 56835 0 0 1 standing 
6 283 379 323 503 56836 0 0 1 standing 
6 288 381 331 503 56837 0 0 0 standing 
6 295 381 338 503 56838 0 0 1 standing 
6 302 381 345 503 56839 0 0 1 standing 
6 309 381 352 503 56840 0 0 0 standing 
6 319 382 363 502 56841 0 0 1 standing 
6 329 383 375 501 56842 0 0 1 standing 
6 339 384 386 501 56843 0 0 1 standing 
6 349 385 398 500 56844 0 0 1 standing 
7 1022 487 1098 592 56825 0 0 0 standing 
7 998 486 1071 589 56826 0 0 1 moving 
7 974 485 1044 586 56827 0 0 1 moving 
7 951 485 1017 584 56828 0 0 0 moving 
7 941 483 1009 585 56829 0 0 1 moving 
7 931 481 1001 586 56830 0 0 1 moving 
7 921 480 993 587 56831 0 0 0 moving 
7 918 479 994 591 56832 0 0 1 moving 
7 916 478 996 595 56833 0 0 1 moving 
7 914 478 998 600 56834 0 0 0 moving 
7 919 478 1000 601 56835 0 0 1 moving 
7 924 479 1003 602 56836 0 0 1 moving 
7 929 480 1006 604 56837 0 0 0 moving 
7 938 480 1007 606 56838 0 0 1 moving 
7 947 480 1008 609 56839 0 0 1 moving 
7 956 480 1009 612 56840 0 0 0 moving 
7 967 481 1019 615 56841 0 0 1 moving 
7 978 482 1029 618 56842 0 0 1 moving 
7 990 483 1040 621 56843 0 0 1 moving 
7 1001 484 1050 624 56844 0 0 1 moving 
8 359 410 454 518 56825 0 0 0 moving 
8 339 410 434 518 56826 0 0 1 standing 
8 319 410 414 518 56827 0 0 1 standing 
8 300 410 395 518 56828 0 0 0 standing 
8 295 409 390 518 56829 0 0 1 standing 
8 291 408 386 518 56830 0 0 1 standing 
8 287 408 382 518 56831 0 0 0 standing 
8 291 407 386 517 56832 0 0 1 standing 
8 295 406 390 516 56833 0 0 1 standing 
8 300 406 395 516 56834 0 0 0 standing 
8 311 404 401 515 56835 0 0 1 standing 
8 322 403 407 515 56836 0 0 1 standing 
8 333 402 414 515 56837 0 0 0 standing 
8 350 399 421 516 56838 0 0 1 standing 
8 367 396 428 517 56839 0 0 1 standing 
8 384 394 435 518 56840 0 0 0 standing 
8 396 394 446 518 56841 0 0 1 standing 
8 409 395 457 519 56842 0 0 1 standing 
8 421 396 468 519 56843 0 0 1 standing 
8 434 397 479 520 56844 0 0 1 standing 
9 11 455 114 568 56825 0 0 0 standing 
9 7 454 91 569 56826 0 0 1 standing 
9 3 453 69 571 56827 0 0 1 standing 
9 0 452 47 573 56828 1 0 0 standing 
9 25 475 72 596 56829 1 0 1 standing 
9 51 498 98 620 56830 1 0 1 standing 
9 77 521 124 644 56831 1 0 0 standing 
9 64 507 107 625 56832 1 0 1 standing 
9 51 493 91 607 56833 1 0 1 standing 
9 38 479 75 589 56834 1 0 1 standing 
9 25 465 58 571 56835 1 0 1 standing 
9 12 451 42 553 56836 1 0 1 standing 
9 0 438 26 535 56837 0 0 0 standing 
9 0 438 32 545 56838 0 0 1 standing 
9 0 438 39 556 56839 0 0 1 standing 
9 0 438 46 567 56840 0 0 0 standing 
9 8 439 58 568 56841 0 0 1 standing 
9 17 440 70 569 56842 0 0 1 standing 
9 25 442 82 570 56843 0 0 1 standing 
9 34 443 94 571 56844 0 0 1 standing 
10 377 446 439 595 56825 0 0 0 standing 
10 356 446 426 595 56826 0 0 1 standing 
10 336 447 413 595 56827 0 0 1 standing 
10 316 448 401 596 56828 0 0 0 standing 
10 313 448 398 595 56829 0 0 1 standing 
10 310 448 395 594 56830 0 0 1 standing 
10 308 449 392 594 56831 0 0 0 standing 
10 315 447 392 590 56832 0 0 1 standing 
10 322 445 393 586 56833 0 0 1 standing 
10 330 444 394 582 56834 0 0 0 standing 
10 342 441 402 581 56835 0 0 1 standing 
10 355 439 410 580 56836 0 0 1 standing 
10 368 437 419 580 56837 0 0 0 standing 
10 378 436 429 579 56838 0 0 1 standing 
10 388 435 439 578 56839 0 0 1 standing 
10 398 435 449 578 56840 0 0 0 standing 
10 410 434 460 578 56841 0 0 1 standing 
10 422 433 471 579 56842 0 0 1 standing 
10 434 433 483 579 56843 0 0 1 standing 
10 446 432 494 580 56844 0 0 1 standing 
11 762 495 844 610 56825 0 0 0 standing 
11 740 494 825 609 56826 0 0 1 standing 
11 719 493 806 608 56827 0 0 1 standing 
11 698 493 787 607 56828 0 0 0 standing 
11 690 491 782 609 56829 0 0 1 standing 
11 682 490 777 611 56830 0 0 1 standing 
11 675 489 772 613 56831 0 0 0 standing 
11 681 488 774 611 56832 0 0 1 standing 
11 687 487 776 610 56833 0 0 1 standing 
11 694 486 778 609 56834 0 0 0 standing 
11 701 484 778 608 56835 0 0 1 standing 
11 709 483 778 607 56836 0 0 1 standing 
11 717 482 779 607 56837 0 0 0 standing 
11 725 480 789 607 56838 0 0 1 standing 
11 734 478 799 607 56839 0 0 1 standing 
11 743 477 810 607 56840 0 0 0 standing 
11 758 475 825 605 56841 0 0 1 standing 
11 774 473 840 603 56842 0 0 1 standing 
11 790 471 856 601 56843 0 0 1 standing 
11 806 469 871 599 56844 0 0 1 standing 
