0 13 489 80 618 14775 0 1 0 digging 
0 47 491 117 615 14776 0 1 1 digging 
0 81 493 154 612 14777 0 1 1 digging 
0 115 495 191 610 14778 0 1 1 digging 
0 149 497 229 607 14779 0 1 1 digging 
0 183 499 266 605 14780 0 1 1 digging 
0 217 501 303 602 14781 0 1 1 digging 
0 251 503 341 600 14782 0 1 0 digging 
0 278 506 360 598 14783 0 1 1 digging 
0 306 509 380 597 14784 0 1 1 digging 
0 334 512 400 596 14785 0 1 0 digging 
0 350 508 415 596 14786 0 1 1 digging 
0 366 504 431 596 14787 0 1 1 digging 
0 382 500 447 596 14788 0 1 1 digging 
0 398 496 463 596 14789 0 1 0 digging 
0 400 491 465 595 14790 0 1 1 digging 
0 403 487 468 595 14791 0 1 1 digging 
0 406 483 471 594 14792 0 1 1 digging 
0 408 479 473 594 14793 0 1 1 digging 
0 411 475 476 593 14794 0 1 1 digging 
1 3 449 69 571 14775 0 1 0 digging 
1 38 446 104 567 14776 0 1 1 standing 
1 74 443 139 564 14777 0 1 1 standing 
1 110 440 174 560 14778 0 1 1 standing 
1 146 437 209 557 14779 0 1 1 standing 
1 182 434 244 553 14780 0 1 1 standing 
1 218 431 279 550 14781 0 1 0 standing 
1 246 427 306 546 14782 0 1 1 standing 
1 274 424 334 542 14783 0 1 1 standing 
1 302 421 361 538 14784 0 1 1 standing 
1 331 418 389 535 14785 0 1 0 standing 
1 347 414 405 531 14786 0 1 1 standing 
1 364 411 422 528 14787 0 1 1 standing 
1 380 408 438 525 14788 0 1 1 standing 
1 397 405 455 522 14789 0 1 0 standing 
1 400 402 458 519 14790 0 1 1 standing 
1 403 400 461 517 14791 0 1 1 standing 
1 406 398 464 515 14792 0 1 1 standing 
1 409 396 467 513 14793 0 1 1 standing 
1 412 394 470 511 14794 0 1 1 standing 
2 269 473 331 619 14775 0 0 0 standing 
2 304 469 366 617 14776 0 0 1 standing 
2 340 466 402 615 14777 0 0 1 standing 
2 375 462 437 613 14778 0 0 1 standing 
2 411 459 473 612 14779 0 0 0 standing 
2 439 457 501 612 14780 0 0 1 standing 
2 468 455 530 612 14781 0 0 1 standing 
2 497 453 559 612 14782 0 0 1 standing 
2 526 452 588 613 14783 0 0 0 standing 
2 543 451 605 612 14784 0 0 1 standing 
2 561 450 623 612 14785 0 0 1 standing 
2 579 449 640 612 14786 0 0 1 standing 
2 596 448 658 611 14787 0 0 1 standing 
2 614 447 675 611 14788 0 0 1 standing 
2 632 446 693 611 14789 0 0 0 standing 
2 632 446 693 611 14790 0 0 1 standing 
2 633 447 694 612 14791 0 0 1 standing 
2 634 447 695 612 14792 0 0 1 standing 
2 635 448 696 613 14793 0 0 1 standing 
2 636 448 697 613 14794 0 0 1 standing 
3 132 358 178 493 14775 0 0 0 standing 
3 165 353 211 488 14776 0 0 1 standing 
3 198 348 244 483 14777 0 0 1 standing 
3 231 344 277 479 14778 0 0 1 standing 
3 264 339 310 474 14779 0 0 1 standing 
3 297 335 343 470 14780 0 0 1 standing 
3 330 330 376 465 14781 0 0 1 standing 
3 364 326 410 461 14782 0 0 0 standing 
3 389 326 435 461 14783 0 0 1 standing 
3 414 326 460 461 14784 0 0 1 standing 
3 439 326 485 461 14785 0 0 0 standing 
3 455 323 502 457 14786 0 0 1 standing 
3 471 320 519 453 14787 0 0 1 standing 
3 487 317 536 449 14788 0 0 1 standing 
3 504 315 553 445 14789 0 0 0 standing 
3 506 314 556 443 14790 0 0 1 standing 
3 509 314 559 442 14791 0 0 1 standing 
3 511 314 562 440 14792 0 0 1 standing 
3 514 314 565 439 14793 0 0 1 standing 
3 517 314 569 438 14794 0 0 0 standing 
4 471 429 531 562 14775 0 0 0 standing 
4 503 429 562 562 14776 0 0 1 standing 
4 536 430 594 562 14777 0 0 1 standing 
4 569 430 626 563 14778 0 0 1 standing 
4 601 431 657 563 14779 0 0 1 standing 
4 634 431 689 564 14780 0 0 1 standing 
4 667 432 721 564 14781 0 0 1 standing 
4 699 432 752 565 14782 0 0 1 standing 
4 732 433 784 565 14783 0 0 1 standing 
4 765 434 816 566 14784 0 0 0 standing 
4 788 435 838 568 14785 0 0 1 standing 
4 811 436 861 570 14786 0 0 1 standing 
4 834 437 884 572 14787 0 0 0 standing 
4 845 437 894 573 14788 0 0 1 standing 
4 856 437 905 574 14789 0 0 1 standing 
4 867 437 916 575 14790 0 0 0 standing 
4 868 436 917 574 14791 0 0 1 standing 
4 869 436 918 574 14792 0 0 1 standing 
4 870 436 919 574 14793 0 0 1 standing 
4 871 435 920 573 14794 0 0 1 standing 
5 590 377 635 535 14775 0 0 0 standing 
5 623 377 667 535 14776 0 0 1 standing 
5 657 377 700 535 14777 0 0 1 standing 
5 690 378 733 535 14778 0 0 1 standing 
5 724 378 765 535 14779 0 0 1 standing 
5 757 378 798 535 14780 0 0 1 standing 
5 791 379 831 536 14781 0 0 0 standing 
5 816 378 858 535 14782 0 0 1 standing 
5 842 378 885 535 14783 0 0 1 standing 
5 868 377 912 535 14784 0 0 1 standing 
5 894 377 939 535 14785 0 0 0 standing 
5 912 378 957 536 14786 0 0 1 standing 
5 930 379 975 537 14787 0 0 1 standing 
5 949 381 994 539 14788 0 0 0 standing 
5 952 381 996 539 14789 0 0 1 standing 
5 955 382 999 539 14790 0 0 1 standing 
5 958 382 1002 540 14791 0 0 1 standing 
5 962 383 1004 540 14792 0 0 1 standing 
5 965 383 1007 541 14793 0 0 1 standing 
5 968 384 1010 541 14794 0 0 1 standing 
6 644 399 704 551 14775 0 0 0 standing 
6 675 399 735 551 14776 0 0 1 standing 
6 706 400 766 552 14777 0 0 1 standing 
6 738 400 798 552 14778 0 0 1 standing 
6 769 401 829 553 14779 0 0 1 standing 
6 801 402 861 554 14780 0 0 0 standing 
6 826 401 886 553 14781 0 0 1 standing 
6 851 401 911 553 14782 0 0 1 standing 
6 876 401 936 553 14783 0 0 1 standing 
6 901 401 961 553 14784 0 0 1 standing 
6 926 401 986 553 14785 0 0 0 standing 
6 940 401 997 554 14786 0 0 1 standing 
6 955 401 1009 556 14787 0 0 1 standing 
6 970 401 1020 558 14788 0 0 1 standing 
6 985 401 1032 560 14789 0 0 0 standing 
6 988 401 1034 562 14790 0 0 1 standing 
6 991 401 1036 564 14791 0 0 1 standing 
6 994 401 1038 567 14792 0 0 0 standing 
6 992 401 1035 569 14793 0 0 1 standing 
6 990 401 1033 572 14794 0 0 1 standing 
7 947 427 991 574 14775 0 0 0 standing 
7 983 428 1027 575 14776 0 0 1 standing 
7 1019 429 1063 576 14777 0 0 1 standing 
7 1056 430 1100 577 14778 0 0 1 standing 
7 1092 431 1136 578 14779 0 0 1 standing 
7 1129 432 1173 579 14780 0 0 0 standing 
7 1160 433 1204 580 14781 0 0 1 standing 
7 1191 435 1235 582 14782 0 0 1 standing 
7 1222 437 1266 584 14783 1 0 0 standing 
7 1222 437 1266 584 14784 1 0 1 standing 
7 1222 437 1266 584 14785 1 0 1 standing 
7 1222 437 1266 584 14786 1 0 1 standing 
7 1222 437 1266 584 14787 1 0 1 standing 
7 1222 437 1266 584 14788 1 0 1 standing 
7 1222 437 1266 584 14789 1 0 0 standing 
7 1222 437 1266 584 14790 1 0 1 standing 
7 1222 437 1266 584 14791 1 0 1 standing 
7 1222 437 1266 584 14792 1 0 1 standing 
7 1222 437 1266 584 14793 1 0 1 standing 
7 1222 437 1266 584 14794 1 0 1 standing 
8 1149 410 1188 561 14775 0 0 0 standing 
8 1182 409 1218 560 14776 0 0 1 standing 
8 1215 408 1248 559 14777 0 0 1 standing 
8 1248 408 1278 559 14778 1 0 0 standing 
8 1248 408 1278 559 14779 1 0 1 standing 
8 1248 408 1278 559 14780 1 0 1 standing 
8 1248 408 1278 559 14781 1 0 1 standing 
8 1248 408 1278 559 14782 1 0 1 standing 
8 1248 408 1278 559 14783 1 0 1 standing 
8 1248 408 1278 559 14784 1 0 1 standing 
8 1248 408 1278 559 14785 1 0 0 standing 
8 1248 408 1278 559 14786 1 0 1 standing 
8 1248 408 1278 559 14787 1 0 1 standing 
8 1248 408 1278 559 14788 1 0 1 standing 
8 1248 408 1278 559 14789 1 0 1 standing 
8 1248 408 1278 559 14790 1 0 1 standing 
8 1248 408 1278 559 14791 1 0 1 standing 
8 1248 408 1278 559 14792 1 0 1 standing 
8 1248 408 1278 559 14793 1 0 1 standing 
8 1248 408 1278 559 14794 1 0 1 standing 
9 1188 395 1233 537 14775 0 0 1 standing 
9 1211 401 1255 542 14776 0 0 1 standing 
9 1234 408 1278 548 14777 1 0 0 standing 
9 1234 408 1278 548 14778 1 0 1 standing 
9 1234 408 1278 548 14779 1 0 1 standing 
9 1234 408 1278 548 14780 1 0 0 standing 
9 1234 408 1278 548 14781 1 0 1 standing 
9 1234 408 1278 548 14782 1 0 1 standing 
9 1234 408 1278 548 14783 1 0 1 standing 
9 1234 408 1278 548 14784 1 0 1 standing 
9 1234 408 1278 548 14785 1 0 1 standing 
9 1234 408 1278 548 14786 1 0 1 standing 
9 1234 408 1278 548 14787 1 0 1 standing 
9 1234 408 1278 548 14788 1 0 1 standing 
9 1234 408 1278 548 14789 1 0 1 standing 
9 1234 408 1278 548 14790 1 0 1 standing 
9 1234 408 1278 548 14791 1 0 1 standing 
9 1234 408 1278 548 14792 1 0 1 standing 
9 1234 408 1278 548 14793 1 0 1 standing 
9 1234 408 1278 548 14794 1 0 1 standing 
10 28 453 86 626 14775 1 0 1 standing 
10 28 453 86 626 14776 1 0 1 standing 
10 28 453 86 626 14777 1 0 1 standing 
10 28 453 86 626 14778 1 0 1 standing 
10 28 453 86 626 14779 1 0 1 standing 
10 28 453 86 626 14780 1 0 1 standing 
10 28 453 86 626 14781 0 0 0 standing 
10 58 455 116 627 14782 0 0 1 standing 
10 88 457 146 629 14783 0 0 1 standing 
10 118 459 176 630 14784 0 0 1 standing 
10 149 462 207 632 14785 0 0 0 standing 
10 166 464 224 633 14786 0 0 1 standing 
10 184 466 242 634 14787 0 0 1 standing 
10 202 468 260 635 14788 0 0 1 standing 
10 220 470 278 636 14789 0 0 1 standing 
10 238 472 296 638 14790 0 0 0 standing 
10 240 472 299 637 14791 0 0 1 standing 
10 243 472 303 637 14792 0 0 1 standing 
10 245 472 307 637 14793 0 0 1 standing 
10 248 472 311 637 14794 0 0 1 standing 
