0 531 455 593 635 99665 0 1 0 spiking 
0 530 448 595 630 99666 0 1 1 spiking 
0 530 442 597 625 99667 0 1 1 spiking 
0 530 435 599 620 99668 0 1 1 spiking 
0 529 429 601 615 99669 0 1 1 spiking 
0 529 422 603 610 99670 0 1 1 spiking 
0 529 416 605 605 99671 0 1 1 spiking 
0 528 409 607 600 99672 0 1 1 spiking 
0 528 403 609 595 99673 0 1 1 spiking 
0 528 396 611 590 99674 0 1 1 spiking 
0 528 390 613 585 99675 0 1 0 spiking 
0 527 399 618 589 99676 0 1 1 spiking 
0 526 408 623 594 99677 0 1 1 spiking 
0 526 417 629 598 99678 0 1 1 spiking 
0 525 426 634 603 99679 0 1 1 spiking 
0 525 435 640 608 99680 0 1 0 spiking 
0 528 447 642 616 99681 0 1 1 spiking 
0 531 459 644 624 99682 0 1 1 spiking 
0 534 471 646 632 99683 0 1 1 spiking 
0 537 484 649 641 99684 0 1 0 spiking 
1 653 458 707 613 99665 0 1 0 spiking 
1 653 442 706 612 99666 0 1 1 blocking 
1 653 427 706 612 99667 0 1 1 blocking 
1 653 412 705 611 99668 0 1 1 blocking 
1 653 397 705 611 99669 0 1 0 blocking 
1 653 393 705 603 99670 0 1 1 blocking 
1 653 389 705 596 99671 0 1 1 blocking 
1 653 385 706 589 99672 0 1 1 blocking 
1 653 381 706 581 99673 0 1 1 blocking 
1 653 377 706 574 99674 0 1 1 blocking 
1 654 373 707 567 99675 0 1 0 blocking 
1 652 376 710 569 99676 0 1 1 blocking 
1 650 380 713 571 99677 0 1 1 blocking 
1 648 384 717 574 99678 0 1 1 blocking 
1 646 387 720 576 99679 0 1 1 blocking 
1 644 391 723 578 99680 0 1 1 blocking 
1 643 395 727 581 99681 0 1 0 blocking 
1 647 411 731 592 99682 0 1 1 blocking 
1 652 427 735 604 99683 0 1 1 blocking 
1 657 443 739 615 99684 0 1 1 blocking 
2 281 444 328 566 99665 0 0 0 blocking 
2 281 444 333 570 99666 0 0 1 moving 
2 281 444 338 574 99667 0 0 1 moving 
2 281 444 344 578 99668 0 0 0 moving 
2 281 445 349 579 99669 0 0 1 moving 
2 281 446 355 580 99670 0 0 1 moving 
2 282 448 361 581 99671 0 0 0 moving 
2 294 449 369 582 99672 0 0 1 moving 
2 306 451 377 583 99673 0 0 1 moving 
2 319 453 386 585 99674 0 0 0 moving 
2 323 453 394 588 99675 0 0 1 moving 
2 327 453 402 591 99676 0 0 1 moving 
2 331 453 410 595 99677 0 0 0 moving 
2 344 453 416 596 99678 0 0 1 moving 
2 357 454 423 597 99679 0 0 1 moving 
2 370 455 430 598 99680 0 0 0 moving 
2 379 455 442 597 99681 0 0 1 moving 
2 389 455 454 597 99682 0 0 1 moving 
2 399 456 467 597 99683 0 0 1 moving 
2 409 456 479 597 99684 0 0 1 moving 
3 411 394 478 519 99665 0 0 0 moving 
3 410 394 477 519 99666 0 0 1 standing 
3 410 394 477 519 99667 0 0 1 standing 
3 410 394 477 519 99668 0 0 0 standing 
3 409 394 476 520 99669 0 0 1 standing 
3 408 395 476 522 99670 0 0 1 standing 
3 408 396 476 524 99671 0 0 0 standing 
3 403 397 476 527 99672 0 0 1 standing 
3 398 398 476 530 99673 0 0 1 standing 
3 393 399 476 533 99674 0 0 0 standing 
3 392 402 470 533 99675 0 0 1 standing 
3 391 405 464 533 99676 0 0 1 standing 
3 391 409 459 533 99677 0 0 0 standing 
3 391 411 457 532 99678 0 0 1 standing 
3 391 413 455 531 99679 0 0 1 standing 
3 391 416 454 531 99680 0 0 0 standing 
3 389 416 455 534 99681 0 0 1 standing 
3 387 416 457 538 99682 0 0 1 standing 
3 385 417 459 542 99683 0 0 1 standing 
3 383 417 461 546 99684 0 0 1 standing 
4 549 311 591 456 99665 0 0 0 standing 
4 551 313 594 458 99666 0 0 1 standing 
4 554 315 597 460 99667 0 0 1 standing 
4 557 317 601 462 99668 0 0 0 standing 
4 556 319 603 464 99669 0 0 1 standing 
4 555 321 605 466 99670 0 0 1 standing 
4 554 324 607 468 99671 0 0 0 standing 
4 552 324 605 468 99672 0 0 1 standing 
4 551 324 604 468 99673 0 0 1 standing 
4 550 325 603 469 99674 0 0 0 standing 
4 551 323 604 467 99675 0 0 1 standing 
4 553 322 606 466 99676 0 0 1 standing 
4 555 321 608 465 99677 0 0 0 standing 
4 554 322 612 466 99678 0 0 1 standing 
4 554 323 616 467 99679 0 0 1 standing 
4 554 324 621 468 99680 0 0 0 standing 
4 550 326 620 470 99681 0 0 1 standing 
4 546 329 619 473 99682 0 0 1 standing 
4 542 332 619 475 99683 0 0 1 standing 
4 538 335 618 478 99684 0 0 1 standing 
5 576 335 610 450 99665 0 0 0 standing 
5 578 343 612 458 99666 0 0 1 standing 
5 580 351 614 466 99667 0 0 1 standing 
5 582 359 616 474 99668 0 0 0 standing 
5 580 362 615 477 99669 0 0 1 standing 
5 578 366 615 480 99670 0 0 1 standing 
5 576 370 615 484 99671 0 0 0 standing 
5 576 368 615 482 99672 0 0 1 standing 
5 576 367 615 481 99673 0 0 1 standing 
5 576 366 615 480 99674 0 0 0 standing 
5 576 364 615 478 99675 0 0 1 standing 
5 576 362 615 476 99676 0 0 1 standing 
5 576 361 615 475 99677 0 0 0 standing 
5 577 360 615 483 99678 0 0 1 standing 
5 578 360 616 491 99679 0 0 1 standing 
5 579 360 617 499 99680 0 0 0 standing 
5 578 362 616 505 99681 0 0 1 standing 
5 577 364 615 511 99682 0 0 1 standing 
5 576 366 614 517 99683 0 0 1 standing 
5 575 368 613 523 99684 0 0 1 standing 
6 562 409 621 543 99665 0 0 0 standing 
6 560 409 619 543 99666 0 0 1 standing 
6 558 409 617 543 99667 0 0 1 standing 
6 556 409 615 543 99668 0 0 0 standing 
6 556 406 613 540 99669 0 0 1 standing 
6 556 403 612 537 99670 0 0 1 standing 
6 557 401 611 534 99671 0 0 0 standing 
6 553 401 607 542 99672 0 0 1 standing 
6 549 401 603 550 99673 0 0 1 standing 
6 546 402 599 559 99674 0 0 0 standing 
6 539 401 597 557 99675 0 0 1 standing 
6 532 400 595 555 99676 0 0 1 standing 
6 526 399 593 553 99677 0 0 0 standing 
6 521 397 591 551 99678 0 0 1 standing 
6 516 396 589 550 99679 0 0 1 standing 
6 511 395 588 549 99680 0 0 0 standing 
6 510 398 587 551 99681 0 0 1 standing 
6 509 401 587 554 99682 0 0 1 standing 
6 509 404 586 557 99683 0 0 1 standing 
6 508 407 586 560 99684 0 0 1 standing 
7 712 363 791 506 99665 0 0 0 standing 
7 716 366 795 508 99666 0 0 1 standing 
7 721 369 799 510 99667 0 0 1 standing 
7 726 372 804 512 99668 0 0 0 standing 
7 732 374 811 512 99669 0 0 1 standing 
7 738 377 819 512 99670 0 0 1 standing 
7 744 380 827 513 99671 0 0 0 standing 
7 752 380 844 512 99672 0 0 1 standing 
7 760 380 861 511 99673 0 0 1 standing 
7 769 380 878 510 99674 0 0 0 standing 
7 770 382 879 509 99675 0 0 1 standing 
7 771 385 880 508 99676 0 0 1 standing 
7 772 388 881 507 99677 0 0 0 standing 
7 779 389 888 510 99678 0 0 1 standing 
7 786 390 895 514 99679 0 0 1 standing 
7 794 391 902 518 99680 0 0 0 standing 
7 796 391 904 518 99681 0 0 1 standing 
7 798 391 906 518 99682 0 0 1 standing 
7 801 391 909 518 99683 0 0 0 standing 
7 801 391 909 518 99684 0 0 1 standing 
8 721 353 791 458 99665 0 0 0 standing 
8 729 351 793 456 99666 0 0 1 standing 
8 738 350 795 454 99667 0 0 1 standing 
8 747 349 797 453 99668 0 0 0 standing 
8 748 350 800 454 99669 0 0 1 standing 
8 749 351 803 455 99670 0 0 1 standing 
8 750 353 807 456 99671 0 0 0 standing 
8 756 355 814 463 99672 0 0 1 standing 
8 763 357 821 471 99673 0 0 1 standing 
8 770 360 828 479 99674 0 0 0 standing 
8 776 363 834 478 99675 0 0 1 standing 
8 782 366 840 478 99676 0 0 1 standing 
8 789 369 847 478 99677 0 0 0 standing 
8 793 371 861 478 99678 0 0 1 standing 
8 798 374 876 479 99679 0 0 1 standing 
8 803 377 891 480 99680 0 0 0 standing 
8 803 378 891 481 99681 0 0 1 standing 
8 804 379 892 482 99682 0 0 1 standing 
8 805 380 893 483 99683 0 0 0 standing 
8 805 380 893 483 99684 0 0 1 standing 
9 937 366 1051 489 99665 0 0 0 standing 
9 932 366 1049 489 99666 0 0 1 standing 
9 927 367 1047 490 99667 0 0 1 standing 
9 923 368 1046 491 99668 0 0 0 standing 
9 921 368 1037 491 99669 0 0 1 standing 
9 920 368 1029 492 99670 0 0 1 standing 
9 919 369 1021 493 99671 0 0 0 standing 
9 918 370 1012 494 99672 0 0 1 standing 
9 917 371 1004 495 99673 0 0 1 standing 
9 917 373 996 496 99674 0 0 0 standing 
9 916 375 993 498 99675 0 0 1 standing 
9 915 377 990 500 99676 0 0 1 standing 
9 914 379 988 503 99677 0 0 0 standing 
9 913 381 987 507 99678 0 0 1 standing 
9 912 384 986 511 99679 0 0 1 standing 
9 912 387 986 516 99680 0 0 0 standing 
9 911 387 985 515 99681 0 0 1 standing 
9 910 388 984 515 99682 0 0 1 standing 
9 910 388 983 514 99683 0 0 1 standing 
9 909 389 982 514 99684 0 0 1 standing 
10 1008 391 1088 526 99665 0 0 0 standing 
10 1008 391 1088 526 99666 0 0 1 standing 
10 1009 392 1089 526 99667 0 0 1 standing 
10 1010 393 1090 527 99668 0 0 0 standing 
10 1009 393 1089 527 99669 0 0 1 standing 
10 1008 393 1088 527 99670 0 0 1 standing 
10 1008 393 1088 527 99671 0 0 0 standing 
10 1008 392 1088 528 99672 0 0 1 standing 
10 1009 391 1088 529 99673 0 0 1 standing 
10 1010 391 1088 530 99674 0 0 0 standing 
10 1009 390 1089 529 99675 0 0 1 standing 
10 1009 390 1091 529 99676 0 0 1 standing 
10 1009 390 1093 529 99677 0 0 0 standing 
10 1011 392 1095 531 99678 0 0 1 standing 
10 1014 394 1098 533 99679 0 0 1 standing 
10 1017 397 1101 536 99680 0 0 0 standing 
10 1015 396 1099 535 99681 0 0 1 standing 
10 1013 396 1097 535 99682 0 0 1 standing 
10 1012 396 1096 535 99683 0 0 0 standing 
10 1012 396 1096 535 99684 0 0 1 standing 
11 999 501 1071 635 99665 0 0 0 standing 
11 998 504 1076 638 99666 0 0 1 standing 
11 997 507 1081 641 99667 0 0 1 standing 
11 997 510 1086 644 99668 0 0 0 standing 
11 996 509 1085 643 99669 0 0 1 standing 
11 996 508 1085 642 99670 0 0 1 standing 
11 996 508 1085 642 99671 0 0 0 standing 
11 999 506 1084 641 99672 0 0 1 standing 
11 1002 504 1083 640 99673 0 0 1 standing 
11 1006 503 1083 640 99674 0 0 0 standing 
11 1007 503 1079 640 99675 0 0 1 standing 
11 1008 503 1075 640 99676 0 0 1 standing 
11 1010 503 1072 640 99677 0 0 0 standing 
11 1009 502 1072 640 99678 0 0 1 standing 
11 1008 501 1072 640 99679 0 0 1 standing 
11 1007 501 1072 640 99680 0 0 1 standing 
11 1006 500 1072 640 99681 0 0 1 standing 
11 1005 499 1072 640 99682 0 0 1 standing 
11 1004 499 1072 640 99683 0 0 1 standing 
11 1003 498 1072 640 99684 0 0 1 standing 
