0 666 385 729 512 32025 1 0 1 setting 
0 666 385 729 512 32026 1 0 1 setting 
0 666 385 729 512 32027 0 1 0 setting 
0 670 378 736 510 32028 0 1 1 setting 
0 675 372 744 509 32029 0 1 1 setting 
0 680 365 752 507 32030 0 1 1 setting 
0 685 359 760 506 32031 0 1 1 setting 
0 690 353 767 505 32032 0 1 1 setting 
0 695 346 775 503 32033 0 1 1 setting 
0 700 340 783 502 32034 0 1 1 setting 
0 705 334 791 501 32035 0 1 0 setting 
0 710 336 799 498 32036 0 1 1 setting 
0 715 338 808 496 32037 0 1 1 setting 
0 720 340 817 494 32038 0 1 0 setting 
0 726 343 822 494 32039 0 1 1 setting 
0 732 347 828 495 32040 0 1 1 setting 
0 738 351 834 495 32041 0 1 1 setting 
0 744 355 839 496 32042 0 1 1 setting 
0 750 359 845 496 32043 0 1 1 setting 
0 756 363 851 497 32044 0 1 0 setting 
1 871 385 981 534 32025 1 0 1 setting 
1 871 385 981 534 32026 1 0 1 moving 
1 871 385 981 534 32027 0 1 0 moving 
1 875 385 982 534 32028 0 1 1 moving 
1 880 385 984 534 32029 0 1 1 moving 
1 885 385 986 534 32030 0 1 1 moving 
1 890 385 987 534 32031 0 1 1 moving 
1 895 385 989 534 32032 0 1 1 moving 
1 900 386 991 534 32033 0 1 1 moving 
1 905 386 993 534 32034 0 1 1 moving 
1 910 386 994 534 32035 0 1 1 moving 
1 915 386 996 534 32036 0 1 1 moving 
1 920 386 998 534 32037 0 1 1 moving 
1 925 387 1000 534 32038 0 1 0 moving 
1 927 387 1001 534 32039 0 1 1 moving 
1 930 388 1003 535 32040 0 1 1 moving 
1 933 389 1005 536 32041 0 1 1 moving 
1 936 390 1007 537 32042 0 1 1 moving 
1 939 390 1008 538 32043 0 1 1 moving 
1 942 391 1010 539 32044 0 1 1 moving 
2 641 299 732 407 32025 1 0 1 moving 
2 641 299 732 407 32026 1 0 1 moving 
2 641 299 732 407 32027 0 1 0 moving 
2 656 300 746 407 32028 0 1 1 moving 
2 671 301 760 408 32029 0 1 1 moving 
2 686 302 775 408 32030 0 1 1 moving 
2 701 303 789 409 32031 0 1 1 moving 
2 716 304 804 410 32032 0 1 0 moving 
2 723 302 810 408 32033 0 1 1 moving 
2 730 300 817 407 32034 0 1 1 moving 
2 738 299 824 405 32035 0 1 1 moving 
2 745 297 831 404 32036 0 1 1 moving 
2 753 296 838 403 32037 0 1 0 moving 
2 758 296 841 403 32038 0 1 1 moving 
2 764 297 845 404 32039 0 1 1 moving 
2 769 297 849 405 32040 0 1 1 moving 
2 775 298 853 406 32041 0 1 1 moving 
2 781 298 857 407 32042 0 1 1 moving 
2 786 299 861 407 32043 0 1 1 moving 
2 792 299 865 408 32044 0 1 1 moving 
3 551 400 623 572 32025 1 0 1 moving 
3 551 400 623 572 32026 1 0 1 moving 
3 551 400 623 572 32027 0 1 0 moving 
3 561 404 636 576 32028 0 1 1 moving 
3 571 409 649 580 32029 0 1 1 moving 
3 582 414 662 585 32030 0 1 1 moving 
3 592 419 676 589 32031 0 1 1 moving 
3 602 424 689 593 32032 0 1 1 moving 
3 613 429 702 598 32033 0 1 1 moving 
3 623 434 715 602 32034 0 1 1 moving 
3 634 439 729 607 32035 0 1 0 moving 
3 650 442 744 610 32036 0 1 1 moving 
3 666 445 760 613 32037 0 1 1 moving 
3 682 448 776 616 32038 0 1 1 moving 
3 698 452 792 620 32039 0 1 0 moving 
3 705 453 800 621 32040 0 1 1 moving 
3 712 454 808 622 32041 0 1 1 moving 
3 719 455 817 623 32042 0 1 1 moving 
3 727 457 825 624 32043 0 1 1 moving 
3 734 458 833 625 32044 0 1 1 moving 
4 823 401 923 485 32025 1 0 1 moving 
4 823 401 923 485 32026 1 0 1 moving 
4 823 401 923 485 32027 0 0 0 moving 
4 833 400 930 484 32028 0 0 1 moving 
4 843 399 938 483 32029 0 0 1 moving 
4 853 398 945 482 32030 0 0 1 moving 
4 863 397 953 481 32031 0 0 1 moving 
4 873 396 960 481 32032 0 0 1 moving 
4 883 395 968 480 32033 0 0 1 moving 
4 893 394 975 479 32034 0 0 1 moving 
4 903 393 983 478 32035 0 0 1 moving 
4 913 392 990 477 32036 0 0 1 moving 
4 924 392 998 477 32037 0 0 0 moving 
4 930 391 1006 477 32038 0 0 1 moving 
4 937 391 1015 478 32039 0 0 1 moving 
4 944 391 1024 478 32040 0 0 1 moving 
4 951 390 1033 479 32041 0 0 1 moving 
4 958 390 1042 480 32042 0 0 1 moving 
4 965 390 1051 480 32043 0 0 1 moving 
4 972 389 1060 481 32044 0 0 1 moving 
5 453 316 532 467 32025 1 0 1 moving 
5 453 316 532 467 32026 1 0 1 standing 
5 453 316 532 467 32027 0 0 0 standing 
5 466 316 542 468 32028 0 0 1 standing 
5 479 316 553 469 32029 0 0 1 standing 
5 492 316 563 471 32030 0 0 1 standing 
5 505 316 574 472 32031 0 0 1 standing 
5 518 316 585 474 32032 0 0 1 standing 
5 531 316 595 475 32033 0 0 1 standing 
5 544 316 606 476 32034 0 0 1 standing 
5 557 316 616 478 32035 0 0 1 standing 
5 570 316 627 479 32036 0 0 1 standing 
5 584 317 638 481 32037 0 0 0 standing 
5 595 317 649 481 32038 0 0 1 standing 
5 606 317 660 481 32039 0 0 1 standing 
5 617 317 671 481 32040 0 0 1 standing 
5 628 317 682 481 32041 0 0 1 standing 
5 639 318 693 482 32042 0 0 0 standing 
5 647 318 702 482 32043 0 0 1 standing 
5 656 319 711 483 32044 0 0 1 standing 
6 370 339 423 489 32025 1 0 1 standing 
6 370 339 423 489 32026 1 0 1 standing 
6 370 339 423 489 32027 0 0 0 standing 
6 379 338 432 489 32028 0 0 1 standing 
6 389 337 442 489 32029 0 0 1 standing 
6 398 337 451 489 32030 0 0 1 standing 
6 408 336 461 489 32031 0 0 1 standing 
6 417 336 471 489 32032 0 0 1 standing 
6 427 335 480 489 32033 0 0 1 standing 
6 436 334 490 489 32034 0 0 1 standing 
6 446 334 499 489 32035 0 0 1 standing 
6 455 333 509 489 32036 0 0 1 standing 
6 465 333 519 489 32037 0 0 0 standing 
6 473 333 529 486 32038 0 0 1 standing 
6 482 333 540 484 32039 0 0 1 standing 
6 490 333 550 482 32040 0 0 1 standing 
6 499 333 561 480 32041 0 0 1 standing 
6 508 334 572 478 32042 0 0 0 standing 
6 516 334 578 477 32043 0 0 1 standing 
6 525 334 585 476 32044 0 0 1 standing 
7 134 333 189 481 32025 1 0 1 standing 
7 134 333 189 481 32026 1 0 1 standing 
7 134 333 189 481 32027 0 0 0 standing 
7 139 331 195 478 32028 0 0 1 standing 
7 144 330 202 475 32029 0 0 1 standing 
7 150 329 209 472 32030 0 0 0 standing 
7 157 328 218 471 32031 0 0 1 standing 
7 165 327 227 470 32032 0 0 1 standing 
7 173 326 237 470 32033 0 0 0 standing 
7 181 325 243 470 32034 0 0 1 standing 
7 189 324 249 470 32035 0 0 1 standing 
7 197 323 255 470 32036 0 0 1 standing 
7 206 323 261 471 32037 0 0 0 standing 
7 209 322 268 469 32038 0 0 1 standing 
7 213 322 276 467 32039 0 0 1 standing 
7 217 322 283 465 32040 0 0 1 standing 
7 221 322 291 463 32041 0 0 1 standing 
7 225 322 298 461 32042 0 0 1 standing 
7 229 322 306 459 32043 0 0 1 standing 
7 233 322 313 457 32044 0 0 1 standing 
8 367 369 422 526 32025 1 0 1 standing 
8 367 369 422 526 32026 1 0 1 standing 
8 367 369 422 526 32027 0 0 0 standing 
8 375 368 431 525 32028 0 0 1 standing 
8 383 368 441 525 32029 0 0 1 standing 
8 391 368 450 524 32030 0 0 1 standing 
8 399 368 460 524 32031 0 0 1 standing 
8 407 368 470 524 32032 0 0 1 standing 
8 415 368 479 523 32033 0 0 1 standing 
8 423 368 489 523 32034 0 0 1 standing 
8 431 368 498 522 32035 0 0 1 standing 
8 439 368 508 522 32036 0 0 1 standing 
8 448 368 518 522 32037 0 0 0 standing 
8 457 367 527 521 32038 0 0 1 standing 
8 466 366 536 520 32039 0 0 1 standing 
8 475 365 545 519 32040 0 0 1 standing 
8 485 364 555 518 32041 0 0 1 standing 
8 494 363 564 517 32042 0 0 1 standing 
8 503 362 573 516 32043 0 0 1 standing 
8 513 361 583 515 32044 0 0 1 standing 
9 335 404 383 550 32025 1 0 1 standing 
9 335 404 383 550 32026 1 0 1 standing 
9 335 404 383 550 32027 0 0 0 standing 
9 344 404 393 550 32028 0 0 1 standing 
9 354 404 403 550 32029 0 0 1 standing 
9 364 404 413 550 32030 0 0 1 standing 
9 373 405 423 550 32031 0 0 1 standing 
9 383 405 434 550 32032 0 0 1 standing 
9 393 405 444 550 32033 0 0 1 standing 
9 402 406 454 550 32034 0 0 1 standing 
9 412 406 464 550 32035 0 0 1 standing 
9 422 406 474 550 32036 0 0 1 standing 
9 432 407 485 551 32037 0 0 0 standing 
9 441 407 494 551 32038 0 0 1 standing 
9 450 408 503 551 32039 0 0 1 standing 
9 459 409 512 551 32040 0 0 1 standing 
9 468 409 521 551 32041 0 0 1 standing 
9 477 410 531 551 32042 0 0 1 standing 
9 486 411 540 551 32043 0 0 1 standing 
9 495 411 549 551 32044 0 0 1 standing 
10 0 416 98 578 32025 1 0 1 standing 
10 0 416 98 578 32026 1 0 1 standing 
10 0 416 98 578 32027 0 0 0 standing 
10 8 414 104 576 32028 0 0 1 standing 
10 17 413 111 575 32029 0 0 1 standing 
10 26 412 118 574 32030 0 0 1 standing 
10 35 411 125 573 32031 0 0 1 standing 
10 44 410 132 572 32032 0 0 0 standing 
10 53 409 134 571 32033 0 0 1 standing 
10 63 408 137 571 32034 0 0 1 standing 
10 72 407 140 570 32035 0 0 1 standing 
10 82 406 143 570 32036 0 0 1 standing 
10 92 406 146 570 32037 0 0 0 standing 
10 101 407 156 570 32038 0 0 1 standing 
10 110 408 166 571 32039 0 0 1 standing 
10 120 410 176 572 32040 0 0 0 standing 
10 124 411 186 573 32041 0 0 1 standing 
10 128 413 196 574 32042 0 0 1 standing 
10 132 415 207 575 32043 0 0 1 standing 
10 137 416 217 576 32044 0 0 1 standing 
11 0 392 15 535 32025 1 0 1 standing 
11 0 391 15 535 32026 1 0 1 standing 
11 0 391 15 535 32027 1 0 1 standing 
11 0 390 15 535 32028 1 0 1 standing 
11 0 389 15 535 32029 1 0 1 standing 
11 0 388 15 535 32030 1 0 1 standing 
11 0 387 14 535 32031 1 0 1 standing 
11 0 386 14 535 32032 1 0 1 standing 
11 0 385 14 535 32033 1 0 1 standing 
11 0 384 14 535 32034 1 0 1 standing 
11 0 383 14 535 32035 1 0 1 standing 
11 0 382 14 535 32036 1 0 1 standing 
11 0 381 14 535 32037 1 0 1 standing 
11 0 381 14 535 32038 0 0 0 standing 
11 0 380 25 533 32039 0 0 1 standing 
11 0 380 37 532 32040 0 0 1 standing 
11 0 379 49 531 32041 0 0 1 standing 
11 0 379 60 530 32042 0 0 1 standing 
11 0 378 72 529 32043 0 0 1 standing 
11 0 378 84 528 32044 0 0 0 standing 
