0 573 442 631 566 18420 0 1 0 digging 
0 575 441 632 566 18421 0 1 1 digging 
0 578 440 633 566 18422 0 1 1 digging 
0 581 440 634 566 18423 0 1 1 digging 
0 583 439 635 566 18424 0 1 1 digging 
0 586 438 636 566 18425 0 1 1 digging 
0 589 438 637 567 18426 0 1 0 digging 
0 588 434 635 566 18427 0 1 1 digging 
0 588 431 633 565 18428 0 1 1 digging 
0 587 427 631 564 18429 0 1 1 digging 
0 587 424 630 563 18430 0 1 0 digging 
0 582 418 625 561 18431 0 1 1 digging 
0 577 413 620 560 18432 0 1 1 digging 
0 572 407 615 559 18433 0 1 1 digging 
0 568 402 610 558 18434 0 1 0 digging 
0 563 403 605 556 18435 0 1 1 digging 
0 559 405 601 555 18436 0 1 1 digging 
0 554 407 597 554 18437 0 1 1 digging 
0 550 408 592 553 18438 0 1 1 digging 
0 545 410 588 552 18439 0 1 1 digging 
1 290 404 352 545 18420 0 0 0 digging 
1 293 402 354 543 18421 0 0 1 moving 
1 297 400 357 541 18422 0 0 1 moving 
1 300 398 359 539 18423 0 0 1 moving 
1 304 396 362 537 18424 0 0 1 moving 
1 307 395 365 535 18425 0 0 1 moving 
1 311 393 367 533 18426 0 0 1 moving 
1 314 391 370 531 18427 0 0 1 moving 
1 318 389 372 529 18428 0 0 1 moving 
1 321 387 375 527 18429 0 0 1 moving 
1 325 386 378 526 18430 0 0 0 moving 
1 322 385 374 525 18431 0 0 1 moving 
1 320 384 371 525 18432 0 0 1 moving 
1 317 383 367 525 18433 0 0 1 moving 
1 315 382 364 525 18434 0 0 1 moving 
1 313 381 361 525 18435 0 0 0 moving 
1 311 384 358 529 18436 0 0 1 moving 
1 309 387 355 533 18437 0 0 1 moving 
1 307 391 352 537 18438 0 0 1 moving 
1 305 394 349 541 18439 0 0 1 moving 
2 489 407 539 505 18420 0 0 0 moving 
2 489 402 539 505 18421 0 0 1 standing 
2 490 397 539 505 18422 0 0 1 standing 
2 490 393 539 505 18423 0 0 1 standing 
2 491 388 539 505 18424 0 0 1 standing 
2 491 384 539 505 18425 0 0 1 standing 
2 492 379 539 505 18426 0 0 1 standing 
2 493 375 539 505 18427 0 0 0 standing 
2 490 371 536 505 18428 0 0 1 standing 
2 488 367 533 506 18429 0 0 1 standing 
2 486 364 530 507 18430 0 0 0 standing 
2 481 364 527 506 18431 0 0 1 standing 
2 476 365 524 506 18432 0 0 1 standing 
2 471 365 521 506 18433 0 0 1 standing 
2 467 366 518 506 18434 0 0 1 standing 
2 462 367 516 506 18435 0 0 1 standing 
2 457 367 513 505 18436 0 0 1 standing 
2 453 368 510 505 18437 0 0 1 standing 
2 448 368 507 505 18438 0 0 1 standing 
2 443 369 504 505 18439 0 0 1 standing 
3 679 356 729 503 18420 0 0 0 standing 
3 679 357 729 501 18421 0 0 1 jumping 
3 680 358 729 500 18422 0 0 1 jumping 
3 680 359 730 498 18423 0 0 1 jumping 
3 681 361 730 497 18424 0 0 1 jumping 
3 681 362 730 496 18425 0 0 1 jumping 
3 682 363 731 494 18426 0 0 1 jumping 
3 682 364 731 493 18427 0 0 1 jumping 
3 683 366 732 492 18428 0 0 0 jumping 
3 678 366 727 493 18429 0 0 1 jumping 
3 674 366 722 494 18430 0 0 1 jumping 
3 670 366 717 495 18431 0 0 1 jumping 
3 666 367 713 496 18432 0 0 0 jumping 
3 659 364 706 496 18433 0 0 1 jumping 
3 653 362 700 497 18434 0 0 1 jumping 
3 646 360 694 497 18435 0 0 1 jumping 
3 640 358 688 498 18436 0 0 1 jumping 
3 634 355 681 499 18437 0 0 1 jumping 
3 627 353 675 499 18438 0 0 1 jumping 
3 621 351 669 500 18439 0 0 1 jumping 
4 818 377 868 530 18420 0 0 0 jumping 
4 816 376 866 529 18421 0 0 1 standing 
4 815 376 864 529 18422 0 0 1 standing 
4 813 376 862 528 18423 0 0 1 standing 
4 812 375 860 528 18424 0 0 1 standing 
4 811 375 859 528 18425 0 0 1 standing 
4 809 375 857 527 18426 0 0 1 standing 
4 808 374 855 527 18427 0 0 1 standing 
4 806 374 853 526 18428 0 0 1 standing 
4 805 374 851 526 18429 0 0 1 standing 
4 804 374 850 526 18430 0 0 0 standing 
4 796 373 843 525 18431 0 0 1 standing 
4 789 373 836 525 18432 0 0 1 standing 
4 782 373 829 525 18433 0 0 1 standing 
4 774 373 822 525 18434 0 0 1 standing 
4 767 373 815 525 18435 0 0 1 standing 
4 760 373 808 524 18436 0 0 1 standing 
4 752 373 801 524 18437 0 0 1 standing 
4 745 373 794 524 18438 0 0 1 standing 
4 738 373 787 524 18439 0 0 1 standing 
5 879 403 931 545 18420 0 0 0 standing 
5 884 402 936 544 18421 0 0 1 moving 
5 889 401 941 543 18422 0 0 1 moving 
5 894 400 946 542 18423 0 0 1 moving 
5 899 399 951 541 18424 0 0 1 moving 
5 905 398 957 540 18425 0 0 1 moving 
5 910 397 962 539 18426 0 0 1 moving 
5 915 396 967 538 18427 0 0 1 moving 
5 920 395 972 537 18428 0 0 1 moving 
5 925 394 977 536 18429 0 0 1 moving 
5 931 393 983 535 18430 0 0 0 moving 
5 931 392 987 534 18431 0 0 1 moving 
5 932 391 991 533 18432 0 0 1 moving 
5 932 390 996 532 18433 0 0 1 moving 
5 933 389 1000 531 18434 0 0 1 moving 
5 933 388 1005 530 18435 0 0 1 moving 
5 934 387 1009 529 18436 0 0 1 moving 
5 934 386 1013 528 18437 0 0 1 moving 
5 935 385 1018 527 18438 0 0 1 moving 
5 935 384 1022 526 18439 0 0 1 moving 
6 1102 345 1148 477 18420 0 0 0 moving 
6 1102 344 1148 476 18421 0 0 1 standing 
6 1103 343 1149 476 18422 0 0 1 standing 
6 1104 343 1150 476 18423 0 0 1 standing 
6 1105 342 1151 476 18424 0 0 1 standing 
6 1106 341 1151 476 18425 0 0 1 standing 
6 1107 341 1152 476 18426 0 0 1 standing 
6 1108 340 1153 476 18427 0 0 1 standing 
6 1109 340 1154 476 18428 0 0 0 standing 
6 1104 340 1149 476 18429 0 0 1 standing 
6 1099 340 1144 476 18430 0 0 1 standing 
6 1094 340 1139 476 18431 0 0 1 standing 
6 1089 340 1134 476 18432 0 0 1 standing 
6 1084 340 1129 476 18433 0 0 1 standing 
6 1080 340 1125 476 18434 0 0 0 standing 
6 1073 340 1118 476 18435 0 0 1 standing 
6 1067 340 1112 476 18436 0 0 1 standing 
6 1060 340 1105 476 18437 0 0 1 standing 
6 1054 340 1099 476 18438 0 0 1 standing 
6 1047 340 1092 476 18439 0 0 1 standing 
7 1185 428 1227 579 18420 0 0 0 standing 
7 1186 429 1228 580 18421 0 0 1 moving 
7 1187 430 1229 581 18422 0 0 1 moving 
7 1188 431 1230 582 18423 0 0 1 moving 
7 1189 432 1231 583 18424 0 0 1 moving 
7 1190 433 1232 584 18425 0 0 1 moving 
7 1191 434 1233 585 18426 0 0 1 moving 
7 1192 435 1234 586 18427 0 0 1 moving 
7 1194 436 1236 587 18428 0 0 0 moving 
7 1187 437 1229 588 18429 0 0 1 moving 
7 1181 438 1223 589 18430 0 0 1 moving 
7 1175 439 1217 590 18431 0 0 1 moving 
7 1169 440 1211 591 18432 0 0 1 moving 
7 1163 441 1205 592 18433 0 0 1 moving 
7 1157 442 1199 593 18434 0 0 1 moving 
7 1151 443 1193 594 18435 0 0 0 moving 
7 1144 444 1191 594 18436 0 0 1 moving 
7 1138 445 1190 595 18437 0 0 1 moving 
7 1131 446 1188 596 18438 0 0 1 moving 
7 1125 447 1187 597 18439 0 0 1 moving 
8 531 499 599 638 18420 0 0 0 moving 
8 527 501 595 641 18421 0 0 1 moving 
8 523 503 591 645 18422 0 0 1 moving 
8 519 505 587 649 18423 0 0 1 moving 
8 515 507 583 653 18424 0 0 0 moving 
8 512 507 580 654 18425 0 0 1 moving 
8 509 507 577 656 18426 0 0 1 moving 
8 506 507 574 657 18427 0 0 1 moving 
8 503 507 571 659 18428 0 0 0 moving 
8 498 504 565 659 18429 0 0 1 moving 
8 493 502 560 659 18430 0 0 1 moving 
8 488 500 555 659 18431 0 0 1 moving 
8 483 497 550 660 18432 0 0 1 moving 
8 478 495 545 660 18433 0 0 1 moving 
8 473 493 540 660 18434 0 0 1 moving 
8 468 490 534 660 18435 0 0 1 moving 
8 463 488 529 661 18436 0 0 1 moving 
8 458 486 524 661 18437 0 0 1 moving 
8 453 483 519 661 18438 0 0 1 moving 
8 448 481 514 661 18439 0 0 1 moving 
9 614 357 659 483 18420 0 0 0 moving 
9 611 355 656 481 18421 0 0 1 moving 
9 609 354 654 480 18422 0 0 1 moving 
9 606 352 651 478 18423 0 0 1 moving 
9 604 351 649 477 18424 0 0 1 moving 
9 601 350 646 476 18425 0 0 1 moving 
9 599 348 644 474 18426 0 0 1 moving 
9 596 347 641 473 18427 0 0 1 moving 
9 594 345 639 471 18428 0 0 1 moving 
9 591 344 636 470 18429 0 0 1 moving 
9 589 343 634 469 18430 0 0 0 moving 
9 584 341 629 467 18431 0 0 1 moving 
9 579 340 624 466 18432 0 0 1 moving 
9 575 338 620 464 18433 0 0 1 moving 
9 570 337 615 463 18434 0 0 1 moving 
9 566 335 611 461 18435 0 0 1 moving 
9 561 334 606 460 18436 0 0 1 moving 
9 556 332 601 458 18437 0 0 1 moving 
9 552 331 597 457 18438 0 0 1 moving 
9 547 329 592 455 18439 0 0 1 moving 
10 858 456 914 600 18420 0 0 0 moving 
10 852 456 908 600 18421 0 0 1 standing 
10 847 456 903 600 18422 0 0 1 standing 
10 842 456 898 600 18423 0 0 1 standing 
10 837 456 893 600 18424 0 0 1 standing 
10 832 457 888 601 18425 0 0 1 standing 
10 826 457 882 601 18426 0 0 1 standing 
10 821 457 877 601 18427 0 0 1 standing 
10 816 457 872 601 18428 0 0 1 standing 
10 811 457 867 601 18429 0 0 1 standing 
10 806 458 862 602 18430 0 0 0 standing 
10 799 457 855 601 18431 0 0 1 standing 
10 792 457 848 601 18432 0 0 1 standing 
10 785 457 841 601 18433 0 0 1 standing 
10 779 456 835 600 18434 0 0 1 standing 
10 772 456 828 600 18435 0 0 1 standing 
10 765 456 821 600 18436 0 0 1 standing 
10 759 455 815 599 18437 0 0 1 standing 
10 752 455 808 599 18438 0 0 1 standing 
10 745 455 801 599 18439 0 0 1 standing 
11 862 312 913 449 18420 0 0 0 standing 
11 859 311 909 450 18421 0 0 1 standing 
11 857 311 905 451 18422 0 0 1 standing 
11 854 311 902 452 18423 0 0 1 standing 
11 852 311 898 453 18424 0 0 1 standing 
11 850 311 894 454 18425 0 0 1 standing 
11 847 311 891 455 18426 0 0 1 standing 
11 845 311 887 456 18427 0 0 1 standing 
11 843 311 884 458 18428 0 0 0 standing 
11 835 312 877 458 18429 0 0 1 standing 
11 827 313 870 459 18430 0 0 1 standing 
11 820 314 863 460 18431 0 0 1 standing 
11 812 316 856 461 18432 0 0 1 standing 
11 804 317 849 461 18433 0 0 1 standing 
11 797 318 842 462 18434 0 0 1 standing 
11 789 319 835 463 18435 0 0 1 standing 
11 782 321 828 464 18436 0 0 0 standing 
11 774 321 821 463 18437 0 0 1 standing 
11 767 321 814 463 18438 0 0 1 standing 
11 759 321 807 462 18439 0 0 1 standing 
