0 2 353 73 498 46405 0 0 0 standing 
0 6 352 77 497 46406 0 0 1 standing 
0 10 352 81 497 46407 0 0 1 standing 
0 15 352 86 497 46408 0 0 1 standing 
0 19 352 90 497 46409 0 0 1 standing 
0 23 352 94 497 46410 0 0 1 standing 
0 28 352 99 497 46411 0 0 1 standing 
0 32 352 103 496 46412 0 0 1 standing 
0 36 352 107 496 46413 0 0 1 standing 
0 41 352 112 496 46414 0 0 1 standing 
0 45 352 116 496 46415 0 0 1 standing 
0 49 352 120 496 46416 0 0 1 standing 
0 54 352 125 496 46417 0 0 0 standing 
0 66 351 137 495 46418 0 0 1 standing 
0 78 351 149 495 46419 0 0 1 standing 
0 90 350 161 495 46420 0 0 1 standing 
0 102 350 173 495 46421 0 0 1 standing 
0 114 349 185 494 46422 0 0 1 standing 
0 126 349 197 494 46423 0 0 1 standing 
0 138 348 209 494 46424 0 0 1 standing 
1 115 452 175 576 46405 0 0 0 standing 
1 122 451 182 575 46406 0 0 1 moving 
1 129 450 189 574 46407 0 0 1 moving 
1 136 449 196 573 46408 0 0 1 moving 
1 144 448 204 572 46409 0 0 1 moving 
1 151 447 211 572 46410 0 0 1 moving 
1 158 446 218 571 46411 0 0 1 moving 
1 166 445 226 570 46412 0 0 1 moving 
1 173 444 233 569 46413 0 0 1 moving 
1 180 443 240 568 46414 0 0 1 moving 
1 188 443 248 568 46415 0 0 0 moving 
1 204 442 264 567 46416 0 0 1 moving 
1 220 441 280 567 46417 0 0 1 moving 
1 237 441 296 566 46418 0 0 1 moving 
1 253 440 313 566 46419 0 0 1 moving 
1 270 440 329 565 46420 0 0 1 moving 
1 286 439 345 565 46421 0 0 1 moving 
1 302 438 362 564 46422 0 0 1 moving 
1 319 438 378 564 46423 0 0 1 moving 
1 335 437 394 563 46424 0 0 1 moving 
2 186 343 272 447 46405 0 0 0 moving 
2 192 342 278 446 46406 0 0 1 waiting 
2 198 342 284 445 46407 0 0 1 waiting 
2 204 341 290 445 46408 0 0 1 waiting 
2 210 341 296 444 46409 0 0 1 waiting 
2 217 340 302 444 46410 0 0 1 waiting 
2 223 340 308 443 46411 0 0 1 waiting 
2 229 339 314 442 46412 0 0 1 waiting 
2 235 339 320 442 46413 0 0 1 waiting 
2 241 338 326 441 46414 0 0 1 waiting 
2 248 338 333 441 46415 0 0 0 waiting 
2 259 338 344 441 46416 0 0 1 waiting 
2 271 338 355 441 46417 0 0 1 waiting 
2 282 338 367 441 46418 0 0 1 waiting 
2 294 338 378 441 46419 0 0 1 waiting 
2 306 338 390 441 46420 0 0 1 waiting 
2 317 338 401 441 46421 0 0 1 waiting 
2 329 338 412 441 46422 0 0 1 waiting 
2 340 338 424 441 46423 0 0 1 waiting 
2 352 338 435 441 46424 0 0 1 waiting 
3 428 343 507 441 46405 0 0 0 waiting 
3 426 340 504 440 46406 0 0 1 moving 
3 424 338 502 440 46407 0 0 1 moving 
3 422 336 500 440 46408 0 0 1 moving 
3 420 334 498 440 46409 0 0 1 moving 
3 418 332 496 440 46410 0 0 1 moving 
3 416 330 494 440 46411 0 0 1 moving 
3 414 328 492 440 46412 0 0 1 moving 
3 412 326 490 440 46413 0 0 1 moving 
3 410 324 488 440 46414 0 0 1 moving 
3 408 322 486 440 46415 0 0 0 moving 
3 411 322 489 440 46416 0 0 1 moving 
3 414 322 492 440 46417 0 0 1 moving 
3 417 323 495 441 46418 0 0 1 moving 
3 420 323 498 441 46419 0 0 1 moving 
3 423 324 501 442 46420 0 0 0 moving 
3 432 324 510 442 46421 0 0 1 moving 
3 442 324 520 443 46422 0 0 1 moving 
3 451 325 529 443 46423 0 0 1 moving 
3 461 325 539 444 46424 0 0 1 moving 
4 479 389 530 536 46405 0 1 0 moving 
4 487 385 538 532 46406 0 1 1 blocking 
4 496 381 547 529 46407 0 1 1 blocking 
4 504 378 555 525 46408 0 1 1 blocking 
4 513 374 564 522 46409 0 1 1 blocking 
4 522 371 573 519 46410 0 1 1 blocking 
4 530 367 581 515 46411 0 1 1 blocking 
4 539 363 590 512 46412 0 1 1 blocking 
4 547 360 598 508 46413 0 1 1 blocking 
4 556 356 607 505 46414 0 1 1 blocking 
4 565 353 616 502 46415 0 1 0 blocking 
4 568 345 638 498 46416 0 1 1 blocking 
4 571 338 660 495 46417 0 1 1 blocking 
4 575 331 682 492 46418 0 1 0 blocking 
4 587 332 690 498 46419 0 1 1 blocking 
4 599 333 698 504 46420 0 1 1 blocking 
4 611 335 707 511 46421 0 1 1 blocking 
4 623 336 715 517 46422 0 1 1 blocking 
4 635 338 724 524 46423 0 1 0 blocking 
4 635 338 724 524 46424 0 1 1 blocking 
5 488 391 540 583 46405 0 1 0 blocking 
5 497 381 550 577 46406 0 1 1 blocking 
5 506 371 560 571 46407 0 1 1 blocking 
5 515 361 570 565 46408 0 1 1 blocking 
5 524 352 580 559 46409 0 1 1 blocking 
5 533 342 590 553 46410 0 1 1 blocking 
5 542 332 600 547 46411 0 1 1 blocking 
5 551 323 610 541 46412 0 1 0 blocking 
5 560 320 619 535 46413 0 1 1 blocking 
5 569 318 628 529 46414 0 1 1 blocking 
5 579 316 637 524 46415 0 1 0 blocking 
5 580 322 650 526 46416 0 1 1 blocking 
5 581 328 663 529 46417 0 1 1 blocking 
5 583 335 676 532 46418 0 1 0 blocking 
5 599 343 686 536 46419 0 1 1 blocking 
5 615 351 697 541 46420 0 1 1 blocking 
5 631 359 708 545 46421 0 1 1 blocking 
5 647 367 719 550 46422 0 1 1 blocking 
5 664 375 730 555 46423 0 1 0 blocking 
5 664 375 730 555 46424 0 1 1 blocking 
6 585 341 648 498 46405 0 0 0 blocking 
6 591 344 654 501 46406 0 0 1 spiking 
6 598 347 661 504 46407 0 0 1 spiking 
6 604 350 667 507 46408 0 0 1 spiking 
6 611 354 674 511 46409 0 0 1 spiking 
6 618 357 681 514 46410 0 0 1 spiking 
6 624 360 687 517 46411 0 0 1 spiking 
6 631 364 694 521 46412 0 0 1 spiking 
6 637 367 700 524 46413 0 0 1 spiking 
6 644 370 707 527 46414 0 0 1 spiking 
6 651 374 714 531 46415 0 0 0 spiking 
6 663 372 726 529 46416 0 0 1 spiking 
6 676 370 739 527 46417 0 0 1 spiking 
6 689 368 752 525 46418 0 0 1 spiking 
6 701 367 764 523 46419 0 0 1 spiking 
6 714 365 777 522 46420 0 0 1 spiking 
6 727 363 790 520 46421 0 0 1 spiking 
6 739 362 802 518 46422 0 0 1 spiking 
6 752 360 815 516 46423 0 0 1 spiking 
6 765 358 828 514 46424 0 0 1 spiking 
7 656 389 715 595 46405 0 1 0 spiking 
7 660 387 719 589 46406 0 1 1 spiking 
7 664 386 723 583 46407 0 1 1 spiking 
7 668 385 727 577 46408 0 1 1 spiking 
7 672 384 731 571 46409 0 1 1 spiking 
7 676 382 735 565 46410 0 1 1 spiking 
7 680 381 739 559 46411 0 1 1 spiking 
7 684 380 743 553 46412 0 1 1 spiking 
7 688 379 747 547 46413 0 1 1 spiking 
7 692 377 751 541 46414 0 1 1 spiking 
7 696 376 755 535 46415 0 1 1 spiking 
7 700 375 759 529 46416 0 1 1 spiking 
7 705 374 764 524 46417 0 0 0 spiking 
7 713 380 772 530 46418 0 0 1 spiking 
7 722 386 781 536 46419 0 0 1 spiking 
7 731 392 790 542 46420 0 0 1 spiking 
7 740 398 799 548 46421 0 0 1 spiking 
7 749 404 807 554 46422 0 0 1 spiking 
7 758 410 816 560 46423 0 0 1 spiking 
7 767 416 825 566 46424 0 0 1 spiking 
8 731 361 789 493 46405 0 0 0 spiking 
8 734 361 792 494 46406 0 0 1 moving 
8 737 362 795 495 46407 0 0 1 moving 
8 740 363 798 497 46408 0 0 1 moving 
8 743 364 801 498 46409 0 0 1 moving 
8 746 365 804 500 46410 0 0 1 moving 
8 749 366 807 501 46411 0 0 1 moving 
8 752 367 810 502 46412 0 0 1 moving 
8 755 368 813 504 46413 0 0 1 moving 
8 758 369 816 505 46414 0 0 1 moving 
8 761 370 820 507 46415 0 0 0 moving 
8 772 371 831 508 46416 0 0 1 moving 
8 784 373 843 510 46417 0 0 1 moving 
8 795 375 854 512 46418 0 0 1 moving 
8 807 377 866 514 46419 0 0 1 moving 
8 819 379 878 516 46420 0 0 1 moving 
8 830 381 889 518 46421 0 0 1 moving 
8 842 383 901 520 46422 0 0 1 moving 
8 853 385 912 522 46423 0 0 1 moving 
8 865 387 924 524 46424 0 0 1 moving 
9 703 313 761 445 46405 0 0 0 moving 
9 709 311 767 443 46406 0 0 1 standing 
9 715 310 773 442 46407 0 0 1 standing 
9 721 308 779 441 46408 0 0 1 standing 
9 727 307 785 439 46409 0 0 1 standing 
9 733 306 791 438 46410 0 0 1 standing 
9 739 304 797 437 46411 0 0 1 standing 
9 745 303 803 435 46412 0 0 1 standing 
9 751 301 809 434 46413 0 0 1 standing 
9 757 300 815 433 46414 0 0 1 standing 
9 763 299 821 432 46415 0 0 0 standing 
9 774 301 832 434 46416 0 0 1 standing 
9 785 303 843 436 46417 0 0 1 standing 
9 796 305 854 438 46418 0 0 1 standing 
9 807 307 866 440 46419 0 0 1 standing 
9 819 310 877 442 46420 0 0 1 standing 
9 830 312 888 444 46421 0 0 1 standing 
9 841 314 900 446 46422 0 0 1 standing 
9 852 316 911 448 46423 0 0 1 standing 
9 863 318 922 450 46424 0 0 1 standing 
10 789 281 855 415 46405 0 0 0 standing 
10 794 280 860 414 46406 0 0 1 standing 
10 799 279 865 413 46407 0 0 1 standing 
10 804 278 870 412 46408 0 0 1 standing 
10 809 277 875 411 46409 0 0 1 standing 
10 815 276 881 410 46410 0 0 1 standing 
10 820 275 886 409 46411 0 0 1 standing 
10 825 274 891 408 46412 0 0 1 standing 
10 830 273 896 407 46413 0 0 1 standing 
10 835 272 901 406 46414 0 0 1 standing 
10 841 271 907 405 46415 0 0 0 standing 
10 852 270 918 404 46416 0 0 1 standing 
10 864 270 930 403 46417 0 0 1 standing 
10 875 270 941 403 46418 0 0 1 standing 
10 887 270 953 402 46419 0 0 1 standing 
10 899 270 965 402 46420 0 0 0 standing 
10 914 270 980 402 46421 0 0 1 standing 
10 929 271 995 402 46422 0 0 1 standing 
10 944 271 1010 403 46423 0 0 1 standing 
10 959 272 1025 403 46424 0 0 1 standing 
11 986 375 1035 493 46405 0 0 0 standing 
11 994 373 1043 493 46406 0 0 1 standing 
11 1002 372 1051 494 46407 0 0 1 standing 
11 1011 371 1059 495 46408 0 0 1 standing 
11 1019 370 1067 496 46409 0 0 1 standing 
11 1028 369 1076 497 46410 0 0 1 standing 
11 1036 368 1084 497 46411 0 0 1 standing 
11 1044 367 1092 498 46412 0 0 1 standing 
11 1053 366 1100 499 46413 0 0 1 standing 
11 1061 365 1108 500 46414 0 0 1 standing 
11 1070 364 1117 501 46415 0 0 0 standing 
11 1083 366 1130 503 46416 0 0 1 standing 
11 1096 368 1143 505 46417 0 0 1 standing 
11 1110 371 1157 508 46418 0 0 1 standing 
11 1123 373 1170 510 46419 0 0 1 standing 
11 1137 376 1184 513 46420 0 0 1 standing 
11 1150 378 1197 515 46421 0 0 1 standing 
11 1163 380 1210 517 46422 0 0 1 standing 
11 1177 383 1224 520 46423 0 0 1 standing 
11 1190 385 1237 522 46424 0 0 1 standing 
