0 601 344 661 495 73480 0 1 0 setting 
0 604 340 665 495 73481 0 1 1 setting 
0 607 336 670 495 73482 0 1 1 setting 
0 610 332 674 495 73483 0 1 1 setting 
0 613 328 679 496 73484 0 1 0 setting 
0 618 318 682 489 73485 0 1 1 setting 
0 624 309 686 482 73486 0 1 1 setting 
0 630 299 689 475 73487 0 1 1 setting 
0 636 290 693 469 73488 0 1 0 setting 
0 642 288 699 471 73489 0 1 1 setting 
0 648 287 705 473 73490 0 1 1 setting 
0 654 286 711 475 73491 0 1 1 setting 
0 660 285 717 477 73492 0 1 1 setting 
0 666 284 723 479 73493 0 1 0 setting 
0 672 294 730 482 73494 0 1 1 setting 
0 679 305 737 486 73495 0 1 1 setting 
0 686 316 744 490 73496 0 1 1 setting 
0 693 327 752 494 73497 0 1 1 setting 
0 700 338 759 498 73498 0 1 1 setting 
0 707 349 766 502 73499 0 1 1 setting 
1 866 466 965 621 73480 0 1 0 setting 
1 867 468 966 624 73481 0 1 1 moving 
1 869 470 968 627 73482 0 1 1 moving 
1 870 472 969 630 73483 0 1 1 moving 
1 872 475 971 633 73484 0 1 0 moving 
1 867 474 966 633 73485 0 1 1 moving 
1 863 474 962 634 73486 0 1 1 moving 
1 859 474 958 635 73487 0 1 1 moving 
1 855 474 953 635 73488 0 1 1 moving 
1 851 474 949 636 73489 0 1 1 moving 
1 847 474 945 637 73490 0 1 0 moving 
1 845 479 946 643 73491 0 1 1 moving 
1 843 484 948 649 73492 0 1 1 moving 
1 842 489 950 655 73493 0 1 0 moving 
1 843 491 947 657 73494 0 1 1 moving 
1 845 494 945 659 73495 0 1 1 moving 
1 847 496 943 661 73496 0 1 1 moving 
1 849 499 941 664 73497 0 1 0 moving 
1 843 497 934 662 73498 0 1 1 moving 
1 838 496 928 660 73499 0 1 1 moving 
2 895 315 975 451 73480 0 0 0 moving 
2 900 315 979 450 73481 0 0 1 moving 
2 905 316 983 449 73482 0 0 1 moving 
2 910 317 987 449 73483 0 0 0 moving 
2 913 314 989 448 73484 0 0 1 moving 
2 916 312 992 447 73485 0 0 1 moving 
2 919 310 995 447 73486 0 0 0 moving 
2 922 307 996 445 73487 0 0 1 moving 
2 926 304 998 444 73488 0 0 1 moving 
2 930 301 1000 443 73489 0 0 0 moving 
2 929 303 1000 443 73490 0 0 1 moving 
2 929 305 1000 443 73491 0 0 1 moving 
2 929 308 1000 444 73492 0 0 0 moving 
2 930 311 1000 445 73493 0 0 1 moving 
2 931 314 1001 446 73494 0 0 1 moving 
2 932 317 1002 448 73495 0 0 0 moving 
2 936 315 1004 446 73496 0 0 1 moving 
2 941 314 1006 445 73497 0 0 1 moving 
2 945 312 1009 444 73498 0 0 1 moving 
2 950 311 1011 443 73499 0 0 1 moving 
3 428 420 487 589 73480 0 0 0 moving 
3 429 420 488 589 73481 0 0 1 standing 
3 430 420 489 589 73482 0 0 1 standing 
3 432 420 491 589 73483 0 0 1 standing 
3 433 420 492 589 73484 0 0 1 standing 
3 434 420 493 589 73485 0 0 1 standing 
3 436 420 495 590 73486 0 0 0 standing 
3 438 419 497 588 73487 0 0 1 standing 
3 440 418 499 586 73488 0 0 1 standing 
3 442 417 501 585 73489 0 0 0 standing 
3 445 420 504 588 73490 0 0 1 standing 
3 448 423 507 591 73491 0 0 1 standing 
3 451 427 510 595 73492 0 0 0 standing 
3 456 429 515 597 73493 0 0 1 standing 
3 462 432 521 599 73494 0 0 1 standing 
3 468 435 527 602 73495 0 0 0 standing 
3 473 435 532 602 73496 0 0 1 standing 
3 478 435 537 602 73497 0 0 1 standing 
3 483 435 542 602 73498 0 0 1 standing 
3 488 435 547 602 73499 0 0 1 standing 
4 421 382 473 546 73480 0 0 0 standing 
4 421 382 474 546 73481 0 0 1 standing 
4 421 382 475 547 73482 0 0 1 standing 
4 422 382 476 548 73483 0 0 1 standing 
4 422 382 477 548 73484 0 0 1 standing 
4 422 382 478 549 73485 0 0 1 standing 
4 423 383 480 550 73486 0 0 0 standing 
4 425 384 482 551 73487 0 0 1 standing 
4 427 385 484 553 73488 0 0 1 standing 
4 429 387 486 555 73489 0 0 0 standing 
4 431 390 489 555 73490 0 0 1 standing 
4 434 394 492 555 73491 0 0 1 standing 
4 437 398 496 555 73492 0 0 0 standing 
4 440 400 499 557 73493 0 0 1 standing 
4 444 403 503 560 73494 0 0 1 standing 
4 448 406 507 563 73495 0 0 0 standing 
4 452 407 512 563 73496 0 0 1 standing 
4 457 408 518 564 73497 0 0 1 standing 
4 462 409 524 564 73498 0 0 1 standing 
4 467 410 530 565 73499 0 0 1 standing 
5 739 362 822 505 73480 0 0 0 standing 
5 743 359 826 504 73481 0 0 1 moving 
5 747 356 830 503 73482 0 0 1 moving 
5 752 353 834 502 73483 0 0 0 moving 
5 749 350 835 499 73484 0 0 1 moving 
5 746 348 836 496 73485 0 0 1 moving 
5 743 346 838 494 73486 0 0 0 moving 
5 747 344 840 488 73487 0 0 1 moving 
5 752 342 842 482 73488 0 0 1 moving 
5 757 340 845 477 73489 0 0 0 moving 
5 750 337 844 478 73490 0 0 1 moving 
5 743 334 844 479 73491 0 0 1 moving 
5 737 332 844 480 73492 0 0 0 moving 
5 737 329 844 477 73493 0 0 1 moving 
5 738 326 845 474 73494 0 0 1 moving 
5 739 323 846 472 73495 0 0 0 moving 
5 739 323 838 469 73496 0 0 1 moving 
5 740 324 830 466 73497 0 0 1 moving 
5 741 324 823 463 73498 0 0 1 moving 
5 742 325 815 460 73499 0 0 1 moving 
6 438 361 488 501 73480 0 0 0 moving 
6 438 361 489 500 73481 0 0 1 standing 
6 438 361 491 500 73482 0 0 1 standing 
6 438 361 492 500 73483 0 0 1 standing 
6 438 361 494 500 73484 0 0 1 standing 
6 438 361 495 500 73485 0 0 1 standing 
6 438 361 497 500 73486 0 0 0 standing 
6 440 359 499 498 73487 0 0 1 standing 
6 442 357 501 496 73488 0 0 1 standing 
6 445 355 504 494 73489 0 0 0 standing 
6 447 352 505 490 73490 0 0 1 standing 
6 450 349 506 487 73491 0 0 1 standing 
6 453 347 507 484 73492 0 0 0 standing 
6 457 347 513 484 73493 0 0 1 standing 
6 461 347 519 484 73494 0 0 1 standing 
6 466 347 525 484 73495 0 0 0 standing 
6 470 347 531 482 73496 0 0 1 standing 
6 475 347 538 480 73497 0 0 1 standing 
6 479 347 545 478 73498 0 0 1 standing 
6 484 347 552 476 73499 0 0 1 standing 
7 981 394 1045 547 73480 0 0 0 standing 
7 984 394 1046 547 73481 0 0 1 standing 
7 987 394 1047 547 73482 0 0 1 standing 
7 990 394 1048 547 73483 0 0 0 standing 
7 989 396 1050 548 73484 0 0 1 standing 
7 989 398 1052 549 73485 0 0 1 standing 
7 989 401 1054 550 73486 0 0 0 standing 
7 984 402 1055 553 73487 0 0 1 standing 
7 979 404 1057 556 73488 0 0 1 standing 
7 975 406 1059 559 73489 0 0 0 standing 
7 976 408 1057 559 73490 0 0 1 standing 
7 977 410 1056 559 73491 0 0 1 standing 
7 978 412 1055 559 73492 0 0 0 standing 
7 976 410 1053 562 73493 0 0 1 standing 
7 974 408 1051 565 73494 0 0 1 standing 
7 972 407 1050 568 73495 0 0 0 standing 
7 972 406 1048 569 73496 0 0 1 standing 
7 972 406 1047 570 73497 0 0 1 standing 
7 973 406 1045 571 73498 0 0 1 standing 
7 973 406 1044 572 73499 0 0 1 standing 
8 1055 377 1172 511 73480 0 0 0 standing 
8 1054 374 1170 510 73481 0 0 1 moving 
8 1053 371 1168 509 73482 0 0 1 moving 
8 1053 368 1167 509 73483 0 0 0 moving 
8 1046 371 1156 512 73484 0 0 1 moving 
8 1039 374 1145 516 73485 0 0 1 moving 
8 1032 377 1135 520 73486 0 0 0 moving 
8 1028 377 1135 520 73487 0 0 1 moving 
8 1025 377 1136 520 73488 0 0 1 moving 
8 1022 377 1137 520 73489 0 0 0 moving 
8 1012 378 1126 512 73490 0 0 1 moving 
8 1002 379 1115 505 73491 0 0 1 moving 
8 992 380 1105 498 73492 0 0 0 moving 
8 987 380 1089 508 73493 0 0 1 moving 
8 982 381 1073 519 73494 0 0 1 moving 
8 978 382 1057 530 73495 0 0 0 moving 
8 962 383 1045 529 73496 0 0 1 moving 
8 946 384 1033 528 73497 0 0 1 moving 
8 930 385 1022 527 73498 0 0 1 moving 
8 914 386 1010 526 73499 0 0 1 moving 
9 74 450 149 603 73480 0 0 0 moving 
9 72 450 147 603 73481 0 0 1 standing 
9 70 450 145 604 73482 0 0 1 standing 
9 69 451 144 605 73483 0 0 0 standing 
9 68 451 142 604 73484 0 0 1 standing 
9 68 451 140 604 73485 0 0 1 standing 
9 68 451 138 604 73486 0 0 0 standing 
9 65 450 137 605 73487 0 0 1 standing 
9 62 449 136 606 73488 0 0 1 standing 
9 60 448 136 608 73489 0 0 0 standing 
9 62 447 136 607 73490 0 0 1 standing 
9 64 446 136 606 73491 0 0 1 standing 
9 66 445 136 606 73492 0 0 0 standing 
9 67 444 136 606 73493 0 0 1 standing 
9 68 443 137 606 73494 0 0 1 standing 
9 69 442 138 607 73495 0 0 0 standing 
9 72 443 141 608 73496 0 0 1 standing 
9 75 445 144 609 73497 0 0 1 standing 
9 78 447 147 610 73498 0 0 1 standing 
9 81 449 150 611 73499 0 0 1 standing 
10 154 347 219 472 73480 0 0 0 standing 
10 154 346 219 471 73481 0 0 1 standing 
10 155 346 220 471 73482 0 0 1 standing 
10 155 346 220 471 73483 0 0 1 standing 
10 156 346 221 471 73484 0 0 1 standing 
10 156 345 221 471 73485 0 0 1 standing 
10 157 345 222 471 73486 0 0 1 standing 
10 157 345 222 471 73487 0 0 1 standing 
10 158 345 223 471 73488 0 0 1 standing 
10 159 345 224 471 73489 0 0 0 standing 
10 158 344 225 470 73490 0 0 1 standing 
10 158 344 226 470 73491 0 0 1 standing 
10 158 344 227 470 73492 0 0 1 standing 
10 158 344 228 469 73493 0 0 1 standing 
10 158 344 229 469 73494 0 0 1 standing 
10 158 344 231 469 73495 0 0 0 standing 
10 157 346 235 468 73496 0 0 1 standing 
10 156 348 239 468 73497 0 0 1 standing 
10 155 350 244 468 73498 0 0 1 standing 
10 154 352 248 468 73499 0 0 1 standing 
11 15 372 69 487 73480 0 0 0 standing 
11 11 371 65 489 73481 0 0 1 standing 
11 7 370 61 492 73482 0 0 1 standing 
11 4 370 57 495 73483 0 0 0 standing 
11 2 372 57 499 73484 0 0 1 standing 
11 1 374 57 503 73485 0 0 1 standing 
11 0 376 58 507 73486 0 0 0 standing 
11 0 376 54 508 73487 0 0 1 standing 
11 0 376 50 510 73488 0 0 1 standing 
11 0 376 47 512 73489 0 0 0 standing 
11 0 376 44 511 73490 0 0 1 standing 
11 0 376 42 511 73491 0 0 1 standing 
11 0 376 40 511 73492 1 0 0 standing 
11 0 376 40 511 73493 1 0 1 standing 
11 0 376 40 511 73494 1 0 1 standing 
11 0 376 40 511 73495 1 0 0 standing 
11 0 376 40 511 73496 1 0 1 standing 
11 0 376 40 511 73497 1 0 1 standing 
11 0 376 40 511 73498 1 0 1 standing 
11 0 376 40 511 73499 1 0 1 standing 
