0 513 362 551 475 34225 0 1 0 spiking 
0 507 356 548 468 34226 0 1 1 spiking 
0 501 351 546 462 34227 0 1 1 spiking 
0 496 345 543 455 34228 0 1 1 spiking 
0 490 340 541 449 34229 0 1 1 spiking 
0 484 334 538 442 34230 0 1 1 spiking 
0 479 329 536 436 34231 0 1 0 spiking 
0 479 324 530 441 34232 0 1 1 spiking 
0 479 319 525 447 34233 0 1 1 spiking 
0 479 314 520 452 34234 0 1 1 spiking 
0 480 310 515 458 34235 0 1 0 spiking 
0 474 316 510 460 34236 0 1 1 spiking 
0 469 322 506 463 34237 0 1 1 spiking 
0 464 329 501 466 34238 0 1 1 spiking 
0 459 335 497 468 34239 0 1 1 spiking 
0 454 342 492 471 34240 0 1 1 spiking 
0 449 348 488 474 34241 0 1 1 spiking 
0 444 354 483 476 34242 0 1 1 spiking 
0 439 361 479 479 34243 0 1 1 spiking 
0 434 367 474 482 34244 0 1 1 spiking 
1 663 408 714 509 34225 0 1 0 spiking 
1 655 399 705 505 34226 0 1 1 blocking 
1 647 390 696 501 34227 0 1 1 blocking 
1 640 382 688 497 34228 0 1 1 blocking 
1 632 373 679 493 34229 0 1 1 blocking 
1 625 365 671 489 34230 0 1 1 blocking 
1 617 356 662 485 34231 0 1 1 blocking 
1 609 347 653 481 34232 0 1 1 blocking 
1 602 339 645 477 34233 0 1 1 blocking 
1 594 330 636 473 34234 0 1 1 blocking 
1 587 322 628 470 34235 0 1 0 blocking 
1 578 325 619 469 34236 0 1 1 blocking 
1 570 329 611 469 34237 0 1 1 blocking 
1 562 333 602 469 34238 0 1 1 blocking 
1 553 336 594 468 34239 0 1 1 blocking 
1 545 340 586 468 34240 0 1 1 blocking 
1 537 344 577 468 34241 0 1 1 blocking 
1 528 347 569 467 34242 0 1 1 blocking 
1 520 351 560 467 34243 0 1 1 blocking 
1 512 355 552 467 34244 0 1 1 blocking 
2 672 373 709 477 34225 0 1 0 blocking 
2 663 367 701 475 34226 0 1 1 blocking 
2 654 362 693 474 34227 0 1 1 blocking 
2 645 357 685 472 34228 0 1 1 blocking 
2 637 352 678 471 34229 0 1 1 blocking 
2 628 347 670 470 34230 0 1 1 blocking 
2 619 342 662 468 34231 0 1 1 blocking 
2 611 337 655 467 34232 0 1 1 blocking 
2 602 332 647 465 34233 0 1 1 blocking 
2 593 327 639 464 34234 0 1 1 blocking 
2 585 322 632 463 34235 0 1 0 blocking 
2 576 325 625 464 34236 0 1 1 blocking 
2 568 328 619 465 34237 0 1 1 blocking 
2 559 331 613 466 34238 0 1 1 blocking 
2 551 335 606 467 34239 0 1 1 blocking 
2 542 338 600 468 34240 0 1 1 blocking 
2 534 341 594 469 34241 0 1 1 blocking 
2 525 345 587 470 34242 0 1 1 blocking 
2 517 348 581 471 34243 0 1 1 blocking 
2 508 351 575 472 34244 0 1 1 blocking 
3 929 504 1005 612 34225 0 0 0 blocking 
3 922 503 997 611 34226 0 0 1 standing 
3 916 502 990 610 34227 0 0 1 standing 
3 910 502 983 610 34228 0 0 0 standing 
3 907 500 976 608 34229 0 0 1 standing 
3 904 498 969 606 34230 0 0 1 standing 
3 901 497 963 604 34231 0 0 0 standing 
3 897 493 959 603 34232 0 0 1 standing 
3 893 490 956 602 34233 0 0 1 standing 
3 889 487 953 601 34234 0 0 0 standing 
3 883 486 947 600 34235 0 0 1 standing 
3 878 485 942 599 34236 0 0 1 standing 
3 873 484 937 599 34237 0 0 0 standing 
3 865 483 932 601 34238 0 0 1 standing 
3 857 483 927 603 34239 0 0 1 standing 
3 849 483 923 605 34240 0 0 0 standing 
3 841 483 915 602 34241 0 0 1 standing 
3 834 483 908 599 34242 0 0 1 standing 
3 827 483 901 596 34243 0 0 1 standing 
3 820 483 894 593 34244 0 0 1 standing 
4 988 399 1031 500 34225 0 0 0 standing 
4 980 398 1023 498 34226 0 0 1 standing 
4 973 397 1015 497 34227 0 0 1 standing 
4 966 397 1008 496 34228 0 0 0 standing 
4 958 396 1000 495 34229 0 0 1 standing 
4 951 395 993 495 34230 0 0 1 standing 
4 944 394 986 495 34231 0 0 1 standing 
4 937 393 979 494 34232 0 0 1 standing 
4 930 392 972 494 34233 0 0 1 standing 
4 923 391 965 494 34234 0 0 0 standing 
4 916 391 958 494 34235 0 0 1 standing 
4 909 392 951 495 34236 0 0 1 standing 
4 902 392 944 495 34237 0 0 1 standing 
4 895 393 937 496 34238 0 0 1 standing 
4 888 393 930 496 34239 0 0 1 standing 
4 881 394 923 497 34240 0 0 0 standing 
4 873 392 915 495 34241 0 0 1 standing 
4 866 390 907 493 34242 0 0 1 standing 
4 859 388 900 491 34243 0 0 1 standing 
4 852 386 892 489 34244 0 0 1 standing 
5 1095 498 1155 607 34225 0 0 0 standing 
5 1086 496 1146 605 34226 0 0 1 standing 
5 1077 494 1137 604 34227 0 0 1 standing 
5 1068 493 1128 603 34228 0 0 1 standing 
5 1059 491 1119 602 34229 0 0 1 standing 
5 1050 489 1110 601 34230 0 0 1 standing 
5 1042 488 1101 600 34231 0 0 0 standing 
5 1034 482 1091 596 34232 0 0 1 standing 
5 1026 476 1081 593 34233 0 0 1 standing 
5 1019 470 1071 590 34234 0 0 0 standing 
5 1008 469 1061 587 34235 0 0 1 standing 
5 997 468 1052 584 34236 0 0 1 standing 
5 986 467 1043 581 34237 0 0 0 standing 
5 978 465 1034 579 34238 0 0 1 standing 
5 970 463 1025 578 34239 0 0 1 standing 
5 962 462 1016 577 34240 0 0 0 standing 
5 950 461 1008 573 34241 0 0 1 standing 
5 938 460 1000 570 34242 0 0 1 standing 
5 926 459 992 567 34243 0 0 1 standing 
5 914 458 984 564 34244 0 0 1 standing 
6 1081 450 1140 534 34225 0 0 0 standing 
6 1076 447 1134 533 34226 0 0 1 standing 
6 1071 445 1129 533 34227 0 0 1 standing 
6 1066 442 1124 533 34228 0 0 1 standing 
6 1061 440 1119 533 34229 0 0 1 standing 
6 1056 437 1114 533 34230 0 0 1 standing 
6 1051 435 1109 533 34231 0 0 1 standing 
6 1046 432 1104 533 34232 0 0 1 standing 
6 1041 430 1099 533 34233 0 0 1 standing 
6 1036 428 1094 533 34234 0 0 0 standing 
6 1030 426 1088 532 34235 0 0 1 standing 
6 1024 424 1082 531 34236 0 0 1 standing 
6 1018 423 1076 530 34237 0 0 0 standing 
6 1012 421 1071 529 34238 0 0 1 standing 
6 1007 420 1066 528 34239 0 0 1 standing 
6 1002 419 1061 528 34240 0 0 0 standing 
6 994 419 1053 523 34241 0 0 1 standing 
6 986 419 1045 519 34242 0 0 1 standing 
6 978 419 1037 515 34243 0 0 1 standing 
6 970 419 1029 511 34244 0 0 1 standing 
7 517 422 575 536 34225 0 0 0 standing 
7 513 422 571 537 34226 0 0 1 digging 
7 509 422 567 538 34227 0 0 1 digging 
7 506 422 563 539 34228 0 0 0 digging 
7 502 421 557 535 34229 0 0 1 digging 
7 499 420 551 531 34230 0 0 1 digging 
7 496 419 545 528 34231 0 0 0 digging 
7 491 420 542 528 34232 0 0 1 digging 
7 487 421 539 528 34233 0 0 1 digging 
7 483 422 537 528 34234 0 0 1 digging 
7 478 423 534 528 34235 0 0 1 digging 
7 474 424 531 528 34236 0 0 1 digging 
7 470 426 529 529 34237 0 0 0 digging 
7 462 423 521 527 34238 0 0 1 digging 
7 454 421 513 526 34239 0 0 1 digging 
7 446 419 505 525 34240 0 0 1 digging 
7 439 417 498 524 34241 0 0 1 digging 
7 431 414 490 523 34242 0 0 1 digging 
7 423 412 482 522 34243 0 0 1 digging 
7 415 410 474 521 34244 0 0 1 digging 
8 457 455 505 563 34225 0 0 0 digging 
8 450 453 500 561 34226 0 0 1 digging 
8 443 452 495 560 34227 0 0 1 digging 
8 436 451 490 559 34228 0 0 0 digging 
8 429 451 485 558 34229 0 0 1 digging 
8 423 451 481 558 34230 0 0 1 digging 
8 417 451 477 558 34231 0 0 0 digging 
8 412 452 470 559 34232 0 0 1 digging 
8 407 453 463 560 34233 0 0 1 digging 
8 402 454 457 561 34234 0 0 0 digging 
8 394 452 450 560 34235 0 0 1 digging 
8 386 450 443 559 34236 0 0 1 digging 
8 378 449 436 558 34237 0 0 0 digging 
8 367 447 429 556 34238 0 0 1 digging 
8 357 445 422 554 34239 0 0 1 digging 
8 347 444 416 553 34240 0 0 0 digging 
8 338 441 408 551 34241 0 0 1 digging 
8 329 439 400 550 34242 0 0 1 digging 
8 321 436 392 549 34243 0 0 1 digging 
8 312 434 384 548 34244 0 0 1 digging 
9 367 396 420 504 34225 0 0 0 digging 
9 369 395 417 501 34226 0 0 1 moving 
9 371 394 414 499 34227 0 0 1 moving 
9 373 393 411 497 34228 0 0 0 moving 
9 369 392 407 497 34229 0 0 1 moving 
9 366 392 404 497 34230 0 0 1 moving 
9 363 391 401 497 34231 0 0 1 moving 
9 360 391 398 497 34232 0 0 1 moving 
9 357 390 394 498 34233 0 0 1 moving 
9 354 390 391 498 34234 0 0 1 moving 
9 351 389 388 498 34235 0 0 1 moving 
9 348 389 385 498 34236 0 0 1 moving 
9 345 389 382 499 34237 0 0 0 moving 
9 340 389 377 498 34238 0 0 1 moving 
9 335 389 372 498 34239 0 0 1 moving 
9 330 389 367 498 34240 0 0 0 moving 
9 322 388 359 497 34241 0 0 1 moving 
9 314 387 351 496 34242 0 0 1 moving 
9 306 387 344 495 34243 0 0 1 moving 
9 298 386 336 494 34244 0 0 1 moving 
10 227 457 304 597 34225 0 0 0 moving 
10 230 455 299 594 34226 0 0 1 standing 
10 233 454 295 592 34227 0 0 1 standing 
10 237 453 291 590 34228 0 0 0 standing 
10 237 454 292 589 34229 0 0 1 standing 
10 237 456 294 588 34230 0 0 1 standing 
10 238 458 296 587 34231 0 0 0 standing 
10 233 457 302 587 34232 0 0 1 standing 
10 228 457 309 588 34233 0 0 1 standing 
10 223 457 316 589 34234 0 0 0 standing 
10 222 454 308 587 34235 0 0 1 standing 
10 221 451 301 585 34236 0 0 1 standing 
10 220 449 294 583 34237 0 0 0 standing 
10 217 446 286 581 34238 0 0 1 standing 
10 214 443 278 580 34239 0 0 1 standing 
10 212 440 271 579 34240 0 0 0 standing 
10 206 438 269 577 34241 0 0 1 standing 
10 201 437 267 576 34242 0 0 1 standing 
10 195 435 266 574 34243 0 0 1 standing 
10 190 434 264 573 34244 0 0 1 standing 
