0 155 348 232 517 32345 0 1 0 standing 
0 153 348 230 516 32346 0 1 1 standing 
0 151 348 228 516 32347 0 1 1 standing 
0 149 348 226 516 32348 0 1 1 standing 
0 147 348 224 516 32349 0 1 1 standing 
0 146 348 223 516 32350 0 1 1 standing 
0 144 348 221 516 32351 0 1 1 standing 
0 142 348 219 516 32352 0 1 1 standing 
0 140 348 217 516 32353 0 1 1 standing 
0 138 348 215 516 32354 0 1 1 standing 
0 137 348 214 516 32355 0 1 0 standing 
0 135 346 212 514 32356 0 1 1 standing 
0 133 344 210 512 32357 0 1 1 standing 
0 131 342 208 510 32358 0 1 1 standing 
0 129 341 206 508 32359 0 1 1 standing 
0 128 339 205 507 32360 0 1 1 standing 
0 126 337 203 505 32361 0 1 1 standing 
0 124 336 201 503 32362 0 1 1 standing 
0 122 334 199 501 32363 0 1 1 standing 
0 120 332 197 499 32364 0 1 1 standing 
1 404 386 476 559 32345 0 0 0 standing 
1 404 386 477 559 32346 0 0 1 standing 
1 405 387 478 560 32347 0 0 1 standing 
1 405 388 479 561 32348 0 0 1 standing 
1 406 388 480 561 32349 0 0 1 standing 
1 407 389 481 562 32350 0 0 1 standing 
1 407 390 482 563 32351 0 0 1 standing 
1 408 390 483 563 32352 0 0 1 standing 
1 408 391 484 564 32353 0 0 1 standing 
1 409 392 485 565 32354 0 0 1 standing 
1 410 393 486 566 32355 0 0 0 standing 
1 412 392 486 566 32356 0 0 1 standing 
1 415 392 487 566 32357 0 0 1 standing 
1 418 392 487 566 32358 0 0 1 standing 
1 421 392 488 566 32359 0 0 1 standing 
1 424 392 488 566 32360 0 0 1 standing 
1 427 392 489 566 32361 0 0 1 standing 
1 430 392 489 566 32362 0 0 1 standing 
1 433 392 490 566 32363 0 0 1 standing 
1 436 392 490 566 32364 0 0 1 standing 
2 126 393 182 537 32345 0 1 0 standing 
2 123 392 179 536 32346 0 1 1 standing 
2 121 391 176 535 32347 0 1 1 standing 
2 118 390 173 534 32348 0 1 1 standing 
2 116 389 171 533 32349 0 1 1 standing 
2 114 388 168 532 32350 0 1 1 standing 
2 111 387 165 531 32351 0 1 1 standing 
2 109 386 163 530 32352 0 1 1 standing 
2 106 385 160 529 32353 0 1 1 standing 
2 104 384 157 528 32354 0 1 1 standing 
2 102 383 155 528 32355 0 1 0 standing 
2 101 382 154 527 32356 0 1 1 standing 
2 100 382 153 526 32357 0 1 1 standing 
2 100 381 153 525 32358 0 1 1 standing 
2 99 381 152 525 32359 0 1 1 standing 
2 99 380 152 524 32360 0 1 1 standing 
2 98 380 151 523 32361 0 1 1 standing 
2 97 379 150 523 32362 0 1 1 standing 
2 97 379 150 522 32363 0 1 1 standing 
2 96 378 149 521 32364 0 1 1 standing 
3 89 379 156 547 32345 0 1 0 standing 
3 88 378 155 546 32346 0 1 1 standing 
3 87 378 154 546 32347 0 1 1 standing 
3 86 378 153 546 32348 0 1 1 standing 
3 85 378 152 546 32349 0 1 1 standing 
3 84 377 151 545 32350 0 1 1 standing 
3 84 377 150 545 32351 0 1 1 standing 
3 83 377 149 545 32352 0 1 1 standing 
3 82 377 149 545 32353 0 1 1 standing 
3 81 377 148 544 32354 0 1 1 standing 
3 80 376 147 544 32355 0 1 1 standing 
3 79 376 146 544 32356 0 1 1 standing 
3 79 376 145 544 32357 0 1 1 standing 
3 78 376 144 543 32358 0 1 1 standing 
3 77 376 143 543 32359 0 1 1 standing 
3 76 375 143 543 32360 0 1 1 standing 
3 75 375 142 543 32361 0 1 1 standing 
3 74 375 141 542 32362 0 1 1 standing 
3 74 375 140 542 32363 0 1 1 standing 
3 73 375 139 542 32364 0 1 1 standing 
4 9 402 106 568 32345 0 1 0 standing 
4 9 401 106 567 32346 0 1 1 standing 
4 9 400 106 566 32347 0 1 1 standing 
4 9 399 106 566 32348 0 1 1 standing 
4 10 399 106 565 32349 0 1 1 standing 
4 10 398 107 564 32350 0 1 1 standing 
4 10 397 107 564 32351 0 1 1 standing 
4 11 397 107 563 32352 0 1 1 standing 
4 11 396 107 562 32353 0 1 1 standing 
4 11 395 107 562 32354 0 1 1 standing 
4 12 395 108 561 32355 0 1 1 standing 
4 12 394 108 560 32356 0 1 1 standing 
4 12 393 108 560 32357 0 1 1 standing 
4 12 392 108 559 32358 0 1 1 standing 
4 13 392 108 558 32359 0 1 1 standing 
4 13 391 109 558 32360 0 1 1 standing 
4 13 390 109 557 32361 0 1 1 standing 
4 14 390 109 556 32362 0 1 1 standing 
4 14 389 109 556 32363 0 1 1 standing 
4 14 388 109 555 32364 0 1 1 standing 
5 774 362 822 504 32345 0 0 0 standing 
5 773 361 821 503 32346 0 0 1 standing 
5 773 361 821 503 32347 0 0 1 standing 
5 772 360 820 502 32348 0 0 1 standing 
5 772 360 820 502 32349 0 0 1 standing 
5 772 360 820 502 32350 0 0 1 standing 
5 771 359 819 501 32351 0 0 1 standing 
5 771 359 819 501 32352 0 0 1 standing 
5 770 358 818 501 32353 0 0 1 standing 
5 770 358 818 500 32354 0 0 1 standing 
5 770 358 818 500 32355 0 0 1 standing 
5 769 357 817 500 32356 0 0 1 standing 
5 769 357 817 499 32357 0 0 1 standing 
5 768 356 816 499 32358 0 0 1 standing 
5 768 356 816 499 32359 0 0 1 standing 
5 768 356 816 498 32360 0 0 1 standing 
5 767 355 815 498 32361 0 0 1 standing 
5 767 355 815 498 32362 0 0 1 standing 
5 766 354 814 497 32363 0 0 1 standing 
5 766 354 814 497 32364 0 0 1 standing 
6 705 335 750 475 32345 0 0 0 standing 
6 705 335 750 475 32346 0 0 1 standing 
6 706 335 751 475 32347 0 0 1 standing 
6 706 335 751 475 32348 0 0 1 standing 
6 707 335 752 475 32349 0 0 1 standing 
6 708 335 753 475 32350 0 0 1 standing 
6 708 335 753 475 32351 0 0 1 standing 
6 709 336 754 475 32352 0 0 1 standing 
6 710 336 755 475 32353 0 0 1 standing 
6 710 336 755 475 32354 0 0 1 standing 
6 711 336 756 476 32355 0 0 1 standing 
6 712 336 757 476 32356 0 0 1 standing 
6 712 336 757 476 32357 0 0 1 standing 
6 713 336 758 476 32358 0 0 1 standing 
6 714 337 759 476 32359 0 0 1 standing 
6 714 337 759 476 32360 0 0 1 standing 
6 715 337 760 476 32361 0 0 1 standing 
6 716 337 761 476 32362 0 0 1 standing 
6 716 337 761 476 32363 0 0 1 standing 
6 717 337 762 476 32364 0 0 1 standing 
7 622 277 694 416 32345 0 0 0 standing 
7 625 276 694 415 32346 0 0 1 standing 
7 628 275 695 414 32347 0 0 1 standing 
7 632 274 696 413 32348 0 0 1 standing 
7 635 273 697 412 32349 0 0 1 standing 
7 639 273 698 411 32350 0 0 1 standing 
7 642 272 699 410 32351 0 0 1 standing 
7 645 271 700 409 32352 0 0 1 standing 
7 649 270 701 408 32353 0 0 1 standing 
7 652 269 702 407 32354 0 0 1 standing 
7 656 269 703 406 32355 0 0 0 standing 
7 657 268 704 405 32356 0 0 1 standing 
7 659 268 706 405 32357 0 0 1 standing 
7 661 268 708 405 32358 0 0 1 standing 
7 662 267 709 404 32359 0 0 1 standing 
7 664 267 711 404 32360 0 0 1 standing 
7 666 267 713 404 32361 0 0 1 standing 
7 667 266 714 403 32362 0 0 1 standing 
7 669 266 716 403 32363 0 0 1 standing 
7 671 266 718 403 32364 0 0 1 standing 
8 718 255 754 397 32345 0 0 0 standing 
8 718 254 754 397 32346 0 0 1 standing 
8 718 254 754 397 32347 0 0 1 standing 
8 718 254 754 397 32348 0 0 1 standing 
8 718 254 754 397 32349 0 0 1 standing 
8 718 254 754 397 32350 0 0 1 standing 
8 718 254 754 397 32351 0 0 1 standing 
8 718 254 754 397 32352 0 0 1 standing 
8 718 254 754 397 32353 0 0 1 standing 
8 718 254 754 397 32354 0 0 1 standing 
8 719 254 755 397 32355 0 0 1 standing 
8 719 254 755 397 32356 0 0 1 standing 
8 719 254 755 397 32357 0 0 1 standing 
8 719 254 755 397 32358 0 0 1 standing 
8 719 254 755 397 32359 0 0 1 standing 
8 719 254 755 397 32360 0 0 1 standing 
8 719 254 755 397 32361 0 0 1 standing 
8 719 254 755 397 32362 0 0 1 standing 
8 719 254 755 397 32363 0 0 1 standing 
8 719 254 755 397 32364 0 0 1 standing 
9 651 252 700 375 32345 0 0 0 standing 
9 651 252 700 375 32346 0 0 1 standing 
9 652 253 701 376 32347 0 0 1 standing 
9 652 253 701 376 32348 0 0 1 standing 
9 653 254 702 377 32349 0 0 1 standing 
9 654 254 703 378 32350 0 0 1 standing 
9 654 255 703 378 32351 0 0 1 standing 
9 655 255 704 379 32352 0 0 1 standing 
9 656 256 704 380 32353 0 0 1 standing 
9 656 256 705 380 32354 0 0 1 standing 
9 657 257 706 381 32355 0 0 1 standing 
9 658 257 706 382 32356 0 0 1 standing 
9 658 258 707 382 32357 0 0 1 standing 
9 659 258 707 383 32358 0 0 1 standing 
9 660 259 708 384 32359 0 0 1 standing 
9 660 259 709 384 32360 0 0 1 standing 
9 661 260 709 385 32361 0 0 1 standing 
9 662 260 710 386 32362 0 0 1 standing 
9 662 261 710 386 32363 0 0 1 standing 
9 663 261 711 387 32364 0 0 1 standing 
10 40 308 86 445 32345 0 1 0 standing 
10 38 307 84 444 32346 0 1 1 standing 
10 36 307 82 444 32347 0 1 1 standing 
10 34 306 80 443 32348 0 1 1 standing 
10 32 306 78 443 32349 0 1 1 standing 
10 30 305 76 443 32350 0 1 1 standing 
10 28 305 74 442 32351 0 1 1 standing 
10 26 304 72 442 32352 0 1 1 standing 
10 24 304 70 441 32353 0 1 1 standing 
10 22 303 68 441 32354 0 1 1 standing 
10 20 303 66 441 32355 0 1 0 standing 
10 18 303 64 441 32356 0 1 1 standing 
10 16 303 62 441 32357 0 1 1 standing 
10 14 303 60 441 32358 0 1 1 standing 
10 12 303 58 441 32359 0 1 1 standing 
10 10 303 56 441 32360 0 1 1 standing 
10 8 303 54 441 32361 0 1 1 standing 
10 6 303 52 441 32362 0 1 1 standing 
10 4 303 50 441 32363 0 1 1 standing 
10 2 303 48 441 32364 0 1 1 standing 
11 54 270 114 405 32345 0 1 0 standing 
11 49 269 109 404 32346 0 1 1 standing 
11 44 269 104 404 32347 0 1 1 standing 
11 39 269 99 404 32348 0 1 1 standing 
11 34 268 94 404 32349 0 1 1 standing 
11 29 268 89 404 32350 0 1 1 standing 
11 24 268 84 403 32351 0 1 1 standing 
11 19 267 79 403 32352 0 1 1 standing 
11 14 267 74 403 32353 0 1 1 standing 
11 9 267 69 403 32354 0 1 1 standing 
11 5 267 64 403 32355 0 1 0 standing 
11 4 267 63 403 32356 0 1 1 standing 
11 4 267 63 403 32357 0 1 1 standing 
11 3 267 62 403 32358 0 1 1 standing 
11 3 267 62 404 32359 0 1 1 standing 
11 3 267 62 404 32360 0 1 1 standing 
11 2 267 61 404 32361 0 1 1 standing 
11 2 267 61 405 32362 0 1 1 standing 
11 1 267 60 405 32363 0 1 1 standing 
11 1 267 60 405 32364 0 1 1 standing 
