0 767 350 826 522 56880 0 1 0 spiking 
0 764 346 829 516 56881 0 1 1 spiking 
0 762 343 833 510 56882 0 1 1 spiking 
0 760 339 836 504 56883 0 1 1 spiking 
0 758 336 840 498 56884 0 1 1 spiking 
0 756 332 843 492 56885 0 1 1 spiking 
0 754 329 847 486 56886 0 1 0 spiking 
0 752 325 844 483 56887 0 1 1 spiking 
0 750 322 842 481 56888 0 1 1 spiking 
0 748 319 839 479 56889 0 1 1 spiking 
0 746 316 837 477 56890 0 1 0 spiking 
0 753 326 836 483 56891 0 1 1 spiking 
0 760 336 835 489 56892 0 1 1 spiking 
0 767 346 834 495 56893 0 1 1 spiking 
0 774 356 834 502 56894 0 1 0 spiking 
0 785 362 843 505 56895 0 1 1 spiking 
0 796 369 853 509 56896 0 1 1 spiking 
0 807 375 862 513 56897 0 1 1 spiking 
0 818 382 872 517 56898 0 1 1 spiking 
0 829 388 881 521 56899 0 1 1 spiking 
1 636 330 692 517 56880 0 1 0 spiking 
1 639 329 695 512 56881 0 1 1 blocking 
1 642 328 698 508 56882 0 1 1 blocking 
1 645 328 701 504 56883 0 1 1 blocking 
1 648 327 704 500 56884 0 1 1 blocking 
1 652 327 707 496 56885 0 1 1 blocking 
1 655 326 710 492 56886 0 1 1 blocking 
1 658 326 713 488 56887 0 1 1 blocking 
1 661 325 716 484 56888 0 1 1 blocking 
1 665 325 720 480 56889 0 1 0 blocking 
1 671 329 726 484 56890 0 1 1 blocking 
1 678 334 733 489 56891 0 1 1 blocking 
1 685 339 740 494 56892 0 1 1 blocking 
1 692 344 747 499 56893 0 1 1 blocking 
1 699 349 754 504 56894 0 1 1 blocking 
1 706 354 761 509 56895 0 1 1 blocking 
1 713 359 768 514 56896 0 1 0 blocking 
1 722 369 777 514 56897 0 1 1 blocking 
1 732 379 787 514 56898 0 1 1 blocking 
1 742 389 797 515 56899 0 1 0 blocking 
2 722 311 776 472 56880 0 0 0 blocking 
2 725 314 779 473 56881 0 0 1 setting 
2 729 317 782 474 56882 0 0 1 setting 
2 733 320 786 475 56883 0 0 0 setting 
2 735 329 786 480 56884 0 0 1 setting 
2 738 338 786 485 56885 0 0 1 setting 
2 741 347 786 490 56886 0 0 0 setting 
2 744 355 789 493 56887 0 0 1 setting 
2 748 363 793 496 56888 0 0 1 setting 
2 752 371 797 499 56889 0 0 0 setting 
2 756 376 807 499 56890 0 0 1 setting 
2 761 382 818 500 56891 0 0 1 setting 
2 766 388 829 501 56892 0 0 0 setting 
2 776 386 845 502 56893 0 0 1 setting 
2 786 384 862 504 56894 0 0 1 setting 
2 796 382 879 506 56895 0 0 0 setting 
2 813 381 892 504 56896 0 0 1 setting 
2 831 380 905 502 56897 0 0 1 setting 
2 848 379 918 500 56898 0 0 1 setting 
2 866 378 931 498 56899 0 0 1 setting 
3 949 437 1037 546 56880 0 0 0 setting 
3 944 438 1020 547 56881 0 0 1 standing 
3 939 439 1003 549 56882 0 0 1 standing 
3 934 440 987 551 56883 0 0 0 standing 
3 922 437 982 548 56884 0 0 1 standing 
3 911 435 977 546 56885 0 0 1 standing 
3 900 433 973 544 56886 0 0 0 standing 
3 897 428 964 544 56887 0 0 1 standing 
3 894 423 956 544 56888 0 0 1 standing 
3 891 419 948 544 56889 0 0 0 standing 
3 887 416 943 543 56890 0 0 1 standing 
3 883 414 938 542 56891 0 0 1 standing 
3 880 412 933 541 56892 0 0 0 standing 
3 874 413 935 541 56893 0 0 1 standing 
3 869 415 937 541 56894 0 0 1 standing 
3 864 417 940 542 56895 0 0 0 standing 
3 874 418 946 542 56896 0 0 1 standing 
3 884 420 952 542 56897 0 0 1 standing 
3 894 421 959 543 56898 0 0 1 standing 
3 904 423 965 543 56899 0 0 1 standing 
4 839 508 924 646 56880 0 0 0 standing 
4 836 508 924 645 56881 0 0 1 moving 
4 834 508 925 644 56882 0 0 1 moving 
4 832 508 926 644 56883 0 0 0 moving 
4 824 506 919 641 56884 0 0 1 moving 
4 816 504 913 638 56885 0 0 1 moving 
4 808 503 907 635 56886 0 0 0 moving 
4 809 505 900 634 56887 0 0 1 moving 
4 810 507 893 634 56888 0 0 1 moving 
4 811 509 887 634 56889 0 0 0 moving 
4 803 507 883 636 56890 0 0 1 moving 
4 795 505 879 639 56891 0 0 1 moving 
4 787 503 875 642 56892 0 0 0 moving 
4 790 502 873 642 56893 0 0 1 moving 
4 794 501 871 642 56894 0 0 1 moving 
4 798 500 870 643 56895 0 0 0 moving 
4 811 497 881 642 56896 0 0 1 moving 
4 825 494 892 641 56897 0 0 1 moving 
4 838 491 903 641 56898 0 0 1 moving 
4 852 488 914 640 56899 0 0 1 moving 
5 1173 475 1232 618 56880 0 0 0 moving 
5 1172 475 1234 617 56881 0 0 1 standing 
5 1172 475 1236 617 56882 0 0 1 standing 
5 1172 475 1239 617 56883 0 0 0 standing 
5 1171 476 1241 616 56884 0 0 1 standing 
5 1170 477 1244 616 56885 0 0 1 standing 
5 1170 479 1247 616 56886 0 0 0 standing 
5 1169 478 1248 614 56887 0 0 1 standing 
5 1168 477 1249 613 56888 0 0 1 standing 
5 1168 476 1250 612 56889 0 0 0 standing 
5 1168 473 1248 609 56890 0 0 1 standing 
5 1169 471 1247 606 56891 0 0 1 standing 
5 1170 469 1246 604 56892 0 0 0 standing 
5 1174 468 1247 603 56893 0 0 1 standing 
5 1179 467 1248 602 56894 0 0 1 standing 
5 1184 466 1249 602 56895 0 0 0 standing 
5 1196 466 1255 602 56896 0 0 1 standing 
5 1208 467 1261 602 56897 0 0 1 standing 
5 1221 468 1267 602 56898 0 0 1 standing 
5 1233 469 1273 602 56899 0 0 1 standing 
6 968 352 1069 463 56880 0 0 0 standing 
6 963 350 1058 463 56881 0 0 1 standing 
6 959 348 1047 463 56882 0 0 1 standing 
6 955 346 1037 463 56883 0 0 0 standing 
6 953 349 1029 463 56884 0 0 1 standing 
6 951 352 1022 463 56885 0 0 1 standing 
6 949 355 1015 463 56886 0 0 0 standing 
6 939 354 1005 462 56887 0 0 1 standing 
6 930 353 995 461 56888 0 0 1 standing 
6 921 353 985 460 56889 0 0 0 standing 
6 915 353 980 460 56890 0 0 1 standing 
6 910 353 975 460 56891 0 0 1 standing 
6 905 353 970 460 56892 0 0 0 standing 
6 905 351 968 462 56893 0 0 1 standing 
6 905 350 966 464 56894 0 0 1 standing 
6 905 349 964 467 56895 0 0 0 standing 
6 914 350 973 468 56896 0 0 1 standing 
6 923 351 982 470 56897 0 0 1 standing 
6 932 353 991 471 56898 0 0 1 standing 
6 941 354 1000 473 56899 0 0 1 standing 
7 626 436 684 587 56880 0 0 0 standing 
7 629 438 683 588 56881 0 0 1 standing 
7 632 440 682 589 56882 0 0 1 standing 
7 636 442 682 590 56883 0 0 0 standing 
7 638 446 684 592 56884 0 0 1 standing 
7 641 450 686 594 56885 0 0 1 standing 
7 644 454 689 597 56886 0 0 0 standing 
7 646 455 692 596 56887 0 0 1 standing 
7 649 456 695 595 56888 0 0 1 standing 
7 652 457 698 595 56889 0 0 0 standing 
7 655 453 701 594 56890 0 0 1 standing 
7 658 449 704 593 56891 0 0 1 standing 
7 662 446 707 593 56892 0 0 0 standing 
7 669 443 714 590 56893 0 0 1 standing 
7 677 440 722 588 56894 0 0 1 standing 
7 685 438 730 586 56895 0 0 0 standing 
7 697 438 744 585 56896 0 0 1 standing 
7 709 439 759 585 56897 0 0 1 standing 
7 721 440 774 585 56898 0 0 1 standing 
7 733 441 789 585 56899 0 0 1 standing 
8 474 417 525 529 56880 0 0 0 standing 
8 475 418 525 528 56881 0 0 1 waiting 
8 477 419 525 527 56882 0 0 1 waiting 
8 479 421 526 527 56883 0 0 0 waiting 
8 480 421 527 527 56884 0 0 1 waiting 
8 482 421 529 528 56885 0 0 1 waiting 
8 484 422 531 529 56886 0 0 0 waiting 
8 483 419 529 521 56887 0 0 1 waiting 
8 482 417 528 513 56888 0 0 1 waiting 
8 481 415 527 506 56889 0 0 0 waiting 
8 482 415 532 504 56890 0 0 1 waiting 
8 483 415 538 502 56891 0 0 1 waiting 
8 485 416 544 501 56892 0 0 0 waiting 
8 490 415 547 501 56893 0 0 1 waiting 
8 496 415 550 501 56894 0 0 1 waiting 
8 502 415 554 502 56895 0 0 0 waiting 
8 510 414 565 504 56896 0 0 1 waiting 
8 519 414 577 506 56897 0 0 1 waiting 
8 528 413 588 509 56898 0 0 1 waiting 
8 537 413 600 511 56899 0 0 1 waiting 
9 432 463 491 575 56880 0 0 0 waiting 
9 435 463 494 575 56881 0 0 1 waiting 
9 438 463 497 575 56882 0 0 1 waiting 
9 441 463 500 575 56883 0 0 0 waiting 
9 442 463 501 575 56884 0 0 1 waiting 
9 444 463 503 576 56885 0 0 1 waiting 
9 446 464 505 577 56886 0 0 0 waiting 
9 447 464 506 577 56887 0 0 1 waiting 
9 449 464 507 577 56888 0 0 1 waiting 
9 451 464 509 578 56889 0 0 0 waiting 
9 452 465 511 579 56890 0 0 1 waiting 
9 453 466 514 580 56891 0 0 1 waiting 
9 454 468 517 582 56892 0 0 0 waiting 
9 461 468 524 580 56893 0 0 1 waiting 
9 468 468 532 578 56894 0 0 1 waiting 
9 476 469 540 577 56895 0 0 0 waiting 
9 489 470 554 576 56896 0 0 1 waiting 
9 503 471 568 576 56897 0 0 1 waiting 
9 517 473 582 575 56898 0 0 1 waiting 
9 531 474 596 575 56899 0 0 1 waiting 
10 646 359 691 498 56880 0 0 0 waiting 
10 647 355 692 494 56881 0 0 1 blocking 
10 648 351 693 491 56882 0 0 1 blocking 
10 650 348 695 488 56883 0 0 0 blocking 
10 653 345 701 484 56884 0 0 1 blocking 
10 657 342 707 480 56885 0 0 1 blocking 
10 661 340 713 477 56886 0 0 0 blocking 
10 655 346 716 481 56887 0 0 1 blocking 
10 649 352 720 485 56888 0 0 1 blocking 
10 643 359 724 490 56889 0 0 0 blocking 
10 645 363 725 490 56890 0 0 1 blocking 
10 647 367 726 490 56891 0 0 1 blocking 
10 649 371 728 490 56892 0 0 0 blocking 
10 655 372 734 491 56893 0 0 1 blocking 
10 661 373 740 493 56894 0 0 1 blocking 
10 667 375 746 495 56895 0 0 0 blocking 
10 680 375 756 494 56896 0 0 1 blocking 
10 693 375 766 494 56897 0 0 1 blocking 
10 706 375 777 494 56898 0 0 1 blocking 
10 719 375 787 494 56899 0 0 1 blocking 
11 230 437 288 556 56880 0 0 0 blocking 
11 232 436 290 555 56881 0 0 1 standing 
11 234 435 292 555 56882 0 0 1 standing 
11 236 435 294 555 56883 0 0 0 standing 
11 238 435 296 555 56884 0 0 1 standing 
11 241 436 299 555 56885 0 0 1 standing 
11 244 437 302 556 56886 0 0 0 standing 
11 246 439 304 556 56887 0 0 1 standing 
11 248 441 306 556 56888 0 0 1 standing 
11 250 443 308 556 56889 0 0 0 standing 
11 255 442 311 555 56890 0 0 1 standing 
11 260 442 315 554 56891 0 0 1 standing 
11 266 442 319 554 56892 0 0 0 standing 
11 271 445 328 554 56893 0 0 1 standing 
11 277 448 337 554 56894 0 0 1 standing 
11 283 452 346 555 56895 0 0 0 standing 
11 298 452 361 554 56896 0 0 1 standing 
11 313 453 376 553 56897 0 0 1 standing 
11 328 453 392 552 56898 0 0 1 standing 
11 343 454 407 551 56899 0 0 1 standing 
