0 0 392 55 534 18375 0 0 0 standing 
0 11 391 66 533 18376 0 0 1 standing 
0 22 391 78 533 18377 0 0 1 standing 
0 33 390 90 532 18378 0 0 1 standing 
0 45 390 101 532 18379 0 0 1 standing 
0 56 389 113 532 18380 0 0 1 standing 
0 67 389 125 531 18381 0 0 1 standing 
0 79 388 136 531 18382 0 0 1 standing 
0 90 388 148 530 18383 0 0 1 standing 
0 101 387 160 530 18384 0 0 1 standing 
0 113 387 172 530 18385 0 0 0 standing 
0 123 387 182 530 18386 0 0 1 standing 
0 133 388 192 531 18387 0 0 1 standing 
0 144 389 203 532 18388 0 0 1 standing 
0 154 390 213 533 18389 0 0 1 standing 
0 165 391 224 534 18390 0 0 1 standing 
0 175 391 234 534 18391 0 0 1 standing 
0 185 392 244 535 18392 0 0 1 standing 
0 196 393 255 536 18393 0 0 1 standing 
0 206 394 265 537 18394 0 0 1 standing 
1 19 456 72 600 18375 0 0 0 standing 
1 36 455 89 599 18376 0 0 1 standing 
1 53 454 106 598 18377 0 0 1 standing 
1 70 453 123 597 18378 0 0 1 standing 
1 87 452 140 596 18379 0 0 1 standing 
1 105 451 158 595 18380 0 0 1 standing 
1 122 450 175 594 18381 0 0 1 standing 
1 139 449 192 593 18382 0 0 1 standing 
1 156 448 209 592 18383 0 0 1 standing 
1 173 447 226 591 18384 0 0 1 standing 
1 191 446 244 591 18385 0 0 0 standing 
1 206 445 259 590 18386 0 0 1 standing 
1 221 445 274 590 18387 0 0 1 standing 
1 236 445 289 590 18388 0 0 1 standing 
1 251 444 304 589 18389 0 0 1 standing 
1 267 444 320 589 18390 0 0 1 standing 
1 282 444 335 589 18391 0 0 1 standing 
1 297 443 350 588 18392 0 0 1 standing 
1 312 443 365 588 18393 0 0 1 standing 
1 327 443 380 588 18394 0 0 1 standing 
2 199 361 253 495 18375 0 0 0 standing 
2 209 359 263 493 18376 0 0 1 standing 
2 220 358 274 492 18377 0 0 1 standing 
2 230 356 284 491 18378 0 0 1 standing 
2 241 355 295 490 18379 0 0 1 standing 
2 252 354 306 489 18380 0 0 1 standing 
2 262 352 316 487 18381 0 0 1 standing 
2 273 351 327 486 18382 0 0 1 standing 
2 283 349 337 485 18383 0 0 1 standing 
2 294 348 348 484 18384 0 0 1 standing 
2 305 347 359 483 18385 0 0 0 standing 
2 315 349 369 482 18386 0 0 1 standing 
2 326 352 380 482 18387 0 0 1 standing 
2 337 354 390 481 18388 0 0 1 standing 
2 347 357 401 481 18389 0 0 1 standing 
2 358 360 412 481 18390 0 0 1 standing 
2 369 362 422 480 18391 0 0 1 standing 
2 379 365 433 480 18392 0 0 1 standing 
2 390 367 443 479 18393 0 0 1 standing 
2 401 370 454 479 18394 0 0 1 standing 
3 260 456 353 597 18375 0 0 0 standing 
3 281 454 371 596 18376 0 0 1 standing 
3 302 452 389 595 18377 0 0 1 standing 
3 323 451 408 594 18378 0 0 1 standing 
3 344 449 426 593 18379 0 0 1 standing 
3 365 448 445 593 18380 0 0 1 standing 
3 386 446 463 592 18381 0 0 1 standing 
3 407 444 481 591 18382 0 0 1 standing 
3 428 443 500 590 18383 0 0 1 standing 
3 449 441 518 589 18384 0 0 1 standing 
3 471 440 537 589 18385 0 0 0 standing 
3 486 440 552 589 18386 0 0 1 standing 
3 501 441 567 590 18387 0 0 1 standing 
3 516 442 582 590 18388 0 0 1 standing 
3 532 442 598 591 18389 0 0 1 standing 
3 547 443 613 592 18390 0 0 1 standing 
3 562 444 628 592 18391 0 0 1 standing 
3 578 444 644 593 18392 0 0 1 standing 
3 593 445 659 593 18393 0 0 1 standing 
3 608 446 674 594 18394 0 0 1 standing 
4 369 404 411 557 18375 0 0 0 standing 
4 382 403 424 556 18376 0 0 1 standing 
4 396 402 438 555 18377 0 0 1 standing 
4 410 401 452 554 18378 0 0 1 standing 
4 424 400 466 554 18379 0 0 1 standing 
4 438 399 480 553 18380 0 0 1 standing 
4 451 398 493 552 18381 0 0 1 standing 
4 465 397 507 552 18382 0 0 1 standing 
4 479 396 521 551 18383 0 0 1 standing 
4 493 395 535 550 18384 0 0 1 standing 
4 507 395 549 550 18385 0 0 0 standing 
4 520 393 563 548 18386 0 0 1 standing 
4 533 391 577 546 18387 0 0 1 standing 
4 546 389 592 544 18388 0 0 1 standing 
4 560 387 606 543 18389 0 0 1 standing 
4 573 386 621 541 18390 0 0 1 standing 
4 586 384 635 539 18391 0 0 1 standing 
4 600 382 649 538 18392 0 0 1 standing 
4 613 380 664 536 18393 0 0 1 standing 
4 626 378 678 534 18394 0 0 1 standing 
5 380 380 422 548 18375 0 0 0 standing 
5 394 377 436 543 18376 0 0 1 standing 
5 408 375 450 539 18377 0 0 1 standing 
5 422 372 464 534 18378 0 0 1 standing 
5 437 370 478 530 18379 0 0 1 standing 
5 451 368 493 525 18380 0 0 1 standing 
5 465 365 507 521 18381 0 0 1 standing 
5 480 363 521 516 18382 0 0 1 standing 
5 494 360 535 512 18383 0 0 1 standing 
5 508 358 549 507 18384 0 0 1 standing 
5 523 356 564 503 18385 0 0 0 standing 
5 535 356 577 501 18386 0 0 1 standing 
5 548 356 591 500 18387 0 0 1 standing 
5 560 356 604 499 18388 0 0 1 standing 
5 573 356 618 498 18389 0 0 1 standing 
5 586 356 632 497 18390 0 0 1 standing 
5 598 356 645 495 18391 0 0 1 standing 
5 611 356 659 494 18392 0 0 1 standing 
5 623 356 672 493 18393 0 0 1 standing 
5 636 356 686 492 18394 0 0 1 standing 
6 468 397 525 537 18375 0 0 0 standing 
6 481 395 538 537 18376 0 0 1 standing 
6 494 393 551 537 18377 0 0 1 standing 
6 507 391 564 537 18378 0 0 1 standing 
6 521 389 578 537 18379 0 0 1 standing 
6 534 388 591 537 18380 0 0 1 standing 
6 547 386 604 537 18381 0 0 1 standing 
6 561 384 618 537 18382 0 0 1 standing 
6 574 382 631 537 18383 0 0 1 standing 
6 587 380 644 537 18384 0 0 1 standing 
6 601 379 658 538 18385 0 0 0 standing 
6 614 380 671 539 18386 0 0 1 standing 
6 628 382 685 541 18387 0 0 1 standing 
6 642 383 699 542 18388 0 0 1 standing 
6 656 385 713 544 18389 0 0 1 standing 
6 670 386 727 545 18390 0 0 1 standing 
6 683 388 740 547 18391 0 0 1 standing 
6 697 389 754 548 18392 0 0 1 standing 
6 711 391 768 550 18393 0 0 1 standing 
6 725 392 782 551 18394 0 0 1 standing 
7 587 469 665 617 18375 0 0 0 standing 
7 603 470 681 618 18376 0 0 1 standing 
7 620 471 698 619 18377 0 0 1 standing 
7 637 472 715 620 18378 0 0 1 standing 
7 654 473 732 621 18379 0 0 1 standing 
7 671 474 749 622 18380 0 0 1 standing 
7 688 475 766 623 18381 0 0 1 standing 
7 705 476 783 624 18382 0 0 1 standing 
7 722 477 800 625 18383 0 0 1 standing 
7 739 478 817 626 18384 0 0 1 standing 
7 756 479 834 628 18385 0 0 0 standing 
7 768 477 846 629 18386 0 0 1 standing 
7 780 476 858 630 18387 0 0 1 standing 
7 792 474 870 631 18388 0 0 1 standing 
7 804 473 882 632 18389 0 0 1 standing 
7 817 471 894 633 18390 0 0 1 standing 
7 829 470 906 634 18391 0 0 1 standing 
7 841 468 918 635 18392 0 0 1 standing 
7 853 467 930 636 18393 0 0 1 standing 
7 865 465 942 637 18394 0 0 1 standing 
8 573 368 678 519 18375 0 1 0 standing 
8 583 363 685 516 18376 0 1 1 standing 
8 593 358 693 514 18377 0 1 1 standing 
8 603 353 700 512 18378 0 1 1 standing 
8 613 348 708 510 18379 0 1 1 standing 
8 623 343 716 508 18380 0 1 1 standing 
8 633 338 723 505 18381 0 1 1 standing 
8 643 333 731 503 18382 0 1 1 standing 
8 653 328 738 501 18383 0 1 1 standing 
8 663 323 746 499 18384 0 1 1 standing 
8 673 319 754 497 18385 0 1 0 standing 
8 686 332 764 508 18386 0 1 1 standing 
8 699 345 774 519 18387 0 1 1 standing 
8 713 358 785 531 18388 0 1 0 standing 
8 723 361 792 531 18389 0 1 1 standing 
8 734 364 800 532 18390 0 1 1 standing 
8 744 368 807 533 18391 0 1 1 standing 
8 755 371 815 534 18392 0 1 1 standing 
8 765 375 822 535 18393 0 1 1 standing 
8 776 378 830 536 18394 0 1 1 standing 
9 575 326 635 476 18375 0 0 0 standing 
9 592 326 652 473 18376 0 0 1 standing 
9 609 326 669 471 18377 0 0 1 standing 
9 626 326 686 469 18378 0 0 1 standing 
9 643 327 703 467 18379 0 0 1 standing 
9 660 327 720 465 18380 0 0 1 standing 
9 677 327 737 462 18381 0 0 1 standing 
9 694 328 754 460 18382 0 0 1 standing 
9 711 328 771 458 18383 0 0 1 standing 
9 728 328 788 456 18384 0 0 1 standing 
9 746 329 805 454 18385 0 0 0 standing 
9 758 326 817 451 18386 0 0 1 standing 
9 770 323 829 448 18387 0 0 1 standing 
9 782 320 841 445 18388 0 0 1 standing 
9 794 317 853 442 18389 0 0 1 standing 
9 806 314 865 439 18390 0 0 1 standing 
9 818 311 877 436 18391 0 0 1 standing 
9 830 308 889 433 18392 0 0 1 standing 
9 842 305 901 430 18393 0 0 1 standing 
9 854 302 913 427 18394 0 0 1 standing 
10 691 403 765 455 18375 0 0 0 standing 
10 704 399 778 454 18376 0 0 1 falling 
10 718 396 792 454 18377 0 0 1 falling 
10 732 393 805 454 18378 0 0 1 falling 
10 746 389 819 454 18379 0 0 1 falling 
10 760 386 833 454 18380 0 0 1 falling 
10 773 383 846 453 18381 0 0 1 falling 
10 787 379 860 453 18382 0 0 1 falling 
10 801 376 873 453 18383 0 0 1 falling 
10 815 373 887 453 18384 0 0 1 falling 
10 829 370 901 453 18385 0 0 0 falling 
10 844 370 916 453 18386 0 0 1 falling 
10 860 371 932 454 18387 0 0 1 falling 
10 876 371 948 454 18388 0 0 1 falling 
10 892 372 964 455 18389 0 0 1 falling 
10 908 373 980 456 18390 0 0 1 falling 
10 923 373 995 456 18391 0 0 1 falling 
10 939 374 1011 457 18392 0 0 1 falling 
10 955 374 1027 457 18393 0 0 1 falling 
10 971 375 1043 458 18394 0 0 1 falling 
11 816 403 863 541 18375 0 0 0 falling 
11 828 404 875 542 18376 0 0 1 standing 
11 840 405 887 543 18377 0 0 1 standing 
11 852 406 899 544 18378 0 0 1 standing 
11 864 407 911 545 18379 0 0 1 standing 
11 877 408 924 546 18380 0 0 1 standing 
11 889 409 936 547 18381 0 0 1 standing 
11 901 410 948 548 18382 0 0 1 standing 
11 913 411 960 549 18383 0 0 1 standing 
11 925 412 972 550 18384 0 0 1 standing 
11 938 413 985 551 18385 0 0 0 standing 
11 951 413 998 552 18386 0 0 1 standing 
11 964 414 1011 553 18387 0 0 1 standing 
11 977 415 1024 554 18388 0 0 1 standing 
11 990 416 1037 555 18389 0 0 1 standing 
11 1003 417 1050 556 18390 0 0 1 standing 
11 1016 418 1063 557 18391 0 0 1 standing 
11 1029 419 1076 558 18392 0 0 1 standing 
11 1042 420 1089 559 18393 0 0 1 standing 
11 1055 421 1102 560 18394 0 0 1 standing 
