0 1080 426 1140 558 81810 0 0 0 standing 
0 1084 425 1142 557 81811 0 0 1 standing 
0 1088 424 1144 556 81812 0 0 1 standing 
0 1093 424 1146 555 81813 0 0 1 standing 
0 1097 423 1149 555 81814 0 0 1 standing 
0 1102 423 1151 554 81815 0 0 1 standing 
0 1106 422 1153 553 81816 0 0 1 standing 
0 1110 421 1156 553 81817 0 0 1 standing 
0 1115 421 1158 552 81818 0 0 1 standing 
0 1119 420 1160 551 81819 0 0 1 standing 
0 1124 420 1163 551 81820 0 0 0 standing 
0 1122 420 1161 551 81821 0 0 1 standing 
0 1120 420 1159 551 81822 0 0 1 standing 
0 1118 420 1157 551 81823 0 0 1 standing 
0 1116 421 1155 552 81824 0 0 1 standing 
0 1114 421 1153 552 81825 0 0 1 standing 
0 1112 421 1151 552 81826 0 0 1 standing 
0 1110 422 1149 553 81827 0 0 1 standing 
0 1108 422 1147 553 81828 0 0 1 standing 
0 1106 422 1145 553 81829 0 0 1 standing 
1 997 390 1043 520 81810 0 0 0 standing 
1 1000 389 1045 521 81811 0 0 1 standing 
1 1003 389 1048 523 81812 0 0 1 standing 
1 1006 388 1051 525 81813 0 0 1 standing 
1 1009 388 1054 527 81814 0 0 1 standing 
1 1012 388 1056 529 81815 0 0 1 standing 
1 1015 387 1059 531 81816 0 0 1 standing 
1 1018 387 1062 533 81817 0 0 1 standing 
1 1021 387 1065 535 81818 0 0 0 standing 
1 1021 387 1066 534 81819 0 0 1 standing 
1 1022 387 1067 534 81820 0 0 1 standing 
1 1023 387 1068 534 81821 0 0 1 standing 
1 1024 388 1069 534 81822 0 0 0 standing 
1 1020 388 1065 533 81823 0 0 1 standing 
1 1017 388 1062 533 81824 0 0 1 standing 
1 1014 388 1059 533 81825 0 0 1 standing 
1 1011 389 1056 533 81826 0 0 1 standing 
1 1007 389 1052 532 81827 0 0 1 standing 
1 1004 389 1049 532 81828 0 0 1 standing 
1 1001 389 1046 532 81829 0 0 1 standing 
2 965 460 1061 585 81810 0 0 0 standing 
2 969 459 1050 584 81811 0 0 1 moving 
2 973 458 1039 583 81812 0 0 1 moving 
2 977 457 1028 583 81813 0 0 0 moving 
2 970 456 1024 583 81814 0 0 1 moving 
2 963 455 1021 583 81815 0 0 1 moving 
2 956 454 1017 583 81816 0 0 1 moving 
2 949 453 1014 583 81817 0 0 1 moving 
2 942 452 1010 583 81818 0 0 1 moving 
2 935 451 1007 583 81819 0 0 1 moving 
2 928 451 1004 584 81820 0 0 0 moving 
2 923 451 996 584 81821 0 0 1 moving 
2 918 451 989 585 81822 0 0 1 moving 
2 913 451 981 586 81823 0 0 1 moving 
2 908 451 974 587 81824 0 0 1 moving 
2 903 452 967 588 81825 0 0 1 moving 
2 898 452 959 589 81826 0 0 1 moving 
2 893 452 952 590 81827 0 0 1 moving 
2 888 452 944 591 81828 0 0 1 moving 
2 883 452 937 592 81829 0 0 1 moving 
3 875 426 938 551 81810 0 0 0 moving 
3 879 423 941 550 81811 0 0 1 standing 
3 884 421 944 550 81812 0 0 1 standing 
3 889 419 948 550 81813 0 0 1 standing 
3 894 416 951 549 81814 0 0 1 standing 
3 899 414 954 549 81815 0 0 1 standing 
3 904 412 958 549 81816 0 0 0 standing 
3 901 412 953 545 81817 0 0 1 standing 
3 898 412 949 542 81818 0 0 1 standing 
3 895 412 945 539 81819 0 0 1 standing 
3 892 412 941 536 81820 0 0 0 standing 
3 887 412 938 535 81821 0 0 1 standing 
3 882 412 935 535 81822 0 0 1 standing 
3 877 412 933 535 81823 0 0 1 standing 
3 872 412 930 535 81824 0 0 1 standing 
3 867 412 927 535 81825 0 0 1 standing 
3 862 412 925 535 81826 0 0 0 standing 
3 857 412 916 535 81827 0 0 1 standing 
3 852 412 908 536 81828 0 0 1 standing 
3 847 412 899 536 81829 0 0 1 standing 
4 851 462 937 613 81810 0 0 0 standing 
4 855 460 943 611 81811 0 0 1 standing 
4 859 459 949 609 81812 0 0 1 standing 
4 863 458 955 607 81813 0 0 1 standing 
4 868 457 962 606 81814 0 0 0 standing 
4 868 456 956 606 81815 0 0 1 standing 
4 869 456 950 606 81816 0 0 1 standing 
4 870 456 945 606 81817 0 0 1 standing 
4 871 456 939 606 81818 0 0 1 standing 
4 872 456 933 606 81819 0 0 1 standing 
4 873 456 928 606 81820 0 0 0 standing 
4 869 453 924 603 81821 0 0 1 standing 
4 865 451 920 601 81822 0 0 1 standing 
4 861 448 916 598 81823 0 0 1 standing 
4 857 446 912 596 81824 0 0 1 standing 
4 853 443 908 593 81825 0 0 1 standing 
4 849 441 904 591 81826 0 0 1 standing 
4 845 438 900 588 81827 0 0 1 standing 
4 841 436 896 586 81828 0 0 1 standing 
4 837 433 892 583 81829 0 0 1 standing 
5 485 429 543 528 81810 0 1 0 standing 
5 491 431 550 530 81811 0 1 1 digging 
5 497 434 558 533 81812 0 1 1 digging 
5 503 437 566 535 81813 0 1 1 digging 
5 509 440 574 538 81814 0 1 0 digging 
5 511 439 578 537 81815 0 1 1 digging 
5 514 439 583 537 81816 0 1 1 digging 
5 517 439 587 537 81817 0 1 1 digging 
5 519 438 592 536 81818 0 1 1 digging 
5 522 438 596 536 81819 0 1 1 digging 
5 525 438 601 536 81820 0 1 0 digging 
5 520 436 593 535 81821 0 1 1 digging 
5 515 434 586 535 81822 0 1 1 digging 
5 510 432 579 535 81823 0 1 1 digging 
5 505 430 572 534 81824 0 1 1 digging 
5 500 428 565 534 81825 0 1 1 digging 
5 496 426 558 534 81826 0 1 1 digging 
5 491 424 551 534 81827 0 1 1 digging 
5 486 422 544 533 81828 0 1 1 digging 
5 481 420 537 533 81829 0 1 1 digging 
6 317 440 413 573 81810 0 0 0 digging 
6 324 437 413 570 81811 0 0 1 standing 
6 332 434 413 567 81812 0 0 1 standing 
6 339 431 413 564 81813 0 0 1 standing 
6 347 429 414 561 81814 0 0 0 standing 
6 347 428 412 560 81815 0 0 1 standing 
6 347 427 410 559 81816 0 0 1 standing 
6 347 426 408 558 81817 0 0 1 standing 
6 348 426 407 557 81818 0 0 0 standing 
6 342 425 403 556 81819 0 0 1 standing 
6 337 425 399 556 81820 0 0 1 standing 
6 331 424 395 555 81821 0 0 1 standing 
6 326 424 391 555 81822 0 0 1 standing 
6 321 424 387 555 81823 0 0 1 standing 
6 315 423 383 554 81824 0 0 1 standing 
6 310 423 380 554 81825 0 0 1 standing 
6 304 422 376 553 81826 0 0 1 standing 
6 299 422 372 553 81827 0 0 1 standing 
6 294 422 368 553 81828 0 0 1 standing 
6 288 421 364 552 81829 0 0 1 standing 
7 447 481 532 615 81810 0 0 0 standing 
7 452 479 549 614 81811 0 0 1 standing 
7 458 478 566 613 81812 0 0 1 standing 
7 464 477 583 612 81813 0 0 1 standing 
7 470 476 601 612 81814 0 0 0 standing 
7 487 473 607 612 81815 0 0 1 standing 
7 504 471 614 612 81816 0 0 1 standing 
7 521 469 621 612 81817 0 0 1 standing 
7 538 466 628 612 81818 0 0 1 standing 
7 555 464 635 612 81819 0 0 1 standing 
7 572 462 642 612 81820 0 0 0 standing 
7 577 460 649 610 81821 0 0 1 standing 
7 583 458 656 608 81822 0 0 1 standing 
7 589 456 663 606 81823 0 0 0 standing 
7 595 458 670 607 81824 0 0 1 standing 
7 601 460 678 609 81825 0 0 1 standing 
7 608 462 686 611 81826 0 0 1 standing 
7 614 464 694 613 81827 0 0 1 standing 
7 621 466 702 615 81828 0 0 0 standing 
7 626 466 699 615 81829 0 0 1 standing 
8 681 489 780 628 81810 0 0 0 standing 
8 677 489 776 628 81811 0 0 1 standing 
8 674 489 772 628 81812 0 0 1 standing 
8 670 489 768 628 81813 0 0 1 standing 
8 667 489 764 629 81814 0 0 0 standing 
8 662 488 757 628 81815 0 0 1 standing 
8 657 487 750 628 81816 0 0 1 standing 
8 653 486 744 628 81817 0 0 0 standing 
8 643 486 721 630 81818 0 0 1 standing 
8 633 487 698 632 81819 0 0 1 standing 
8 623 488 675 634 81820 0 0 0 standing 
8 607 488 663 634 81821 0 0 1 standing 
8 591 489 651 635 81822 0 0 1 standing 
8 576 489 639 635 81823 0 0 1 standing 
8 560 490 627 636 81824 0 0 1 standing 
8 545 491 615 636 81825 0 0 1 standing 
8 529 491 603 637 81826 0 0 1 standing 
8 513 492 591 637 81827 0 0 1 standing 
8 498 492 579 638 81828 0 0 1 standing 
8 482 493 567 638 81829 0 0 1 standing 
9 783 433 828 580 81810 0 0 0 standing 
9 781 434 828 579 81811 0 0 1 standing 
9 779 435 829 579 81812 0 0 1 standing 
9 777 436 830 579 81813 0 0 1 standing 
9 775 438 831 579 81814 0 0 1 standing 
9 773 439 832 578 81815 0 0 1 standing 
9 772 440 833 578 81816 0 0 1 standing 
9 770 441 834 578 81817 0 0 1 standing 
9 768 443 835 578 81818 0 0 1 standing 
9 766 444 836 577 81819 0 0 1 standing 
9 764 445 837 577 81820 0 0 1 standing 
9 762 446 838 577 81821 0 0 1 standing 
9 761 448 839 577 81822 0 0 0 standing 
9 754 445 830 574 81823 0 0 1 standing 
9 748 442 821 571 81824 0 0 1 standing 
9 741 440 812 568 81825 0 0 1 standing 
9 735 437 803 565 81826 0 0 1 standing 
9 729 435 794 563 81827 0 0 0 standing 
9 719 431 781 559 81828 0 0 1 standing 
9 709 428 769 556 81829 0 0 1 standing 
10 770 441 818 589 81810 0 0 0 standing 
10 768 441 817 588 81811 0 0 1 standing 
10 767 441 817 588 81812 0 0 1 standing 
10 766 441 817 588 81813 0 0 1 standing 
10 764 441 816 588 81814 0 0 1 standing 
10 763 441 816 588 81815 0 0 1 standing 
10 762 441 816 588 81816 0 0 1 standing 
10 760 441 815 588 81817 0 0 1 standing 
10 759 441 815 588 81818 0 0 1 standing 
10 758 441 815 588 81819 0 0 1 standing 
10 757 441 815 588 81820 0 0 0 standing 
10 748 438 805 585 81821 0 0 1 standing 
10 740 436 795 583 81822 0 0 1 standing 
10 732 433 785 580 81823 0 0 1 standing 
10 723 431 775 578 81824 0 0 1 standing 
10 715 429 766 575 81825 0 0 1 standing 
10 707 426 756 573 81826 0 0 1 standing 
10 698 424 746 570 81827 0 0 1 standing 
10 690 421 736 568 81828 0 0 1 standing 
10 682 419 726 565 81829 0 0 1 standing 
