0 400 288 453 415 48555 0 1 0 spiking 
0 398 288 451 413 48556 0 1 1 spiking 
0 397 288 450 411 48557 0 1 1 spiking 
0 396 288 449 409 48558 0 1 1 spiking 
0 395 288 448 407 48559 0 1 1 spiking 
0 394 288 447 405 48560 0 1 1 spiking 
0 393 288 446 403 48561 0 1 1 spiking 
0 392 288 445 401 48562 0 1 1 spiking 
0 391 289 444 399 48563 0 1 0 spiking 
0 389 294 442 403 48564 0 1 1 spiking 
0 387 300 440 408 48565 0 1 1 spiking 
0 385 305 438 413 48566 0 1 1 spiking 
0 383 311 436 418 48567 0 1 1 spiking 
0 381 316 434 423 48568 0 1 1 spiking 
0 380 322 433 428 48569 0 1 1 spiking 
0 378 327 431 432 48570 0 1 1 spiking 
0 376 333 429 437 48571 0 1 1 spiking 
0 374 338 427 442 48572 0 1 1 spiking 
0 372 344 425 447 48573 0 1 1 spiking 
0 370 349 423 452 48574 0 1 1 spiking 
1 584 325 636 468 48555 0 1 0 spiking 
1 576 319 628 466 48556 0 1 1 blocking 
1 569 314 620 464 48557 0 1 1 blocking 
1 562 309 612 462 48558 0 1 1 blocking 
1 555 304 604 461 48559 0 1 1 blocking 
1 548 299 596 459 48560 0 1 1 blocking 
1 540 294 588 457 48561 0 1 1 blocking 
1 533 289 580 456 48562 0 1 1 blocking 
1 526 284 572 454 48563 0 1 1 blocking 
1 519 279 564 452 48564 0 1 1 blocking 
1 512 274 557 451 48565 0 1 0 blocking 
1 506 282 551 453 48566 0 1 1 blocking 
1 501 291 546 456 48567 0 1 1 blocking 
1 495 299 541 459 48568 0 1 1 blocking 
1 490 308 535 461 48569 0 1 1 blocking 
1 485 316 530 464 48570 0 1 1 blocking 
1 479 325 525 467 48571 0 1 1 blocking 
1 474 333 519 469 48572 0 1 1 blocking 
1 468 342 514 472 48573 0 1 1 blocking 
1 463 350 509 475 48574 0 1 1 blocking 
2 587 335 634 465 48555 0 1 0 blocking 
2 579 329 626 460 48556 0 1 1 blocking 
2 572 323 619 456 48557 0 1 1 blocking 
2 565 317 611 452 48558 0 1 1 blocking 
2 558 311 604 448 48559 0 1 1 blocking 
2 551 305 597 444 48560 0 1 1 blocking 
2 543 299 589 440 48561 0 1 1 blocking 
2 536 293 582 436 48562 0 1 1 blocking 
2 529 287 574 432 48563 0 1 1 blocking 
2 522 281 567 428 48564 0 1 1 blocking 
2 515 275 560 424 48565 0 1 0 blocking 
2 509 282 554 427 48566 0 1 1 blocking 
2 504 289 549 431 48567 0 1 1 blocking 
2 499 296 544 434 48568 0 1 1 blocking 
2 493 303 538 438 48569 0 1 1 blocking 
2 488 311 533 442 48570 0 1 1 blocking 
2 483 318 528 445 48571 0 1 1 blocking 
2 477 325 522 449 48572 0 1 1 blocking 
2 472 332 517 452 48573 0 1 1 blocking 
2 467 339 512 456 48574 0 1 1 blocking 
3 163 380 214 491 48555 0 0 0 blocking 
3 158 379 209 491 48556 0 0 1 waiting 
3 154 379 204 491 48557 0 0 1 waiting 
3 150 379 200 491 48558 0 0 0 waiting 
3 144 378 194 490 48559 0 0 1 waiting 
3 138 378 188 490 48560 0 0 1 waiting 
3 132 378 182 490 48561 0 0 1 waiting 
3 126 377 177 490 48562 0 0 1 waiting 
3 120 377 171 490 48563 0 0 1 waiting 
3 114 377 165 490 48564 0 0 1 waiting 
3 109 377 160 490 48565 0 0 0 waiting 
3 102 376 153 490 48566 0 0 1 waiting 
3 96 376 147 490 48567 0 0 1 waiting 
3 89 376 141 490 48568 0 0 1 waiting 
3 83 376 135 490 48569 0 0 1 waiting 
3 77 376 129 491 48570 0 0 0 waiting 
3 72 376 124 491 48571 0 0 1 waiting 
3 67 377 120 491 48572 0 0 1 waiting 
3 62 378 115 492 48573 0 0 1 waiting 
3 57 379 111 492 48574 0 0 1 waiting 
4 324 356 371 470 48555 0 0 0 waiting 
4 322 356 369 469 48556 0 0 1 standing 
4 321 356 368 469 48557 0 0 1 standing 
4 320 356 367 469 48558 0 0 0 standing 
4 317 356 364 469 48559 0 0 1 standing 
4 315 356 362 469 48560 0 0 1 standing 
4 313 356 360 469 48561 0 0 0 standing 
4 308 356 355 468 48562 0 0 1 standing 
4 303 356 350 468 48563 0 0 1 standing 
4 298 356 345 468 48564 0 0 1 standing 
4 294 356 341 468 48565 0 0 0 standing 
4 290 358 337 470 48566 0 0 1 standing 
4 286 361 334 473 48567 0 0 1 standing 
4 283 363 330 476 48568 0 0 1 standing 
4 279 366 327 479 48569 0 0 1 standing 
4 276 369 324 482 48570 0 0 0 standing 
4 270 367 318 480 48571 0 0 1 standing 
4 265 365 313 479 48572 0 0 1 standing 
4 260 364 308 478 48573 0 0 1 standing 
4 255 362 303 477 48574 0 0 1 standing 
5 302 436 371 589 48555 0 0 0 standing 
5 298 433 380 587 48556 0 0 1 standing 
5 294 431 389 585 48557 0 0 1 standing 
5 290 429 399 583 48558 0 0 0 standing 
5 295 426 393 581 48559 0 0 1 standing 
5 300 424 388 580 48560 0 0 1 standing 
5 305 422 383 579 48561 0 0 0 standing 
5 308 420 379 577 48562 0 0 1 standing 
5 311 418 376 575 48563 0 0 1 standing 
5 314 416 373 574 48564 0 0 0 standing 
5 314 414 373 571 48565 0 0 1 standing 
5 314 412 373 568 48566 0 0 1 standing 
5 315 411 374 565 48567 0 0 0 standing 
5 315 412 382 566 48568 0 0 1 standing 
5 315 413 390 567 48569 0 0 1 standing 
5 315 415 399 568 48570 0 0 0 standing 
5 317 415 398 567 48571 0 0 1 standing 
5 319 416 397 567 48572 0 0 1 standing 
5 321 416 396 566 48573 0 0 1 standing 
5 323 417 395 566 48574 0 0 1 standing 
6 446 385 524 498 48555 0 0 0 standing 
6 441 386 519 497 48556 0 0 1 waiting 
6 437 387 515 497 48557 0 0 1 waiting 
6 433 389 511 497 48558 0 0 0 waiting 
6 428 390 506 496 48559 0 0 1 waiting 
6 423 391 501 496 48560 0 0 1 waiting 
6 419 392 497 496 48561 0 0 0 waiting 
6 411 394 489 496 48562 0 0 1 waiting 
6 404 396 482 496 48563 0 0 1 waiting 
6 396 398 474 496 48564 0 0 1 waiting 
6 389 401 467 496 48565 0 0 0 waiting 
6 384 399 461 496 48566 0 0 1 waiting 
6 379 397 455 496 48567 0 0 1 waiting 
6 374 396 449 496 48568 0 0 1 waiting 
6 369 394 443 496 48569 0 0 1 waiting 
6 364 393 438 496 48570 0 0 0 waiting 
6 361 393 432 496 48571 0 0 1 waiting 
6 358 393 427 497 48572 0 0 1 waiting 
6 356 393 421 497 48573 0 0 1 waiting 
6 353 393 416 498 48574 0 0 1 waiting 
7 833 469 921 578 48555 0 0 0 waiting 
7 828 467 915 578 48556 0 0 1 digging 
7 824 465 909 578 48557 0 0 1 digging 
7 820 464 904 578 48558 0 0 0 digging 
7 813 462 897 578 48559 0 0 1 digging 
7 806 460 890 578 48560 0 0 1 digging 
7 799 459 883 578 48561 0 0 0 digging 
7 796 457 875 578 48562 0 0 1 digging 
7 794 456 868 578 48563 0 0 1 digging 
7 792 454 861 578 48564 0 0 1 digging 
7 789 453 853 578 48565 0 0 1 digging 
7 787 451 846 578 48566 0 0 1 digging 
7 785 450 839 579 48567 0 0 0 digging 
7 778 451 835 578 48568 0 0 1 digging 
7 771 452 831 577 48569 0 0 1 digging 
7 765 453 827 576 48570 0 0 0 digging 
7 761 451 826 575 48571 0 0 1 digging 
7 757 449 825 574 48572 0 0 1 digging 
7 753 448 825 574 48573 0 0 1 digging 
7 749 446 824 573 48574 0 0 1 digging 
8 972 346 1021 453 48555 0 0 0 digging 
8 963 346 1014 452 48556 0 0 1 standing 
8 955 347 1007 451 48557 0 0 1 standing 
8 947 348 1001 451 48558 0 0 0 standing 
8 941 347 993 451 48559 0 0 1 standing 
8 935 346 986 452 48560 0 0 1 standing 
8 929 345 979 453 48561 0 0 0 standing 
8 922 346 972 453 48562 0 0 1 standing 
8 915 347 966 454 48563 0 0 1 standing 
8 908 348 959 454 48564 0 0 1 standing 
8 901 349 953 455 48565 0 0 1 standing 
8 894 350 946 455 48566 0 0 1 standing 
8 887 351 940 456 48567 0 0 0 standing 
8 874 351 930 456 48568 0 0 1 standing 
8 861 351 921 456 48569 0 0 1 standing 
8 848 351 912 456 48570 0 0 0 standing 
8 839 347 906 455 48571 0 0 1 standing 
8 831 344 901 454 48572 0 0 1 standing 
8 822 341 895 454 48573 0 0 1 standing 
8 814 338 890 453 48574 0 0 1 standing 
9 1061 409 1124 493 48555 0 0 0 standing 
9 1054 407 1117 492 48556 0 0 1 digging 
9 1048 405 1111 492 48557 0 0 1 digging 
9 1041 404 1104 491 48558 0 0 1 digging 
9 1035 402 1098 491 48559 0 0 1 digging 
9 1028 400 1091 490 48560 0 0 1 digging 
9 1022 399 1085 490 48561 0 0 1 digging 
9 1015 397 1079 490 48562 0 0 1 digging 
9 1009 395 1072 489 48563 0 0 1 digging 
9 1002 394 1066 489 48564 0 0 1 digging 
9 996 392 1059 488 48565 0 0 1 digging 
9 989 390 1053 488 48566 0 0 1 digging 
9 983 389 1047 488 48567 0 0 0 digging 
9 978 391 1040 490 48568 0 0 1 digging 
9 973 393 1034 492 48569 0 0 1 digging 
9 969 395 1028 494 48570 0 0 0 digging 
9 966 392 1022 493 48571 0 0 1 digging 
9 963 389 1016 492 48572 0 0 1 digging 
9 960 386 1010 491 48573 0 0 1 digging 
9 957 383 1004 490 48574 0 0 1 digging 
10 1071 462 1145 565 48555 0 0 0 digging 
10 1064 459 1137 563 48556 0 0 1 digging 
10 1058 457 1129 562 48557 0 0 1 digging 
10 1052 455 1121 561 48558 0 0 1 digging 
10 1046 453 1113 559 48559 0 0 1 digging 
10 1040 451 1105 558 48560 0 0 1 digging 
10 1034 449 1098 557 48561 0 0 0 digging 
10 1025 447 1089 556 48562 0 0 1 digging 
10 1017 446 1080 556 48563 0 0 1 digging 
10 1008 445 1072 556 48564 0 0 1 digging 
10 1000 444 1063 555 48565 0 0 1 digging 
10 991 443 1054 555 48566 0 0 1 digging 
10 983 442 1046 555 48567 0 0 0 digging 
10 976 441 1039 554 48568 0 0 1 digging 
10 969 440 1033 553 48569 0 0 1 digging 
10 963 440 1027 553 48570 0 0 0 digging 
10 954 438 1022 552 48571 0 0 1 digging 
10 945 437 1018 551 48572 0 0 1 digging 
10 936 436 1014 550 48573 0 0 1 digging 
10 927 435 1010 549 48574 0 0 1 digging 
