0 553 414 617 580 36215 0 1 0 setting 
0 547 401 611 574 36216 0 1 1 setting 
0 541 388 605 568 36217 0 1 1 setting 
0 535 375 599 562 36218 0 1 1 setting 
0 530 363 593 556 36219 0 1 0 setting 
0 525 361 588 553 36220 0 1 1 setting 
0 520 359 583 551 36221 0 1 1 setting 
0 516 357 579 548 36222 0 1 1 setting 
0 511 355 574 546 36223 0 1 1 setting 
0 506 353 569 543 36224 0 1 1 setting 
0 502 351 565 541 36225 0 1 0 setting 
0 497 357 560 543 36226 0 1 1 setting 
0 492 363 555 546 36227 0 1 1 setting 
0 487 369 550 548 36228 0 1 1 setting 
0 482 375 545 551 36229 0 1 1 setting 
0 478 382 540 554 36230 0 1 0 setting 
0 473 388 536 557 36231 0 1 1 setting 
0 469 395 532 561 36232 0 1 1 setting 
0 465 401 528 564 36233 0 1 1 setting 
0 461 408 524 568 36234 0 1 0 setting 
1 307 394 390 500 36215 0 0 0 setting 
1 309 391 388 499 36216 0 0 1 standing 
1 312 388 387 498 36217 0 0 1 standing 
1 314 385 386 497 36218 0 0 1 standing 
1 317 382 385 497 36219 0 0 1 standing 
1 320 380 384 496 36220 0 0 1 standing 
1 322 377 382 495 36221 0 0 1 standing 
1 325 374 381 495 36222 0 0 1 standing 
1 327 371 380 494 36223 0 0 1 standing 
1 330 368 379 493 36224 0 0 1 standing 
1 333 366 378 493 36225 0 0 0 standing 
1 334 365 379 492 36226 0 0 1 standing 
1 335 365 381 492 36227 0 0 1 standing 
1 336 365 382 491 36228 0 0 1 standing 
1 337 364 384 491 36229 0 0 1 standing 
1 338 364 385 490 36230 0 0 1 standing 
1 339 364 387 490 36231 0 0 1 standing 
1 340 364 389 490 36232 0 0 0 standing 
1 341 362 388 488 36233 0 0 1 standing 
1 342 360 388 487 36234 0 0 1 standing 
2 445 331 500 435 36215 0 1 0 standing 
2 439 331 496 434 36216 0 1 1 moving 
2 434 332 492 434 36217 0 1 1 moving 
2 429 333 488 433 36218 0 1 1 moving 
2 424 334 485 433 36219 0 1 0 moving 
2 420 333 482 431 36220 0 1 1 moving 
2 416 333 480 429 36221 0 1 1 moving 
2 412 332 478 428 36222 0 1 1 moving 
2 408 332 475 426 36223 0 1 1 moving 
2 404 331 473 424 36224 0 1 1 moving 
2 400 331 471 423 36225 0 1 0 moving 
2 401 331 470 422 36226 0 1 1 moving 
2 403 331 470 422 36227 0 1 1 moving 
2 405 331 470 422 36228 0 1 1 moving 
2 406 331 470 421 36229 0 1 1 moving 
2 408 331 470 421 36230 0 1 1 moving 
2 410 331 470 421 36231 0 1 1 moving 
2 412 331 470 421 36232 0 1 0 moving 
2 410 331 470 421 36233 0 1 1 moving 
2 409 331 470 421 36234 0 1 1 moving 
3 560 368 620 484 36215 0 1 0 moving 
3 557 367 617 483 36216 0 1 1 moving 
3 554 366 614 482 36217 0 1 1 moving 
3 551 365 611 481 36218 0 1 1 moving 
3 548 365 608 481 36219 0 1 1 moving 
3 545 364 605 480 36220 0 1 1 moving 
3 542 363 602 479 36221 0 1 1 moving 
3 539 363 599 479 36222 0 1 1 moving 
3 536 362 596 478 36223 0 1 1 moving 
3 533 361 593 477 36224 0 1 1 moving 
3 530 361 590 477 36225 0 1 0 moving 
3 528 354 588 475 36226 0 1 1 moving 
3 526 347 587 473 36227 0 1 1 moving 
3 524 340 586 471 36228 0 1 1 moving 
3 523 333 585 469 36229 0 1 0 moving 
3 521 327 587 462 36230 0 1 1 moving 
3 520 321 589 455 36231 0 1 1 moving 
3 519 316 591 449 36232 0 1 0 moving 
3 517 312 588 445 36233 0 1 1 moving 
3 515 309 585 441 36234 0 1 1 moving 
4 46 475 160 624 36215 0 1 0 moving 
4 45 474 158 623 36216 0 1 1 moving 
4 45 473 156 623 36217 0 1 1 moving 
4 45 472 154 622 36218 0 1 1 moving 
4 45 472 152 622 36219 0 1 0 moving 
4 45 471 156 622 36220 0 1 1 moving 
4 45 471 160 623 36221 0 1 1 moving 
4 45 470 164 623 36222 0 1 1 moving 
4 45 470 168 624 36223 0 1 1 moving 
4 45 469 172 624 36224 0 1 1 moving 
4 45 469 176 625 36225 0 1 0 moving 
4 55 468 178 624 36226 0 1 1 moving 
4 65 468 181 623 36227 0 1 1 moving 
4 76 467 184 622 36228 0 1 1 moving 
4 86 467 187 621 36229 0 1 1 moving 
4 96 466 190 620 36230 0 1 1 moving 
4 107 466 193 620 36231 0 1 0 moving 
4 114 464 201 613 36232 0 1 1 moving 
4 122 463 210 607 36233 0 1 1 moving 
4 129 462 219 601 36234 0 1 1 moving 
5 713 413 761 555 36215 0 0 0 moving 
5 708 412 756 554 36216 0 0 1 standing 
5 704 412 752 554 36217 0 0 1 standing 
5 700 411 748 553 36218 0 0 1 standing 
5 695 411 743 553 36219 0 0 1 standing 
5 691 410 739 552 36220 0 0 1 standing 
5 687 410 735 552 36221 0 0 1 standing 
5 682 409 730 551 36222 0 0 1 standing 
5 678 409 726 551 36223 0 0 1 standing 
5 674 408 722 550 36224 0 0 1 standing 
5 670 408 718 550 36225 0 0 0 standing 
5 665 408 714 548 36226 0 0 1 standing 
5 661 409 710 547 36227 0 0 1 standing 
5 656 410 706 546 36228 0 0 1 standing 
5 652 411 702 545 36229 0 0 1 standing 
5 648 412 698 544 36230 0 0 1 standing 
5 643 413 694 543 36231 0 0 1 standing 
5 639 414 690 542 36232 0 0 1 standing 
5 634 415 686 541 36233 0 0 1 standing 
5 630 416 682 540 36234 0 0 1 standing 
6 1001 471 1082 596 36215 0 0 0 standing 
6 999 471 1080 594 36216 0 0 1 digging 
6 998 471 1079 593 36217 0 0 1 digging 
6 997 471 1078 592 36218 0 0 1 digging 
6 996 471 1077 591 36219 0 0 0 digging 
6 996 471 1076 590 36220 0 0 1 digging 
6 997 471 1075 589 36221 0 0 1 digging 
6 998 471 1074 589 36222 0 0 1 digging 
6 999 471 1073 588 36223 0 0 1 digging 
6 1000 471 1072 587 36224 0 0 1 digging 
6 1001 471 1072 587 36225 0 0 0 digging 
6 1001 470 1072 586 36226 0 0 1 digging 
6 1002 470 1073 585 36227 0 0 1 digging 
6 1003 470 1074 584 36228 0 0 1 digging 
6 1004 469 1074 584 36229 0 0 1 digging 
6 1005 469 1075 583 36230 0 0 1 digging 
6 1006 469 1076 582 36231 0 0 1 digging 
6 1007 469 1077 582 36232 0 0 0 digging 
6 1008 468 1078 581 36233 0 0 1 digging 
6 1009 467 1079 580 36234 0 0 1 digging 
7 126 377 195 502 36215 0 1 0 digging 
7 132 377 201 501 36216 0 1 1 moving 
7 139 377 207 501 36217 0 1 1 moving 
7 146 377 213 501 36218 0 1 1 moving 
7 153 378 220 501 36219 0 1 0 moving 
7 152 378 227 501 36220 0 1 1 moving 
7 152 379 234 502 36221 0 1 1 moving 
7 152 379 241 503 36222 0 1 1 moving 
7 152 380 248 503 36223 0 1 1 moving 
7 152 380 255 504 36224 0 1 1 moving 
7 152 381 262 505 36225 0 1 0 moving 
7 160 380 271 504 36226 0 1 1 moving 
7 169 380 281 503 36227 0 1 1 moving 
7 178 380 291 502 36228 0 1 1 moving 
7 186 380 301 501 36229 0 1 1 moving 
7 195 380 311 500 36230 0 1 1 moving 
7 204 380 321 499 36231 0 1 1 moving 
7 213 380 331 499 36232 0 1 0 moving 
7 222 382 337 501 36233 0 1 1 moving 
7 231 385 343 504 36234 0 1 1 moving 
8 728 370 773 508 36215 0 0 0 moving 
8 723 370 768 508 36216 0 0 1 standing 
8 718 371 763 509 36217 0 0 1 standing 
8 713 372 758 510 36218 0 0 1 standing 
8 709 373 754 511 36219 0 0 1 standing 
8 704 374 749 512 36220 0 0 1 standing 
8 699 374 744 512 36221 0 0 1 standing 
8 695 375 740 513 36222 0 0 1 standing 
8 690 376 735 514 36223 0 0 1 standing 
8 685 377 730 515 36224 0 0 1 standing 
8 681 378 726 516 36225 0 0 0 standing 
8 676 377 720 513 36226 0 0 1 standing 
8 671 377 714 511 36227 0 0 1 standing 
8 666 377 708 509 36228 0 0 1 standing 
8 662 377 702 507 36229 0 0 1 standing 
8 657 377 696 505 36230 0 0 1 standing 
8 652 376 690 502 36231 0 0 1 standing 
8 648 376 684 500 36232 0 0 1 standing 
8 643 376 678 498 36233 0 0 1 standing 
8 638 376 672 496 36234 0 0 1 standing 
9 714 347 770 476 36215 0 0 0 standing 
9 711 346 765 475 36216 0 0 1 standing 
9 708 345 761 474 36217 0 0 1 standing 
9 705 344 756 473 36218 0 0 1 standing 
9 703 343 752 472 36219 0 0 1 standing 
9 700 342 747 471 36220 0 0 1 standing 
9 697 341 743 470 36221 0 0 1 standing 
9 695 340 738 469 36222 0 0 1 standing 
9 692 339 734 468 36223 0 0 1 standing 
9 689 338 729 467 36224 0 0 1 standing 
9 687 338 725 466 36225 0 0 0 standing 
9 682 339 721 464 36226 0 0 1 standing 
9 678 340 718 463 36227 0 0 1 standing 
9 673 341 715 461 36228 0 0 1 standing 
9 669 342 712 460 36229 0 0 1 standing 
9 664 343 709 459 36230 0 0 1 standing 
9 660 344 705 457 36231 0 0 1 standing 
9 655 345 702 456 36232 0 0 1 standing 
9 651 346 699 454 36233 0 0 1 standing 
9 646 347 696 453 36234 0 0 1 standing 
10 995 363 1043 483 36215 0 0 0 standing 
10 989 362 1037 482 36216 0 0 1 standing 
10 984 362 1032 482 36217 0 0 1 standing 
10 979 362 1027 482 36218 0 0 1 standing 
10 974 362 1022 482 36219 0 0 1 standing 
10 969 362 1017 482 36220 0 0 1 standing 
10 963 362 1011 482 36221 0 0 1 standing 
10 958 362 1006 482 36222 0 0 1 standing 
10 953 362 1001 482 36223 0 0 1 standing 
10 948 362 996 482 36224 0 0 1 standing 
10 943 362 991 482 36225 0 0 0 standing 
10 939 361 987 481 36226 0 0 1 standing 
10 936 360 984 480 36227 0 0 1 standing 
10 933 359 981 479 36228 0 0 1 standing 
10 930 358 978 478 36229 0 0 1 standing 
10 927 357 975 477 36230 0 0 1 standing 
10 923 356 971 476 36231 0 0 1 standing 
10 920 355 968 475 36232 0 0 1 standing 
10 917 354 965 474 36233 0 0 1 standing 
10 914 353 962 473 36234 0 0 1 standing 
11 1180 400 1250 535 36215 0 0 0 standing 
11 1174 399 1244 533 36216 0 0 1 standing 
11 1169 399 1238 532 36217 0 0 1 standing 
11 1164 398 1232 531 36218 0 0 1 standing 
11 1159 398 1226 530 36219 0 0 1 standing 
11 1154 398 1221 529 36220 0 0 1 standing 
11 1149 397 1215 528 36221 0 0 1 standing 
11 1144 397 1209 527 36222 0 0 1 standing 
11 1139 396 1203 526 36223 0 0 1 standing 
11 1134 396 1197 525 36224 0 0 1 standing 
11 1129 396 1192 524 36225 0 0 0 standing 
11 1123 396 1186 524 36226 0 0 1 standing 
11 1118 396 1181 524 36227 0 0 1 standing 
11 1112 396 1175 524 36228 0 0 1 standing 
11 1107 396 1170 524 36229 0 0 1 standing 
11 1102 396 1165 524 36230 0 0 1 standing 
11 1096 396 1159 524 36231 0 0 1 standing 
11 1091 396 1154 524 36232 0 0 1 standing 
11 1085 396 1148 524 36233 0 0 1 standing 
11 1080 396 1143 524 36234 0 0 1 standing 
