0 579 438 657 584 93480 0 1 0 standing 
0 583 433 661 581 93481 0 1 1 standing 
0 588 428 666 579 93482 0 1 1 standing 
0 593 423 670 576 93483 0 1 1 standing 
0 598 418 675 574 93484 0 1 1 standing 
0 603 413 680 572 93485 0 1 1 standing 
0 607 408 684 569 93486 0 1 1 standing 
0 612 403 689 567 93487 0 1 1 standing 
0 617 398 693 564 93488 0 1 1 standing 
0 622 393 698 562 93489 0 1 1 standing 
0 627 389 703 560 93490 0 1 0 standing 
0 633 385 706 554 93491 0 1 1 standing 
0 640 381 709 548 93492 0 1 1 standing 
0 646 377 713 543 93493 0 1 1 standing 
0 653 374 716 537 93494 0 1 1 standing 
0 660 370 720 532 93495 0 1 1 standing 
0 666 366 723 526 93496 0 1 1 standing 
0 673 363 726 520 93497 0 1 1 standing 
0 679 359 730 515 93498 0 1 1 standing 
0 686 355 733 509 93499 0 1 1 standing 
1 663 359 750 466 93480 0 1 0 standing 
1 670 359 756 466 93481 0 1 1 standing 
1 677 359 762 466 93482 0 1 1 standing 
1 685 360 768 466 93483 0 1 1 standing 
1 692 360 774 466 93484 0 1 1 standing 
1 700 361 781 466 93485 0 1 1 standing 
1 707 361 787 466 93486 0 1 1 standing 
1 714 361 793 466 93487 0 1 1 standing 
1 722 362 799 466 93488 0 1 1 standing 
1 729 362 805 466 93489 0 1 1 standing 
1 737 363 812 466 93490 0 1 0 standing 
1 737 363 811 466 93491 0 1 1 standing 
1 738 363 811 466 93492 0 1 1 standing 
1 739 363 811 466 93493 0 1 1 standing 
1 740 363 811 466 93494 0 1 1 standing 
1 741 363 811 466 93495 0 1 1 standing 
1 741 363 810 466 93496 0 1 1 standing 
1 742 363 810 466 93497 0 1 1 standing 
1 743 363 810 466 93498 0 1 1 standing 
1 744 363 810 466 93499 0 1 1 standing 
2 472 409 543 530 93480 0 1 0 standing 
2 482 404 553 528 93481 0 1 1 setting 
2 493 399 564 526 93482 0 1 1 setting 
2 504 394 575 525 93483 0 1 1 setting 
2 514 389 585 523 93484 0 1 1 setting 
2 525 384 596 522 93485 0 1 1 setting 
2 536 379 607 520 93486 0 1 1 setting 
2 546 374 617 518 93487 0 1 1 setting 
2 557 369 628 517 93488 0 1 1 setting 
2 568 364 639 515 93489 0 1 1 setting 
2 579 359 650 514 93490 0 1 0 setting 
2 587 363 659 515 93491 0 1 1 setting 
2 596 368 668 516 93492 0 1 1 setting 
2 605 373 677 518 93493 0 1 1 setting 
2 614 378 686 519 93494 0 1 1 setting 
2 623 383 696 521 93495 0 1 1 setting 
2 631 388 705 522 93496 0 1 1 setting 
2 640 393 714 523 93497 0 1 1 setting 
2 649 398 723 525 93498 0 1 1 setting 
2 658 403 732 526 93499 0 1 1 setting 
3 353 465 430 613 93480 0 0 0 setting 
3 364 464 441 612 93481 0 0 1 standing 
3 375 463 452 611 93482 0 0 1 standing 
3 387 462 464 610 93483 0 0 0 standing 
3 399 461 476 609 93484 0 0 1 standing 
3 411 461 488 609 93485 0 0 1 standing 
3 423 461 500 609 93486 0 0 0 standing 
3 435 463 508 607 93487 0 0 1 standing 
3 447 465 517 605 93488 0 0 1 standing 
3 460 467 526 603 93489 0 0 0 standing 
3 469 466 530 601 93490 0 0 1 standing 
3 479 465 534 599 93491 0 0 1 standing 
3 489 465 538 597 93492 0 0 0 standing 
3 499 468 550 600 93493 0 0 1 standing 
3 509 471 563 603 93494 0 0 1 standing 
3 519 475 576 606 93495 0 0 0 standing 
3 526 476 585 607 93496 0 0 1 standing 
3 533 477 594 608 93497 0 0 1 standing 
3 540 479 603 609 93498 0 0 1 standing 
3 547 480 612 610 93499 0 0 1 standing 
4 387 429 435 569 93480 0 0 0 standing 
4 399 427 447 568 93481 0 0 1 standing 
4 411 426 459 567 93482 0 0 1 standing 
4 423 425 472 566 93483 0 0 0 standing 
4 436 422 485 563 93484 0 0 1 standing 
4 449 419 498 560 93485 0 0 1 standing 
4 462 417 511 558 93486 0 0 0 standing 
4 469 418 521 555 93487 0 0 1 standing 
4 476 419 531 552 93488 0 0 1 standing 
4 484 421 541 549 93489 0 0 0 standing 
4 494 423 551 548 93490 0 0 1 standing 
4 505 426 562 547 93491 0 0 1 standing 
4 516 429 573 547 93492 0 0 0 standing 
4 524 430 582 547 93493 0 0 1 standing 
4 532 431 591 548 93494 0 0 1 standing 
4 541 433 600 549 93495 0 0 0 standing 
4 548 432 607 549 93496 0 0 1 standing 
4 556 432 614 549 93497 0 0 1 standing 
4 564 431 621 549 93498 0 0 1 standing 
4 572 431 628 549 93499 0 0 1 standing 
5 62 424 138 530 93480 0 0 0 standing 
5 73 425 149 526 93481 0 0 1 waiting 
5 84 426 160 523 93482 0 0 1 waiting 
5 96 428 171 520 93483 0 0 0 waiting 
5 108 427 183 519 93484 0 0 1 waiting 
5 120 427 195 519 93485 0 0 1 waiting 
5 133 427 208 519 93486 0 0 0 waiting 
5 144 426 219 518 93487 0 0 1 waiting 
5 156 425 231 518 93488 0 0 1 waiting 
5 168 425 243 518 93489 0 0 0 waiting 
5 180 423 252 516 93490 0 0 1 waiting 
5 192 422 262 514 93491 0 0 1 waiting 
5 205 421 272 513 93492 0 0 0 waiting 
5 217 422 281 514 93493 0 0 1 waiting 
5 229 423 290 516 93494 0 0 1 waiting 
5 241 424 299 518 93495 0 0 0 waiting 
5 248 423 306 517 93496 0 0 1 waiting 
5 256 422 314 516 93497 0 0 1 waiting 
5 264 422 322 516 93498 0 0 1 waiting 
5 272 421 330 515 93499 0 0 1 waiting 
6 367 408 431 520 93480 0 0 0 waiting 
6 380 406 444 518 93481 0 0 1 standing 
6 393 405 457 517 93482 0 0 1 standing 
6 406 404 470 516 93483 0 0 0 standing 
6 418 403 478 514 93484 0 0 1 standing 
6 431 402 486 513 93485 0 0 1 standing 
6 444 401 494 512 93486 0 0 0 standing 
6 456 400 506 511 93487 0 0 1 standing 
6 469 399 519 510 93488 0 0 1 standing 
6 482 398 532 509 93489 0 0 0 standing 
6 492 394 542 505 93490 0 0 1 standing 
6 502 391 552 502 93491 0 0 1 standing 
6 513 388 563 499 93492 0 0 0 standing 
6 514 386 570 497 93493 0 0 1 standing 
6 516 385 578 495 93494 0 0 1 standing 
6 518 384 586 494 93495 0 0 0 standing 
6 526 382 594 492 93496 0 0 1 standing 
6 535 380 602 490 93497 0 0 1 standing 
6 543 379 611 489 93498 0 0 1 standing 
6 552 377 619 487 93499 0 0 1 standing 
7 838 445 921 556 93480 0 0 0 standing 
7 841 444 932 556 93481 0 0 1 moving 
7 844 443 943 556 93482 0 0 1 moving 
7 848 443 955 557 93483 0 0 0 moving 
7 854 443 958 558 93484 0 0 1 moving 
7 860 443 961 559 93485 0 0 1 moving 
7 866 443 965 560 93486 0 0 0 moving 
7 871 443 961 560 93487 0 0 1 moving 
7 877 443 958 560 93488 0 0 1 moving 
7 883 444 955 560 93489 0 0 0 moving 
7 885 443 958 561 93490 0 0 1 moving 
7 887 442 961 562 93491 0 0 1 moving 
7 890 441 965 564 93492 0 0 0 moving 
7 883 439 967 564 93493 0 0 1 moving 
7 876 438 970 564 93494 0 0 1 moving 
7 869 437 973 564 93495 0 0 0 moving 
7 874 437 966 565 93496 0 0 1 moving 
7 880 438 959 566 93497 0 0 1 moving 
7 885 439 953 567 93498 0 0 1 moving 
7 891 440 946 568 93499 0 0 1 moving 
8 890 416 972 520 93480 0 0 0 moving 
8 895 415 976 521 93481 0 0 1 moving 
8 900 415 980 522 93482 0 0 1 moving 
8 906 415 985 523 93483 0 0 0 moving 
8 917 414 990 523 93484 0 0 1 moving 
8 928 413 995 523 93485 0 0 1 moving 
8 939 413 1000 523 93486 0 0 0 moving 
8 942 412 1010 523 93487 0 0 1 moving 
8 945 412 1021 524 93488 0 0 1 moving 
8 949 412 1032 525 93489 0 0 0 moving 
8 955 413 1033 525 93490 0 0 1 moving 
8 961 414 1034 526 93491 0 0 1 moving 
8 968 416 1035 527 93492 0 0 0 moving 
8 971 416 1034 528 93493 0 0 1 moving 
8 974 416 1033 530 93494 0 0 1 moving 
8 978 416 1032 532 93495 0 0 0 moving 
8 978 416 1035 532 93496 0 0 1 moving 
8 979 416 1038 532 93497 0 0 1 moving 
8 980 416 1041 532 93498 0 0 1 moving 
8 981 416 1044 532 93499 0 0 1 moving 
9 30 501 105 638 93480 0 0 0 moving 
9 43 502 120 638 93481 0 0 1 standing 
9 56 503 136 638 93482 0 0 1 standing 
9 69 505 152 639 93483 0 0 0 standing 
9 83 505 166 636 93484 0 0 1 standing 
9 98 506 180 634 93485 0 0 1 standing 
9 113 507 195 632 93486 0 0 0 standing 
9 124 506 208 631 93487 0 0 1 standing 
9 136 506 222 631 93488 0 0 1 standing 
9 148 506 236 631 93489 0 0 0 standing 
9 159 505 247 630 93490 0 0 1 standing 
9 170 505 258 630 93491 0 0 1 standing 
9 182 505 270 630 93492 0 0 0 standing 
9 191 504 278 630 93493 0 0 1 standing 
9 201 504 286 630 93494 0 0 1 standing 
9 211 504 295 630 93495 0 0 0 standing 
9 221 502 303 629 93496 0 0 1 standing 
9 231 501 311 628 93497 0 0 1 standing 
9 242 499 320 627 93498 0 0 1 standing 
9 252 498 328 626 93499 0 0 1 standing 
10 793 524 861 655 93480 0 0 0 standing 
10 789 524 873 655 93481 0 0 1 standing 
10 786 524 886 656 93482 0 0 1 standing 
10 783 525 899 657 93483 0 0 0 standing 
10 787 526 896 658 93484 0 0 1 standing 
10 791 528 893 659 93485 0 0 1 standing 
10 795 530 890 660 93486 0 0 0 standing 
10 798 529 888 660 93487 0 0 1 standing 
10 801 529 886 660 93488 0 0 1 standing 
10 805 529 884 660 93489 0 0 0 standing 
10 789 527 883 660 93490 0 0 1 standing 
10 773 525 883 661 93491 0 0 1 standing 
10 758 523 883 662 93492 0 0 0 standing 
10 761 523 876 658 93493 0 0 1 standing 
10 764 523 870 655 93494 0 0 1 standing 
10 767 524 864 652 93495 0 0 0 standing 
10 763 522 857 652 93496 0 0 1 standing 
10 760 521 851 652 93497 0 0 1 standing 
10 756 519 844 653 93498 0 0 1 standing 
10 753 518 838 653 93499 0 0 1 standing 
11 0 463 32 583 93480 1 0 1 standing 
11 0 463 32 583 93481 1 0 1 waiting 
11 0 463 32 583 93482 1 0 1 waiting 
11 0 463 32 583 93483 0 0 0 waiting 
11 0 463 44 583 93484 0 0 1 waiting 
11 0 463 57 583 93485 0 0 1 waiting 
11 0 463 70 583 93486 0 0 0 waiting 
11 13 463 81 580 93487 0 0 1 waiting 
11 26 463 93 577 93488 0 0 1 waiting 
11 39 464 105 575 93489 0 0 0 waiting 
11 50 463 116 574 93490 0 0 1 waiting 
11 62 462 127 573 93491 0 0 1 waiting 
11 74 462 138 573 93492 0 0 0 waiting 
11 83 462 147 573 93493 0 0 1 waiting 
11 92 462 156 573 93494 0 0 1 waiting 
11 102 462 166 573 93495 0 0 0 waiting 
11 110 460 174 571 93496 0 0 1 waiting 
11 118 458 183 569 93497 0 0 1 waiting 
11 126 457 191 568 93498 0 0 1 waiting 
11 134 455 200 566 93499 0 0 1 waiting 
