0 612 443 663 590 51875 0 0 0 standing 
0 606 442 658 589 51876 0 0 1 standing 
0 601 442 653 589 51877 0 0 1 standing 
0 596 442 648 589 51878 0 0 1 standing 
0 591 442 643 589 51879 0 0 1 standing 
0 586 442 638 589 51880 0 0 1 standing 
0 580 441 633 588 51881 0 0 1 standing 
0 575 441 628 588 51882 0 0 1 standing 
0 570 441 623 588 51883 0 0 1 standing 
0 565 441 618 588 51884 0 0 1 standing 
0 560 441 613 588 51885 0 0 0 standing 
0 554 439 607 586 51886 0 0 1 standing 
0 548 438 601 585 51887 0 0 1 standing 
0 543 437 596 584 51888 0 0 1 standing 
0 537 436 590 583 51889 0 0 1 standing 
0 532 435 585 582 51890 0 0 1 standing 
0 526 433 579 580 51891 0 0 1 standing 
0 520 432 573 579 51892 0 0 1 standing 
0 515 431 568 578 51893 0 0 1 standing 
0 509 430 562 577 51894 0 0 1 standing 
1 568 411 620 540 51875 0 0 0 standing 
1 562 411 614 540 51876 0 0 1 standing 
1 557 412 609 541 51877 0 0 1 standing 
1 551 412 603 542 51878 0 0 1 standing 
1 546 413 598 542 51879 0 0 1 standing 
1 541 414 593 543 51880 0 0 1 standing 
1 535 414 587 544 51881 0 0 1 standing 
1 530 415 582 544 51882 0 0 1 standing 
1 524 415 576 545 51883 0 0 1 standing 
1 519 416 571 546 51884 0 0 1 standing 
1 514 417 566 547 51885 0 0 0 standing 
1 509 417 561 547 51886 0 0 1 standing 
1 505 417 557 547 51887 0 0 1 standing 
1 500 417 552 547 51888 0 0 1 standing 
1 496 417 548 547 51889 0 0 1 standing 
1 491 417 543 547 51890 0 0 1 standing 
1 487 417 539 547 51891 0 0 1 standing 
1 482 417 534 547 51892 0 0 1 standing 
1 478 417 530 547 51893 0 0 1 standing 
1 473 417 525 547 51894 0 0 1 standing 
2 639 381 683 465 51875 0 0 0 standing 
2 635 379 679 466 51876 0 0 1 standing 
2 631 378 676 467 51877 0 0 1 standing 
2 628 376 672 469 51878 0 0 1 standing 
2 624 375 669 470 51879 0 0 1 standing 
2 621 374 666 472 51880 0 0 1 standing 
2 617 372 662 473 51881 0 0 1 standing 
2 613 371 659 474 51882 0 0 1 standing 
2 610 369 655 476 51883 0 0 1 standing 
2 606 368 652 477 51884 0 0 1 standing 
2 603 367 649 479 51885 0 0 0 standing 
2 599 367 644 480 51886 0 0 1 standing 
2 595 367 639 481 51887 0 0 1 standing 
2 591 367 634 482 51888 0 0 1 standing 
2 587 367 629 483 51889 0 0 1 standing 
2 584 367 624 484 51890 0 0 1 standing 
2 580 367 619 485 51891 0 0 1 standing 
2 576 367 614 486 51892 0 0 1 standing 
2 572 367 609 487 51893 0 0 1 standing 
2 568 367 604 488 51894 0 0 1 standing 
3 861 447 918 581 51875 0 0 0 standing 
3 855 446 912 580 51876 0 0 1 standing 
3 850 446 907 580 51877 0 0 1 standing 
3 844 446 902 580 51878 0 0 1 standing 
3 839 446 896 580 51879 0 0 1 standing 
3 833 446 891 580 51880 0 0 1 standing 
3 828 445 886 579 51881 0 0 1 standing 
3 822 445 880 579 51882 0 0 1 standing 
3 817 445 875 579 51883 0 0 1 standing 
3 811 445 870 579 51884 0 0 1 standing 
3 806 445 865 579 51885 0 0 0 standing 
3 801 443 858 577 51886 0 0 1 standing 
3 796 442 852 576 51887 0 0 1 standing 
3 791 441 845 574 51888 0 0 1 standing 
3 786 440 839 573 51889 0 0 1 standing 
3 781 439 833 572 51890 0 0 1 standing 
3 776 438 826 570 51891 0 0 1 standing 
3 771 437 820 569 51892 0 0 1 standing 
3 766 436 813 567 51893 0 0 1 standing 
3 761 435 807 566 51894 0 0 1 standing 
4 960 368 1010 487 51875 0 0 0 standing 
4 955 367 1004 486 51876 0 0 1 standing 
4 951 367 999 486 51877 0 0 1 standing 
4 946 367 994 486 51878 0 0 1 standing 
4 942 367 989 486 51879 0 0 1 standing 
4 937 367 984 486 51880 0 0 1 standing 
4 933 367 978 485 51881 0 0 1 standing 
4 928 367 973 485 51882 0 0 1 standing 
4 924 367 968 485 51883 0 0 1 standing 
4 919 367 963 485 51884 0 0 1 standing 
4 915 367 958 485 51885 0 0 0 standing 
4 908 367 953 486 51886 0 0 1 standing 
4 902 368 948 487 51887 0 0 1 standing 
4 895 369 943 488 51888 0 0 1 standing 
4 889 369 938 490 51889 0 0 1 standing 
4 883 370 933 491 51890 0 0 1 standing 
4 876 371 928 492 51891 0 0 1 standing 
4 870 371 923 494 51892 0 0 1 standing 
4 863 372 918 495 51893 0 0 1 standing 
4 857 373 913 496 51894 0 0 1 standing 
5 980 345 1041 456 51875 0 0 0 standing 
5 973 342 1032 454 51876 0 0 1 standing 
5 966 340 1024 452 51877 0 0 1 standing 
5 959 338 1016 450 51878 0 0 1 standing 
5 952 336 1008 448 51879 0 0 1 standing 
5 946 334 1000 446 51880 0 0 1 standing 
5 939 331 992 444 51881 0 0 1 standing 
5 932 329 984 442 51882 0 0 1 standing 
5 925 327 976 440 51883 0 0 1 standing 
5 918 325 968 438 51884 0 0 1 standing 
5 912 323 960 436 51885 0 0 0 standing 
5 904 322 952 435 51886 0 0 1 standing 
5 896 321 944 434 51887 0 0 1 standing 
5 888 321 936 434 51888 0 0 1 standing 
5 880 320 928 433 51889 0 0 1 standing 
5 872 320 920 433 51890 0 0 1 standing 
5 864 319 912 432 51891 0 0 1 standing 
5 856 318 904 431 51892 0 0 1 standing 
5 848 318 896 431 51893 0 0 1 standing 
5 840 317 888 430 51894 0 0 1 standing 
6 1120 479 1175 617 51875 0 1 0 standing 
6 1117 477 1172 615 51876 0 1 1 standing 
6 1115 476 1170 614 51877 0 1 1 standing 
6 1113 474 1168 612 51878 0 1 1 standing 
6 1111 473 1165 611 51879 0 1 1 standing 
6 1109 472 1163 609 51880 0 1 1 standing 
6 1106 470 1161 608 51881 0 1 1 standing 
6 1104 469 1158 606 51882 0 1 1 standing 
6 1102 467 1156 605 51883 0 1 1 standing 
6 1100 466 1154 603 51884 0 1 1 standing 
6 1098 465 1152 602 51885 0 1 0 standing 
6 1096 464 1150 601 51886 0 1 1 standing 
6 1095 463 1149 600 51887 0 1 1 standing 
6 1093 462 1147 599 51888 0 1 1 standing 
6 1092 461 1146 598 51889 0 1 1 standing 
6 1091 460 1145 597 51890 0 1 1 standing 
6 1089 459 1143 596 51891 0 1 1 standing 
6 1088 458 1142 595 51892 0 1 1 standing 
6 1086 457 1140 594 51893 0 1 1 standing 
6 1085 456 1139 593 51894 0 1 1 standing 
7 1101 423 1155 564 51875 0 1 0 standing 
7 1098 422 1150 563 51876 0 1 1 standing 
7 1095 422 1146 563 51877 0 1 1 standing 
7 1092 421 1142 563 51878 0 1 1 standing 
7 1089 421 1137 563 51879 0 1 1 standing 
7 1086 421 1133 563 51880 0 1 1 standing 
7 1083 420 1129 562 51881 0 1 1 standing 
7 1080 420 1124 562 51882 0 1 1 standing 
7 1077 419 1120 562 51883 0 1 1 standing 
7 1074 419 1116 562 51884 0 1 1 standing 
7 1071 419 1112 562 51885 0 1 0 standing 
7 1067 417 1108 560 51886 0 1 1 standing 
7 1064 415 1105 558 51887 0 1 1 standing 
7 1060 413 1101 556 51888 0 1 1 standing 
7 1057 412 1098 554 51889 0 1 1 standing 
7 1053 410 1094 553 51890 0 1 1 standing 
7 1050 408 1091 551 51891 0 1 1 standing 
7 1046 407 1087 549 51892 0 1 1 standing 
7 1043 405 1084 547 51893 0 1 1 standing 
7 1039 403 1080 545 51894 0 1 1 standing 
8 1076 397 1127 500 51875 0 1 0 standing 
8 1072 397 1123 502 51876 0 1 1 standing 
8 1068 397 1119 504 51877 0 1 1 standing 
8 1064 398 1115 506 51878 0 1 1 standing 
8 1060 398 1111 508 51879 0 1 1 standing 
8 1056 399 1107 511 51880 0 1 1 standing 
8 1052 399 1103 513 51881 0 1 1 standing 
8 1048 399 1099 515 51882 0 1 1 standing 
8 1044 400 1095 517 51883 0 1 1 standing 
8 1040 400 1091 519 51884 0 1 1 standing 
8 1037 401 1088 522 51885 0 1 0 standing 
8 1034 400 1085 522 51886 0 1 1 standing 
8 1031 399 1082 523 51887 0 1 1 standing 
8 1028 399 1079 523 51888 0 1 1 standing 
8 1025 398 1076 524 51889 0 1 1 standing 
8 1022 398 1073 524 51890 0 1 1 standing 
8 1019 397 1070 525 51891 0 1 1 standing 
8 1016 396 1067 525 51892 0 1 1 standing 
8 1013 396 1064 526 51893 0 1 1 standing 
8 1010 395 1061 526 51894 0 1 1 standing 
9 1228 422 1269 561 51875 0 1 0 standing 
9 1223 421 1265 560 51876 0 1 1 standing 
9 1219 421 1261 560 51877 0 1 1 standing 
9 1215 421 1257 560 51878 0 1 1 standing 
9 1210 421 1254 560 51879 0 1 1 standing 
9 1206 421 1250 560 51880 0 1 1 standing 
9 1202 421 1246 559 51881 0 1 1 standing 
9 1197 421 1243 559 51882 0 1 1 standing 
9 1193 421 1239 559 51883 0 1 1 standing 
9 1189 421 1235 559 51884 0 1 1 standing 
9 1185 421 1232 559 51885 0 1 0 standing 
9 1179 420 1226 558 51886 0 1 1 standing 
9 1174 419 1221 557 51887 0 1 1 standing 
9 1169 419 1216 557 51888 0 1 1 standing 
9 1164 418 1211 556 51889 0 1 1 standing 
9 1159 418 1206 556 51890 0 1 1 standing 
9 1154 417 1201 555 51891 0 1 1 standing 
9 1149 416 1196 554 51892 0 1 1 standing 
9 1144 416 1191 554 51893 0 1 1 standing 
9 1139 415 1186 553 51894 0 1 1 standing 
10 1190 410 1242 535 51875 0 1 0 standing 
10 1185 409 1237 534 51876 0 1 1 standing 
10 1181 408 1233 533 51877 0 1 1 standing 
10 1177 408 1229 533 51878 0 1 1 standing 
10 1173 407 1225 532 51879 0 1 1 standing 
10 1169 407 1221 532 51880 0 1 1 standing 
10 1165 406 1217 531 51881 0 1 1 standing 
10 1161 405 1213 530 51882 0 1 1 standing 
10 1157 405 1209 530 51883 0 1 1 standing 
10 1153 404 1205 529 51884 0 1 1 standing 
10 1149 404 1201 529 51885 0 1 0 standing 
10 1145 403 1197 528 51886 0 1 1 standing 
10 1141 403 1193 528 51887 0 1 1 standing 
10 1137 403 1189 528 51888 0 1 1 standing 
10 1133 402 1185 528 51889 0 1 1 standing 
10 1129 402 1181 528 51890 0 1 1 standing 
10 1125 402 1177 527 51891 0 1 1 standing 
10 1121 401 1173 527 51892 0 1 1 standing 
10 1117 401 1169 527 51893 0 1 1 standing 
10 1113 401 1165 527 51894 0 1 1 standing 
11 1228 459 1278 588 51875 1 0 1 standing 
11 1228 459 1278 588 51876 1 0 1 standing 
11 1228 459 1278 588 51877 1 0 1 standing 
11 1228 459 1278 588 51878 1 0 1 standing 
11 1228 459 1278 588 51879 0 1 0 standing 
11 1228 459 1278 588 51880 0 1 1 standing 
11 1228 459 1278 588 51881 0 1 1 standing 
11 1228 459 1278 588 51882 0 1 1 standing 
11 1228 459 1278 588 51883 0 1 1 standing 
11 1228 459 1278 588 51884 0 1 1 standing 
11 1228 459 1278 588 51885 0 1 0 standing 
11 1223 457 1273 587 51886 0 1 1 standing 
11 1218 456 1268 587 51887 0 1 1 standing 
11 1213 454 1263 586 51888 0 1 1 standing 
11 1208 453 1258 586 51889 0 1 1 standing 
11 1204 451 1253 586 51890 0 1 1 standing 
11 1199 450 1248 585 51891 0 1 1 standing 
11 1194 448 1243 585 51892 0 1 1 standing 
11 1189 447 1238 584 51893 0 1 1 standing 
11 1184 445 1233 584 51894 0 1 1 standing 
