0 861 405 945 564 60560 0 1 0 setting 
0 862 401 946 560 60561 0 1 1 setting 
0 864 397 947 556 60562 0 1 1 setting 
0 865 393 948 552 60563 0 1 1 setting 
0 867 389 949 548 60564 0 1 1 setting 
0 868 385 950 544 60565 0 1 1 setting 
0 870 381 951 540 60566 0 1 1 setting 
0 872 378 952 537 60567 0 1 0 setting 
0 873 383 953 531 60568 0 1 1 setting 
0 875 389 955 525 60569 0 1 1 setting 
0 877 395 957 519 60570 0 1 0 setting 
0 883 399 963 524 60571 0 1 1 setting 
0 889 404 970 530 60572 0 1 1 setting 
0 895 409 977 536 60573 0 1 1 setting 
0 902 414 983 542 60574 0 1 1 setting 
0 908 419 990 548 60575 0 1 1 setting 
0 914 424 997 554 60576 0 1 1 setting 
0 921 429 1004 560 60577 0 1 0 setting 
0 906 439 984 572 60578 0 1 1 setting 
0 891 450 964 584 60579 0 1 1 setting 
1 755 368 843 496 60560 0 1 0 setting 
1 763 373 848 501 60561 0 1 1 jumping 
1 771 379 853 506 60562 0 1 1 jumping 
1 779 384 858 512 60563 0 1 1 jumping 
1 787 390 863 517 60564 0 1 1 jumping 
1 795 395 868 523 60565 0 1 1 jumping 
1 803 401 873 528 60566 0 1 1 jumping 
1 812 407 878 534 60567 0 1 0 jumping 
1 820 416 882 543 60568 0 1 1 jumping 
1 828 425 887 552 60569 0 1 1 jumping 
1 837 434 892 561 60570 0 1 0 jumping 
1 844 435 902 562 60571 0 1 1 jumping 
1 851 437 912 564 60572 0 1 1 jumping 
1 859 438 922 565 60573 0 1 1 jumping 
1 866 440 932 567 60574 0 1 1 jumping 
1 874 441 942 568 60575 0 1 1 jumping 
1 881 443 952 570 60576 0 1 1 jumping 
1 889 445 962 572 60577 0 1 0 jumping 
1 885 444 950 571 60578 0 1 1 jumping 
1 881 443 938 570 60579 0 1 1 jumping 
2 1126 493 1205 630 60560 0 0 0 jumping 
2 1132 491 1204 630 60561 0 0 1 standing 
2 1139 490 1203 630 60562 0 0 1 standing 
2 1146 489 1202 630 60563 0 0 0 standing 
2 1150 488 1205 628 60564 0 0 1 standing 
2 1154 487 1208 626 60565 0 0 1 standing 
2 1159 487 1211 625 60566 0 0 0 standing 
2 1167 486 1221 624 60567 0 0 1 standing 
2 1175 486 1232 623 60568 0 0 1 standing 
2 1183 486 1243 623 60569 0 0 0 standing 
2 1195 485 1252 624 60570 0 0 1 standing 
2 1207 485 1261 626 60571 0 0 1 standing 
2 1220 485 1270 628 60572 0 0 0 standing 
2 1232 485 1272 628 60573 0 0 1 standing 
2 1244 486 1274 629 60574 0 0 1 standing 
2 1256 487 1277 630 60575 0 0 0 standing 
2 1255 487 1277 630 60576 0 0 1 standing 
2 1254 487 1277 630 60577 0 0 1 standing 
2 1253 487 1277 630 60578 0 0 1 standing 
2 1252 487 1277 630 60579 0 0 1 standing 
3 757 423 830 550 60560 0 0 0 standing 
3 767 421 845 548 60561 0 0 1 jumping 
3 778 420 861 546 60562 0 0 1 jumping 
3 789 419 877 545 60563 0 0 0 jumping 
3 806 419 890 545 60564 0 0 1 jumping 
3 823 420 904 545 60565 0 0 1 jumping 
3 841 421 918 546 60566 0 0 0 jumping 
3 862 415 933 540 60567 0 0 1 jumping 
3 883 410 949 534 60568 0 0 1 jumping 
3 904 405 965 529 60569 0 0 0 jumping 
3 925 405 982 535 60570 0 0 1 jumping 
3 946 406 1000 541 60571 0 0 1 jumping 
3 968 407 1018 547 60572 0 0 0 jumping 
3 986 409 1043 546 60573 0 0 1 jumping 
3 1005 412 1068 545 60574 0 0 1 jumping 
3 1024 415 1093 545 60575 0 0 0 jumping 
3 1038 417 1110 546 60576 0 0 1 jumping 
3 1052 419 1127 547 60577 0 0 1 jumping 
3 1066 421 1145 549 60578 0 0 0 jumping 
3 1065 421 1144 548 60579 0 0 1 jumping 
4 624 469 674 628 60560 0 0 0 jumping 
4 632 455 686 618 60561 0 0 1 blocking 
4 640 442 698 609 60562 0 0 1 blocking 
4 648 429 710 600 60563 0 0 0 blocking 
4 655 425 717 597 60564 0 0 1 blocking 
4 662 421 724 595 60565 0 0 1 blocking 
4 669 417 731 593 60566 0 0 0 blocking 
4 684 409 745 588 60567 0 0 1 blocking 
4 699 401 760 584 60568 0 0 1 blocking 
4 714 393 775 580 60569 0 0 0 blocking 
4 725 391 787 578 60570 0 0 1 blocking 
4 737 390 799 577 60571 0 0 1 blocking 
4 749 389 811 576 60572 0 0 0 blocking 
4 763 399 823 573 60573 0 0 1 blocking 
4 777 409 835 570 60574 0 0 1 blocking 
4 791 420 848 567 60575 0 0 0 blocking 
4 797 427 853 573 60576 0 0 1 blocking 
4 803 434 858 579 60577 0 0 1 blocking 
4 810 441 864 585 60578 0 0 0 blocking 
4 809 441 862 585 60579 0 0 1 blocking 
5 319 516 387 632 60560 0 0 0 blocking 
5 328 515 395 631 60561 0 0 1 waiting 
5 337 514 404 630 60562 0 0 1 waiting 
5 347 514 413 629 60563 0 0 0 waiting 
5 356 513 422 628 60564 0 0 1 waiting 
5 365 512 431 627 60565 0 0 1 waiting 
5 375 512 441 627 60566 0 0 0 waiting 
5 388 510 449 628 60567 0 0 1 waiting 
5 401 508 458 629 60568 0 0 1 waiting 
5 414 507 467 630 60569 0 0 0 waiting 
5 427 507 482 630 60570 0 0 1 waiting 
5 440 507 497 630 60571 0 0 1 waiting 
5 453 508 513 630 60572 0 0 0 waiting 
5 466 507 526 629 60573 0 0 1 waiting 
5 479 506 539 629 60574 0 0 1 waiting 
5 493 506 553 629 60575 0 0 0 waiting 
5 496 504 562 627 60576 0 0 1 waiting 
5 499 502 572 625 60577 0 0 1 waiting 
5 503 501 582 624 60578 0 0 0 waiting 
5 501 500 580 624 60579 0 0 1 waiting 
6 755 365 846 507 60560 0 0 0 waiting 
6 761 363 852 505 60561 0 0 1 setting 
6 767 361 858 503 60562 0 0 1 setting 
6 773 360 864 502 60563 0 0 0 setting 
6 784 357 867 493 60564 0 0 1 setting 
6 796 354 870 484 60565 0 0 1 setting 
6 808 351 874 476 60566 0 0 0 setting 
6 816 355 880 476 60567 0 0 1 setting 
6 824 360 887 476 60568 0 0 1 setting 
6 833 365 894 477 60569 0 0 0 setting 
6 845 367 908 479 60570 0 0 1 setting 
6 857 369 922 481 60571 0 0 1 setting 
6 870 372 936 483 60572 0 0 0 setting 
6 876 371 941 484 60573 0 0 1 setting 
6 882 370 947 486 60574 0 0 1 setting 
6 888 370 952 487 60575 0 0 1 setting 
6 894 369 958 489 60576 0 0 1 setting 
6 900 368 963 490 60577 0 0 1 setting 
6 906 368 969 492 60578 0 0 1 setting 
6 912 367 974 493 60579 0 0 1 setting 
7 651 369 690 563 60560 0 0 0 setting 
7 661 369 698 561 60561 0 0 1 setting 
7 671 369 706 559 60562 0 0 1 setting 
7 682 369 715 557 60563 0 0 0 setting 
7 692 369 725 557 60564 0 0 1 setting 
7 702 370 735 558 60565 0 0 1 setting 
7 712 371 745 559 60566 0 0 0 setting 
7 725 372 758 561 60567 0 0 1 setting 
7 738 373 771 563 60568 0 0 1 setting 
7 752 375 785 565 60569 0 0 0 setting 
7 762 380 799 564 60570 0 0 1 setting 
7 773 385 814 563 60571 0 0 1 setting 
7 784 390 829 563 60572 0 0 0 setting 
7 799 393 844 566 60573 0 0 1 setting 
7 814 397 860 570 60574 0 0 1 setting 
7 830 401 876 574 60575 0 0 0 setting 
7 831 398 877 575 60576 0 0 1 setting 
7 832 396 878 576 60577 0 0 1 setting 
7 834 394 880 577 60578 0 0 0 setting 
7 833 393 879 577 60579 0 0 1 setting 
8 803 514 890 652 60560 0 0 0 setting 
8 812 511 896 651 60561 0 0 1 jumping 
8 821 509 902 651 60562 0 0 1 jumping 
8 830 507 908 651 60563 0 0 0 jumping 
8 837 500 909 649 60564 0 0 1 jumping 
8 845 493 910 647 60565 0 0 1 jumping 
8 853 486 911 645 60566 0 0 0 jumping 
8 858 482 921 641 60567 0 0 1 jumping 
8 863 478 931 637 60568 0 0 1 jumping 
8 869 475 941 633 60569 0 0 0 jumping 
8 877 474 951 632 60570 0 0 1 jumping 
8 885 473 962 631 60571 0 0 1 jumping 
8 894 472 973 630 60572 0 0 0 jumping 
8 903 474 985 632 60573 0 0 1 jumping 
8 912 476 997 634 60574 0 0 1 jumping 
8 921 479 1010 636 60575 0 0 0 jumping 
8 920 483 1008 638 60576 0 0 1 jumping 
8 920 487 1006 641 60577 0 0 1 jumping 
8 919 491 1005 644 60578 0 0 1 jumping 
8 919 495 1003 647 60579 0 0 1 jumping 
9 597 400 685 547 60560 0 0 0 jumping 
9 614 397 689 534 60561 0 0 1 standing 
9 631 395 693 521 60562 0 0 1 standing 
9 648 393 698 508 60563 0 0 0 standing 
9 653 393 703 508 60564 0 0 1 standing 
9 659 394 708 509 60565 0 0 1 standing 
9 665 395 714 510 60566 0 0 0 standing 
9 665 395 724 509 60567 0 0 1 standing 
9 666 395 735 508 60568 0 0 1 standing 
9 667 395 746 508 60569 0 0 0 standing 
9 675 394 754 507 60570 0 0 1 standing 
9 683 393 762 506 60571 0 0 1 standing 
9 692 392 771 505 60572 0 0 0 standing 
9 704 392 776 505 60573 0 0 1 standing 
9 716 392 782 506 60574 0 0 1 standing 
9 729 393 788 507 60575 0 0 0 standing 
9 728 392 790 506 60576 0 0 1 standing 
9 727 392 792 506 60577 0 0 1 standing 
9 726 392 794 506 60578 0 0 0 standing 
9 723 392 792 506 60579 0 0 1 standing 
10 335 417 405 529 60560 0 0 0 standing 
10 344 414 416 527 60561 0 0 1 standing 
10 353 412 428 526 60562 0 0 1 standing 
10 363 410 440 525 60563 0 0 0 standing 
10 380 408 453 522 60564 0 0 1 standing 
10 398 406 466 519 60565 0 0 1 standing 
10 416 405 480 516 60566 0 0 0 standing 
10 430 406 499 517 60567 0 0 1 standing 
10 445 408 519 519 60568 0 0 1 standing 
10 460 410 539 521 60569 0 0 0 standing 
10 474 410 554 520 60570 0 0 1 standing 
10 488 410 569 520 60571 0 0 1 standing 
10 503 410 584 520 60572 0 0 0 standing 
10 517 410 598 520 60573 0 0 1 standing 
10 531 410 612 520 60574 0 0 1 standing 
10 545 410 626 520 60575 0 0 0 standing 
10 550 410 630 519 60576 0 0 1 standing 
10 556 411 635 518 60577 0 0 1 standing 
10 562 412 640 518 60578 0 0 0 standing 
10 560 412 639 518 60579 0 0 1 standing 
11 227 451 284 566 60560 0 0 0 standing 
11 235 452 293 566 60561 0 0 1 waiting 
11 243 453 303 566 60562 0 0 1 waiting 
11 252 454 313 567 60563 0 0 0 waiting 
11 260 454 321 566 60564 0 0 1 waiting 
11 269 454 330 565 60565 0 0 1 waiting 
11 278 454 339 565 60566 0 0 0 waiting 
11 290 454 347 565 60567 0 0 1 waiting 
11 302 454 356 565 60568 0 0 1 waiting 
11 314 454 365 566 60569 0 0 0 waiting 
11 328 458 379 570 60570 0 0 1 waiting 
11 342 462 393 574 60571 0 0 1 waiting 
11 356 466 407 578 60572 0 0 0 waiting 
11 368 467 422 578 60573 0 0 1 waiting 
11 381 468 437 579 60574 0 0 1 waiting 
11 394 469 453 580 60575 0 0 0 waiting 
11 399 469 464 579 60576 0 0 1 waiting 
11 405 470 475 578 60577 0 0 1 waiting 
11 411 471 486 578 60578 0 0 0 waiting 
11 410 471 484 577 60579 0 0 1 waiting 
