0 845 349 915 461 48570 0 1 0 spiking 
0 838 344 907 460 48571 0 1 1 spiking 
0 831 340 899 460 48572 0 1 1 spiking 
0 824 335 892 460 48573 0 1 1 spiking 
0 817 331 884 459 48574 0 1 1 spiking 
0 810 326 876 459 48575 0 1 1 spiking 
0 803 322 869 459 48576 0 1 0 spiking 
0 796 328 862 458 48577 0 1 1 spiking 
0 789 334 855 458 48578 0 1 1 spiking 
0 782 340 848 457 48579 0 1 1 spiking 
0 776 346 841 457 48580 0 1 0 spiking 
0 771 346 835 457 48581 0 1 1 spiking 
0 767 346 830 457 48582 0 1 1 spiking 
0 763 347 824 457 48583 0 1 1 spiking 
0 759 347 819 458 48584 0 1 1 spiking 
0 755 348 813 458 48585 0 1 1 spiking 
0 751 348 808 458 48586 0 1 1 spiking 
0 747 348 802 459 48587 0 1 1 spiking 
0 743 349 797 459 48588 0 1 1 spiking 
0 739 349 791 459 48589 0 1 1 spiking 
1 76 381 127 495 48570 0 0 0 spiking 
1 71 381 121 496 48571 0 0 1 standing 
1 66 382 115 498 48572 0 0 1 standing 
1 61 383 110 500 48573 0 0 0 standing 
1 57 382 106 498 48574 0 0 1 standing 
1 53 381 102 497 48575 0 0 1 standing 
1 49 380 98 496 48576 0 0 0 standing 
1 47 380 96 496 48577 0 0 1 standing 
1 45 380 94 496 48578 0 0 1 standing 
1 43 381 92 497 48579 0 0 0 standing 
1 41 380 90 496 48580 0 0 1 standing 
1 40 380 88 495 48581 0 0 1 standing 
1 39 380 86 495 48582 0 0 0 standing 
1 37 379 84 497 48583 0 0 1 standing 
1 35 378 82 499 48584 0 0 1 standing 
1 34 378 81 501 48585 0 0 0 standing 
1 32 377 83 500 48586 0 0 1 standing 
1 30 377 85 499 48587 0 0 1 standing 
1 28 377 87 498 48588 0 0 0 standing 
1 26 377 85 501 48589 0 0 1 standing 
2 272 366 319 480 48570 0 0 0 standing 
2 267 366 314 480 48571 0 0 1 standing 
2 263 366 310 481 48572 0 0 1 standing 
2 259 366 306 482 48573 0 0 0 standing 
2 255 362 303 478 48574 0 0 1 standing 
2 251 359 301 475 48575 0 0 1 standing 
2 247 356 299 472 48576 0 0 0 standing 
2 243 354 295 472 48577 0 0 1 standing 
2 239 353 291 472 48578 0 0 1 standing 
2 236 352 287 472 48579 0 0 0 standing 
2 232 350 283 471 48580 0 0 1 standing 
2 229 349 279 470 48581 0 0 1 standing 
2 226 348 276 470 48582 0 0 0 standing 
2 223 348 275 469 48583 0 0 1 standing 
2 221 348 275 468 48584 0 0 1 standing 
2 219 348 275 468 48585 0 0 0 standing 
2 217 347 273 467 48586 0 0 1 standing 
2 216 346 272 466 48587 0 0 1 standing 
2 215 346 271 466 48588 0 0 0 standing 
2 212 346 265 466 48589 0 0 1 standing 
3 319 420 393 564 48570 0 0 0 standing 
3 321 421 395 563 48571 0 0 1 standing 
3 323 423 398 562 48572 0 0 1 standing 
3 325 425 401 562 48573 0 0 0 standing 
3 325 422 397 561 48574 0 0 1 standing 
3 326 420 393 560 48575 0 0 1 standing 
3 327 418 389 559 48576 0 0 0 standing 
3 329 418 388 559 48577 0 0 1 standing 
3 332 418 387 559 48578 0 0 1 standing 
3 335 418 386 560 48579 0 0 0 standing 
3 336 418 388 560 48580 0 0 1 standing 
3 337 419 390 560 48581 0 0 1 standing 
3 338 420 393 560 48582 0 0 0 standing 
3 341 418 395 561 48583 0 0 1 standing 
3 344 416 397 562 48584 0 0 1 standing 
3 347 415 399 563 48585 0 0 0 standing 
3 348 414 400 566 48586 0 0 1 standing 
3 350 413 401 569 48587 0 0 1 standing 
3 352 413 402 572 48588 0 0 0 standing 
3 355 415 405 573 48589 0 0 1 standing 
4 363 394 436 497 48570 0 0 0 standing 
4 358 394 429 497 48571 0 0 1 standing 
4 353 394 423 497 48572 0 0 1 standing 
4 349 395 417 497 48573 0 0 0 standing 
4 348 392 414 497 48574 0 0 1 standing 
4 347 389 411 497 48575 0 0 1 standing 
4 347 387 408 497 48576 0 0 0 standing 
4 341 384 407 497 48577 0 0 1 standing 
4 336 382 407 498 48578 0 0 1 standing 
4 331 380 407 499 48579 0 0 0 standing 
4 330 377 406 499 48580 0 0 1 standing 
4 329 374 405 499 48581 0 0 1 standing 
4 329 372 404 500 48582 0 0 0 standing 
4 329 371 402 502 48583 0 0 1 standing 
4 329 370 401 505 48584 0 0 1 standing 
4 330 369 400 508 48585 0 0 0 standing 
4 335 367 401 506 48586 0 0 1 standing 
4 340 366 402 504 48587 0 0 1 standing 
4 345 365 404 503 48588 0 0 0 standing 
4 354 365 409 503 48589 0 0 1 standing 
5 373 336 435 459 48570 0 0 0 standing 
5 372 340 430 458 48571 0 0 1 standing 
5 372 345 426 457 48572 0 0 1 standing 
5 372 350 422 456 48573 0 0 0 standing 
5 371 351 420 456 48574 0 0 1 standing 
5 370 353 419 456 48575 0 0 1 standing 
5 370 355 418 457 48576 0 0 0 standing 
5 372 353 419 457 48577 0 0 1 standing 
5 374 351 421 457 48578 0 0 1 standing 
5 376 350 423 457 48579 0 0 0 standing 
5 378 348 425 459 48580 0 0 1 standing 
5 380 346 428 461 48581 0 0 1 standing 
5 383 345 431 464 48582 0 0 0 standing 
5 384 344 432 466 48583 0 0 1 standing 
5 385 343 433 469 48584 0 0 1 standing 
5 387 343 434 472 48585 0 0 0 standing 
5 386 343 433 472 48586 0 0 1 standing 
5 385 343 432 472 48587 0 0 1 standing 
5 384 343 431 472 48588 0 0 0 standing 
5 389 340 437 473 48589 0 0 1 standing 
6 479 325 522 469 48570 0 0 0 standing 
6 476 329 518 470 48571 0 0 1 standing 
6 473 333 514 472 48572 0 0 1 standing 
6 471 338 510 474 48573 0 0 0 standing 
6 466 343 505 477 48574 0 0 1 standing 
6 462 348 500 480 48575 0 0 1 standing 
6 458 353 496 483 48576 0 0 0 standing 
6 458 353 496 483 48577 0 0 1 standing 
6 458 353 496 483 48578 0 0 1 standing 
6 459 354 497 483 48579 0 0 0 standing 
6 459 354 499 483 48580 0 0 1 standing 
6 459 354 502 483 48581 0 0 1 standing 
6 460 355 505 483 48582 0 0 0 standing 
6 461 358 507 487 48583 0 0 1 standing 
6 463 361 509 491 48584 0 0 1 standing 
6 465 365 511 496 48585 0 0 0 standing 
6 468 366 521 497 48586 0 0 1 standing 
6 472 368 531 499 48587 0 0 1 standing 
6 476 370 541 501 48588 0 0 0 standing 
6 479 370 542 501 48589 0 0 1 standing 
7 760 453 822 575 48570 0 0 0 standing 
7 756 452 820 573 48571 0 0 1 standing 
7 752 451 819 572 48572 0 0 1 standing 
7 749 451 818 571 48573 0 0 0 standing 
7 747 449 819 571 48574 0 0 1 standing 
7 745 447 820 571 48575 0 0 1 standing 
7 744 446 821 572 48576 0 0 0 standing 
7 744 446 821 572 48577 0 0 1 standing 
7 744 446 821 573 48578 0 0 1 standing 
7 745 446 822 574 48579 0 0 0 standing 
7 750 448 826 580 48580 0 0 1 standing 
7 755 450 831 586 48581 0 0 1 standing 
7 760 453 836 593 48582 0 0 0 standing 
7 769 453 845 597 48583 0 0 1 standing 
7 778 454 854 601 48584 0 0 1 standing 
7 788 455 863 606 48585 0 0 0 standing 
7 796 457 869 608 48586 0 0 1 standing 
7 804 460 875 610 48587 0 0 1 standing 
7 813 463 882 613 48588 0 0 0 standing 
7 824 464 892 614 48589 0 0 1 standing 
8 965 437 1021 552 48570 0 0 0 standing 
8 954 438 1018 548 48571 0 0 1 standing 
8 944 440 1015 545 48572 0 0 1 standing 
8 934 442 1012 542 48573 0 0 0 standing 
8 926 439 1007 541 48574 0 0 1 standing 
8 918 437 1003 541 48575 0 0 1 standing 
8 911 435 999 541 48576 0 0 0 standing 
8 906 432 985 539 48577 0 0 1 standing 
8 901 430 971 537 48578 0 0 1 standing 
8 896 428 958 535 48579 0 0 0 standing 
8 887 430 950 537 48580 0 0 1 standing 
8 878 432 942 539 48581 0 0 1 standing 
8 869 435 935 541 48582 0 0 0 standing 
8 860 432 937 540 48583 0 0 1 standing 
8 852 429 939 540 48584 0 0 1 standing 
8 844 427 941 540 48585 0 0 0 standing 
8 835 426 926 537 48586 0 0 1 standing 
8 827 425 912 534 48587 0 0 1 standing 
8 819 425 898 532 48588 0 0 0 standing 
8 815 421 888 531 48589 0 0 1 standing 
9 975 394 1023 487 48570 0 0 0 standing 
9 968 391 1016 487 48571 0 0 1 moving 
9 962 389 1009 488 48572 0 0 1 moving 
9 956 387 1003 489 48573 0 0 0 moving 
9 954 382 1001 490 48574 0 0 1 moving 
9 952 377 1000 491 48575 0 0 1 moving 
9 951 373 999 492 48576 0 0 0 moving 
9 950 369 997 489 48577 0 0 1 moving 
9 949 365 996 486 48578 0 0 1 moving 
9 948 361 995 483 48579 0 0 0 moving 
9 947 359 1000 478 48580 0 0 1 moving 
9 946 358 1006 473 48581 0 0 1 moving 
9 946 357 1012 468 48582 0 0 0 moving 
9 950 357 1014 467 48583 0 0 1 moving 
9 954 357 1016 467 48584 0 0 1 moving 
9 958 357 1019 467 48585 0 0 0 moving 
9 961 357 1022 467 48586 0 0 1 moving 
9 964 357 1025 467 48587 0 0 1 moving 
9 967 357 1028 467 48588 0 0 0 moving 
9 970 356 1031 466 48589 0 0 1 moving 
10 482 326 517 443 48570 0 0 0 moving 
10 478 333 513 451 48571 0 0 1 standing 
10 474 340 510 459 48572 0 0 1 standing 
10 471 348 507 468 48573 0 0 0 standing 
10 468 349 505 469 48574 0 0 1 standing 
10 465 351 503 471 48575 0 0 1 standing 
10 463 353 501 473 48576 0 0 0 standing 
10 464 352 502 472 48577 0 0 1 standing 
10 466 352 504 472 48578 0 0 1 standing 
10 468 352 506 471 48579 0 0 1 standing 
10 469 351 508 471 48580 0 0 1 standing 
10 471 351 510 470 48581 0 0 1 standing 
10 473 351 512 470 48582 0 0 0 standing 
10 481 350 519 463 48583 0 0 1 standing 
10 489 349 527 456 48584 0 0 1 standing 
10 497 348 535 449 48585 0 0 0 standing 
10 499 344 543 448 48586 0 0 1 standing 
10 501 340 552 448 48587 0 0 1 standing 
10 504 336 561 448 48588 0 0 0 standing 
10 511 334 568 445 48589 0 0 1 standing 
