0 585 245 641 421 67955 0 1 0 spiking 
0 581 240 637 415 67956 0 1 1 spiking 
0 578 235 633 410 67957 0 1 1 spiking 
0 575 230 630 405 67958 0 1 1 spiking 
0 572 226 626 400 67959 0 1 1 spiking 
0 568 221 622 395 67960 0 1 1 spiking 
0 565 216 619 390 67961 0 1 1 spiking 
0 562 211 615 385 67962 0 1 1 spiking 
0 559 207 612 380 67963 0 1 0 spiking 
0 553 216 606 380 67964 0 1 1 spiking 
0 548 225 601 380 67965 0 1 1 spiking 
0 543 234 595 380 67966 0 1 1 spiking 
0 538 244 590 381 67967 0 1 0 spiking 
0 524 250 576 388 67968 0 1 1 spiking 
0 510 256 563 396 67969 0 1 1 spiking 
0 496 262 549 403 67970 0 1 1 spiking 
0 483 269 536 411 67971 0 1 0 spiking 
0 466 277 519 420 67972 0 1 1 spiking 
0 449 285 502 430 67973 0 1 1 spiking 
0 432 293 485 439 67974 0 1 1 spiking 
1 731 356 777 513 67955 0 1 0 spiking 
1 723 345 770 507 67956 0 1 1 blocking 
1 716 335 764 501 67957 0 1 1 blocking 
1 709 325 757 495 67958 0 1 1 blocking 
1 702 315 751 489 67959 0 1 1 blocking 
1 694 305 744 483 67960 0 1 1 blocking 
1 687 295 738 477 67961 0 1 1 blocking 
1 680 285 731 471 67962 0 1 1 blocking 
1 673 275 725 466 67963 0 1 0 blocking 
1 661 273 714 460 67964 0 1 1 blocking 
1 650 272 703 454 67965 0 1 1 blocking 
1 638 271 692 448 67966 0 1 1 blocking 
1 627 270 681 442 67967 0 1 0 blocking 
1 610 276 665 443 67968 0 1 1 blocking 
1 593 283 650 445 67969 0 1 1 blocking 
1 577 289 634 447 67970 0 1 1 blocking 
1 560 296 619 449 67971 0 1 1 blocking 
1 543 302 604 451 67972 0 1 1 blocking 
1 527 309 588 453 67973 0 1 1 blocking 
1 510 315 573 455 67974 0 1 1 blocking 
2 733 315 785 462 67955 0 1 0 blocking 
2 722 309 774 457 67956 0 1 1 standing 
2 712 303 763 452 67957 0 1 1 standing 
2 701 297 753 448 67958 0 1 1 standing 
2 691 291 742 443 67959 0 1 1 standing 
2 680 285 731 438 67960 0 1 1 standing 
2 670 280 721 434 67961 0 1 1 standing 
2 660 274 710 429 67962 0 1 1 standing 
2 649 268 699 424 67963 0 1 1 standing 
2 639 262 689 420 67964 0 1 1 standing 
2 628 256 678 415 67965 0 1 1 standing 
2 618 250 667 410 67966 0 1 1 standing 
2 608 245 657 406 67967 0 1 0 standing 
2 591 248 638 409 67968 0 1 1 standing 
2 575 251 620 412 67969 0 1 1 standing 
2 558 254 602 415 67970 0 1 1 standing 
2 542 257 584 418 67971 0 1 1 standing 
2 525 260 565 421 67972 0 1 1 standing 
2 509 263 547 424 67973 0 1 1 standing 
2 492 266 529 427 67974 0 1 1 standing 
3 292 375 340 501 67955 0 0 0 standing 
3 285 373 333 499 67956 0 0 1 standing 
3 278 372 326 498 67957 0 0 1 standing 
3 272 371 319 496 67958 0 0 1 standing 
3 265 369 312 495 67959 0 0 1 standing 
3 258 368 306 494 67960 0 0 1 standing 
3 252 367 299 492 67961 0 0 1 standing 
3 245 366 292 491 67962 0 0 1 standing 
3 238 364 285 490 67963 0 0 1 standing 
3 232 363 278 488 67964 0 0 1 standing 
3 225 362 272 487 67965 0 0 1 standing 
3 218 360 265 486 67966 0 0 1 standing 
3 212 359 258 484 67967 0 0 1 standing 
3 205 358 251 483 67968 0 0 1 standing 
3 199 357 245 482 67969 0 0 0 standing 
3 180 357 225 482 67970 0 0 1 standing 
3 161 358 205 483 67971 0 0 1 standing 
3 142 359 185 484 67972 0 0 1 standing 
3 123 360 165 485 67973 0 0 1 standing 
3 104 361 145 486 67974 0 0 1 standing 
4 432 439 493 585 67955 0 0 0 standing 
4 417 439 477 586 67956 0 0 1 standing 
4 402 439 462 588 67957 0 0 1 standing 
4 388 439 447 589 67958 0 0 1 standing 
4 373 439 432 591 67959 0 0 1 standing 
4 358 439 416 592 67960 0 0 1 standing 
4 344 439 401 594 67961 0 0 1 standing 
4 329 439 386 596 67962 0 0 1 standing 
4 314 439 371 597 67963 0 0 1 standing 
4 300 439 356 599 67964 0 0 1 standing 
4 285 439 340 600 67965 0 0 1 standing 
4 270 439 325 602 67966 0 0 1 standing 
4 256 439 310 603 67967 0 0 1 standing 
4 241 439 295 605 67968 0 0 1 standing 
4 227 440 280 607 67969 0 0 0 standing 
4 203 442 256 609 67970 0 0 1 standing 
4 180 445 233 612 67971 0 0 1 standing 
4 157 448 210 615 67972 0 0 1 standing 
4 133 450 186 617 67973 0 0 1 standing 
4 110 453 163 620 67974 0 0 1 standing 
5 474 384 541 518 67955 0 0 0 standing 
5 470 382 537 515 67956 0 0 1 digging 
5 466 381 533 513 67957 0 0 1 digging 
5 462 380 529 511 67958 0 0 1 digging 
5 459 379 525 509 67959 0 0 1 digging 
5 455 378 521 506 67960 0 0 1 digging 
5 451 377 517 504 67961 0 0 1 digging 
5 447 376 513 502 67962 0 0 1 digging 
5 444 375 509 500 67963 0 0 1 digging 
5 440 374 505 497 67964 0 0 1 digging 
5 436 373 501 495 67965 0 0 1 digging 
5 432 372 497 493 67966 0 0 1 digging 
5 429 371 494 491 67967 0 0 0 digging 
5 413 370 478 491 67968 0 0 1 digging 
5 397 369 462 491 67969 0 0 1 digging 
5 381 368 446 491 67970 0 0 1 digging 
5 365 367 430 491 67971 0 0 1 digging 
5 350 367 415 492 67972 0 0 0 digging 
5 329 368 394 493 67973 0 0 1 digging 
5 308 369 373 495 67974 0 0 1 digging 
6 557 475 629 632 67955 0 0 0 digging 
6 554 474 626 631 67956 0 0 1 standing 
6 551 473 623 630 67957 0 0 1 standing 
6 548 472 620 629 67958 0 0 1 standing 
6 545 471 617 628 67959 0 0 1 standing 
6 542 470 614 627 67960 0 0 1 standing 
6 539 469 611 626 67961 0 0 1 standing 
6 536 468 608 625 67962 0 0 1 standing 
6 533 468 605 624 67963 0 0 0 standing 
6 523 465 595 621 67964 0 0 1 standing 
6 513 463 585 618 67965 0 0 1 standing 
6 503 460 575 615 67966 0 0 1 standing 
6 494 458 566 613 67967 0 0 0 standing 
6 475 458 547 613 67968 0 0 1 standing 
6 457 459 529 614 67969 0 0 1 standing 
6 438 460 510 615 67970 0 0 1 standing 
6 420 461 492 616 67971 0 0 1 standing 
6 402 462 474 617 67972 0 0 1 standing 
6 383 463 455 618 67973 0 0 1 standing 
6 365 464 437 619 67974 0 0 1 standing 
7 546 347 643 499 67955 0 0 0 standing 
7 548 350 642 501 67956 0 0 1 standing 
7 550 353 642 503 67957 0 0 1 standing 
7 552 356 642 505 67958 0 0 1 standing 
7 554 359 642 507 67959 0 0 1 standing 
7 556 362 641 509 67960 0 0 1 standing 
7 558 365 641 511 67961 0 0 1 standing 
7 560 368 641 513 67962 0 0 1 standing 
7 563 371 641 515 67963 0 0 0 standing 
7 553 371 632 515 67964 0 0 1 standing 
7 544 371 623 515 67965 0 0 1 standing 
7 535 371 614 515 67966 0 0 1 standing 
7 526 372 605 515 67967 0 0 0 standing 
7 508 371 587 514 67968 0 0 1 standing 
7 491 371 570 513 67969 0 0 1 standing 
7 473 371 553 512 67970 0 0 1 standing 
7 456 371 536 511 67971 0 0 1 standing 
7 438 371 519 510 67972 0 0 1 standing 
7 421 371 502 509 67973 0 0 1 standing 
7 403 371 485 508 67974 0 0 1 standing 
8 802 457 885 601 67955 0 0 0 standing 
8 803 456 885 599 67956 0 0 1 standing 
8 804 456 885 598 67957 0 0 1 standing 
8 806 455 885 597 67958 0 0 1 standing 
8 807 455 885 596 67959 0 0 1 standing 
8 808 454 885 595 67960 0 0 1 standing 
8 810 454 885 594 67961 0 0 1 standing 
8 811 453 885 593 67962 0 0 1 standing 
8 812 453 885 592 67963 0 0 1 standing 
8 814 452 885 591 67964 0 0 1 standing 
8 815 452 885 590 67965 0 0 1 standing 
8 816 451 885 589 67966 0 0 1 standing 
8 818 451 885 588 67967 0 0 0 standing 
8 805 452 873 586 67968 0 0 1 standing 
8 792 453 862 585 67969 0 0 1 standing 
8 780 455 850 583 67970 0 0 1 standing 
8 767 456 839 582 67971 0 0 1 standing 
8 754 457 828 581 67972 0 0 1 standing 
8 742 459 816 579 67973 0 0 1 standing 
8 729 460 805 578 67974 0 0 1 standing 
9 1072 434 1134 579 67955 0 0 0 standing 
9 1060 434 1126 578 67956 0 0 1 standing 
9 1049 434 1118 577 67957 0 0 1 standing 
9 1038 434 1110 576 67958 0 0 1 standing 
9 1027 434 1102 575 67959 0 0 1 standing 
9 1016 434 1094 574 67960 0 0 1 standing 
9 1005 435 1086 573 67961 0 0 1 standing 
9 993 435 1078 572 67962 0 0 1 standing 
9 982 435 1070 571 67963 0 0 1 standing 
9 971 435 1062 570 67964 0 0 1 standing 
9 960 435 1054 569 67965 0 0 1 standing 
9 949 435 1046 568 67966 0 0 1 standing 
9 938 436 1039 567 67967 0 0 0 standing 
9 920 435 1021 566 67968 0 0 1 standing 
9 902 434 1003 565 67969 0 0 1 standing 
9 884 433 985 564 67970 0 0 1 standing 
9 866 433 967 564 67971 0 0 1 standing 
9 848 432 949 563 67972 0 0 1 standing 
9 830 431 931 562 67973 0 0 1 standing 
9 812 430 913 561 67974 0 0 1 standing 
10 1062 353 1116 467 67955 0 0 0 standing 
10 1056 352 1110 466 67956 0 0 1 digging 
10 1051 352 1105 466 67957 0 0 1 digging 
10 1046 351 1100 465 67958 0 0 1 digging 
10 1041 351 1095 465 67959 0 0 1 digging 
10 1036 350 1090 464 67960 0 0 1 digging 
10 1031 350 1085 464 67961 0 0 1 digging 
10 1025 349 1079 463 67962 0 0 1 digging 
10 1020 349 1074 463 67963 0 0 1 digging 
10 1015 348 1069 462 67964 0 0 1 digging 
10 1010 348 1064 462 67965 0 0 1 digging 
10 1005 347 1059 461 67966 0 0 1 digging 
10 1000 347 1054 461 67967 0 0 0 digging 
10 981 346 1034 461 67968 0 0 1 digging 
10 962 346 1015 461 67969 0 0 1 digging 
10 943 346 996 461 67970 0 0 1 digging 
10 924 346 977 461 67971 0 0 1 digging 
10 905 346 958 461 67972 0 0 1 digging 
10 886 346 939 461 67973 0 0 1 digging 
10 867 346 920 461 67974 0 0 1 digging 
11 1191 392 1253 534 67955 0 0 0 digging 
11 1180 392 1242 534 67956 0 0 1 standing 
11 1170 393 1231 535 67957 0 0 1 standing 
11 1159 394 1221 535 67958 0 0 1 standing 
11 1149 395 1210 536 67959 0 0 1 standing 
11 1138 396 1200 536 67960 0 0 1 standing 
11 1128 397 1189 537 67961 0 0 1 standing 
11 1118 397 1178 538 67962 0 0 1 standing 
11 1107 398 1168 538 67963 0 0 1 standing 
11 1097 399 1157 539 67964 0 0 1 standing 
11 1086 400 1147 539 67965 0 0 1 standing 
11 1076 401 1136 540 67966 0 0 1 standing 
11 1066 402 1126 541 67967 0 0 0 standing 
11 1048 403 1107 541 67968 0 0 1 standing 
11 1030 404 1089 541 67969 0 0 1 standing 
11 1012 405 1071 541 67970 0 0 1 standing 
11 994 407 1053 542 67971 0 0 1 standing 
11 976 408 1035 542 67972 0 0 1 standing 
11 958 409 1017 542 67973 0 0 1 standing 
11 940 410 999 542 67974 0 0 1 standing 
