0 177 409 236 547 43855 0 0 0 standing 
0 178 407 237 546 43856 0 0 1 standing 
0 180 406 238 545 43857 0 0 1 standing 
0 182 405 240 544 43858 0 0 0 standing 
0 183 405 245 542 43859 0 0 1 standing 
0 185 405 250 541 43860 0 0 1 standing 
0 187 405 255 540 43861 0 0 0 standing 
0 188 404 256 541 43862 0 0 1 standing 
0 190 403 257 542 43863 0 0 1 standing 
0 192 402 258 544 43864 0 0 0 standing 
0 191 401 257 543 43865 0 0 1 standing 
0 190 400 256 542 43866 0 0 1 standing 
0 189 399 256 541 43867 0 0 1 standing 
0 188 398 255 540 43868 0 0 1 standing 
0 187 397 254 539 43869 0 0 1 standing 
0 186 396 254 538 43870 0 0 0 standing 
0 185 395 254 537 43871 0 0 1 standing 
0 184 394 254 536 43872 0 0 1 standing 
0 183 393 254 535 43873 0 0 0 standing 
0 183 392 252 535 43874 0 0 1 standing 
1 174 389 249 500 43855 0 0 0 standing 
1 171 387 244 500 43856 0 0 1 standing 
1 168 386 239 501 43857 0 0 1 standing 
1 165 385 234 501 43858 0 0 1 standing 
1 162 384 230 502 43859 0 0 1 standing 
1 159 383 225 502 43860 0 0 1 standing 
1 156 382 220 503 43861 0 0 1 standing 
1 153 381 215 503 43862 0 0 1 standing 
1 150 380 211 504 43863 0 0 1 standing 
1 147 379 206 504 43864 0 0 1 standing 
1 144 378 201 505 43865 0 0 1 standing 
1 141 377 196 505 43866 0 0 1 standing 
1 138 376 192 506 43867 0 0 0 standing 
1 137 376 190 506 43868 0 0 1 standing 
1 136 376 188 506 43869 0 0 1 standing 
1 135 376 186 506 43870 0 0 1 standing 
1 134 376 185 507 43871 0 0 1 standing 
1 133 376 183 507 43872 0 0 1 standing 
1 132 376 181 507 43873 0 0 1 standing 
1 131 376 179 507 43874 0 0 1 standing 
2 395 413 469 552 43855 0 0 0 standing 
2 402 422 472 562 43856 0 0 1 standing 
2 410 431 476 572 43857 0 0 1 standing 
2 418 441 480 583 43858 0 0 0 standing 
2 425 441 479 581 43859 0 0 1 standing 
2 432 442 478 579 43860 0 0 1 standing 
2 439 443 478 578 43861 0 0 0 standing 
2 439 437 477 573 43862 0 0 1 standing 
2 439 432 476 568 43863 0 0 1 standing 
2 439 427 475 563 43864 0 0 1 standing 
2 440 422 475 559 43865 0 0 0 standing 
2 440 420 476 555 43866 0 0 1 standing 
2 440 419 477 551 43867 0 0 1 standing 
2 440 418 478 547 43868 0 0 1 standing 
2 440 417 479 543 43869 0 0 1 standing 
2 441 416 480 539 43870 0 0 0 standing 
2 439 415 478 536 43871 0 0 1 standing 
2 438 414 476 533 43872 0 0 1 standing 
2 437 413 474 530 43873 0 0 1 standing 
2 436 412 472 527 43874 0 0 1 standing 
3 430 371 474 504 43855 0 0 0 standing 
3 426 371 470 504 43856 0 0 1 standing 
3 423 372 467 505 43857 0 0 1 standing 
3 419 373 463 506 43858 0 0 1 standing 
3 416 373 460 507 43859 0 0 1 standing 
3 412 374 457 508 43860 0 0 1 standing 
3 409 375 453 508 43861 0 0 1 standing 
3 405 375 450 509 43862 0 0 1 standing 
3 402 376 446 510 43863 0 0 1 standing 
3 398 377 443 511 43864 0 0 1 standing 
3 395 378 440 512 43865 0 0 0 standing 
3 390 377 435 512 43866 0 0 1 standing 
3 385 376 431 513 43867 0 0 1 standing 
3 381 375 426 514 43868 0 0 1 standing 
3 376 374 422 515 43869 0 0 1 standing 
3 372 373 418 516 43870 0 0 0 standing 
3 367 375 413 518 43871 0 0 1 standing 
3 362 377 409 520 43872 0 0 1 standing 
3 357 379 405 522 43873 0 0 1 standing 
3 352 381 401 524 43874 0 0 1 standing 
4 451 351 490 473 43855 0 0 0 standing 
4 449 351 488 473 43856 0 0 1 standing 
4 447 351 486 473 43857 0 0 1 standing 
4 446 351 485 473 43858 0 0 1 standing 
4 444 351 483 473 43859 0 0 1 standing 
4 442 351 482 473 43860 0 0 1 standing 
4 441 351 480 473 43861 0 0 1 standing 
4 439 351 478 473 43862 0 0 1 standing 
4 437 351 477 473 43863 0 0 1 standing 
4 436 351 475 473 43864 0 0 1 standing 
4 434 351 474 473 43865 0 0 1 standing 
4 432 351 472 473 43866 0 0 1 standing 
4 431 351 471 474 43867 0 0 0 standing 
4 431 350 471 473 43868 0 0 1 standing 
4 431 350 471 472 43869 0 0 1 standing 
4 431 349 471 472 43870 0 0 1 standing 
4 431 349 471 471 43871 0 0 1 standing 
4 431 349 471 470 43872 0 0 1 standing 
4 431 348 471 470 43873 0 0 1 standing 
4 431 348 471 469 43874 0 0 1 standing 
5 408 312 461 434 43855 0 0 0 standing 
5 409 313 461 434 43856 0 0 1 standing 
5 410 314 461 435 43857 0 0 1 standing 
5 412 315 462 436 43858 0 0 1 standing 
5 413 316 462 436 43859 0 0 1 standing 
5 414 317 462 437 43860 0 0 1 standing 
5 416 318 463 438 43861 0 0 0 standing 
5 417 316 462 436 43862 0 0 1 standing 
5 418 315 461 435 43863 0 0 1 standing 
5 419 314 460 434 43864 0 0 1 standing 
5 420 313 460 433 43865 0 0 0 standing 
5 419 314 459 435 43866 0 0 1 standing 
5 418 316 458 437 43867 0 0 1 standing 
5 418 318 458 439 43868 0 0 1 standing 
5 417 320 457 441 43869 0 0 1 standing 
5 417 322 457 443 43870 0 0 1 standing 
5 416 324 456 445 43871 0 0 1 standing 
5 415 326 455 447 43872 0 0 1 standing 
5 415 328 455 449 43873 0 0 1 standing 
5 414 330 454 451 43874 0 0 1 standing 
6 486 381 543 536 43855 0 0 0 standing 
6 488 385 544 539 43856 0 0 1 standing 
6 491 390 546 542 43857 0 0 1 standing 
6 493 394 547 545 43858 0 0 1 standing 
6 496 399 549 548 43859 0 0 1 standing 
6 498 403 550 551 43860 0 0 1 standing 
6 501 408 552 555 43861 0 0 0 standing 
6 503 407 553 553 43862 0 0 1 standing 
6 506 407 554 551 43863 0 0 1 standing 
6 509 406 555 549 43864 0 0 1 standing 
6 512 406 557 548 43865 0 0 0 standing 
6 515 406 562 550 43866 0 0 1 standing 
6 519 407 568 552 43867 0 0 1 standing 
6 523 407 573 554 43868 0 0 1 standing 
6 527 408 579 556 43869 0 0 1 standing 
6 531 408 585 558 43870 0 0 1 standing 
6 535 409 590 560 43871 0 0 1 standing 
6 539 409 596 562 43872 0 0 1 standing 
6 543 410 602 564 43873 0 0 0 standing 
6 543 410 602 563 43874 0 0 1 standing 
7 491 353 537 517 43855 0 0 0 standing 
7 492 362 538 525 43856 0 0 1 standing 
7 493 372 539 533 43857 0 0 1 standing 
7 494 382 540 541 43858 0 0 1 standing 
7 495 391 541 549 43859 0 0 1 standing 
7 496 401 542 557 43860 0 0 1 standing 
7 498 411 544 566 43861 0 0 0 standing 
7 498 413 544 566 43862 0 0 1 standing 
7 498 416 544 566 43863 0 0 1 standing 
7 498 419 545 567 43864 0 0 0 standing 
7 497 420 546 569 43865 0 0 1 standing 
7 497 421 547 571 43866 0 0 1 standing 
7 497 423 548 573 43867 0 0 1 standing 
7 497 424 549 575 43868 0 0 1 standing 
7 497 425 551 577 43869 0 0 1 standing 
7 497 427 552 579 43870 0 0 1 standing 
7 497 428 553 581 43871 0 0 1 standing 
7 497 429 554 583 43872 0 0 1 standing 
7 497 431 556 586 43873 0 0 0 standing 
7 498 431 556 585 43874 0 0 1 standing 
8 597 361 681 452 43855 0 0 0 standing 
8 597 357 679 453 43856 0 0 1 standing 
8 597 353 677 454 43857 0 0 1 standing 
8 598 349 676 456 43858 0 0 0 standing 
8 598 349 673 456 43859 0 0 1 standing 
8 599 349 671 456 43860 0 0 1 standing 
8 599 349 669 456 43861 0 0 1 standing 
8 600 349 667 456 43862 0 0 1 standing 
8 600 349 665 456 43863 0 0 1 standing 
8 601 349 663 456 43864 0 0 1 standing 
8 602 349 661 456 43865 0 0 0 standing 
8 603 347 661 455 43866 0 0 1 standing 
8 605 345 661 455 43867 0 0 1 standing 
8 607 344 662 454 43868 0 0 1 standing 
8 608 342 662 454 43869 0 0 1 standing 
8 610 341 663 454 43870 0 0 1 standing 
8 612 339 663 453 43871 0 0 1 standing 
8 613 337 663 453 43872 0 0 1 standing 
8 615 336 664 452 43873 0 0 1 standing 
8 617 334 664 452 43874 0 0 1 standing 
9 761 375 833 474 43855 0 0 0 standing 
9 763 373 831 473 43856 0 0 1 standing 
9 766 371 829 472 43857 0 0 1 standing 
9 769 369 828 472 43858 0 0 0 standing 
9 765 365 824 472 43859 0 0 1 standing 
9 762 361 821 472 43860 0 0 1 standing 
9 759 358 818 472 43861 0 0 0 standing 
9 755 358 815 473 43862 0 0 1 standing 
9 751 358 812 475 43863 0 0 1 standing 
9 748 358 810 477 43864 0 0 0 standing 
9 740 362 808 481 43865 0 0 1 standing 
9 733 366 806 485 43866 0 0 1 standing 
9 726 371 804 490 43867 0 0 0 standing 
9 725 369 801 489 43868 0 0 1 standing 
9 725 368 799 488 43869 0 0 1 standing 
9 725 367 797 487 43870 0 0 0 standing 
9 726 366 796 487 43871 0 0 1 standing 
9 727 365 796 487 43872 0 0 1 standing 
9 729 364 795 487 43873 0 0 1 standing 
9 730 363 795 487 43874 0 0 1 standing 
10 869 377 971 453 43855 0 1 0 standing 
10 872 378 976 452 43856 0 1 1 falling 
10 876 379 982 451 43857 0 1 1 falling 
10 880 380 987 450 43858 0 1 1 falling 
10 883 381 993 450 43859 0 1 1 falling 
10 887 382 999 449 43860 0 1 1 falling 
10 891 383 1004 448 43861 0 1 1 falling 
10 894 384 1010 448 43862 0 1 1 falling 
10 898 385 1015 447 43863 0 1 1 falling 
10 902 386 1021 446 43864 0 1 1 falling 
10 906 388 1027 446 43865 0 1 0 falling 
10 916 390 1035 448 43866 0 1 1 falling 
10 927 393 1044 451 43867 0 1 1 falling 
10 937 396 1052 453 43868 0 1 1 falling 
10 948 399 1061 456 43869 0 1 1 falling 
10 958 402 1069 458 43870 0 1 1 falling 
10 969 404 1078 461 43871 0 1 1 falling 
10 979 407 1086 463 43872 0 1 1 falling 
10 990 410 1095 466 43873 0 1 1 falling 
10 1000 413 1103 468 43874 0 1 1 falling 
11 942 458 990 571 43855 0 0 0 falling 
11 940 455 987 571 43856 0 0 1 standing 
11 938 452 985 572 43857 0 0 1 standing 
11 936 449 983 573 43858 0 0 0 standing 
11 934 446 982 569 43859 0 0 1 standing 
11 932 443 981 566 43860 0 0 1 standing 
11 931 441 980 563 43861 0 0 1 standing 
11 929 438 979 559 43862 0 0 1 standing 
11 927 435 978 556 43863 0 0 1 standing 
11 926 433 977 553 43864 0 0 0 standing 
11 919 432 977 551 43865 0 0 1 standing 
11 912 432 977 549 43866 0 0 1 standing 
11 906 432 977 548 43867 0 0 0 standing 
11 902 432 980 548 43868 0 0 1 standing 
11 898 432 983 549 43869 0 0 1 standing 
11 895 432 986 550 43870 0 0 0 standing 
11 902 432 988 549 43871 0 0 1 standing 
11 909 432 990 549 43872 0 0 1 standing 
11 917 432 993 548 43873 0 0 1 standing 
11 924 432 995 548 43874 0 0 1 standing 
