0 159 461 233 601 32205 0 1 0 standing 
0 184 458 258 599 32206 0 1 1 standing 
0 210 456 284 598 32207 0 1 1 standing 
0 236 454 310 597 32208 0 1 1 standing 
0 262 451 336 596 32209 0 1 1 standing 
0 288 449 361 595 32210 0 1 1 standing 
0 314 447 387 594 32211 0 1 1 standing 
0 339 444 413 593 32212 0 1 1 standing 
0 365 442 439 592 32213 0 1 1 standing 
0 391 440 464 591 32214 0 1 1 standing 
0 417 437 490 590 32215 0 1 1 standing 
0 443 435 516 589 32216 0 1 1 standing 
0 469 433 542 588 32217 0 1 0 standing 
0 485 436 558 591 32218 0 1 1 standing 
0 502 439 575 594 32219 0 1 1 standing 
0 519 442 592 597 32220 0 1 1 standing 
0 536 446 609 601 32221 0 1 0 standing 
0 537 447 610 602 32222 0 1 1 standing 
0 538 449 611 604 32223 0 1 1 standing 
0 539 450 612 605 32224 0 1 1 standing 
1 233 427 299 568 32205 0 0 0 standing 
1 264 427 332 567 32206 0 0 1 standing 
1 296 427 366 567 32207 0 0 1 standing 
1 328 427 400 567 32208 0 0 1 standing 
1 360 427 434 567 32209 0 0 1 standing 
1 391 427 468 567 32210 0 0 1 standing 
1 423 427 502 567 32211 0 0 1 standing 
1 455 427 536 567 32212 0 0 1 standing 
1 487 427 570 567 32213 0 0 1 standing 
1 518 427 604 567 32214 0 0 1 standing 
1 550 427 638 567 32215 0 0 1 standing 
1 582 427 672 567 32216 0 0 1 standing 
1 614 428 706 567 32217 0 0 0 standing 
1 637 427 729 566 32218 0 0 1 standing 
1 660 426 752 565 32219 0 0 1 standing 
1 683 425 775 564 32220 0 0 1 standing 
1 706 424 798 563 32221 0 0 0 standing 
1 712 424 804 563 32222 0 0 1 standing 
1 718 424 810 563 32223 0 0 1 standing 
1 724 424 816 563 32224 0 0 1 standing 
2 422 458 496 630 32205 0 0 0 standing 
2 449 458 523 630 32206 0 0 1 standing 
2 477 459 551 631 32207 0 0 1 standing 
2 504 459 579 631 32208 0 0 1 standing 
2 532 460 606 632 32209 0 0 1 standing 
2 560 460 634 632 32210 0 0 1 standing 
2 587 461 662 633 32211 0 0 1 standing 
2 615 461 689 633 32212 0 0 1 standing 
2 642 462 717 634 32213 0 0 1 standing 
2 670 462 745 634 32214 0 0 1 standing 
2 698 463 773 635 32215 0 0 0 standing 
2 724 460 799 632 32216 0 0 1 standing 
2 751 458 826 630 32217 0 0 1 standing 
2 778 455 853 627 32218 0 0 1 standing 
2 805 453 880 625 32219 0 0 0 standing 
2 819 447 894 619 32220 0 0 1 standing 
2 833 441 908 613 32221 0 0 1 standing 
2 848 435 923 607 32222 0 0 0 standing 
2 853 435 928 607 32223 0 0 1 standing 
2 858 435 933 607 32224 0 0 1 standing 
3 495 404 566 550 32205 0 0 0 standing 
3 520 404 591 550 32206 0 0 1 standing 
3 546 405 617 551 32207 0 0 1 standing 
3 571 405 642 551 32208 0 0 1 standing 
3 597 406 668 552 32209 0 0 1 standing 
3 623 407 694 553 32210 0 0 1 standing 
3 648 407 719 553 32211 0 0 1 standing 
3 674 408 745 554 32212 0 0 1 standing 
3 699 408 770 554 32213 0 0 1 standing 
3 725 409 796 555 32214 0 0 1 standing 
3 751 410 822 556 32215 0 0 0 standing 
3 772 409 842 555 32216 0 0 1 standing 
3 794 408 863 554 32217 0 0 1 standing 
3 815 408 883 554 32218 0 0 1 standing 
3 837 407 904 553 32219 0 0 1 standing 
3 859 407 925 553 32220 0 0 0 standing 
3 867 402 932 548 32221 0 0 1 standing 
3 876 398 940 544 32222 0 0 1 standing 
3 884 394 947 539 32223 0 0 1 standing 
3 893 390 955 535 32224 0 0 1 standing 
4 851 432 915 595 32205 0 0 0 standing 
4 875 432 939 595 32206 0 0 1 standing 
4 899 432 963 595 32207 0 0 1 standing 
4 923 432 987 595 32208 0 0 1 standing 
4 948 433 1012 596 32209 0 0 1 standing 
4 972 433 1036 596 32210 0 0 1 standing 
4 996 433 1060 596 32211 0 0 1 standing 
4 1021 434 1085 597 32212 0 0 1 standing 
4 1045 434 1109 597 32213 0 0 1 standing 
4 1069 434 1133 597 32214 0 0 1 standing 
4 1094 435 1158 598 32215 0 0 0 standing 
4 1121 434 1182 597 32216 0 0 1 standing 
4 1148 433 1206 596 32217 0 0 1 standing 
4 1175 432 1230 595 32218 0 0 1 standing 
4 1203 432 1255 595 32219 0 0 0 standing 
4 1214 431 1261 594 32220 0 0 1 standing 
4 1225 431 1267 594 32221 0 0 1 standing 
4 1236 431 1273 594 32222 0 0 1 standing 
4 1248 431 1279 594 32223 0 0 0 standing 
4 1248 431 1279 594 32224 0 0 1 standing 
5 974 419 1115 500 32205 0 0 0 standing 
5 1004 418 1137 499 32206 0 0 1 standing 
5 1035 418 1160 498 32207 0 0 1 standing 
5 1066 418 1183 498 32208 0 0 1 standing 
5 1097 417 1206 497 32209 0 0 1 standing 
5 1128 417 1229 497 32210 0 0 1 standing 
5 1159 417 1252 496 32211 0 0 1 standing 
5 1190 417 1275 496 32212 1 0 0 standing 
5 1197 417 1275 496 32213 1 0 1 standing 
5 1205 417 1276 496 32214 1 0 1 standing 
5 1213 417 1277 496 32215 1 0 1 standing 
5 1221 417 1278 497 32216 1 0 0 standing 
5 1221 417 1278 497 32217 1 0 1 standing 
5 1221 417 1278 497 32218 1 0 1 standing 
5 1221 417 1278 497 32219 1 0 1 standing 
5 1221 417 1278 497 32220 1 0 1 standing 
5 1221 417 1278 497 32221 1 0 1 standing 
5 1221 417 1278 497 32222 1 0 1 standing 
5 1221 417 1278 497 32223 1 0 1 standing 
5 1221 417 1278 497 32224 1 0 1 standing 
6 701 335 777 477 32205 0 0 0 standing 
6 730 335 806 477 32206 0 0 1 standing 
6 760 335 836 477 32207 0 0 1 standing 
6 790 335 866 477 32208 0 0 1 standing 
6 820 335 895 478 32209 0 0 1 standing 
6 850 335 925 478 32210 0 0 1 standing 
6 879 335 955 478 32211 0 0 1 standing 
6 909 335 984 479 32212 0 0 1 standing 
6 939 335 1014 479 32213 0 0 1 standing 
6 969 335 1044 479 32214 0 0 1 standing 
6 999 336 1074 480 32215 0 0 0 standing 
6 1027 337 1102 481 32216 0 0 1 standing 
6 1055 338 1130 482 32217 0 0 1 standing 
6 1083 339 1158 483 32218 0 0 1 standing 
6 1112 341 1187 485 32219 0 0 0 standing 
6 1121 341 1196 485 32220 0 0 1 standing 
6 1131 342 1206 486 32221 0 0 1 standing 
6 1140 342 1215 486 32222 0 0 1 standing 
6 1150 343 1225 487 32223 0 0 1 standing 
6 1159 343 1234 487 32224 0 0 1 standing 
7 112 338 181 473 32205 0 0 0 standing 
7 140 337 209 472 32206 0 0 1 standing 
7 168 337 237 472 32207 0 0 1 standing 
7 196 336 265 471 32208 0 0 1 standing 
7 224 336 293 471 32209 0 0 1 standing 
7 252 335 321 470 32210 0 0 1 standing 
7 280 335 349 470 32211 0 0 1 standing 
7 308 335 377 470 32212 0 0 1 standing 
7 336 334 405 469 32213 0 0 1 standing 
7 364 334 433 469 32214 0 0 1 standing 
7 392 333 461 468 32215 0 0 1 standing 
7 420 333 489 468 32216 0 0 1 standing 
7 448 333 517 468 32217 0 0 0 standing 
7 469 332 538 467 32218 0 0 1 standing 
7 490 332 559 467 32219 0 0 1 standing 
7 511 331 580 466 32220 0 0 1 standing 
7 533 331 602 466 32221 0 0 0 standing 
7 535 329 604 464 32222 0 0 1 standing 
7 537 328 606 463 32223 0 0 1 standing 
7 539 326 608 461 32224 0 0 1 standing 
8 402 440 498 588 32205 0 0 0 standing 
8 430 436 524 585 32206 0 0 1 standing 
8 459 433 550 582 32207 0 0 1 standing 
8 487 430 576 579 32208 0 0 1 standing 
8 516 426 602 576 32209 0 0 1 standing 
8 544 423 628 573 32210 0 0 1 standing 
8 573 420 655 570 32211 0 0 1 standing 
8 601 416 681 567 32212 0 0 1 standing 
8 630 413 707 564 32213 0 0 1 standing 
8 658 410 733 561 32214 0 0 1 standing 
8 687 406 759 558 32215 0 0 1 standing 
8 715 403 785 555 32216 0 0 1 standing 
8 744 400 812 552 32217 0 0 0 standing 
8 768 396 835 548 32218 0 0 1 standing 
8 792 393 858 544 32219 0 0 1 standing 
8 817 390 882 540 32220 0 0 0 standing 
8 825 390 889 540 32221 0 0 1 standing 
8 833 391 896 540 32222 0 0 1 standing 
8 841 392 903 540 32223 0 0 1 standing 
8 849 393 910 540 32224 0 0 1 standing 
9 96 453 183 619 32205 0 0 0 standing 
9 115 450 203 617 32206 0 0 1 standing 
9 135 448 223 615 32207 0 0 1 standing 
9 154 446 243 613 32208 0 0 1 standing 
9 174 444 263 611 32209 0 0 1 standing 
9 193 442 283 609 32210 0 0 1 standing 
9 213 440 303 607 32211 0 0 1 standing 
9 233 438 323 606 32212 0 0 1 standing 
9 252 436 343 604 32213 0 0 1 standing 
9 272 434 363 602 32214 0 0 1 standing 
9 291 432 383 600 32215 0 0 1 standing 
9 311 430 403 598 32216 0 0 1 standing 
9 330 428 423 596 32217 0 0 1 standing 
9 350 426 443 594 32218 0 0 1 standing 
9 370 424 464 593 32219 0 0 0 standing 
9 370 426 464 593 32220 0 0 1 standing 
9 371 428 465 593 32221 0 0 1 standing 
9 371 430 466 593 32222 0 0 1 standing 
9 372 432 467 593 32223 0 0 1 standing 
9 372 434 468 593 32224 0 0 1 standing 
10 132 387 193 503 32205 0 0 0 standing 
10 161 385 223 504 32206 0 0 1 standing 
10 190 383 253 505 32207 0 0 1 standing 
10 219 381 283 506 32208 0 0 1 standing 
10 248 379 313 507 32209 0 0 1 standing 
10 277 377 344 509 32210 0 0 1 standing 
10 306 375 374 510 32211 0 0 1 standing 
10 335 373 404 511 32212 0 0 1 standing 
10 364 371 434 512 32213 0 0 1 standing 
10 393 369 464 513 32214 0 0 1 standing 
10 422 368 495 515 32215 0 0 0 standing 
10 445 368 519 514 32216 0 0 1 standing 
10 469 369 544 513 32217 0 0 1 standing 
10 492 369 569 512 32218 0 0 1 standing 
10 516 370 594 511 32219 0 0 0 standing 
10 530 367 609 506 32220 0 0 1 standing 
10 544 364 625 502 32221 0 0 1 standing 
10 558 361 641 498 32222 0 0 0 standing 
10 558 359 642 495 32223 0 0 1 standing 
10 558 358 644 492 32224 0 0 1 standing 
11 25 390 82 562 32205 1 0 1 standing 
11 20 390 77 562 32206 1 0 1 standing 
11 15 390 72 562 32207 1 0 1 standing 
11 10 390 67 562 32208 1 0 1 standing 
11 5 390 62 562 32209 1 0 1 standing 
11 0 390 57 562 32210 0 0 0 standing 
11 25 391 84 562 32211 0 0 1 standing 
11 50 393 111 563 32212 0 0 1 standing 
11 76 395 138 564 32213 0 0 1 standing 
11 101 397 165 565 32214 0 0 1 standing 
11 127 398 193 565 32215 0 0 1 standing 
11 152 400 220 566 32216 0 0 1 standing 
11 178 402 247 567 32217 0 0 1 standing 
11 203 404 274 568 32218 0 0 1 standing 
11 229 406 302 569 32219 0 0 0 standing 
11 241 405 319 567 32220 0 0 1 standing 
11 253 405 336 566 32221 0 0 1 standing 
11 265 404 353 564 32222 0 0 1 standing 
11 278 404 370 563 32223 0 0 0 standing 
11 274 405 366 564 32224 0 0 1 standing 
