0 28 415 107 556 13840 0 0 0 moving 
0 23 415 102 556 13841 0 0 1 moving 
0 19 415 98 556 13842 0 0 1 moving 
0 14 416 93 557 13843 0 0 1 moving 
0 10 416 89 557 13844 0 0 1 moving 
0 6 417 85 558 13845 0 0 0 moving 
0 6 417 85 558 13846 0 0 1 moving 
0 6 417 85 558 13847 0 0 1 moving 
0 6 417 85 558 13848 0 0 1 moving 
0 6 417 85 558 13849 0 0 1 moving 
0 6 417 85 558 13850 0 0 1 moving 
0 6 417 85 558 13851 0 0 1 moving 
0 6 417 85 558 13852 0 0 1 moving 
0 6 417 85 558 13853 0 0 1 moving 
0 6 417 85 558 13854 0 0 1 moving 
0 6 417 85 558 13855 0 0 1 moving 
0 6 417 85 558 13856 0 0 1 moving 
0 6 417 85 558 13857 0 0 1 moving 
0 6 417 85 558 13858 0 0 1 moving 
0 6 417 85 558 13859 0 0 1 moving 
1 216 525 305 696 13840 0 0 0 moving 
1 208 525 311 695 13841 0 0 1 moving 
1 200 525 317 694 13842 0 0 1 moving 
1 193 525 324 694 13843 0 0 0 moving 
1 198 523 329 692 13844 0 0 1 moving 
1 204 522 334 691 13845 0 0 1 moving 
1 209 521 339 690 13846 0 0 1 moving 
1 215 520 344 689 13847 0 0 0 moving 
1 225 520 344 688 13848 0 0 1 moving 
1 236 520 344 688 13849 0 0 1 moving 
1 247 520 345 688 13850 0 0 0 moving 
1 250 516 344 687 13851 0 0 1 moving 
1 253 512 344 687 13852 0 0 1 moving 
1 256 508 344 686 13853 0 0 1 moving 
1 259 504 344 686 13854 0 0 1 moving 
1 263 500 344 686 13855 0 0 0 moving 
1 259 497 340 683 13856 0 0 1 moving 
1 256 494 337 680 13857 0 0 1 moving 
1 253 491 334 678 13858 0 0 0 moving 
1 253 491 334 678 13859 0 0 1 moving 
2 311 450 393 591 13840 0 0 0 moving 
2 311 446 395 587 13841 0 0 1 standing 
2 311 443 398 584 13842 0 0 1 standing 
2 311 439 401 580 13843 0 0 1 standing 
2 311 436 404 577 13844 0 0 0 standing 
2 312 433 405 574 13845 0 0 1 standing 
2 314 431 407 572 13846 0 0 1 standing 
2 315 428 408 569 13847 0 0 1 standing 
2 317 426 410 567 13848 0 0 0 standing 
2 326 423 408 563 13849 0 0 1 standing 
2 335 420 406 560 13850 0 0 1 standing 
2 344 418 404 557 13851 0 0 0 standing 
2 343 417 410 556 13852 0 0 1 standing 
2 343 417 416 556 13853 0 0 1 standing 
2 343 417 422 555 13854 0 0 1 standing 
2 343 417 428 555 13855 0 0 0 standing 
2 338 415 423 553 13856 0 0 1 standing 
2 333 414 419 552 13857 0 0 1 standing 
2 328 413 415 551 13858 0 0 0 standing 
2 328 413 415 551 13859 0 0 1 standing 
3 474 342 590 456 13840 0 0 0 standing 
3 475 342 591 456 13841 0 0 1 standing 
3 476 343 592 457 13842 0 0 1 standing 
3 477 344 593 458 13843 0 0 1 standing 
3 478 345 594 458 13844 0 0 1 standing 
3 479 346 595 459 13845 0 0 1 standing 
3 481 347 597 460 13846 0 0 0 standing 
3 490 348 599 460 13847 0 0 1 standing 
3 499 349 602 460 13848 0 0 1 standing 
3 508 350 605 460 13849 0 0 0 standing 
3 508 350 601 459 13850 0 0 1 standing 
3 508 350 598 459 13851 0 0 1 standing 
3 508 350 595 459 13852 0 0 0 standing 
3 503 351 590 460 13853 0 0 1 standing 
3 499 353 586 462 13854 0 0 1 standing 
3 495 355 582 464 13855 0 0 0 standing 
3 495 355 582 464 13856 0 0 1 standing 
3 495 355 582 464 13857 0 0 1 standing 
3 495 355 582 464 13858 0 0 1 standing 
3 495 355 582 464 13859 0 0 1 standing 
4 564 416 637 574 13840 0 1 0 standing 
4 554 405 629 565 13841 0 1 1 spiking 
4 545 394 622 557 13842 0 1 1 spiking 
4 535 383 615 548 13843 0 1 1 spiking 
4 526 372 608 540 13844 0 1 1 spiking 
4 517 361 601 532 13845 0 1 0 spiking 
4 514 359 598 527 13846 0 1 1 spiking 
4 511 358 596 522 13847 0 1 1 spiking 
4 508 357 594 517 13848 0 1 1 spiking 
4 505 356 592 513 13849 0 1 1 spiking 
4 502 355 590 508 13850 0 1 1 spiking 
4 499 354 587 503 13851 0 1 1 spiking 
4 496 353 585 499 13852 0 1 1 spiking 
4 493 352 583 494 13853 0 1 1 spiking 
4 490 351 581 489 13854 0 1 1 spiking 
4 488 350 579 485 13855 0 1 0 spiking 
4 488 350 579 485 13856 0 1 1 spiking 
4 488 350 579 485 13857 0 1 1 spiking 
4 488 350 579 485 13858 0 1 1 spiking 
4 488 350 579 485 13859 0 1 1 spiking 
5 651 384 708 563 13840 0 0 0 spiking 
5 634 395 699 568 13841 0 0 1 standing 
5 618 407 690 573 13842 0 0 1 standing 
5 602 418 681 578 13843 0 0 1 standing 
5 586 430 672 583 13844 0 0 1 standing 
5 570 441 663 588 13845 0 0 1 standing 
5 554 453 655 594 13846 0 0 0 standing 
5 549 456 649 593 13847 0 0 1 standing 
5 544 459 644 592 13848 0 0 1 standing 
5 539 463 639 591 13849 0 0 1 standing 
5 534 466 634 590 13850 0 0 1 standing 
5 529 470 629 589 13851 0 0 0 standing 
5 519 469 619 588 13852 0 0 1 standing 
5 510 468 610 587 13853 0 0 1 standing 
5 501 467 601 586 13854 0 0 0 standing 
5 491 466 591 585 13855 0 0 1 standing 
5 481 466 581 585 13856 0 0 1 standing 
5 471 466 571 585 13857 0 0 0 standing 
5 471 466 571 585 13858 0 0 1 standing 
5 471 466 571 585 13859 0 0 1 standing 
6 1099 478 1158 641 13840 0 0 0 standing 
6 1087 479 1149 640 13841 0 0 1 standing 
6 1076 480 1141 639 13842 0 0 1 standing 
6 1065 481 1133 638 13843 0 0 1 standing 
6 1053 482 1125 637 13844 0 0 1 standing 
6 1042 483 1117 636 13845 0 0 1 standing 
6 1031 484 1109 635 13846 0 0 1 standing 
6 1020 485 1101 634 13847 0 0 0 standing 
6 1011 486 1090 634 13848 0 0 1 standing 
6 1003 488 1080 634 13849 0 0 1 standing 
6 995 489 1070 634 13850 0 0 1 standing 
6 987 491 1060 634 13851 0 0 1 standing 
6 979 492 1050 635 13852 0 0 1 standing 
6 971 494 1039 635 13853 0 0 1 standing 
6 963 495 1029 635 13854 0 0 1 standing 
6 955 497 1019 635 13855 0 0 1 standing 
6 947 498 1009 635 13856 0 0 1 standing 
6 939 500 999 636 13857 0 0 0 standing 
6 939 500 999 636 13858 0 0 1 standing 
6 939 500 999 636 13859 0 0 1 standing 
7 1203 441 1263 595 13840 0 0 0 standing 
7 1190 440 1250 593 13841 0 0 1 standing 
7 1178 439 1238 592 13842 0 0 1 standing 
7 1166 438 1225 590 13843 0 0 1 standing 
7 1154 437 1213 589 13844 0 0 1 standing 
7 1142 436 1200 587 13845 0 0 1 standing 
7 1130 435 1188 586 13846 0 0 1 standing 
7 1118 435 1176 585 13847 0 0 0 standing 
7 1108 433 1166 583 13848 0 0 1 standing 
7 1098 431 1156 581 13849 0 0 1 standing 
7 1088 429 1146 579 13850 0 0 1 standing 
7 1078 427 1136 577 13851 0 0 0 standing 
7 1067 426 1125 576 13852 0 0 1 standing 
7 1057 425 1115 575 13853 0 0 1 standing 
7 1047 425 1105 575 13854 0 0 1 standing 
7 1037 424 1095 574 13855 0 0 1 standing 
7 1027 424 1085 574 13856 0 0 0 standing 
7 1027 424 1085 574 13857 0 0 1 standing 
7 1027 424 1085 574 13858 0 0 1 standing 
7 1027 424 1085 574 13859 0 0 1 standing 
8 1110 398 1177 534 13840 0 0 0 standing 
8 1089 396 1157 533 13841 0 0 1 standing 
8 1069 395 1137 532 13842 0 0 1 standing 
8 1049 394 1118 532 13843 0 0 0 standing 
8 1032 392 1101 530 13844 0 0 1 standing 
8 1015 390 1084 528 13845 0 0 1 standing 
8 998 388 1067 526 13846 0 0 1 standing 
8 982 387 1051 525 13847 0 0 0 standing 
8 969 386 1038 523 13848 0 0 1 standing 
8 957 385 1026 521 13849 0 0 1 standing 
8 944 385 1013 520 13850 0 0 1 standing 
8 932 384 1001 518 13851 0 0 1 standing 
8 920 384 989 516 13852 0 0 1 standing 
8 907 383 976 515 13853 0 0 1 standing 
8 895 383 964 513 13854 0 0 1 standing 
8 883 382 952 511 13855 0 0 1 standing 
8 870 382 939 510 13856 0 0 1 standing 
8 858 381 927 508 13857 0 0 1 standing 
8 846 381 915 507 13858 0 0 0 standing 
8 846 381 915 507 13859 0 0 1 standing 
9 756 392 805 527 13840 0 1 0 standing 
9 741 390 791 525 13841 0 1 1 blocking 
9 727 388 777 523 13842 0 1 1 blocking 
9 713 386 764 522 13843 0 1 1 blocking 
9 699 384 750 520 13844 0 1 1 blocking 
9 685 382 737 519 13845 0 1 0 blocking 
9 678 375 731 517 13846 0 1 1 blocking 
9 672 369 726 515 13847 0 1 1 blocking 
9 666 363 720 513 13848 0 1 1 blocking 
9 660 357 715 511 13849 0 1 1 blocking 
9 654 351 710 509 13850 0 1 0 blocking 
9 648 344 702 512 13851 0 1 1 blocking 
9 643 338 694 516 13852 0 1 1 blocking 
9 638 332 686 520 13853 0 1 0 blocking 
9 638 332 686 520 13854 0 1 1 blocking 
9 638 332 686 520 13855 0 1 1 blocking 
9 638 332 686 520 13856 0 1 1 blocking 
9 638 332 686 520 13857 0 1 1 blocking 
9 638 332 686 520 13858 0 1 1 blocking 
9 638 332 686 520 13859 0 1 1 blocking 
10 739 411 799 570 13840 0 1 0 blocking 
10 727 409 787 568 13841 0 1 1 blocking 
10 716 407 776 566 13842 0 1 1 blocking 
10 705 406 765 565 13843 0 1 1 blocking 
10 694 404 754 563 13844 0 1 1 blocking 
10 683 403 743 562 13845 0 1 0 blocking 
10 677 395 736 560 13846 0 1 1 blocking 
10 671 387 730 558 13847 0 1 1 blocking 
10 665 380 724 556 13848 0 1 1 blocking 
10 659 372 718 554 13849 0 1 1 blocking 
10 653 365 712 553 13850 0 1 0 blocking 
10 644 356 703 544 13851 0 1 1 blocking 
10 636 348 695 536 13852 0 1 1 blocking 
10 628 340 687 528 13853 0 1 0 blocking 
10 628 340 687 528 13854 0 1 1 blocking 
10 628 340 687 528 13855 0 1 1 blocking 
10 628 340 687 528 13856 0 1 1 blocking 
10 628 340 687 528 13857 0 1 1 blocking 
10 628 340 687 528 13858 0 1 1 blocking 
10 628 340 687 528 13859 0 1 1 blocking 
11 745 436 797 612 13840 0 1 0 blocking 
11 732 434 784 610 13841 0 1 1 blocking 
11 720 432 771 608 13842 0 1 1 blocking 
11 708 430 759 607 13843 0 1 1 blocking 
11 696 428 746 605 13844 0 1 1 blocking 
11 684 426 734 604 13845 0 1 0 blocking 
11 677 421 727 602 13846 0 1 1 blocking 
11 670 416 720 600 13847 0 1 1 blocking 
11 664 412 713 599 13848 0 1 1 blocking 
11 657 407 706 597 13849 0 1 1 blocking 
11 651 403 700 596 13850 0 1 0 blocking 
11 644 399 693 592 13851 0 1 1 blocking 
11 637 396 686 589 13852 0 1 1 blocking 
11 630 392 679 585 13853 0 1 1 blocking 
11 623 389 672 582 13854 0 1 1 blocking 
11 617 386 666 579 13855 0 1 0 blocking 
11 617 386 666 579 13856 0 1 1 blocking 
11 617 386 666 579 13857 0 1 1 blocking 
11 617 386 666 579 13858 0 1 1 blocking 
11 617 386 666 579 13859 0 1 1 blocking 
