0 573 324 636 460 57125 0 1 0 spiking 
0 571 315 634 449 57126 0 1 1 spiking 
0 569 307 633 439 57127 0 1 1 spiking 
0 567 299 631 428 57128 0 1 1 spiking 
0 565 291 630 418 57129 0 1 1 spiking 
0 563 283 629 408 57130 0 1 0 spiking 
0 565 275 628 409 57131 0 1 1 spiking 
0 567 267 627 410 57132 0 1 1 spiking 
0 569 259 627 412 57133 0 1 1 spiking 
0 571 251 626 413 57134 0 1 1 spiking 
0 574 243 626 415 57135 0 1 0 spiking 
0 571 250 623 420 57136 0 1 1 spiking 
0 569 257 621 425 57137 0 1 1 spiking 
0 566 264 618 430 57138 0 1 1 spiking 
0 564 272 616 436 57139 0 1 0 spiking 
0 555 281 607 443 57140 0 1 1 spiking 
0 547 291 599 451 57141 0 1 1 spiking 
0 539 301 590 459 57142 0 1 1 spiking 
0 530 310 582 467 57143 0 1 1 spiking 
0 522 320 573 475 57144 0 1 1 spiking 
1 726 382 782 537 57125 0 1 0 spiking 
1 723 372 778 531 57126 0 1 1 blocking 
1 720 363 774 526 57127 0 1 1 blocking 
1 717 354 770 521 57128 0 1 1 blocking 
1 714 344 766 516 57129 0 1 1 blocking 
1 711 335 763 511 57130 0 1 1 blocking 
1 708 326 759 505 57131 0 1 1 blocking 
1 705 316 755 500 57132 0 1 1 blocking 
1 702 307 751 495 57133 0 1 1 blocking 
1 699 298 747 490 57134 0 1 1 blocking 
1 696 289 744 485 57135 0 1 0 blocking 
1 688 289 736 480 57136 0 1 1 blocking 
1 681 290 728 476 57137 0 1 1 blocking 
1 674 291 721 472 57138 0 1 1 blocking 
1 666 291 713 467 57139 0 1 1 blocking 
1 659 292 706 463 57140 0 1 1 blocking 
1 652 293 698 459 57141 0 1 1 blocking 
1 645 294 691 455 57142 0 1 0 blocking 
1 638 295 684 460 57143 0 1 1 blocking 
1 631 296 677 466 57144 0 1 1 blocking 
2 734 363 792 494 57125 0 1 0 blocking 
2 729 353 786 489 57126 0 1 1 blocking 
2 725 343 781 484 57127 0 1 1 blocking 
2 721 333 776 479 57128 0 1 1 blocking 
2 717 324 771 475 57129 0 1 1 blocking 
2 713 314 766 470 57130 0 1 1 blocking 
2 709 304 761 465 57131 0 1 1 blocking 
2 705 295 756 461 57132 0 1 1 blocking 
2 701 285 751 456 57133 0 1 1 blocking 
2 697 275 746 451 57134 0 1 1 blocking 
2 693 266 741 447 57135 0 1 0 blocking 
2 685 267 737 447 57136 0 1 1 blocking 
2 677 269 733 448 57137 0 1 1 blocking 
2 669 271 730 449 57138 0 1 1 blocking 
2 662 273 726 449 57139 0 1 1 blocking 
2 654 275 723 450 57140 0 1 1 blocking 
2 646 277 719 451 57141 0 1 1 blocking 
2 639 279 716 452 57142 0 1 0 blocking 
2 631 281 703 453 57143 0 1 1 blocking 
2 624 283 691 454 57144 0 1 1 blocking 
3 779 454 860 609 57125 0 0 0 blocking 
3 780 451 860 605 57126 0 0 1 standing 
3 782 449 860 602 57127 0 0 1 standing 
3 783 447 860 598 57128 0 0 1 standing 
3 785 445 861 595 57129 0 0 0 standing 
3 784 443 859 591 57130 0 0 1 standing 
3 784 441 858 588 57131 0 0 1 standing 
3 784 440 856 585 57132 0 0 1 standing 
3 784 438 855 582 57133 0 0 1 standing 
3 784 436 853 579 57134 0 0 1 standing 
3 784 435 852 576 57135 0 0 0 standing 
3 782 435 850 574 57136 0 0 1 standing 
3 781 435 849 572 57137 0 0 1 standing 
3 780 435 848 570 57138 0 0 0 standing 
3 775 429 843 568 57139 0 0 1 standing 
3 771 423 838 566 57140 0 0 1 standing 
3 767 418 834 564 57141 0 0 0 standing 
3 758 416 825 556 57142 0 0 1 standing 
3 750 414 817 549 57143 0 0 1 standing 
3 742 412 809 541 57144 0 0 1 standing 
4 1033 511 1111 645 57125 0 0 0 standing 
4 1022 510 1100 643 57126 0 0 1 standing 
4 1012 510 1090 642 57127 0 0 1 standing 
4 1002 509 1080 641 57128 0 0 1 standing 
4 992 509 1070 640 57129 0 0 0 standing 
4 989 508 1066 638 57130 0 0 1 standing 
4 986 507 1063 637 57131 0 0 1 standing 
4 983 507 1060 636 57132 0 0 1 standing 
4 980 506 1057 635 57133 0 0 1 standing 
4 977 505 1054 634 57134 0 0 1 standing 
4 974 505 1051 633 57135 0 0 0 standing 
4 964 503 1043 632 57136 0 0 1 standing 
4 955 502 1035 632 57137 0 0 1 standing 
4 946 500 1027 631 57138 0 0 1 standing 
4 937 499 1020 631 57139 0 0 1 standing 
4 928 498 1012 631 57140 0 0 1 standing 
4 919 496 1004 630 57141 0 0 1 standing 
4 910 495 997 630 57142 0 0 1 standing 
4 901 493 989 629 57143 0 0 1 standing 
4 892 492 981 629 57144 0 0 1 standing 
5 1098 370 1167 498 57125 0 0 0 standing 
5 1095 369 1164 497 57126 0 0 1 standing 
5 1093 369 1162 497 57127 0 0 1 standing 
5 1090 368 1159 496 57128 0 0 1 standing 
5 1088 368 1157 496 57129 0 0 1 standing 
5 1085 368 1154 496 57130 0 0 1 standing 
5 1083 367 1152 495 57131 0 0 1 standing 
5 1080 367 1149 495 57132 0 0 1 standing 
5 1078 366 1147 494 57133 0 0 1 standing 
5 1075 366 1144 494 57134 0 0 1 standing 
5 1073 366 1142 494 57135 0 0 0 standing 
5 1066 367 1135 493 57136 0 0 1 standing 
5 1059 368 1128 493 57137 0 0 1 standing 
5 1052 370 1122 493 57138 0 0 1 standing 
5 1045 371 1115 492 57139 0 0 1 standing 
5 1038 372 1108 492 57140 0 0 1 standing 
5 1031 374 1102 492 57141 0 0 0 standing 
5 1022 374 1090 491 57142 0 0 1 standing 
5 1013 375 1079 491 57143 0 0 1 standing 
5 1004 376 1068 491 57144 0 0 1 standing 
6 1225 472 1277 600 57125 0 0 0 standing 
6 1222 470 1276 599 57126 0 0 1 standing 
6 1220 469 1275 598 57127 0 0 1 standing 
6 1217 467 1274 597 57128 0 0 1 standing 
6 1215 466 1273 596 57129 0 0 1 standing 
6 1212 464 1272 595 57130 0 0 1 standing 
6 1210 463 1271 594 57131 0 0 1 standing 
6 1207 461 1270 593 57132 0 0 1 standing 
6 1205 460 1269 592 57133 0 0 1 standing 
6 1202 458 1268 591 57134 0 0 1 standing 
6 1200 457 1268 591 57135 0 0 0 standing 
6 1191 456 1259 590 57136 0 0 1 standing 
6 1182 456 1251 589 57137 0 0 1 standing 
6 1173 456 1243 588 57138 0 0 1 standing 
6 1164 455 1234 587 57139 0 0 1 standing 
6 1155 455 1226 586 57140 0 0 1 standing 
6 1147 455 1218 586 57141 0 0 0 standing 
6 1136 453 1207 584 57142 0 0 1 standing 
6 1125 451 1197 582 57143 0 0 1 standing 
6 1114 449 1187 580 57144 0 0 1 standing 
7 553 392 655 542 57125 0 0 0 standing 
7 555 392 654 542 57126 0 0 1 standing 
7 558 392 653 542 57127 0 0 1 standing 
7 560 392 652 542 57128 0 0 1 standing 
7 563 393 651 542 57129 0 0 1 standing 
7 566 393 650 543 57130 0 0 1 standing 
7 568 393 649 543 57131 0 0 1 standing 
7 571 394 648 543 57132 0 0 1 standing 
7 573 394 647 543 57133 0 0 1 standing 
7 576 394 646 543 57134 0 0 1 standing 
7 579 395 645 544 57135 0 0 0 standing 
7 579 398 645 546 57136 0 0 1 standing 
7 579 401 645 549 57137 0 0 1 standing 
7 579 404 645 551 57138 0 0 1 standing 
7 580 407 646 554 57139 0 0 0 standing 
7 571 407 637 554 57140 0 0 1 standing 
7 563 408 629 554 57141 0 0 1 standing 
7 555 409 620 554 57142 0 0 1 standing 
7 546 409 612 554 57143 0 0 1 standing 
7 538 410 603 554 57144 0 0 1 standing 
8 457 387 510 510 57125 0 0 0 standing 
8 460 386 514 509 57126 0 0 1 standing 
8 464 386 519 508 57127 0 0 1 standing 
8 468 385 524 508 57128 0 0 1 standing 
8 472 385 529 507 57129 0 0 1 standing 
8 476 384 534 507 57130 0 0 1 standing 
8 480 384 538 506 57131 0 0 1 standing 
8 484 383 543 505 57132 0 0 1 standing 
8 488 383 548 505 57133 0 0 1 standing 
8 492 382 553 504 57134 0 0 1 standing 
8 496 382 558 504 57135 0 0 0 standing 
8 492 382 553 504 57136 0 0 1 standing 
8 488 382 548 504 57137 0 0 1 standing 
8 484 382 543 504 57138 0 0 1 standing 
8 480 382 539 504 57139 0 0 0 standing 
8 471 381 529 503 57140 0 0 1 standing 
8 462 381 520 503 57141 0 0 1 standing 
8 454 381 510 502 57142 0 0 1 standing 
8 445 380 501 502 57143 0 0 1 standing 
8 436 380 491 501 57144 0 0 1 standing 
9 471 460 555 588 57125 0 0 0 standing 
9 468 456 550 584 57126 0 0 1 standing 
9 465 452 546 580 57127 0 0 1 standing 
9 463 449 541 576 57128 0 0 1 standing 
9 460 445 537 572 57129 0 0 1 standing 
9 458 442 533 569 57130 0 0 0 standing 
9 455 437 529 564 57131 0 0 1 standing 
9 453 433 525 560 57132 0 0 1 standing 
9 450 429 521 556 57133 0 0 1 standing 
9 448 425 517 552 57134 0 0 1 standing 
9 446 421 513 548 57135 0 0 0 standing 
9 435 420 501 546 57136 0 0 1 standing 
9 424 419 490 545 57137 0 0 1 standing 
9 413 418 479 543 57138 0 0 1 standing 
9 402 417 468 542 57139 0 0 1 standing 
9 392 417 457 541 57140 0 0 1 standing 
9 381 416 446 539 57141 0 0 1 standing 
9 370 415 435 538 57142 0 0 1 standing 
9 359 414 424 536 57143 0 0 1 standing 
9 348 413 413 535 57144 0 0 1 standing 
10 327 459 384 585 57125 0 0 0 standing 
10 320 460 380 585 57126 0 0 1 standing 
10 313 462 377 586 57127 0 0 1 standing 
10 306 463 374 586 57128 0 0 1 standing 
10 299 465 371 587 57129 0 0 1 standing 
10 292 467 368 588 57130 0 0 1 standing 
10 285 468 365 588 57131 0 0 1 standing 
10 278 470 362 589 57132 0 0 1 standing 
10 271 471 359 589 57133 0 0 1 standing 
10 264 473 356 590 57134 0 0 1 standing 
10 258 475 353 591 57135 0 0 0 standing 
10 254 472 348 590 57136 0 0 1 standing 
10 250 470 344 590 57137 0 0 1 standing 
10 246 468 339 589 57138 0 0 1 standing 
10 242 466 335 589 57139 0 0 0 standing 
10 235 467 328 588 57140 0 0 1 standing 
10 229 468 321 588 57141 0 0 1 standing 
10 223 469 315 588 57142 0 0 1 standing 
10 216 470 308 587 57143 0 0 1 standing 
10 210 471 301 587 57144 0 0 1 standing 
11 337 517 426 677 57125 0 0 0 standing 
11 340 513 426 673 57126 0 0 1 standing 
11 344 509 427 669 57127 0 0 1 standing 
11 347 505 428 665 57128 0 0 1 standing 
11 351 501 428 661 57129 0 0 1 standing 
11 354 498 429 657 57130 0 0 1 standing 
11 358 494 430 653 57131 0 0 1 standing 
11 361 490 430 649 57132 0 0 1 standing 
11 365 486 431 645 57133 0 0 1 standing 
11 368 482 432 641 57134 0 0 1 standing 
11 372 479 433 638 57135 0 0 0 standing 
11 372 477 435 634 57136 0 0 1 standing 
11 373 475 437 631 57137 0 0 1 standing 
11 374 473 439 628 57138 0 0 1 standing 
11 375 472 441 625 57139 0 0 0 standing 
11 366 473 433 624 57140 0 0 1 standing 
11 357 474 425 624 57141 0 0 1 standing 
11 349 475 418 624 57142 0 0 1 standing 
11 340 476 410 623 57143 0 0 1 standing 
11 331 477 402 623 57144 0 0 1 standing 
