0 728 375 802 508 39140 0 1 0 setting 
0 726 371 798 507 39141 0 1 1 setting 
0 724 367 794 506 39142 0 1 1 setting 
0 722 364 790 506 39143 0 1 1 setting 
0 721 360 786 505 39144 0 1 1 setting 
0 719 356 782 504 39145 0 1 1 setting 
0 717 353 778 504 39146 0 1 1 setting 
0 715 349 774 503 39147 0 1 1 setting 
0 714 346 770 503 39148 0 1 0 setting 
0 712 345 771 500 39149 0 1 1 setting 
0 710 345 772 497 39150 0 1 1 setting 
0 709 345 773 494 39151 0 1 0 setting 
0 706 347 770 494 39152 0 1 1 setting 
0 703 349 768 494 39153 0 1 1 setting 
0 700 352 765 494 39154 0 1 1 setting 
0 697 354 763 495 39155 0 1 1 setting 
0 694 357 760 495 39156 0 1 1 setting 
0 691 359 758 495 39157 0 1 1 setting 
0 689 362 756 496 39158 0 1 0 setting 
0 690 364 757 496 39159 0 1 1 setting 
1 838 544 969 709 39140 0 1 0 setting 
1 841 543 967 708 39141 0 1 1 moving 
1 845 542 966 707 39142 0 1 1 moving 
1 849 542 964 706 39143 0 1 1 moving 
1 853 541 963 705 39144 0 1 1 moving 
1 857 540 962 704 39145 0 1 1 moving 
1 861 540 960 703 39146 0 1 1 moving 
1 865 539 959 702 39147 0 1 1 moving 
1 869 539 958 701 39148 0 1 0 moving 
1 857 539 956 701 39149 0 1 1 moving 
1 846 539 955 702 39150 0 1 1 moving 
1 835 540 954 703 39151 0 1 0 moving 
1 830 537 945 700 39152 0 1 1 moving 
1 825 535 937 698 39153 0 1 1 moving 
1 821 533 928 696 39154 0 1 1 moving 
1 816 530 920 694 39155 0 1 1 moving 
1 812 528 911 692 39156 0 1 1 moving 
1 807 526 903 690 39157 0 1 1 moving 
1 803 523 894 688 39158 0 1 1 moving 
1 798 521 886 686 39159 0 1 1 moving 
2 555 376 603 505 39140 0 0 0 moving 
2 555 374 602 504 39141 0 0 1 standing 
2 555 372 602 504 39142 0 0 1 standing 
2 555 371 602 504 39143 0 0 0 standing 
2 554 372 603 503 39144 0 0 1 standing 
2 553 373 604 502 39145 0 0 1 standing 
2 553 374 606 501 39146 0 0 0 standing 
2 552 378 605 505 39147 0 0 1 standing 
2 552 382 605 509 39148 0 0 1 standing 
2 552 386 605 513 39149 0 0 0 standing 
2 552 386 605 512 39150 0 0 1 standing 
2 552 386 605 512 39151 0 0 1 standing 
2 552 387 605 512 39152 0 0 0 standing 
2 552 389 609 514 39153 0 0 1 standing 
2 552 391 613 516 39154 0 0 1 standing 
2 553 393 617 518 39155 0 0 0 standing 
2 553 392 618 519 39156 0 0 1 standing 
2 554 392 619 521 39157 0 0 1 standing 
2 555 391 620 523 39158 0 0 1 standing 
2 556 391 621 525 39159 0 0 1 standing 
3 795 404 835 534 39140 0 0 0 standing 
3 790 403 840 532 39141 0 0 1 standing 
3 785 403 845 530 39142 0 0 1 standing 
3 781 403 850 528 39143 0 0 0 standing 
3 781 403 844 528 39144 0 0 1 standing 
3 781 403 839 529 39145 0 0 1 standing 
3 781 403 834 530 39146 0 0 0 standing 
3 780 402 833 529 39147 0 0 1 standing 
3 779 401 832 529 39148 0 0 1 standing 
3 779 400 832 529 39149 0 0 0 standing 
3 777 401 833 529 39150 0 0 1 standing 
3 775 403 834 530 39151 0 0 1 standing 
3 773 405 835 531 39152 0 0 1 standing 
3 771 406 836 532 39153 0 0 1 standing 
3 769 408 837 533 39154 0 0 1 standing 
3 767 410 838 534 39155 0 0 0 standing 
3 768 410 837 535 39156 0 0 1 standing 
3 769 410 837 536 39157 0 0 1 standing 
3 771 410 837 537 39158 0 0 0 standing 
3 771 410 837 537 39159 0 0 1 standing 
4 758 410 822 552 39140 0 0 0 standing 
4 759 410 836 554 39141 0 0 1 moving 
4 761 411 851 557 39142 0 0 1 moving 
4 763 412 866 560 39143 0 0 0 moving 
4 782 412 870 560 39144 0 0 1 moving 
4 801 412 875 561 39145 0 0 1 moving 
4 821 413 880 562 39146 0 0 0 moving 
4 828 416 899 558 39147 0 0 1 moving 
4 836 419 919 555 39148 0 0 1 moving 
4 844 422 939 552 39149 0 0 0 moving 
4 851 426 946 556 39150 0 0 1 moving 
4 858 430 953 560 39151 0 0 1 moving 
4 866 434 961 565 39152 0 0 0 moving 
4 873 435 970 566 39153 0 0 1 moving 
4 881 437 980 567 39154 0 0 1 moving 
4 889 439 990 568 39155 0 0 0 moving 
4 889 438 990 567 39156 0 0 1 moving 
4 890 437 990 567 39157 0 0 1 moving 
4 890 437 991 567 39158 0 0 1 moving 
4 891 436 991 567 39159 0 0 1 moving 
5 437 444 497 611 39140 0 0 0 moving 
5 437 443 496 610 39141 0 0 1 standing 
5 438 443 495 610 39142 0 0 1 standing 
5 439 443 494 609 39143 0 0 1 standing 
5 439 442 493 609 39144 0 0 1 standing 
5 440 442 492 608 39145 0 0 1 standing 
5 441 442 492 608 39146 0 0 0 standing 
5 439 442 492 608 39147 0 0 1 standing 
5 438 442 493 608 39148 0 0 1 standing 
5 436 442 494 609 39149 0 0 1 standing 
5 435 442 495 609 39150 0 0 1 standing 
5 433 442 496 609 39151 0 0 1 standing 
5 432 443 497 610 39152 0 0 0 standing 
5 434 443 496 610 39153 0 0 1 standing 
5 436 443 496 610 39154 0 0 1 standing 
5 438 443 496 610 39155 0 0 0 standing 
5 439 444 498 611 39156 0 0 1 standing 
5 440 446 500 612 39157 0 0 1 standing 
5 441 447 503 614 39158 0 0 1 standing 
5 442 449 505 615 39159 0 0 1 standing 
6 777 337 824 442 39140 0 0 0 standing 
6 776 336 823 441 39141 0 0 1 moving 
6 776 335 822 441 39142 0 0 1 moving 
6 776 334 822 441 39143 0 0 0 moving 
6 775 334 827 440 39144 0 0 1 moving 
6 775 334 832 440 39145 0 0 1 moving 
6 775 334 838 440 39146 0 0 0 moving 
6 773 335 838 439 39147 0 0 1 moving 
6 771 336 838 439 39148 0 0 1 moving 
6 769 338 838 439 39149 0 0 0 moving 
6 767 335 836 440 39150 0 0 1 moving 
6 765 333 834 441 39151 0 0 1 moving 
6 763 331 832 443 39152 0 0 0 moving 
6 760 331 824 442 39153 0 0 1 moving 
6 757 331 816 441 39154 0 0 1 moving 
6 755 332 808 440 39155 0 0 0 moving 
6 751 329 807 439 39156 0 0 1 moving 
6 748 327 806 438 39157 0 0 1 moving 
6 744 324 805 437 39158 0 0 1 moving 
6 741 322 804 436 39159 0 0 1 moving 
7 458 395 517 550 39140 0 0 0 moving 
7 456 394 515 550 39141 0 0 1 standing 
7 455 394 514 550 39142 0 0 1 standing 
7 454 394 513 550 39143 0 0 0 standing 
7 454 397 511 548 39144 0 0 1 standing 
7 454 400 509 547 39145 0 0 1 standing 
7 454 403 507 546 39146 0 0 0 standing 
7 455 404 509 546 39147 0 0 1 standing 
7 457 405 512 547 39148 0 0 1 standing 
7 458 406 515 548 39149 0 0 1 standing 
7 460 407 517 549 39150 0 0 1 standing 
7 461 408 520 550 39151 0 0 1 standing 
7 463 409 523 551 39152 0 0 0 standing 
7 464 409 522 553 39153 0 0 1 standing 
7 465 409 521 556 39154 0 0 1 standing 
7 467 410 520 559 39155 0 0 0 standing 
7 467 411 520 559 39156 0 0 1 standing 
7 467 413 520 560 39157 0 0 1 standing 
7 468 415 521 560 39158 0 0 1 standing 
7 468 417 521 561 39159 0 0 1 standing 
8 452 375 513 489 39140 0 0 0 standing 
8 451 375 512 489 39141 0 0 1 standing 
8 451 375 512 489 39142 0 0 1 standing 
8 451 375 512 490 39143 0 0 1 standing 
8 451 375 512 490 39144 0 0 1 standing 
8 451 375 512 490 39145 0 0 1 standing 
8 451 376 512 491 39146 0 0 0 standing 
8 444 375 504 490 39147 0 0 1 standing 
8 437 375 496 489 39148 0 0 1 standing 
8 431 375 488 489 39149 0 0 1 standing 
8 424 374 480 488 39150 0 0 1 standing 
8 417 374 472 487 39151 0 0 1 standing 
8 411 374 465 487 39152 0 0 0 standing 
8 403 372 462 485 39153 0 0 1 standing 
8 395 370 460 483 39154 0 0 1 standing 
8 387 369 458 482 39155 0 0 0 standing 
8 381 370 454 481 39156 0 0 1 standing 
8 375 371 451 480 39157 0 0 1 standing 
8 370 372 448 479 39158 0 0 1 standing 
8 364 373 445 478 39159 0 0 1 standing 
9 157 351 211 483 39140 0 0 0 standing 
9 155 349 209 481 39141 0 0 1 standing 
9 153 347 207 479 39142 0 0 1 standing 
9 152 346 206 478 39143 0 0 0 standing 
9 150 346 204 478 39144 0 0 1 standing 
9 149 346 202 478 39145 0 0 1 standing 
9 148 347 201 478 39146 0 0 0 standing 
9 144 347 200 478 39147 0 0 1 standing 
9 140 347 200 478 39148 0 0 1 standing 
9 136 347 200 478 39149 0 0 0 standing 
9 133 346 200 477 39150 0 0 1 standing 
9 131 346 200 476 39151 0 0 1 standing 
9 129 346 200 476 39152 0 0 0 standing 
9 129 346 200 475 39153 0 0 1 standing 
9 129 346 200 475 39154 0 0 1 standing 
9 130 346 200 475 39155 0 0 0 standing 
9 131 346 201 475 39156 0 0 1 standing 
9 133 346 203 475 39157 0 0 1 standing 
9 134 346 205 475 39158 0 0 1 standing 
9 136 346 207 475 39159 0 0 1 standing 
10 95 452 149 624 39140 0 0 0 standing 
10 91 450 148 623 39141 0 0 1 standing 
10 87 449 148 622 39142 0 0 1 standing 
10 84 448 148 621 39143 0 0 0 standing 
10 80 448 148 620 39144 0 0 1 standing 
10 76 448 148 620 39145 0 0 1 standing 
10 72 448 148 620 39146 0 0 0 standing 
10 66 447 145 617 39147 0 0 1 standing 
10 61 446 142 615 39148 0 0 1 standing 
10 56 446 140 613 39149 0 0 0 standing 
10 54 448 142 614 39150 0 0 1 standing 
10 53 450 144 616 39151 0 0 1 standing 
10 52 452 146 618 39152 0 0 0 standing 
10 54 452 145 619 39153 0 0 1 standing 
10 56 452 144 620 39154 0 0 1 standing 
10 58 453 143 621 39155 0 0 0 standing 
10 55 453 137 621 39156 0 0 1 standing 
10 53 454 132 621 39157 0 0 1 standing 
10 50 455 127 622 39158 0 0 1 standing 
10 48 456 122 622 39159 0 0 1 standing 
11 47 417 115 559 39140 0 0 0 standing 
11 47 415 114 558 39141 0 0 1 standing 
11 47 414 114 558 39142 0 0 1 standing 
11 47 413 114 558 39143 0 0 0 standing 
11 45 413 113 557 39144 0 0 1 standing 
11 43 413 113 557 39145 0 0 1 standing 
11 42 413 113 557 39146 0 0 1 standing 
11 40 413 113 556 39147 0 0 1 standing 
11 38 413 113 556 39148 0 0 1 standing 
11 37 413 113 556 39149 0 0 0 standing 
11 35 415 110 557 39150 0 0 1 standing 
11 33 417 108 558 39151 0 0 1 standing 
11 31 420 106 559 39152 0 0 0 standing 
11 29 420 104 558 39153 0 0 1 standing 
11 27 420 102 558 39154 0 0 1 standing 
11 26 421 101 558 39155 0 0 0 standing 
11 20 421 98 558 39156 0 0 1 standing 
11 15 421 96 558 39157 0 0 1 standing 
11 10 421 93 558 39158 0 0 1 standing 
11 5 421 91 558 39159 0 0 1 standing 
