0 785 432 843 526 64440 0 1 0 digging 
0 784 436 842 528 64441 0 1 1 digging 
0 783 441 842 530 64442 0 1 1 digging 
0 782 445 842 532 64443 0 1 1 digging 
0 781 450 842 534 64444 0 1 1 digging 
0 780 455 842 536 64445 0 1 1 digging 
0 779 459 842 538 64446 0 1 1 digging 
0 778 464 842 540 64447 0 1 1 digging 
0 777 468 842 542 64448 0 1 1 digging 
0 776 473 842 544 64449 0 1 1 digging 
0 776 478 842 546 64450 0 1 0 digging 
0 772 477 842 544 64451 0 1 1 digging 
0 768 477 842 543 64452 0 1 1 digging 
0 764 477 842 542 64453 0 1 0 digging 
0 766 476 842 551 64454 0 1 1 digging 
0 768 476 843 560 64455 0 1 1 digging 
0 771 476 844 570 64456 0 1 0 digging 
0 773 478 844 576 64457 0 1 1 digging 
0 776 480 845 583 64458 0 1 1 digging 
0 778 482 845 590 64459 0 1 1 digging 
1 949 471 1070 544 64440 0 1 0 digging 
1 943 471 1059 544 64441 0 1 1 falling 
1 938 472 1048 545 64442 0 1 1 falling 
1 933 473 1037 546 64443 0 1 1 falling 
1 928 474 1026 547 64444 0 1 1 falling 
1 923 475 1015 548 64445 0 1 1 falling 
1 917 476 1004 548 64446 0 1 1 falling 
1 912 477 993 549 64447 0 1 1 falling 
1 907 478 982 550 64448 0 1 1 falling 
1 902 479 971 551 64449 0 1 1 falling 
1 897 480 960 552 64450 0 1 0 falling 
1 893 475 957 550 64451 0 1 1 falling 
1 889 470 954 548 64452 0 1 1 falling 
1 886 465 952 547 64453 0 1 1 falling 
1 882 460 949 545 64454 0 1 1 falling 
1 878 455 946 543 64455 0 1 1 falling 
1 875 451 944 542 64456 0 1 0 falling 
1 875 449 946 543 64457 0 1 1 falling 
1 876 448 948 544 64458 0 1 1 falling 
1 877 447 950 545 64459 0 1 1 falling 
2 897 502 998 628 64440 0 0 0 falling 
2 895 499 994 627 64441 0 0 1 standing 
2 894 497 990 626 64442 0 0 1 standing 
2 892 495 986 625 64443 0 0 1 standing 
2 891 493 983 624 64444 0 0 1 standing 
2 889 491 979 623 64445 0 0 1 standing 
2 888 489 975 622 64446 0 0 1 standing 
2 886 487 972 621 64447 0 0 1 standing 
2 885 485 968 620 64448 0 0 1 standing 
2 883 483 964 619 64449 0 0 1 standing 
2 882 481 961 618 64450 0 0 0 standing 
2 890 480 969 617 64451 0 0 1 standing 
2 898 479 977 616 64452 0 0 1 standing 
2 906 479 985 616 64453 0 0 1 standing 
2 914 478 993 615 64454 0 0 1 standing 
2 923 478 1002 615 64455 0 0 1 standing 
2 931 477 1010 614 64456 0 0 1 standing 
2 939 476 1018 613 64457 0 0 1 standing 
2 947 476 1026 613 64458 0 0 1 standing 
2 955 475 1034 612 64459 0 0 1 standing 
3 692 410 787 507 64440 0 0 0 standing 
3 697 407 791 505 64441 0 0 1 standing 
3 703 405 795 504 64442 0 0 1 standing 
3 708 402 799 503 64443 0 0 1 standing 
3 714 400 804 502 64444 0 0 1 standing 
3 720 397 808 501 64445 0 0 1 standing 
3 725 395 812 499 64446 0 0 1 standing 
3 731 392 817 498 64447 0 0 1 standing 
3 736 390 821 497 64448 0 0 1 standing 
3 742 387 825 496 64449 0 0 1 standing 
3 748 385 830 495 64450 0 0 0 standing 
3 757 383 836 495 64451 0 0 1 standing 
3 766 382 843 495 64452 0 0 1 standing 
3 775 381 850 495 64453 0 0 1 standing 
3 785 380 857 495 64454 0 0 1 standing 
3 794 379 864 495 64455 0 0 1 standing 
3 803 378 871 495 64456 0 0 1 standing 
3 813 377 878 495 64457 0 0 1 standing 
3 822 376 885 495 64458 0 0 1 standing 
3 831 375 892 495 64459 0 0 1 standing 
4 529 506 570 644 64440 0 0 0 standing 
4 530 508 575 645 64441 0 0 1 moving 
4 532 510 581 646 64442 0 0 1 moving 
4 534 512 586 647 64443 0 0 1 moving 
4 536 514 592 648 64444 0 0 1 moving 
4 538 516 598 650 64445 0 0 1 moving 
4 539 518 603 651 64446 0 0 1 moving 
4 541 520 609 652 64447 0 0 1 moving 
4 543 522 614 653 64448 0 0 1 moving 
4 545 524 620 654 64449 0 0 1 moving 
4 547 527 626 656 64450 0 0 0 moving 
4 559 526 640 657 64451 0 0 1 moving 
4 571 526 654 659 64452 0 0 1 moving 
4 583 526 668 661 64453 0 0 1 moving 
4 596 525 682 662 64454 0 0 1 moving 
4 608 525 697 664 64455 0 0 1 moving 
4 620 525 711 666 64456 0 0 1 moving 
4 633 524 725 667 64457 0 0 1 moving 
4 645 524 739 669 64458 0 0 1 moving 
4 657 524 753 671 64459 0 0 1 moving 
5 533 500 607 628 64440 0 0 0 moving 
5 538 499 612 629 64441 0 0 1 standing 
5 544 498 618 631 64442 0 0 1 standing 
5 550 497 623 633 64443 0 0 1 standing 
5 555 496 629 634 64444 0 0 1 standing 
5 561 495 635 636 64445 0 0 1 standing 
5 567 494 640 638 64446 0 0 1 standing 
5 572 493 646 639 64447 0 0 1 standing 
5 578 492 651 641 64448 0 0 1 standing 
5 584 491 657 643 64449 0 0 1 standing 
5 590 490 663 645 64450 0 0 0 standing 
5 597 491 670 644 64451 0 0 1 standing 
5 604 492 677 643 64452 0 0 1 standing 
5 611 493 684 642 64453 0 0 1 standing 
5 619 494 691 641 64454 0 0 1 standing 
5 626 495 699 640 64455 0 0 1 standing 
5 633 496 706 639 64456 0 0 1 standing 
5 641 497 713 638 64457 0 0 1 standing 
5 648 498 720 637 64458 0 0 1 standing 
5 655 499 727 636 64459 0 0 1 standing 
6 483 462 524 600 64440 0 0 0 standing 
6 482 460 523 600 64441 0 0 1 standing 
6 481 458 522 600 64442 0 0 1 standing 
6 480 456 521 601 64443 0 0 1 standing 
6 479 454 520 601 64444 0 0 1 standing 
6 478 453 519 602 64445 0 0 1 standing 
6 477 451 518 602 64446 0 0 1 standing 
6 476 449 517 602 64447 0 0 1 standing 
6 475 447 516 603 64448 0 0 1 standing 
6 474 445 515 603 64449 0 0 1 standing 
6 474 444 514 604 64450 0 0 0 standing 
6 475 444 515 604 64451 0 0 1 standing 
6 477 445 516 604 64452 0 0 1 standing 
6 478 446 518 604 64453 0 0 1 standing 
6 480 447 519 604 64454 0 0 1 standing 
6 481 448 521 604 64455 0 0 1 standing 
6 483 449 522 604 64456 0 0 1 standing 
6 484 450 523 604 64457 0 0 1 standing 
6 486 451 525 604 64458 0 0 1 standing 
6 487 452 526 604 64459 0 0 1 standing 
7 415 449 490 591 64440 0 0 0 standing 
7 416 448 490 590 64441 0 0 1 standing 
7 418 447 490 590 64442 0 0 1 standing 
7 420 446 490 590 64443 0 0 1 standing 
7 422 445 491 590 64444 0 0 1 standing 
7 424 444 491 590 64445 0 0 1 standing 
7 426 443 491 589 64446 0 0 1 standing 
7 428 442 492 589 64447 0 0 1 standing 
7 430 441 492 589 64448 0 0 1 standing 
7 432 440 492 589 64449 0 0 1 standing 
7 434 439 493 589 64450 0 0 0 standing 
7 438 438 496 588 64451 0 0 1 standing 
7 443 437 500 587 64452 0 0 1 standing 
7 448 436 504 586 64453 0 0 1 standing 
7 453 436 508 585 64454 0 0 1 standing 
7 458 435 512 585 64455 0 0 1 standing 
7 463 434 515 584 64456 0 0 1 standing 
7 468 434 519 583 64457 0 0 1 standing 
7 473 433 523 582 64458 0 0 1 standing 
7 478 432 527 581 64459 0 0 1 standing 
8 376 403 435 524 64440 0 0 0 standing 
8 379 403 438 524 64441 0 0 1 standing 
8 382 404 441 525 64442 0 0 1 standing 
8 385 404 444 525 64443 0 0 1 standing 
8 388 405 447 526 64444 0 0 1 standing 
8 392 406 451 527 64445 0 0 1 standing 
8 395 406 454 527 64446 0 0 1 standing 
8 398 407 457 528 64447 0 0 1 standing 
8 401 407 460 528 64448 0 0 1 standing 
8 404 408 463 529 64449 0 0 1 standing 
8 408 409 467 530 64450 0 0 0 standing 
8 414 409 472 530 64451 0 0 1 standing 
8 421 409 477 530 64452 0 0 1 standing 
8 427 409 482 530 64453 0 0 1 standing 
8 434 410 487 530 64454 0 0 1 standing 
8 441 410 492 531 64455 0 0 1 standing 
8 447 410 497 531 64456 0 0 1 standing 
8 454 411 502 531 64457 0 0 1 standing 
8 460 411 507 531 64458 0 0 1 standing 
8 467 411 512 531 64459 0 0 1 standing 
9 323 500 367 638 64440 0 0 0 standing 
9 320 499 364 637 64441 0 0 1 standing 
9 317 499 362 637 64442 0 0 1 standing 
9 314 499 360 636 64443 0 0 1 standing 
9 311 499 357 636 64444 0 0 1 standing 
9 308 499 355 635 64445 0 0 1 standing 
9 305 499 353 635 64446 0 0 1 standing 
9 302 499 350 634 64447 0 0 1 standing 
9 299 499 348 634 64448 0 0 1 standing 
9 296 499 346 633 64449 0 0 1 standing 
9 293 499 344 633 64450 0 0 0 standing 
9 291 498 342 632 64451 0 0 1 standing 
9 290 498 341 632 64452 0 0 1 standing 
9 288 497 339 631 64453 0 0 1 standing 
9 287 497 338 631 64454 0 0 1 standing 
9 286 496 337 630 64455 0 0 1 standing 
9 284 496 335 630 64456 0 0 1 standing 
9 283 495 334 629 64457 0 0 1 standing 
9 281 495 332 629 64458 0 0 1 standing 
9 280 494 331 628 64459 0 0 1 standing 
10 120 427 202 546 64440 0 0 0 standing 
10 120 427 200 545 64441 0 0 1 standing 
10 120 427 199 545 64442 0 0 1 standing 
10 120 427 198 545 64443 0 0 1 standing 
10 120 427 196 545 64444 0 0 1 standing 
10 120 427 195 545 64445 0 0 1 standing 
10 120 427 194 545 64446 0 0 1 standing 
10 120 427 192 545 64447 0 0 1 standing 
10 120 427 191 545 64448 0 0 1 standing 
10 120 427 190 545 64449 0 0 1 standing 
10 120 427 189 545 64450 0 0 0 standing 
10 121 426 190 544 64451 0 0 1 standing 
10 123 426 192 544 64452 0 0 1 standing 
10 125 426 194 544 64453 0 0 1 standing 
10 127 426 196 544 64454 0 0 1 standing 
10 129 426 198 544 64455 0 0 1 standing 
10 131 425 200 543 64456 0 0 1 standing 
10 133 425 202 543 64457 0 0 1 standing 
10 135 425 204 543 64458 0 0 1 standing 
10 137 425 206 543 64459 0 0 1 standing 
11 37 461 84 600 64440 0 0 0 standing 
11 33 460 81 599 64441 0 0 1 standing 
11 30 460 79 599 64442 0 0 1 standing 
11 27 459 76 599 64443 0 0 1 standing 
11 24 459 74 599 64444 0 0 1 standing 
11 21 458 72 599 64445 0 0 1 standing 
11 17 458 69 599 64446 0 0 1 standing 
11 14 457 67 599 64447 0 0 1 standing 
11 11 457 64 599 64448 0 0 1 standing 
11 8 456 62 599 64449 0 0 1 standing 
11 5 456 60 599 64450 0 0 0 standing 
11 5 456 62 599 64451 0 0 1 standing 
11 6 456 65 599 64452 0 0 1 standing 
11 7 456 67 599 64453 0 0 1 standing 
11 8 456 70 599 64454 0 0 1 standing 
11 9 457 73 599 64455 0 0 1 standing 
11 9 457 75 599 64456 0 0 1 standing 
11 10 457 78 599 64457 0 0 1 standing 
11 11 457 80 599 64458 0 0 1 standing 
11 12 457 83 599 64459 0 0 1 standing 
