0 555 469 615 603 34180 0 0 0 standing 
0 559 468 617 604 34181 0 0 1 standing 
0 563 468 619 606 34182 0 0 1 standing 
0 567 468 621 608 34183 0 0 1 standing 
0 571 467 623 609 34184 0 0 1 standing 
0 575 467 625 611 34185 0 0 1 standing 
0 579 467 627 613 34186 0 0 0 standing 
0 579 466 626 612 34187 0 0 1 standing 
0 579 465 626 612 34188 0 0 1 standing 
0 579 465 626 612 34189 0 0 1 standing 
0 579 464 626 611 34190 0 0 1 standing 
0 579 463 626 611 34191 0 0 1 standing 
0 579 463 626 611 34192 0 0 0 standing 
0 576 462 625 609 34193 0 0 1 standing 
0 573 461 625 608 34194 0 0 1 standing 
0 570 461 625 607 34195 0 0 1 standing 
0 567 460 625 606 34196 0 0 1 standing 
0 564 459 624 604 34197 0 0 1 standing 
0 561 459 624 603 34198 0 0 1 standing 
0 558 458 624 602 34199 0 0 1 standing 
1 648 400 709 526 34180 0 0 0 standing 
1 651 400 710 526 34181 0 0 1 standing 
1 655 400 711 527 34182 0 0 1 standing 
1 659 400 712 528 34183 0 0 1 standing 
1 662 400 713 528 34184 0 0 1 standing 
1 666 400 714 529 34185 0 0 1 standing 
1 670 400 716 530 34186 0 0 0 standing 
1 672 399 715 530 34187 0 0 1 standing 
1 674 399 715 530 34188 0 0 1 standing 
1 676 399 715 530 34189 0 0 1 standing 
1 678 399 715 531 34190 0 0 0 standing 
1 675 398 714 531 34191 0 0 1 standing 
1 673 398 713 531 34192 0 0 1 standing 
1 671 398 712 532 34193 0 0 1 standing 
1 668 398 711 532 34194 0 0 1 standing 
1 666 398 710 532 34195 0 0 1 standing 
1 664 398 710 533 34196 0 0 0 standing 
1 662 398 710 533 34197 0 0 1 standing 
1 661 398 710 534 34198 0 0 1 standing 
1 660 398 711 534 34199 0 0 1 standing 
2 626 360 684 447 34180 0 0 0 standing 
2 628 360 684 447 34181 0 0 1 standing 
2 630 360 685 447 34182 0 0 1 standing 
2 633 360 686 448 34183 0 0 1 standing 
2 635 360 686 448 34184 0 0 1 standing 
2 637 360 687 448 34185 0 0 1 standing 
2 640 360 688 449 34186 0 0 0 standing 
2 638 359 685 449 34187 0 0 1 standing 
2 637 359 682 449 34188 0 0 1 standing 
2 635 359 680 449 34189 0 0 1 standing 
2 634 359 677 449 34190 0 0 1 standing 
2 632 359 674 449 34191 0 0 1 standing 
2 631 359 672 450 34192 0 0 0 standing 
2 626 359 668 450 34193 0 0 1 standing 
2 621 360 664 450 34194 0 0 1 standing 
2 616 360 660 450 34195 0 0 1 standing 
2 611 361 657 451 34196 0 0 0 standing 
2 609 361 653 452 34197 0 0 1 standing 
2 607 362 650 453 34198 0 0 1 standing 
2 605 363 647 454 34199 0 0 1 standing 
3 410 375 454 484 34180 0 0 0 standing 
3 413 374 456 483 34181 0 0 1 standing 
3 417 374 459 483 34182 0 0 1 standing 
3 420 374 462 482 34183 0 0 1 standing 
3 424 373 464 482 34184 0 0 1 standing 
3 427 373 467 481 34185 0 0 1 standing 
3 431 373 470 481 34186 0 0 1 standing 
3 435 373 473 481 34187 0 0 0 standing 
3 436 373 476 481 34188 0 0 1 standing 
3 437 373 479 481 34189 0 0 1 standing 
3 439 373 483 482 34190 0 0 0 standing 
3 438 372 482 482 34191 0 0 1 standing 
3 438 372 482 482 34192 0 0 1 standing 
3 438 372 482 482 34193 0 0 1 standing 
3 438 372 482 483 34194 0 0 1 standing 
3 438 372 482 483 34195 0 0 1 standing 
3 438 372 482 483 34196 0 0 1 standing 
3 438 372 482 483 34197 0 0 1 standing 
3 438 372 482 484 34198 0 0 1 standing 
3 438 372 482 484 34199 0 0 1 standing 
4 252 462 349 604 34180 0 0 0 standing 
4 256 461 348 603 34181 0 0 1 standing 
4 260 460 348 602 34182 0 0 1 standing 
4 264 459 348 601 34183 0 0 1 standing 
4 268 458 348 601 34184 0 0 1 standing 
4 272 457 348 600 34185 0 0 1 standing 
4 276 456 348 599 34186 0 0 1 standing 
4 281 456 348 599 34187 0 0 0 standing 
4 275 457 344 600 34188 0 0 1 standing 
4 270 458 341 601 34189 0 0 1 standing 
4 265 460 338 603 34190 0 0 0 standing 
4 266 459 337 603 34191 0 0 1 standing 
4 267 459 337 604 34192 0 0 1 standing 
4 268 459 337 605 34193 0 0 1 standing 
4 269 459 337 606 34194 0 0 1 standing 
4 270 459 336 607 34195 0 0 1 standing 
4 272 459 336 608 34196 0 0 1 standing 
4 273 458 336 608 34197 0 0 1 standing 
4 274 458 336 609 34198 0 0 1 standing 
4 275 458 335 610 34199 0 0 1 standing 
5 193 432 292 548 34180 0 1 0 standing 
5 189 429 290 546 34181 0 1 1 setting 
5 186 427 289 544 34182 0 1 1 setting 
5 182 425 287 543 34183 0 1 1 setting 
5 179 423 286 541 34184 0 1 1 setting 
5 176 421 285 540 34185 0 1 0 setting 
5 175 415 280 537 34186 0 1 1 setting 
5 175 409 275 535 34187 0 1 1 setting 
5 174 403 270 533 34188 0 1 1 setting 
5 174 398 265 531 34189 0 1 1 setting 
5 173 392 260 529 34190 0 1 1 setting 
5 173 386 255 527 34191 0 1 1 setting 
5 173 381 250 525 34192 0 1 0 setting 
5 165 388 244 527 34193 0 1 1 setting 
5 158 395 239 530 34194 0 1 1 setting 
5 151 402 234 533 34195 0 1 1 setting 
5 144 409 229 536 34196 0 1 0 setting 
5 136 415 218 538 34197 0 1 1 setting 
5 129 421 207 541 34198 0 1 1 setting 
5 121 427 196 543 34199 0 1 1 setting 
6 864 471 915 604 34180 0 0 0 setting 
6 871 470 923 603 34181 0 0 1 standing 
6 879 470 931 603 34182 0 0 1 standing 
6 887 470 939 603 34183 0 0 1 standing 
6 894 470 947 603 34184 0 0 1 standing 
6 902 470 955 603 34185 0 0 1 standing 
6 910 470 964 603 34186 0 0 0 standing 
6 912 470 968 603 34187 0 0 1 standing 
6 915 470 972 603 34188 0 0 1 standing 
6 917 470 976 604 34189 0 0 1 standing 
6 920 470 980 604 34190 0 0 1 standing 
6 922 470 984 604 34191 0 0 1 standing 
6 925 471 988 605 34192 0 0 0 standing 
6 928 471 989 605 34193 0 0 1 standing 
6 932 471 990 605 34194 0 0 1 standing 
6 936 471 991 605 34195 0 0 1 standing 
6 940 472 993 606 34196 0 0 0 standing 
6 941 472 994 606 34197 0 0 1 standing 
6 942 472 996 607 34198 0 0 1 standing 
6 943 472 997 608 34199 0 0 1 standing 
7 853 406 890 530 34180 0 0 0 standing 
7 854 407 894 531 34181 0 0 1 standing 
7 856 408 899 533 34182 0 0 1 standing 
7 858 409 904 535 34183 0 0 0 standing 
7 861 408 906 535 34184 0 0 1 standing 
7 864 408 909 535 34185 0 0 1 standing 
7 867 407 911 535 34186 0 0 1 standing 
7 870 407 914 535 34187 0 0 0 standing 
7 869 407 914 534 34188 0 0 1 standing 
7 868 407 914 534 34189 0 0 1 standing 
7 867 407 914 534 34190 0 0 1 standing 
7 866 407 914 534 34191 0 0 1 standing 
7 866 407 915 534 34192 0 0 0 standing 
7 864 407 912 533 34193 0 0 1 standing 
7 862 407 910 533 34194 0 0 1 standing 
7 861 408 908 533 34195 0 0 1 standing 
7 859 408 906 533 34196 0 0 1 standing 
7 857 408 903 533 34197 0 0 1 standing 
7 856 409 901 533 34198 0 0 1 standing 
7 854 409 899 533 34199 0 0 1 standing 
8 911 361 975 443 34180 0 0 0 standing 
8 917 359 977 441 34181 0 0 1 moving 
8 923 358 979 440 34182 0 0 1 moving 
8 930 357 982 439 34183 0 0 0 moving 
8 932 357 985 439 34184 0 0 1 moving 
8 934 357 988 439 34185 0 0 1 moving 
8 936 357 991 439 34186 0 0 1 moving 
8 939 357 994 439 34187 0 0 0 moving 
8 938 358 994 440 34188 0 0 1 moving 
8 938 359 994 442 34189 0 0 1 moving 
8 937 360 995 443 34190 0 0 1 moving 
8 937 361 995 445 34191 0 0 1 moving 
8 937 363 996 447 34192 0 0 0 moving 
8 934 362 990 447 34193 0 0 1 moving 
8 931 361 984 448 34194 0 0 1 moving 
8 928 360 978 448 34195 0 0 1 moving 
8 925 360 972 449 34196 0 0 0 moving 
8 921 359 969 450 34197 0 0 1 moving 
8 918 359 966 452 34198 0 0 1 moving 
8 915 359 964 454 34199 0 0 1 moving 
9 1044 459 1090 595 34180 0 0 0 moving 
9 1054 460 1107 596 34181 0 0 1 moving 
9 1065 462 1124 597 34182 0 0 1 moving 
9 1076 464 1141 598 34183 0 0 1 moving 
9 1087 466 1158 599 34184 0 0 1 moving 
9 1098 468 1175 601 34185 0 0 0 moving 
9 1107 469 1180 603 34186 0 0 1 moving 
9 1116 470 1185 605 34187 0 0 1 moving 
9 1125 471 1191 607 34188 0 0 1 moving 
9 1135 472 1196 610 34189 0 0 1 moving 
9 1144 473 1202 612 34190 0 0 1 moving 
9 1153 474 1207 614 34191 0 0 1 moving 
9 1163 476 1213 617 34192 0 0 0 moving 
9 1166 477 1223 617 34193 0 0 1 moving 
9 1170 478 1234 618 34194 0 0 1 moving 
9 1173 479 1244 618 34195 0 0 1 moving 
9 1177 480 1255 619 34196 0 0 0 moving 
9 1181 481 1256 620 34197 0 0 1 moving 
9 1185 482 1258 621 34198 0 0 1 moving 
9 1189 483 1260 622 34199 0 0 1 moving 
10 1126 437 1189 569 34180 0 0 0 moving 
10 1135 438 1204 569 34181 0 0 1 standing 
10 1144 439 1220 570 34182 0 0 1 standing 
10 1154 440 1236 570 34183 0 0 1 standing 
10 1163 441 1252 571 34184 0 0 1 standing 
10 1173 443 1268 572 34185 0 0 0 standing 
10 1182 444 1270 574 34186 0 0 1 standing 
10 1191 445 1272 576 34187 0 0 1 standing 
10 1200 446 1274 578 34188 0 0 1 standing 
10 1209 447 1276 580 34189 0 0 1 standing 
10 1219 449 1279 583 34190 0 0 0 standing 
10 1219 448 1278 580 34191 0 0 1 standing 
10 1220 448 1278 578 34192 0 0 1 standing 
10 1220 448 1278 575 34193 0 0 1 standing 
10 1221 448 1278 573 34194 0 0 1 standing 
10 1221 448 1278 571 34195 0 0 1 standing 
10 1222 448 1278 568 34196 0 0 1 standing 
10 1222 448 1278 566 34197 0 0 1 standing 
10 1223 448 1278 563 34198 0 0 1 standing 
10 1223 448 1278 561 34199 0 0 1 standing 
11 1124 412 1191 531 34180 0 0 0 standing 
11 1133 411 1195 530 34181 0 0 1 moving 
11 1142 410 1200 529 34182 0 0 1 moving 
11 1151 409 1205 528 34183 0 0 1 moving 
11 1160 408 1209 527 34184 0 0 1 moving 
11 1169 407 1214 526 34185 0 0 1 moving 
11 1178 407 1219 526 34186 0 0 0 moving 
11 1181 408 1221 526 34187 0 0 1 moving 
11 1185 409 1224 526 34188 0 0 1 moving 
11 1188 410 1226 526 34189 0 0 1 moving 
11 1192 411 1229 527 34190 0 0 0 moving 
11 1191 409 1228 526 34191 0 0 1 moving 
11 1190 408 1228 525 34192 0 0 1 moving 
11 1189 407 1228 524 34193 0 0 1 moving 
11 1188 406 1227 523 34194 0 0 1 moving 
11 1187 405 1227 522 34195 0 0 1 moving 
11 1187 404 1227 521 34196 0 0 0 moving 
11 1184 403 1223 520 34197 0 0 1 moving 
11 1182 403 1220 519 34198 0 0 1 moving 
11 1179 403 1217 519 34199 0 0 1 moving 
