0 978 442 1035 545 93450 0 1 0 digging 
0 947 443 1005 545 93451 0 1 1 digging 
0 917 444 975 545 93452 0 1 1 digging 
0 887 446 945 545 93453 0 1 1 digging 
0 856 447 915 545 93454 0 1 1 digging 
0 826 448 885 545 93455 0 1 1 digging 
0 796 450 856 546 93456 0 1 0 digging 
0 784 451 844 546 93457 0 1 1 digging 
0 773 453 832 547 93458 0 1 1 digging 
0 762 455 820 548 93459 0 1 1 digging 
0 751 457 808 549 93460 0 1 0 digging 
0 749 453 806 545 93461 0 1 1 digging 
0 748 449 805 541 93462 0 1 1 digging 
0 746 446 803 538 93463 0 1 1 digging 
0 745 442 802 534 93464 0 1 1 digging 
0 744 439 801 531 93465 0 1 0 digging 
0 755 435 812 527 93466 0 1 1 digging 
0 766 432 823 524 93467 0 1 1 digging 
0 777 428 834 520 93468 0 1 1 digging 
0 788 425 845 517 93469 0 1 1 digging 
1 717 508 817 639 93450 0 0 0 digging 
1 685 503 784 638 93451 0 0 1 standing 
1 653 499 752 637 93452 0 0 1 standing 
1 621 495 720 636 93453 0 0 1 standing 
1 589 491 688 635 93454 0 0 0 standing 
1 575 488 667 634 93455 0 0 1 standing 
1 561 485 646 634 93456 0 0 1 standing 
1 547 482 625 633 93457 0 0 1 standing 
1 533 480 604 633 93458 0 0 0 standing 
1 525 476 595 629 93459 0 0 1 standing 
1 518 473 587 625 93460 0 0 1 standing 
1 511 470 579 622 93461 0 0 0 standing 
1 511 470 585 619 93462 0 0 1 standing 
1 511 470 591 617 93463 0 0 1 standing 
1 511 470 598 615 93464 0 0 0 standing 
1 516 472 606 613 93465 0 0 1 standing 
1 522 475 614 612 93466 0 0 1 standing 
1 528 478 623 611 93467 0 0 0 standing 
1 532 479 627 610 93468 0 0 1 standing 
1 537 481 632 609 93469 0 0 1 standing 
2 990 518 1054 640 93450 0 0 0 standing 
2 959 515 1020 638 93451 0 0 1 standing 
2 928 513 987 636 93452 0 0 1 standing 
2 897 511 953 634 93453 0 0 1 standing 
2 866 509 920 632 93454 0 0 0 standing 
2 846 506 901 631 93455 0 0 1 standing 
2 827 504 882 630 93456 0 0 1 standing 
2 808 502 863 629 93457 0 0 1 standing 
2 789 500 844 628 93458 0 0 0 standing 
2 780 502 837 632 93459 0 0 1 standing 
2 771 504 830 636 93460 0 0 1 standing 
2 762 506 824 641 93461 0 0 0 standing 
2 762 507 826 643 93462 0 0 1 standing 
2 762 509 828 646 93463 0 0 1 standing 
2 763 511 830 649 93464 0 0 0 standing 
2 762 511 831 650 93465 0 0 1 standing 
2 762 512 832 652 93466 0 0 1 standing 
2 762 513 834 654 93467 0 0 1 standing 
2 762 514 835 656 93468 0 0 1 standing 
2 762 515 837 658 93469 0 0 0 standing 
3 644 450 694 574 93450 0 0 0 standing 
3 609 449 659 572 93451 0 0 1 moving 
3 575 449 624 571 93452 0 0 1 moving 
3 540 448 589 569 93453 0 0 1 moving 
3 506 448 555 568 93454 0 0 0 moving 
3 480 448 532 567 93455 0 0 1 moving 
3 455 448 510 567 93456 0 0 1 moving 
3 429 448 487 566 93457 0 0 1 moving 
3 404 448 465 566 93458 0 0 0 moving 
3 392 449 452 566 93459 0 0 1 moving 
3 381 450 440 566 93460 0 0 1 moving 
3 370 452 428 566 93461 0 0 0 moving 
3 368 453 425 565 93462 0 0 1 moving 
3 366 454 422 564 93463 0 0 1 moving 
3 365 455 420 564 93464 0 0 0 moving 
3 367 453 421 563 93465 0 0 1 moving 
3 369 451 423 562 93466 0 0 1 moving 
3 371 450 425 562 93467 0 0 0 moving 
3 377 447 431 559 93468 0 0 1 moving 
3 383 444 438 557 93469 0 0 1 moving 
4 736 384 808 505 93450 0 0 0 moving 
4 703 384 777 505 93451 0 0 1 standing 
4 671 384 747 505 93452 0 0 1 standing 
4 639 384 716 505 93453 0 0 1 standing 
4 607 385 686 505 93454 0 0 0 standing 
4 589 384 666 503 93455 0 0 1 standing 
4 571 383 646 502 93456 0 0 1 standing 
4 553 382 626 501 93457 0 0 1 standing 
4 535 381 606 500 93458 0 0 0 standing 
4 538 379 599 497 93459 0 0 1 standing 
4 541 377 593 495 93460 0 0 1 standing 
4 544 375 587 493 93461 0 0 0 standing 
4 546 372 588 494 93462 0 0 1 standing 
4 548 369 589 496 93463 0 0 1 standing 
4 551 366 591 498 93464 0 0 0 standing 
4 556 365 600 495 93465 0 0 1 standing 
4 561 364 610 492 93466 0 0 1 standing 
4 567 364 620 490 93467 0 0 0 standing 
4 575 364 632 488 93468 0 0 1 standing 
4 584 364 645 486 93469 0 0 1 standing 
5 997 484 1051 588 93450 0 0 0 standing 
5 964 482 1018 587 93451 0 0 1 digging 
5 932 481 986 586 93452 0 0 1 digging 
5 900 479 953 585 93453 0 0 1 digging 
5 868 478 921 584 93454 0 0 0 digging 
5 847 476 900 584 93455 0 0 1 digging 
5 827 474 880 584 93456 0 0 1 digging 
5 806 472 859 584 93457 0 0 1 digging 
5 786 471 839 585 93458 0 0 0 digging 
5 778 470 829 584 93459 0 0 1 digging 
5 770 469 819 583 93460 0 0 1 digging 
5 762 468 809 583 93461 0 0 0 digging 
5 762 465 807 580 93462 0 0 1 digging 
5 762 462 805 578 93463 0 0 1 digging 
5 762 459 804 576 93464 0 0 0 digging 
5 764 456 809 573 93465 0 0 1 digging 
5 766 453 814 571 93466 0 0 1 digging 
5 769 450 819 569 93467 0 0 0 digging 
5 773 448 829 567 93468 0 0 1 digging 
5 778 447 839 565 93469 0 0 1 digging 
6 511 459 552 592 93450 0 0 0 digging 
6 478 459 518 592 93451 0 0 1 standing 
6 446 460 485 593 93452 0 0 1 standing 
6 413 460 451 594 93453 0 0 1 standing 
6 381 461 418 595 93454 0 0 0 standing 
6 361 461 396 594 93455 0 0 1 standing 
6 341 461 375 594 93456 0 0 1 standing 
6 321 461 354 594 93457 0 0 1 standing 
6 302 461 333 594 93458 0 0 0 standing 
6 290 460 322 595 93459 0 0 1 standing 
6 279 460 311 597 93460 0 0 1 standing 
6 268 460 300 599 93461 0 0 0 standing 
6 267 459 300 598 93462 0 0 1 standing 
6 266 459 300 597 93463 0 0 1 standing 
6 265 459 300 597 93464 0 0 0 standing 
6 270 456 305 593 93465 0 0 1 standing 
6 275 454 311 590 93466 0 0 1 standing 
6 280 452 317 587 93467 0 0 1 standing 
6 285 450 323 584 93468 0 0 1 standing 
6 290 448 329 581 93469 0 0 1 standing 
7 466 452 504 592 93450 0 0 0 standing 
7 433 454 471 594 93451 0 0 1 standing 
7 401 456 439 597 93452 0 0 1 standing 
7 369 458 406 599 93453 0 0 1 standing 
7 337 461 374 602 93454 0 0 0 standing 
7 317 461 354 603 93455 0 0 1 standing 
7 298 461 335 604 93456 0 0 1 standing 
7 278 461 315 605 93457 0 0 1 standing 
7 259 462 296 606 93458 0 0 0 standing 
7 251 462 288 609 93459 0 0 1 standing 
7 243 462 280 612 93460 0 0 1 standing 
7 236 462 272 615 93461 0 0 0 standing 
7 235 464 270 617 93462 0 0 1 standing 
7 234 467 268 619 93463 0 0 1 standing 
7 233 470 267 621 93464 0 0 0 standing 
7 238 470 276 620 93465 0 0 1 standing 
7 243 471 285 620 93466 0 0 1 standing 
7 248 471 294 620 93467 0 0 1 standing 
7 253 472 304 620 93468 0 0 1 standing 
7 258 472 313 620 93469 0 0 1 standing 
8 398 457 442 603 93450 0 0 0 standing 
8 366 455 410 600 93451 0 0 1 standing 
8 335 453 378 597 93452 0 0 1 standing 
8 304 451 346 594 93453 0 0 1 standing 
8 273 450 315 592 93454 0 0 0 standing 
8 252 449 297 591 93455 0 0 1 standing 
8 232 449 279 590 93456 0 0 1 standing 
8 211 448 261 589 93457 0 0 1 standing 
8 191 448 244 588 93458 0 0 0 standing 
8 182 448 237 588 93459 0 0 1 standing 
8 173 448 231 588 93460 0 0 1 standing 
8 164 449 225 588 93461 0 0 0 standing 
8 165 446 226 584 93462 0 0 1 standing 
8 167 443 228 580 93463 0 0 1 standing 
8 169 440 230 576 93464 0 0 0 standing 
8 177 437 234 573 93465 0 0 1 standing 
8 186 435 238 570 93466 0 0 1 standing 
8 195 433 243 568 93467 0 0 0 standing 
8 206 430 252 565 93468 0 0 1 standing 
8 218 427 261 562 93469 0 0 1 standing 
9 307 422 353 544 93450 0 0 0 standing 
9 272 423 320 545 93451 0 0 1 standing 
9 237 425 287 546 93452 0 0 1 standing 
9 202 427 254 547 93453 0 0 1 standing 
9 168 429 222 549 93454 0 0 0 standing 
9 144 429 197 549 93455 0 0 1 standing 
9 120 430 173 550 93456 0 0 1 standing 
9 96 430 149 550 93457 0 0 1 standing 
9 72 431 125 551 93458 0 0 0 standing 
9 58 430 107 552 93459 0 0 1 standing 
9 44 429 89 553 93460 0 0 1 standing 
9 31 429 71 554 93461 0 0 0 standing 
9 26 429 64 553 93462 0 0 1 standing 
9 21 429 58 552 93463 0 0 1 standing 
9 17 430 52 552 93464 0 0 0 standing 
9 14 430 53 552 93465 0 0 1 standing 
9 11 431 55 552 93466 0 0 1 standing 
9 8 432 57 553 93467 0 0 0 standing 
9 11 430 61 551 93468 0 0 1 standing 
9 14 429 65 550 93469 0 0 1 standing 
10 125 424 170 552 93450 0 0 0 standing 
10 87 426 132 554 93451 0 0 1 standing 
10 50 428 95 556 93452 0 0 1 standing 
10 13 430 58 558 93453 1 0 0 standing 
10 19 428 64 556 93454 1 0 1 standing 
10 26 426 71 554 93455 1 0 1 standing 
10 33 424 78 552 93456 1 0 0 standing 
10 34 424 79 552 93457 1 0 1 standing 
10 36 424 81 552 93458 1 0 1 standing 
10 38 424 83 552 93459 1 0 1 standing 
10 40 424 85 552 93460 1 0 0 standing 
10 40 424 85 552 93461 1 0 1 standing 
10 40 424 85 552 93462 1 0 1 standing 
10 40 424 85 552 93463 1 0 1 standing 
10 40 424 85 552 93464 1 0 1 standing 
10 40 424 85 552 93465 1 0 1 standing 
10 40 424 85 552 93466 1 0 1 standing 
10 40 424 85 552 93467 1 0 1 standing 
10 40 424 85 552 93468 1 0 1 standing 
10 40 424 85 552 93469 1 0 0 standing 
11 2 477 72 615 93450 1 0 0 standing 
11 2 477 72 615 93451 1 0 1 standing 
11 2 477 72 615 93452 1 0 1 standing 
11 2 477 72 615 93453 1 0 0 standing 
11 2 477 72 615 93454 1 0 1 standing 
11 2 477 72 615 93455 1 0 1 standing 
11 2 477 72 615 93456 1 0 1 standing 
11 2 477 72 615 93457 1 0 1 standing 
11 2 477 72 615 93458 1 0 1 standing 
11 2 477 72 615 93459 1 0 1 standing 
11 2 477 72 615 93460 1 0 1 standing 
11 2 477 72 615 93461 1 0 1 standing 
11 2 477 72 615 93462 1 0 1 standing 
11 2 477 72 615 93463 1 0 1 standing 
11 2 477 72 615 93464 1 0 1 standing 
11 2 477 72 615 93465 1 0 1 standing 
11 2 477 72 615 93466 1 0 1 standing 
11 2 477 72 615 93467 1 0 1 standing 
11 2 477 72 615 93468 1 0 1 standing 
11 2 477 72 615 93469 1 0 1 standing 
