0 925 314 1024 452 46340 1 0 1 setting 
0 925 314 1024 452 46341 1 0 1 setting 
0 925 314 1024 452 46342 0 1 0 setting 
0 914 308 1012 449 46343 0 1 1 setting 
0 903 302 1000 446 46344 0 1 1 setting 
0 892 296 989 443 46345 0 1 1 setting 
0 881 290 977 440 46346 0 1 1 setting 
0 870 284 966 438 46347 0 1 0 setting 
0 866 276 955 436 46348 0 1 1 setting 
0 863 268 944 434 46349 0 1 1 setting 
0 859 260 934 432 46350 0 1 1 setting 
0 856 252 923 430 46351 0 1 1 setting 
0 853 244 913 429 46352 0 1 0 setting 
0 849 249 914 429 46353 0 1 1 setting 
0 845 254 916 430 46354 0 1 1 setting 
0 842 259 917 430 46355 0 1 1 setting 
0 838 264 919 431 46356 0 1 1 setting 
0 835 269 921 432 46357 0 1 0 setting 
0 834 273 919 433 46358 0 1 1 setting 
0 833 277 917 434 46359 0 1 1 setting 
1 1091 347 1151 497 46340 1 0 1 setting 
1 1091 347 1151 497 46341 1 0 1 standing 
1 1091 347 1151 497 46342 0 0 0 standing 
1 1080 346 1144 496 46343 0 0 1 standing 
1 1070 345 1137 495 46344 0 0 1 standing 
1 1060 345 1130 494 46345 0 0 1 standing 
1 1049 344 1123 494 46346 0 0 1 standing 
1 1039 344 1116 493 46347 0 0 1 standing 
1 1029 343 1109 492 46348 0 0 1 standing 
1 1018 342 1102 492 46349 0 0 1 standing 
1 1008 342 1095 491 46350 0 0 1 standing 
1 998 341 1088 490 46351 0 0 1 standing 
1 988 341 1082 490 46352 0 0 0 standing 
1 986 340 1080 489 46353 0 0 1 standing 
1 984 339 1078 488 46354 0 0 1 standing 
1 982 339 1076 488 46355 0 0 1 standing 
1 980 338 1074 487 46356 0 0 1 standing 
1 979 338 1073 487 46357 0 0 1 standing 
1 977 337 1071 486 46358 0 0 1 standing 
1 975 336 1069 485 46359 0 0 1 standing 
2 931 405 1006 527 46340 1 0 1 standing 
2 931 405 1006 527 46341 1 0 1 standing 
2 931 405 1006 527 46342 0 0 0 standing 
2 921 402 999 525 46343 0 0 1 standing 
2 911 399 992 523 46344 0 0 1 standing 
2 902 396 985 522 46345 0 0 0 standing 
2 893 393 977 521 46346 0 0 1 standing 
2 885 390 970 521 46347 0 0 1 standing 
2 877 387 963 521 46348 0 0 0 standing 
2 875 384 957 520 46349 0 0 1 standing 
2 874 381 951 520 46350 0 0 1 standing 
2 873 378 945 519 46351 0 0 1 standing 
2 872 376 939 519 46352 0 0 0 standing 
2 871 376 941 518 46353 0 0 1 standing 
2 871 377 943 518 46354 0 0 1 standing 
2 871 378 946 518 46355 0 0 1 standing 
2 871 379 948 518 46356 0 0 1 standing 
2 871 380 951 518 46357 0 0 1 standing 
2 870 380 953 518 46358 0 0 1 standing 
2 870 381 955 518 46359 0 0 1 standing 
3 754 406 833 532 46340 1 0 1 standing 
3 754 406 833 532 46341 1 0 1 standing 
3 754 406 833 532 46342 0 0 0 standing 
3 750 405 831 534 46343 0 0 1 standing 
3 746 405 830 536 46344 0 0 1 standing 
3 743 405 829 539 46345 0 0 1 standing 
3 739 405 828 541 46346 0 0 1 standing 
3 735 404 826 544 46347 0 0 1 standing 
3 732 404 825 546 46348 0 0 1 standing 
3 728 404 824 549 46349 0 0 1 standing 
3 724 404 823 551 46350 0 0 1 standing 
3 721 404 822 554 46351 0 0 0 standing 
3 724 406 825 556 46352 0 0 1 standing 
3 728 408 828 559 46353 0 0 1 standing 
3 732 410 832 561 46354 0 0 1 standing 
3 736 413 835 564 46355 0 0 1 standing 
3 740 415 839 566 46356 0 0 1 standing 
3 743 417 842 569 46357 0 0 1 standing 
3 747 419 846 571 46358 0 0 1 standing 
3 751 422 849 574 46359 0 0 1 standing 
4 673 320 741 469 46340 1 0 1 standing 
4 673 320 741 469 46341 1 0 1 standing 
4 673 320 741 469 46342 0 0 0 standing 
4 663 322 736 471 46343 0 0 1 standing 
4 654 324 732 474 46344 0 0 1 standing 
4 644 327 728 476 46345 0 0 1 standing 
4 635 329 724 479 46346 0 0 1 standing 
4 626 332 720 482 46347 0 0 0 standing 
4 619 332 711 482 46348 0 0 1 standing 
4 612 332 702 482 46349 0 0 1 standing 
4 606 333 694 483 46350 0 0 1 standing 
4 599 333 685 483 46351 0 0 1 standing 
4 593 334 677 484 46352 0 0 0 standing 
4 595 336 680 486 46353 0 0 1 standing 
4 597 338 684 488 46354 0 0 1 standing 
4 599 341 688 490 46355 0 0 1 standing 
4 601 343 692 493 46356 0 0 1 standing 
4 603 346 696 495 46357 0 0 1 standing 
4 605 348 699 497 46358 0 0 1 standing 
4 607 350 703 500 46359 0 0 1 standing 
5 664 294 729 433 46340 1 0 1 standing 
5 664 294 729 433 46341 1 0 1 standing 
5 664 294 729 433 46342 0 0 0 standing 
5 654 295 719 434 46343 0 0 1 standing 
5 644 296 709 436 46344 0 0 1 standing 
5 634 297 699 437 46345 0 0 1 standing 
5 625 298 689 439 46346 0 0 1 standing 
5 615 299 680 441 46347 0 0 1 standing 
5 605 300 670 442 46348 0 0 1 standing 
5 596 301 660 444 46349 0 0 1 standing 
5 586 302 650 445 46350 0 0 1 standing 
5 576 303 640 447 46351 0 0 1 standing 
5 567 305 631 449 46352 0 0 0 standing 
5 561 306 629 449 46353 0 0 1 standing 
5 556 308 628 449 46354 0 0 1 standing 
5 550 309 626 449 46355 0 0 1 standing 
5 545 311 625 449 46356 0 0 1 standing 
5 540 312 624 449 46357 0 0 1 standing 
5 534 314 622 449 46358 0 0 1 standing 
5 529 315 621 449 46359 0 0 1 standing 
6 577 315 630 464 46340 1 0 1 standing 
6 577 315 630 464 46341 1 0 1 standing 
6 577 315 630 464 46342 0 0 0 standing 
6 565 317 618 468 46343 0 0 1 standing 
6 554 319 607 472 46344 0 0 1 standing 
6 542 321 595 476 46345 0 0 1 standing 
6 531 323 584 480 46346 0 0 1 standing 
6 520 326 573 484 46347 0 0 0 standing 
6 508 325 562 483 46348 0 0 1 standing 
6 497 325 551 483 46349 0 0 1 standing 
6 486 325 540 483 46350 0 0 1 standing 
6 475 325 529 483 46351 0 0 0 standing 
6 466 326 520 483 46352 0 0 1 standing 
6 457 327 511 483 46353 0 0 1 standing 
6 448 329 502 483 46354 0 0 0 standing 
6 444 329 498 483 46355 0 0 1 standing 
6 440 329 494 483 46356 0 0 1 standing 
6 437 329 491 483 46357 0 0 1 standing 
6 433 330 487 484 46358 0 0 1 standing 
6 429 330 483 484 46359 0 0 1 standing 
7 520 357 600 488 46340 1 0 1 standing 
7 520 357 600 488 46341 1 0 1 standing 
7 520 357 600 488 46342 0 0 0 standing 
7 505 357 582 488 46343 0 0 1 standing 
7 490 357 564 488 46344 0 0 1 standing 
7 476 358 546 488 46345 0 0 1 standing 
7 461 358 528 488 46346 0 0 1 standing 
7 447 359 510 488 46347 0 0 0 standing 
7 427 360 496 489 46348 0 0 1 standing 
7 408 361 482 490 46349 0 0 1 standing 
7 389 362 468 491 46350 0 0 0 standing 
7 378 363 454 493 46351 0 0 1 standing 
7 368 364 440 495 46352 0 0 1 standing 
7 357 365 426 497 46353 0 0 1 standing 
7 347 366 413 500 46354 0 0 0 standing 
7 336 367 403 502 46355 0 0 1 standing 
7 326 368 394 505 46356 0 0 1 standing 
7 316 369 384 507 46357 0 0 1 standing 
7 306 371 375 510 46358 0 0 1 standing 
7 295 372 366 512 46359 0 0 1 standing 
8 374 425 459 590 46340 1 0 1 standing 
8 374 425 459 590 46341 1 0 1 standing 
8 374 425 459 590 46342 0 0 0 standing 
8 368 421 452 588 46343 0 0 1 standing 
8 362 417 445 586 46344 0 0 1 standing 
8 356 414 438 584 46345 0 0 1 standing 
8 350 410 431 582 46346 0 0 1 standing 
8 345 407 424 580 46347 0 0 0 standing 
8 339 406 413 577 46348 0 0 1 standing 
8 333 405 402 574 46349 0 0 1 standing 
8 328 405 392 572 46350 0 0 0 standing 
8 322 403 393 571 46351 0 0 1 standing 
8 316 402 395 571 46352 0 0 1 standing 
8 310 400 396 570 46353 0 0 1 standing 
8 304 399 398 570 46354 0 0 0 standing 
8 305 398 395 568 46355 0 0 1 standing 
8 307 398 393 567 46356 0 0 1 standing 
8 309 397 390 566 46357 0 0 1 standing 
8 311 397 388 565 46358 0 0 1 standing 
8 312 397 385 563 46359 0 0 1 standing 
9 298 399 372 537 46340 1 0 1 standing 
9 298 399 372 537 46341 1 0 1 standing 
9 298 399 372 537 46342 0 0 0 standing 
9 289 395 359 534 46343 0 0 1 standing 
9 280 391 347 531 46344 0 0 1 standing 
9 271 388 334 528 46345 0 0 1 standing 
9 262 384 322 525 46346 0 0 1 standing 
9 253 381 310 522 46347 0 0 0 standing 
9 243 378 303 519 46348 0 0 1 standing 
9 234 375 296 516 46349 0 0 1 standing 
9 224 372 289 514 46350 0 0 1 standing 
9 215 369 282 511 46351 0 0 1 standing 
9 205 366 275 509 46352 0 0 1 standing 
9 196 363 268 506 46353 0 0 1 standing 
9 187 360 262 504 46354 0 0 0 standing 
9 186 358 258 502 46355 0 0 1 standing 
9 185 356 254 500 46356 0 0 1 standing 
9 184 354 251 498 46357 0 0 1 standing 
9 183 352 247 497 46358 0 0 1 standing 
9 182 350 243 495 46359 0 0 1 standing 
10 293 310 393 422 46340 1 0 1 standing 
10 293 310 393 422 46341 1 0 1 moving 
10 293 310 393 422 46342 0 0 0 moving 
10 288 310 385 423 46343 0 0 1 moving 
10 283 310 378 425 46344 0 0 1 moving 
10 278 310 371 426 46345 0 0 1 moving 
10 273 310 364 428 46346 0 0 1 moving 
10 268 310 357 430 46347 0 0 0 moving 
10 265 310 356 432 46348 0 0 1 moving 
10 263 310 355 434 46349 0 0 1 moving 
10 260 310 354 436 46350 0 0 1 moving 
10 258 311 353 439 46351 0 0 1 moving 
10 255 311 352 441 46352 0 0 1 moving 
10 253 311 351 443 46353 0 0 1 moving 
10 251 312 350 446 46354 0 0 0 moving 
10 259 313 356 447 46355 0 0 1 moving 
10 267 314 362 449 46356 0 0 1 moving 
10 275 315 368 450 46357 0 0 1 moving 
10 284 317 375 452 46358 0 0 1 moving 
10 292 318 381 454 46359 0 0 1 moving 
11 173 349 234 504 46340 1 0 1 moving 
11 173 349 234 504 46341 1 0 1 standing 
11 173 349 234 504 46342 0 0 0 standing 
11 162 349 222 504 46343 0 0 1 standing 
11 151 350 211 505 46344 0 0 1 standing 
11 140 351 199 505 46345 0 0 1 standing 
11 129 351 188 506 46346 0 0 1 standing 
11 118 352 176 506 46347 0 0 1 standing 
11 108 353 165 507 46348 0 0 1 standing 
11 97 353 154 508 46349 0 0 1 standing 
11 86 354 142 508 46350 0 0 1 standing 
11 75 355 131 509 46351 0 0 1 standing 
11 64 355 119 509 46352 0 0 1 standing 
11 53 356 108 510 46353 0 0 1 standing 
11 43 357 97 511 46354 0 0 0 standing 
11 39 357 93 511 46355 0 0 1 standing 
11 35 358 89 512 46356 0 0 1 standing 
11 32 358 86 512 46357 0 0 1 standing 
11 28 359 82 513 46358 0 0 1 standing 
11 24 359 78 513 46359 0 0 1 standing 
