0 521 452 564 572 13930 0 1 0 digging 
0 516 447 559 571 13931 0 1 1 digging 
0 511 442 554 571 13932 0 1 1 digging 
0 506 437 549 571 13933 0 1 1 digging 
0 501 432 544 571 13934 0 1 1 digging 
0 497 427 539 571 13935 0 1 1 digging 
0 492 422 534 570 13936 0 1 1 digging 
0 487 417 529 570 13937 0 1 1 digging 
0 482 412 524 570 13938 0 1 1 digging 
0 477 407 519 570 13939 0 1 1 digging 
0 473 403 515 570 13940 0 1 0 digging 
0 466 408 511 572 13941 0 1 1 digging 
0 460 413 508 574 13942 0 1 1 digging 
0 454 418 505 576 13943 0 1 1 digging 
0 447 423 502 578 13944 0 1 1 digging 
0 441 428 499 580 13945 0 1 1 digging 
0 435 434 496 582 13946 0 1 0 digging 
0 427 437 488 585 13947 0 1 1 digging 
0 420 441 481 589 13948 0 1 1 digging 
0 413 444 473 593 13949 0 1 1 digging 
1 334 432 376 563 13930 0 0 0 digging 
1 324 432 366 563 13931 0 0 1 standing 
1 315 432 357 563 13932 0 0 1 standing 
1 306 433 348 564 13933 0 0 1 standing 
1 297 433 339 564 13934 0 0 1 standing 
1 288 434 330 565 13935 0 0 1 standing 
1 278 434 320 565 13936 0 0 1 standing 
1 269 434 311 565 13937 0 0 1 standing 
1 260 435 302 566 13938 0 0 1 standing 
1 251 435 293 566 13939 0 0 1 standing 
1 242 436 284 567 13940 0 0 0 standing 
1 232 437 275 569 13941 0 0 1 standing 
1 222 438 267 571 13942 0 0 1 standing 
1 212 440 259 574 13943 0 0 1 standing 
1 202 441 251 576 13944 0 0 1 standing 
1 193 443 242 579 13945 0 0 1 standing 
1 183 444 234 581 13946 0 0 1 standing 
1 173 446 226 584 13947 0 0 1 standing 
1 163 447 218 586 13948 0 0 1 standing 
1 154 449 210 589 13949 0 0 0 standing 
2 617 455 669 591 13930 0 0 0 standing 
2 610 453 662 589 13931 0 0 1 standing 
2 604 451 656 587 13932 0 0 1 standing 
2 598 450 650 586 13933 0 0 1 standing 
2 592 448 644 584 13934 0 0 1 standing 
2 586 447 638 583 13935 0 0 1 standing 
2 579 445 631 581 13936 0 0 1 standing 
2 573 443 625 579 13937 0 0 1 standing 
2 567 442 619 578 13938 0 0 1 standing 
2 561 440 613 576 13939 0 0 1 standing 
2 555 439 607 575 13940 0 0 0 standing 
2 547 438 599 574 13941 0 0 1 standing 
2 539 437 591 573 13942 0 0 1 standing 
2 532 436 584 572 13943 0 0 1 standing 
2 524 435 576 571 13944 0 0 1 standing 
2 517 435 569 571 13945 0 0 1 standing 
2 509 434 561 570 13946 0 0 1 standing 
2 501 433 553 569 13947 0 0 1 standing 
2 494 432 546 568 13948 0 0 1 standing 
2 486 431 538 567 13949 0 0 1 standing 
3 513 313 555 432 13930 0 0 0 standing 
3 506 312 548 431 13931 0 0 1 standing 
3 499 312 541 431 13932 0 0 1 standing 
3 493 312 535 431 13933 0 0 1 standing 
3 486 312 528 431 13934 0 0 1 standing 
3 480 312 522 431 13935 0 0 1 standing 
3 473 312 515 431 13936 0 0 1 standing 
3 466 312 508 431 13937 0 0 1 standing 
3 460 312 502 431 13938 0 0 1 standing 
3 453 312 495 431 13939 0 0 1 standing 
3 447 312 489 431 13940 0 0 0 standing 
3 437 312 483 431 13941 0 0 1 standing 
3 428 313 478 432 13942 0 0 1 standing 
3 419 314 472 432 13943 0 0 1 standing 
3 410 315 467 433 13944 0 0 1 standing 
3 401 316 461 433 13945 0 0 1 standing 
3 392 317 456 434 13946 0 0 0 standing 
3 388 316 453 433 13947 0 0 1 standing 
3 384 316 451 433 13948 0 0 1 standing 
3 381 316 448 432 13949 0 0 1 standing 
4 659 362 711 510 13930 0 0 0 standing 
4 653 362 705 510 13931 0 0 1 standing 
4 647 362 699 510 13932 0 0 1 standing 
4 641 362 693 510 13933 0 0 1 standing 
4 635 362 687 510 13934 0 0 1 standing 
4 629 362 681 510 13935 0 0 1 standing 
4 623 362 675 510 13936 0 0 1 standing 
4 617 362 669 510 13937 0 0 1 standing 
4 611 362 663 510 13938 0 0 1 standing 
4 605 362 657 510 13939 0 0 1 standing 
4 599 362 651 510 13940 0 0 0 standing 
4 592 362 644 510 13941 0 0 1 standing 
4 585 363 637 511 13942 0 0 1 standing 
4 578 364 630 512 13943 0 0 1 standing 
4 571 365 623 513 13944 0 0 1 standing 
4 564 366 616 514 13945 0 0 1 standing 
4 558 367 610 515 13946 0 0 0 standing 
4 554 368 606 516 13947 0 0 1 standing 
4 551 369 603 517 13948 0 0 1 standing 
4 548 370 600 518 13949 0 0 1 standing 
5 864 432 915 595 13930 0 0 0 standing 
5 857 431 908 594 13931 0 0 1 digging 
5 851 430 902 593 13932 0 0 1 digging 
5 845 429 896 592 13933 0 0 1 digging 
5 839 429 890 592 13934 0 0 1 digging 
5 833 428 884 591 13935 0 0 1 digging 
5 827 427 878 590 13936 0 0 1 digging 
5 821 427 872 590 13937 0 0 1 digging 
5 815 426 866 589 13938 0 0 1 digging 
5 809 425 860 588 13939 0 0 1 digging 
5 803 425 854 588 13940 0 0 0 digging 
5 796 425 847 588 13941 0 0 1 digging 
5 790 425 841 588 13942 0 0 1 digging 
5 784 425 835 588 13943 0 0 1 digging 
5 778 425 829 588 13944 0 0 1 digging 
5 772 425 823 588 13945 0 0 1 digging 
5 766 425 817 588 13946 0 0 1 digging 
5 760 425 811 588 13947 0 0 1 digging 
5 754 425 805 588 13948 0 0 1 digging 
5 748 425 799 588 13949 0 0 0 digging 
6 1130 370 1178 501 13930 0 0 0 digging 
6 1126 368 1173 499 13931 0 0 1 standing 
6 1122 367 1169 498 13932 0 0 1 standing 
6 1119 366 1165 497 13933 0 0 1 standing 
6 1115 364 1161 495 13934 0 0 1 standing 
6 1112 363 1157 494 13935 0 0 1 standing 
6 1108 362 1153 493 13936 0 0 1 standing 
6 1105 361 1149 492 13937 0 0 0 standing 
6 1099 360 1142 491 13938 0 0 1 standing 
6 1093 359 1136 490 13939 0 0 1 standing 
6 1088 358 1130 489 13940 0 0 0 standing 
6 1083 357 1125 488 13941 0 0 1 standing 
6 1078 357 1120 488 13942 0 0 1 standing 
6 1073 357 1115 488 13943 0 0 1 standing 
6 1068 357 1110 488 13944 0 0 1 standing 
6 1063 357 1105 488 13945 0 0 1 standing 
6 1058 357 1100 488 13946 0 0 1 standing 
6 1053 357 1095 488 13947 0 0 1 standing 
6 1048 357 1090 488 13948 0 0 1 standing 
6 1043 357 1085 488 13949 0 0 1 standing 
7 1224 478 1273 629 13930 0 0 0 standing 
7 1219 477 1268 628 13931 0 0 1 standing 
7 1215 477 1263 627 13932 0 0 1 standing 
7 1211 476 1259 627 13933 0 0 1 standing 
7 1207 476 1254 626 13934 0 0 1 standing 
7 1203 475 1250 626 13935 0 0 1 standing 
7 1199 475 1245 625 13936 0 0 1 standing 
7 1195 474 1240 624 13937 0 0 1 standing 
7 1191 474 1236 624 13938 0 0 1 standing 
7 1187 473 1231 623 13939 0 0 1 standing 
7 1183 473 1227 623 13940 0 0 0 standing 
7 1177 473 1222 622 13941 0 0 1 standing 
7 1171 473 1217 621 13942 0 0 1 standing 
7 1166 473 1212 620 13943 0 0 1 standing 
7 1160 473 1208 620 13944 0 0 1 standing 
7 1155 474 1203 619 13945 0 0 1 standing 
7 1149 474 1198 618 13946 0 0 1 standing 
7 1143 474 1194 618 13947 0 0 1 standing 
7 1138 474 1189 617 13948 0 0 1 standing 
7 1132 474 1184 616 13949 0 0 1 standing 
8 307 491 376 634 13930 0 0 0 standing 
8 300 491 368 634 13931 0 0 1 moving 
8 293 492 361 635 13932 0 0 1 moving 
8 286 493 353 636 13933 0 0 1 moving 
8 280 494 346 637 13934 0 0 1 moving 
8 273 495 338 638 13935 0 0 1 moving 
8 266 496 331 638 13936 0 0 1 moving 
8 260 497 323 639 13937 0 0 1 moving 
8 253 498 316 640 13938 0 0 1 moving 
8 246 499 308 641 13939 0 0 1 moving 
8 240 500 301 642 13940 0 0 0 moving 
8 232 502 294 645 13941 0 0 1 moving 
8 224 504 287 649 13942 0 0 1 moving 
8 216 507 280 653 13943 0 0 0 moving 
8 203 505 278 657 13944 0 0 1 moving 
8 190 503 276 662 13945 0 0 1 moving 
8 178 501 274 667 13946 0 0 0 moving 
8 184 499 273 663 13947 0 0 1 moving 
8 190 498 272 659 13948 0 0 1 moving 
8 196 497 271 655 13949 0 0 1 moving 
9 841 399 891 554 13930 0 0 0 moving 
9 835 398 885 553 13931 0 0 1 digging 
9 829 398 879 553 13932 0 0 1 digging 
9 823 398 873 553 13933 0 0 1 digging 
9 817 398 867 553 13934 0 0 1 digging 
9 812 398 862 553 13935 0 0 1 digging 
9 806 398 856 553 13936 0 0 1 digging 
9 800 398 850 553 13937 0 0 1 digging 
9 794 398 844 553 13938 0 0 1 digging 
9 788 398 838 553 13939 0 0 1 digging 
9 783 398 833 553 13940 0 0 0 digging 
9 775 398 825 551 13941 0 0 1 digging 
9 768 398 817 549 13942 0 0 1 digging 
9 760 398 810 548 13943 0 0 1 digging 
9 753 398 802 546 13944 0 0 1 digging 
9 746 398 795 545 13945 0 0 0 digging 
9 738 395 788 543 13946 0 0 1 digging 
9 731 392 781 542 13947 0 0 1 digging 
9 724 389 774 540 13948 0 0 1 digging 
9 717 386 767 539 13949 0 0 1 digging 
10 842 381 884 520 13930 0 0 0 digging 
10 835 380 877 519 13931 0 0 1 standing 
10 829 380 871 519 13932 0 0 1 standing 
10 822 380 864 519 13933 0 0 1 standing 
10 816 380 858 519 13934 0 0 1 standing 
10 810 380 852 519 13935 0 0 1 standing 
10 803 380 845 519 13936 0 0 1 standing 
10 797 380 839 519 13937 0 0 1 standing 
10 790 380 832 519 13938 0 0 1 standing 
10 784 380 826 519 13939 0 0 1 standing 
10 778 380 820 519 13940 0 0 0 standing 
10 771 378 813 517 13941 0 0 1 standing 
10 764 377 806 516 13942 0 0 1 standing 
10 757 376 799 515 13943 0 0 1 standing 
10 750 375 792 514 13944 0 0 1 standing 
10 743 374 785 513 13945 0 0 1 standing 
10 736 372 778 511 13946 0 0 1 standing 
10 729 371 771 510 13947 0 0 1 standing 
10 722 370 764 509 13948 0 0 1 standing 
10 715 369 757 508 13949 0 0 1 standing 
11 1245 403 1277 537 13930 1 0 1 standing 
11 1245 403 1277 537 13931 1 0 1 standing 
11 1245 403 1277 537 13932 1 0 1 standing 
11 1245 403 1277 537 13933 1 0 1 standing 
11 1245 403 1277 537 13934 1 0 1 standing 
11 1245 403 1277 537 13935 1 0 1 standing 
11 1245 403 1277 537 13936 1 0 1 standing 
11 1245 403 1277 537 13937 1 0 1 standing 
11 1245 403 1277 537 13938 1 0 1 standing 
11 1245 403 1277 537 13939 1 0 1 standing 
11 1245 403 1277 537 13940 1 0 1 standing 
11 1245 403 1277 537 13941 1 0 1 standing 
11 1245 403 1277 537 13942 1 0 1 standing 
11 1245 403 1277 537 13943 1 0 1 standing 
11 1245 403 1277 537 13944 1 0 1 standing 
11 1245 403 1277 537 13945 1 0 1 standing 
11 1245 403 1277 537 13946 1 0 1 standing 
11 1245 403 1277 537 13947 1 0 1 standing 
11 1245 403 1277 537 13948 0 0 0 standing 
11 1245 403 1277 537 13949 0 0 1 standing 
