0 756 415 825 522 43710 0 1 0 falling 
0 748 417 820 518 43711 0 1 1 falling 
0 740 419 815 515 43712 0 1 1 falling 
0 732 421 810 512 43713 0 1 1 falling 
0 724 423 805 509 43714 0 1 1 falling 
0 716 426 800 506 43715 0 1 1 falling 
0 708 428 795 503 43716 0 1 1 falling 
0 700 430 790 500 43717 0 1 1 falling 
0 692 432 785 497 43718 0 1 1 falling 
0 684 434 780 494 43719 0 1 1 falling 
0 677 437 776 491 43720 0 1 0 falling 
0 676 435 775 489 43721 0 1 1 falling 
0 676 434 775 488 43722 0 1 1 falling 
0 676 432 775 486 43723 0 1 1 falling 
0 675 431 774 485 43724 0 1 1 falling 
0 675 430 774 484 43725 0 1 1 falling 
0 675 428 774 482 43726 0 1 1 falling 
0 674 427 773 481 43727 0 1 1 falling 
0 674 425 773 479 43728 0 1 1 falling 
0 674 424 773 478 43729 0 1 1 falling 
1 658 419 741 546 43710 0 0 0 falling 
1 663 418 746 544 43711 0 0 1 standing 
1 668 418 751 542 43712 0 0 1 standing 
1 674 418 757 540 43713 0 0 0 standing 
1 678 414 764 540 43714 0 0 1 standing 
1 683 410 771 540 43715 0 0 1 standing 
1 688 406 778 540 43716 0 0 0 standing 
1 692 402 782 539 43717 0 0 1 standing 
1 697 398 787 539 43718 0 0 1 standing 
1 702 395 792 539 43719 0 0 0 standing 
1 703 392 793 538 43720 0 0 1 standing 
1 705 389 794 538 43721 0 0 1 standing 
1 707 387 795 538 43722 0 0 0 standing 
1 709 386 794 537 43723 0 0 1 standing 
1 711 385 793 536 43724 0 0 1 standing 
1 713 385 792 536 43725 0 0 0 standing 
1 715 384 793 536 43726 0 0 1 standing 
1 717 383 794 536 43727 0 0 1 standing 
1 719 382 795 536 43728 0 0 1 standing 
1 721 381 796 536 43729 0 0 1 standing 
2 677 329 720 417 43710 0 0 0 standing 
2 680 325 728 416 43711 0 0 1 standing 
2 683 322 736 415 43712 0 0 1 standing 
2 686 319 744 414 43713 0 0 0 standing 
2 687 317 747 413 43714 0 0 1 standing 
2 689 315 750 413 43715 0 0 1 standing 
2 691 314 753 413 43716 0 0 1 standing 
2 692 312 756 412 43717 0 0 1 standing 
2 694 311 759 412 43718 0 0 1 standing 
2 696 309 762 412 43719 0 0 1 standing 
2 697 308 765 411 43720 0 0 1 standing 
2 699 306 768 411 43721 0 0 1 standing 
2 701 305 772 411 43722 0 0 0 standing 
2 705 306 774 411 43723 0 0 1 standing 
2 710 307 776 411 43724 0 0 1 standing 
2 715 309 778 412 43725 0 0 0 standing 
2 721 307 782 412 43726 0 0 1 standing 
2 727 305 786 413 43727 0 0 1 standing 
2 734 304 790 414 43728 0 0 1 standing 
2 740 302 794 415 43729 0 0 1 standing 
3 920 471 1026 642 43710 0 0 0 standing 
3 923 468 1025 639 43711 0 0 1 standing 
3 926 466 1025 636 43712 0 0 1 standing 
3 929 464 1025 634 43713 0 0 0 standing 
3 932 461 1022 633 43714 0 0 1 standing 
3 936 458 1020 632 43715 0 0 1 standing 
3 940 456 1018 632 43716 0 0 0 standing 
3 944 456 1019 631 43717 0 0 1 standing 
3 948 456 1021 631 43718 0 0 1 standing 
3 952 457 1023 631 43719 0 0 0 standing 
3 948 457 1029 631 43720 0 0 1 standing 
3 944 457 1035 631 43721 0 0 1 standing 
3 941 457 1041 632 43722 0 0 0 standing 
3 942 457 1043 630 43723 0 0 1 standing 
3 943 457 1045 629 43724 0 0 1 standing 
3 944 457 1047 628 43725 0 0 0 standing 
3 943 456 1042 626 43726 0 0 1 standing 
3 942 456 1037 624 43727 0 0 1 standing 
3 941 456 1032 622 43728 0 0 1 standing 
3 940 456 1027 620 43729 0 0 1 standing 
4 891 378 951 499 43710 0 0 0 standing 
4 896 373 957 495 43711 0 0 1 standing 
4 902 369 963 492 43712 0 0 1 standing 
4 908 365 970 489 43713 0 0 0 standing 
4 915 362 976 490 43714 0 0 1 standing 
4 922 360 982 491 43715 0 0 1 standing 
4 930 358 989 493 43716 0 0 0 standing 
4 935 357 997 492 43717 0 0 1 standing 
4 941 357 1005 492 43718 0 0 1 standing 
4 947 357 1013 492 43719 0 0 1 standing 
4 953 356 1021 491 43720 0 0 1 standing 
4 959 356 1029 491 43721 0 0 1 standing 
4 965 356 1037 491 43722 0 0 0 standing 
4 969 355 1040 491 43723 0 0 1 standing 
4 973 354 1044 491 43724 0 0 1 standing 
4 978 354 1048 492 43725 0 0 0 standing 
4 982 352 1051 490 43726 0 0 1 standing 
4 987 351 1055 489 43727 0 0 1 standing 
4 992 350 1059 488 43728 0 0 0 standing 
4 993 349 1059 487 43729 0 0 1 standing 
5 1013 357 1132 470 43710 0 0 0 standing 
5 1007 355 1121 468 43711 0 0 1 moving 
5 1002 354 1111 466 43712 0 0 1 moving 
5 997 353 1101 464 43713 0 0 0 moving 
5 998 349 1098 463 43714 0 0 1 moving 
5 999 346 1096 463 43715 0 0 1 moving 
5 1000 343 1094 463 43716 0 0 0 moving 
5 999 342 1094 461 43717 0 0 1 moving 
5 999 341 1094 460 43718 0 0 1 moving 
5 999 341 1094 459 43719 0 0 0 moving 
5 999 341 1083 457 43720 0 0 1 moving 
5 999 341 1072 455 43721 0 0 1 moving 
5 1000 341 1062 453 43722 0 0 0 moving 
5 998 340 1058 452 43723 0 0 1 moving 
5 996 339 1055 452 43724 0 0 1 moving 
5 994 338 1051 451 43725 0 0 1 moving 
5 992 338 1048 451 43726 0 0 1 moving 
5 990 337 1045 450 43727 0 0 1 moving 
5 988 336 1041 450 43728 0 0 1 moving 
5 986 335 1038 449 43729 0 0 1 moving 
6 432 422 480 579 43710 0 0 0 moving 
6 435 421 485 578 43711 0 0 1 standing 
6 438 420 490 578 43712 0 0 1 standing 
6 442 420 495 577 43713 0 0 1 standing 
6 445 419 500 577 43714 0 0 1 standing 
6 448 418 505 576 43715 0 0 1 standing 
6 452 418 510 576 43716 0 0 1 standing 
6 455 417 515 575 43717 0 0 1 standing 
6 458 416 520 575 43718 0 0 1 standing 
6 462 416 526 575 43719 0 0 0 standing 
6 464 415 529 573 43720 0 0 1 standing 
6 467 415 533 572 43721 0 0 1 standing 
6 469 415 536 571 43722 0 0 1 standing 
6 472 414 540 570 43723 0 0 1 standing 
6 475 414 544 569 43724 0 0 1 standing 
6 477 414 547 568 43725 0 0 1 standing 
6 480 414 551 567 43726 0 0 1 standing 
6 483 413 555 566 43727 0 0 1 standing 
6 485 413 558 565 43728 0 0 1 standing 
6 488 413 562 564 43729 0 0 1 standing 
7 461 359 505 517 43710 0 0 0 standing 
7 466 358 511 516 43711 0 0 1 standing 
7 472 358 517 516 43712 0 0 1 standing 
7 478 357 523 516 43713 0 0 1 standing 
7 484 357 529 515 43714 0 0 1 standing 
7 490 356 535 515 43715 0 0 1 standing 
7 495 356 541 515 43716 0 0 1 standing 
7 501 355 547 514 43717 0 0 1 standing 
7 507 355 553 514 43718 0 0 1 standing 
7 513 354 559 514 43719 0 0 1 standing 
7 519 354 565 514 43720 0 0 0 standing 
7 524 353 570 511 43721 0 0 1 standing 
7 530 352 576 509 43722 0 0 1 standing 
7 535 351 581 507 43723 0 0 1 standing 
7 541 350 587 505 43724 0 0 1 standing 
7 547 350 593 503 43725 0 0 1 standing 
7 552 349 598 501 43726 0 0 1 standing 
7 558 348 604 499 43727 0 0 1 standing 
7 563 347 609 497 43728 0 0 1 standing 
7 569 346 615 495 43729 0 0 1 standing 
8 468 325 509 465 43710 0 0 0 standing 
8 473 323 513 464 43711 0 0 1 standing 
8 478 322 518 464 43712 0 0 1 standing 
8 483 321 523 464 43713 0 0 1 standing 
8 488 319 528 463 43714 0 0 1 standing 
8 493 318 533 463 43715 0 0 1 standing 
8 498 317 538 463 43716 0 0 0 standing 
8 503 317 543 462 43717 0 0 1 standing 
8 508 317 549 461 43718 0 0 1 standing 
8 513 317 554 460 43719 0 0 1 standing 
8 519 317 560 459 43720 0 0 0 standing 
8 523 317 564 459 43721 0 0 1 standing 
8 528 317 569 459 43722 0 0 1 standing 
8 533 317 574 459 43723 0 0 1 standing 
8 537 318 578 460 43724 0 0 1 standing 
8 542 318 583 460 43725 0 0 1 standing 
8 547 318 588 460 43726 0 0 1 standing 
8 551 319 592 461 43727 0 0 1 standing 
8 556 319 597 461 43728 0 0 1 standing 
8 561 319 602 461 43729 0 0 1 standing 
9 142 419 207 572 43710 0 0 0 standing 
9 148 416 212 570 43711 0 0 1 standing 
9 154 414 218 569 43712 0 0 1 standing 
9 160 412 224 568 43713 0 0 1 standing 
9 166 409 229 566 43714 0 0 1 standing 
9 172 407 235 565 43715 0 0 1 standing 
9 178 405 241 564 43716 0 0 0 standing 
9 184 405 247 564 43717 0 0 1 standing 
9 190 405 253 564 43718 0 0 1 standing 
9 197 405 260 565 43719 0 0 0 standing 
9 202 405 271 564 43720 0 0 1 standing 
9 208 405 282 563 43721 0 0 1 standing 
9 214 405 293 563 43722 0 0 0 standing 
9 222 404 300 561 43723 0 0 1 standing 
9 231 403 308 560 43724 0 0 1 standing 
9 239 403 316 559 43725 0 0 1 standing 
9 248 402 324 558 43726 0 0 1 standing 
9 257 401 331 557 43727 0 0 1 standing 
9 265 401 339 556 43728 0 0 1 standing 
9 274 400 347 555 43729 0 0 1 standing 
10 127 361 198 505 43710 0 0 0 standing 
10 123 360 202 503 43711 0 0 1 standing 
10 119 359 206 501 43712 0 0 1 standing 
10 115 358 211 500 43713 0 0 0 standing 
10 123 357 216 499 43714 0 0 1 standing 
10 132 356 221 498 43715 0 0 1 standing 
10 140 355 226 497 43716 0 0 1 standing 
10 149 354 231 497 43717 0 0 1 standing 
10 157 353 236 496 43718 0 0 1 standing 
10 166 352 241 495 43719 0 0 1 standing 
10 175 352 246 495 43720 0 0 0 standing 
10 181 353 251 495 43721 0 0 1 standing 
10 187 354 257 495 43722 0 0 1 standing 
10 193 355 263 496 43723 0 0 1 standing 
10 199 356 268 496 43724 0 0 1 standing 
10 205 358 274 497 43725 0 0 1 standing 
10 211 359 280 497 43726 0 0 1 standing 
10 217 360 285 497 43727 0 0 1 standing 
10 223 361 291 498 43728 0 0 1 standing 
10 229 362 297 498 43729 0 0 1 standing 
11 175 331 222 462 43710 0 0 0 standing 
11 180 330 231 460 43711 0 0 1 standing 
11 185 329 240 458 43712 0 0 1 standing 
11 191 328 250 456 43713 0 0 0 standing 
11 196 327 254 455 43714 0 0 1 standing 
11 202 326 258 455 43715 0 0 1 standing 
11 208 325 262 454 43716 0 0 1 standing 
11 214 324 266 454 43717 0 0 1 standing 
11 220 323 270 453 43718 0 0 1 standing 
11 226 322 274 453 43719 0 0 1 standing 
11 232 322 279 453 43720 0 0 0 standing 
11 238 322 285 453 43721 0 0 1 standing 
11 244 322 291 453 43722 0 0 1 standing 
11 251 322 298 453 43723 0 0 1 standing 
11 257 322 304 453 43724 0 0 1 standing 
11 264 322 311 453 43725 0 0 1 standing 
11 270 322 317 453 43726 0 0 1 standing 
11 276 322 323 453 43727 0 0 1 standing 
11 283 322 330 453 43728 0 0 1 standing 
11 289 322 336 453 43729 0 0 1 standing 
