0 526 374 591 478 96930 0 1 0 spiking 
0 522 367 586 472 96931 0 1 1 spiking 
0 518 360 582 467 96932 0 1 1 spiking 
0 514 353 577 462 96933 0 1 1 spiking 
0 510 346 573 456 96934 0 1 1 spiking 
0 506 339 568 451 96935 0 1 1 spiking 
0 503 333 564 446 96936 0 1 1 spiking 
0 499 326 560 440 96937 0 1 1 spiking 
0 495 319 555 435 96938 0 1 1 spiking 
0 491 312 551 430 96939 0 1 1 spiking 
0 487 305 546 424 96940 0 1 1 spiking 
0 483 298 542 419 96941 0 1 1 spiking 
0 480 292 538 414 96942 0 1 0 spiking 
0 472 295 530 416 96943 0 1 1 spiking 
0 464 299 523 419 96944 0 1 1 spiking 
0 456 303 516 422 96945 0 1 1 spiking 
0 448 307 509 425 96946 0 1 1 spiking 
0 440 311 502 428 96947 0 1 1 spiking 
0 432 315 495 431 96948 0 1 1 spiking 
0 424 319 488 434 96949 0 1 1 spiking 
1 696 405 774 529 96930 0 1 0 spiking 
1 688 396 763 527 96931 0 1 1 blocking 
1 681 388 752 526 96932 0 1 1 blocking 
1 673 380 741 524 96933 0 1 1 blocking 
1 666 371 730 523 96934 0 1 1 blocking 
1 658 363 720 521 96935 0 1 1 blocking 
1 651 355 709 520 96936 0 1 1 blocking 
1 643 346 698 518 96937 0 1 1 blocking 
1 636 338 687 517 96938 0 1 1 blocking 
1 628 330 676 515 96939 0 1 1 blocking 
1 621 322 666 514 96940 0 1 0 blocking 
1 608 322 654 510 96941 0 1 1 blocking 
1 596 322 642 506 96942 0 1 1 blocking 
1 584 322 630 503 96943 0 1 1 blocking 
1 572 323 618 499 96944 0 1 1 blocking 
1 560 323 606 496 96945 0 1 1 blocking 
1 548 323 594 492 96946 0 1 1 blocking 
1 536 324 582 488 96947 0 1 1 blocking 
1 524 324 570 485 96948 0 1 1 blocking 
1 512 324 558 481 96949 0 1 1 blocking 
2 702 390 751 533 96930 0 1 0 blocking 
2 693 382 742 525 96931 0 1 1 blocking 
2 684 375 733 518 96932 0 1 1 blocking 
2 675 368 724 511 96933 0 1 1 blocking 
2 667 360 716 503 96934 0 1 1 blocking 
2 658 353 707 496 96935 0 1 1 blocking 
2 649 346 698 489 96936 0 1 1 blocking 
2 641 338 690 481 96937 0 1 1 blocking 
2 632 331 681 474 96938 0 1 1 blocking 
2 623 324 672 467 96939 0 1 1 blocking 
2 615 317 664 460 96940 0 1 0 blocking 
2 602 317 651 460 96941 0 1 1 blocking 
2 589 317 638 460 96942 0 1 1 blocking 
2 576 317 625 460 96943 0 1 1 blocking 
2 563 318 612 461 96944 0 1 1 blocking 
2 550 318 599 461 96945 0 1 1 blocking 
2 537 318 586 461 96946 0 1 1 blocking 
2 524 319 573 462 96947 0 1 1 blocking 
2 511 319 560 462 96948 0 1 1 blocking 
2 498 319 547 462 96949 0 1 1 blocking 
3 468 414 522 556 96930 0 0 0 blocking 
3 468 417 519 551 96931 0 0 1 standing 
3 469 420 516 546 96932 0 0 1 standing 
3 470 423 513 542 96933 0 0 0 standing 
3 468 422 511 541 96934 0 0 1 standing 
3 467 421 510 540 96935 0 0 1 standing 
3 466 420 509 539 96936 0 0 0 standing 
3 461 423 504 542 96937 0 0 1 standing 
3 457 426 500 545 96938 0 0 1 standing 
3 453 429 496 548 96939 0 0 0 standing 
3 441 427 488 543 96940 0 0 1 standing 
3 430 425 480 538 96941 0 0 1 standing 
3 419 424 472 533 96942 0 0 0 standing 
3 407 422 460 531 96943 0 0 1 standing 
3 396 420 449 529 96944 0 0 1 standing 
3 385 419 438 528 96945 0 0 0 standing 
3 369 420 422 527 96946 0 0 1 standing 
3 353 422 406 527 96947 0 0 1 standing 
3 337 423 390 527 96948 0 0 1 standing 
3 321 425 374 527 96949 0 0 1 standing 
4 502 393 557 504 96930 0 0 0 standing 
4 500 392 555 503 96931 0 0 1 digging 
4 498 391 553 503 96932 0 0 1 digging 
4 497 391 552 503 96933 0 0 0 digging 
4 493 392 552 504 96934 0 0 1 digging 
4 489 393 552 506 96935 0 0 1 digging 
4 486 395 553 508 96936 0 0 0 digging 
4 481 395 552 508 96937 0 0 1 digging 
4 477 395 551 508 96938 0 0 1 digging 
4 473 396 551 509 96939 0 0 0 digging 
4 466 395 541 508 96940 0 0 1 digging 
4 459 394 531 508 96941 0 0 1 digging 
4 452 394 521 508 96942 0 0 0 digging 
4 443 393 510 507 96943 0 0 1 digging 
4 434 392 499 506 96944 0 0 1 digging 
4 426 392 488 505 96945 0 0 0 digging 
4 413 393 473 503 96946 0 0 1 digging 
4 400 395 459 502 96947 0 0 1 digging 
4 388 397 445 501 96948 0 0 1 digging 
4 375 399 431 500 96949 0 0 1 digging 
5 514 476 589 590 96930 0 0 0 digging 
5 506 476 581 590 96931 0 0 1 waiting 
5 499 476 573 590 96932 0 0 1 waiting 
5 491 477 566 590 96933 0 0 1 waiting 
5 484 477 558 590 96934 0 0 1 waiting 
5 476 477 550 590 96935 0 0 1 waiting 
5 469 478 543 590 96936 0 0 0 waiting 
5 460 476 534 589 96937 0 0 1 waiting 
5 451 475 525 588 96938 0 0 1 waiting 
5 442 474 516 588 96939 0 0 0 waiting 
5 432 474 506 588 96940 0 0 1 waiting 
5 422 475 496 589 96941 0 0 1 waiting 
5 413 476 487 590 96942 0 0 0 waiting 
5 402 475 475 590 96943 0 0 1 waiting 
5 391 474 464 590 96944 0 0 1 waiting 
5 380 473 453 590 96945 0 0 0 waiting 
5 366 472 439 591 96946 0 0 1 waiting 
5 352 471 426 593 96947 0 0 1 waiting 
5 338 470 413 594 96948 0 0 1 waiting 
5 324 469 400 596 96949 0 0 1 waiting 
6 506 514 596 664 96930 0 0 0 waiting 
6 506 511 591 661 96931 0 0 1 waiting 
6 507 509 586 658 96932 0 0 1 waiting 
6 508 507 582 655 96933 0 0 0 waiting 
6 509 502 574 654 96934 0 0 1 waiting 
6 510 497 566 653 96935 0 0 1 waiting 
6 511 493 559 652 96936 0 0 0 waiting 
6 506 492 557 651 96937 0 0 1 waiting 
6 501 491 556 650 96938 0 0 1 waiting 
6 496 490 555 649 96939 0 0 0 waiting 
6 484 491 543 650 96940 0 0 1 waiting 
6 472 493 531 652 96941 0 0 1 waiting 
6 461 495 520 654 96942 0 0 0 waiting 
6 453 492 512 651 96943 0 0 1 waiting 
6 445 490 504 648 96944 0 0 1 waiting 
6 437 488 496 645 96945 0 0 0 waiting 
6 424 488 487 642 96946 0 0 1 waiting 
6 412 488 479 639 96947 0 0 1 waiting 
6 400 488 471 636 96948 0 0 1 waiting 
6 388 488 463 633 96949 0 0 1 waiting 
7 599 464 668 588 96930 0 0 0 waiting 
7 593 463 662 587 96931 0 0 1 standing 
7 587 462 656 586 96932 0 0 1 standing 
7 581 462 650 586 96933 0 0 0 standing 
7 573 461 642 583 96934 0 0 1 standing 
7 565 460 634 581 96935 0 0 1 standing 
7 557 460 626 579 96936 0 0 0 standing 
7 548 461 617 580 96937 0 0 1 standing 
7 540 462 609 581 96938 0 0 1 standing 
7 532 463 601 582 96939 0 0 0 standing 
7 525 460 590 581 96940 0 0 1 standing 
7 518 457 580 580 96941 0 0 1 standing 
7 511 455 570 579 96942 0 0 0 standing 
7 499 454 558 580 96943 0 0 1 standing 
7 487 453 546 582 96944 0 0 1 standing 
7 476 452 534 584 96945 0 0 0 standing 
7 461 450 520 583 96946 0 0 1 standing 
7 447 449 507 582 96947 0 0 1 standing 
7 433 448 493 581 96948 0 0 1 standing 
7 419 447 480 580 96949 0 0 1 standing 
8 708 508 766 625 96930 0 0 0 standing 
8 702 507 767 624 96931 0 0 1 standing 
8 697 506 769 623 96932 0 0 1 standing 
8 692 506 771 623 96933 0 0 0 standing 
8 687 504 766 623 96934 0 0 1 standing 
8 683 502 761 623 96935 0 0 1 standing 
8 679 500 757 623 96936 0 0 0 standing 
8 672 497 750 623 96937 0 0 1 standing 
8 666 494 743 623 96938 0 0 1 standing 
8 660 492 737 624 96939 0 0 0 standing 
8 659 490 733 621 96940 0 0 1 standing 
8 658 488 729 619 96941 0 0 1 standing 
8 658 487 726 617 96942 0 0 0 standing 
8 650 488 728 616 96943 0 0 1 standing 
8 643 490 731 615 96944 0 0 1 standing 
8 636 492 734 615 96945 0 0 0 standing 
8 623 493 721 615 96946 0 0 1 standing 
8 610 495 708 616 96947 0 0 1 standing 
8 597 496 695 617 96948 0 0 1 standing 
8 584 498 682 618 96949 0 0 1 standing 
9 999 370 1056 503 96930 0 0 0 standing 
9 990 370 1047 499 96931 0 0 1 standing 
9 981 371 1039 495 96932 0 0 1 standing 
9 973 372 1031 492 96933 0 0 0 standing 
9 963 369 1022 489 96934 0 0 1 standing 
9 953 367 1014 486 96935 0 0 1 standing 
9 944 365 1006 484 96936 0 0 0 standing 
9 934 365 996 484 96937 0 0 1 standing 
9 925 366 987 485 96938 0 0 1 standing 
9 916 367 978 486 96939 0 0 0 standing 
9 905 366 966 485 96940 0 0 1 standing 
9 894 366 954 484 96941 0 0 1 standing 
9 883 366 942 484 96942 0 0 0 standing 
9 872 365 931 485 96943 0 0 1 standing 
9 862 364 921 486 96944 0 0 1 standing 
9 852 363 911 487 96945 0 0 0 standing 
9 838 363 897 487 96946 0 0 1 standing 
9 824 363 883 487 96947 0 0 1 standing 
9 810 363 869 487 96948 0 0 1 standing 
9 796 363 855 487 96949 0 0 1 standing 
10 1076 454 1136 579 96930 0 0 0 standing 
10 1072 453 1138 577 96931 0 0 1 standing 
10 1068 452 1141 576 96932 0 0 1 standing 
10 1065 451 1144 575 96933 0 0 0 standing 
10 1059 451 1138 575 96934 0 0 1 standing 
10 1054 451 1133 575 96935 0 0 1 standing 
10 1049 451 1128 575 96936 0 0 0 standing 
10 1040 451 1119 575 96937 0 0 1 standing 
10 1032 451 1111 575 96938 0 0 1 standing 
10 1024 451 1103 575 96939 0 0 0 standing 
10 1016 449 1089 573 96940 0 0 1 standing 
10 1008 447 1076 571 96941 0 0 1 standing 
10 1001 446 1063 569 96942 0 0 0 standing 
10 990 446 1052 569 96943 0 0 1 standing 
10 980 446 1042 569 96944 0 0 1 standing 
10 970 447 1032 570 96945 0 0 0 standing 
10 957 447 1018 569 96946 0 0 1 standing 
10 944 448 1004 568 96947 0 0 1 standing 
10 931 449 990 567 96948 0 0 1 standing 
10 918 450 976 566 96949 0 0 1 standing 
11 1039 498 1109 619 96930 0 0 0 standing 
11 1035 497 1105 616 96931 0 0 1 standing 
11 1031 496 1101 613 96932 0 0 1 standing 
11 1028 496 1097 610 96933 0 0 0 standing 
11 1023 495 1092 610 96934 0 0 1 standing 
11 1018 494 1087 610 96935 0 0 1 standing 
11 1013 493 1082 610 96936 0 0 0 standing 
11 1005 488 1069 607 96937 0 0 1 standing 
11 997 483 1056 605 96938 0 0 1 standing 
11 990 479 1044 603 96939 0 0 0 standing 
11 979 476 1033 595 96940 0 0 1 standing 
11 968 473 1022 588 96941 0 0 1 standing 
11 958 471 1012 581 96942 0 0 0 standing 
11 944 470 998 577 96943 0 0 1 standing 
11 931 469 985 573 96944 0 0 1 standing 
11 918 469 972 569 96945 0 0 0 standing 
11 903 469 956 568 96946 0 0 1 standing 
11 888 470 941 567 96947 0 0 1 standing 
11 873 471 926 566 96948 0 0 1 standing 
11 858 472 911 565 96949 0 0 1 standing 
