0 207 377 250 513 31130 0 0 0 standing 
0 216 376 259 512 31131 0 0 1 standing 
0 225 376 268 512 31132 0 0 1 standing 
0 234 376 277 512 31133 0 0 1 standing 
0 243 376 286 512 31134 0 0 1 standing 
0 252 376 295 512 31135 0 0 1 standing 
0 261 375 304 512 31136 0 0 1 standing 
0 270 375 313 512 31137 0 0 1 standing 
0 279 375 322 512 31138 0 0 1 standing 
0 288 375 331 512 31139 0 0 1 standing 
0 298 375 340 512 31140 0 0 0 standing 
0 300 374 346 511 31141 0 0 1 standing 
0 303 374 352 511 31142 0 0 1 standing 
0 305 374 358 511 31143 0 0 1 standing 
0 308 374 364 511 31144 0 0 1 standing 
0 311 374 370 511 31145 0 0 1 standing 
0 313 374 376 510 31146 0 0 1 standing 
0 316 374 382 510 31147 0 0 1 standing 
0 318 374 388 510 31148 0 0 1 standing 
0 321 374 394 510 31149 0 0 1 standing 
1 410 455 463 614 31130 0 0 0 standing 
1 413 454 467 612 31131 0 0 1 standing 
1 416 453 472 611 31132 0 0 1 standing 
1 419 452 477 610 31133 0 0 1 standing 
1 422 451 482 609 31134 0 0 1 standing 
1 425 450 487 608 31135 0 0 1 standing 
1 428 449 491 607 31136 0 0 1 standing 
1 431 448 496 606 31137 0 0 1 standing 
1 434 447 501 605 31138 0 0 1 standing 
1 437 446 506 604 31139 0 0 1 standing 
1 441 446 511 603 31140 0 0 0 standing 
1 439 445 509 603 31141 0 0 1 standing 
1 437 445 507 603 31142 0 0 1 standing 
1 436 445 506 603 31143 0 0 1 standing 
1 434 444 504 603 31144 0 0 1 standing 
1 433 444 503 604 31145 0 0 1 standing 
1 431 444 501 604 31146 0 0 1 standing 
1 429 443 499 604 31147 0 0 1 standing 
1 428 443 498 604 31148 0 0 1 standing 
1 426 443 496 604 31149 0 0 1 standing 
2 554 385 602 531 31130 0 0 0 standing 
2 558 385 605 530 31131 0 0 1 standing 
2 563 385 608 529 31132 0 0 1 standing 
2 568 385 612 528 31133 0 0 1 standing 
2 573 385 615 527 31134 0 0 1 standing 
2 578 385 619 527 31135 0 0 1 standing 
2 583 385 622 526 31136 0 0 1 standing 
2 588 385 625 525 31137 0 0 1 standing 
2 593 385 629 524 31138 0 0 1 standing 
2 598 385 632 523 31139 0 0 1 standing 
2 603 386 636 523 31140 0 0 0 standing 
2 604 386 637 523 31141 0 0 1 standing 
2 606 386 639 523 31142 0 0 1 standing 
2 607 386 641 523 31143 0 0 1 standing 
2 609 386 642 523 31144 0 0 1 standing 
2 611 386 644 523 31145 0 0 1 standing 
2 612 386 646 523 31146 0 0 1 standing 
2 614 386 647 523 31147 0 0 1 standing 
2 615 386 649 523 31148 0 0 1 standing 
2 617 386 651 523 31149 0 0 1 standing 
3 639 329 696 455 31130 0 0 0 standing 
3 643 328 700 455 31131 0 0 1 standing 
3 648 327 705 455 31132 0 0 1 standing 
3 653 326 710 456 31133 0 0 1 standing 
3 657 325 714 456 31134 0 0 1 standing 
3 662 325 719 457 31135 0 0 1 standing 
3 667 324 724 457 31136 0 0 1 standing 
3 671 323 728 457 31137 0 0 1 standing 
3 676 322 733 458 31138 0 0 1 standing 
3 681 321 738 458 31139 0 0 1 standing 
3 686 321 743 459 31140 0 0 0 standing 
3 686 321 743 459 31141 0 0 1 standing 
3 686 321 743 460 31142 0 0 1 standing 
3 686 321 743 460 31143 0 0 1 standing 
3 686 322 743 461 31144 0 0 1 standing 
3 686 322 743 461 31145 0 0 1 standing 
3 686 322 743 462 31146 0 0 1 standing 
3 686 323 743 462 31147 0 0 1 standing 
3 686 323 743 463 31148 0 0 1 standing 
3 686 323 743 463 31149 0 0 1 standing 
4 741 391 806 552 31130 0 1 0 standing 
4 751 391 816 552 31131 0 1 1 standing 
4 761 391 826 552 31132 0 1 1 standing 
4 771 391 836 552 31133 0 1 1 standing 
4 781 391 846 552 31134 0 1 1 standing 
4 791 391 856 552 31135 0 1 1 standing 
4 801 391 866 552 31136 0 1 1 standing 
4 811 391 876 552 31137 0 1 1 standing 
4 821 391 886 552 31138 0 1 1 standing 
4 831 391 896 552 31139 0 1 1 standing 
4 842 391 907 552 31140 0 1 0 standing 
4 846 390 910 551 31141 0 1 1 standing 
4 851 389 913 550 31142 0 1 1 standing 
4 856 388 916 549 31143 0 1 1 standing 
4 861 387 919 548 31144 0 1 1 standing 
4 866 387 923 548 31145 0 1 1 standing 
4 871 386 926 547 31146 0 1 1 standing 
4 876 385 929 546 31147 0 1 1 standing 
4 881 384 932 545 31148 0 1 1 standing 
4 886 383 935 544 31149 0 1 1 standing 
5 931 390 1032 469 31130 0 1 0 standing 
5 935 389 1035 468 31131 0 1 1 falling 
5 939 389 1038 467 31132 0 1 1 falling 
5 944 388 1041 467 31133 0 1 1 falling 
5 948 388 1045 466 31134 0 1 1 falling 
5 953 388 1048 466 31135 0 1 1 falling 
5 957 387 1051 465 31136 0 1 1 falling 
5 961 387 1055 464 31137 0 1 1 falling 
5 966 386 1058 464 31138 0 1 1 falling 
5 970 386 1061 463 31139 0 1 1 falling 
5 975 386 1065 463 31140 0 1 0 falling 
5 977 383 1065 462 31141 0 1 1 falling 
5 980 380 1065 462 31142 0 1 1 falling 
5 983 377 1065 462 31143 0 1 1 falling 
5 986 374 1065 462 31144 0 1 1 falling 
5 989 371 1066 462 31145 0 1 1 falling 
5 991 368 1066 461 31146 0 1 1 falling 
5 994 365 1066 461 31147 0 1 1 falling 
5 997 362 1066 461 31148 0 1 1 falling 
5 1000 359 1066 461 31149 0 1 1 falling 
6 1162 380 1231 540 31130 0 1 0 falling 
6 1163 379 1235 540 31131 0 1 1 standing 
6 1164 378 1239 540 31132 0 1 1 standing 
6 1165 378 1244 540 31133 0 1 1 standing 
6 1167 377 1248 541 31134 0 1 1 standing 
6 1168 377 1253 541 31135 0 1 1 standing 
6 1169 376 1257 541 31136 0 1 1 standing 
6 1171 375 1261 542 31137 0 1 1 standing 
6 1172 375 1266 542 31138 0 1 1 standing 
6 1173 374 1270 542 31139 0 1 1 standing 
6 1175 374 1275 543 31140 0 1 0 standing 
6 1175 373 1269 542 31141 0 1 1 standing 
6 1175 372 1264 541 31142 0 1 1 standing 
6 1176 372 1259 540 31143 0 1 1 standing 
6 1176 371 1254 539 31144 0 1 1 standing 
6 1177 371 1249 539 31145 0 1 1 standing 
6 1177 370 1244 538 31146 0 1 1 standing 
6 1177 369 1239 537 31147 0 1 1 standing 
6 1178 369 1234 536 31148 0 1 1 standing 
6 1178 368 1229 535 31149 0 1 1 standing 
7 451 398 504 557 31130 0 0 0 standing 
7 456 397 509 556 31131 0 0 1 standing 
7 461 396 514 555 31132 0 0 1 standing 
7 466 395 519 554 31133 0 0 1 standing 
7 472 394 525 554 31134 0 0 1 standing 
7 477 393 530 553 31135 0 0 1 standing 
7 482 392 535 552 31136 0 0 1 standing 
7 488 391 541 552 31137 0 0 1 standing 
7 493 390 546 551 31138 0 0 1 standing 
7 498 389 551 550 31139 0 0 1 standing 
7 504 389 557 550 31140 0 0 0 standing 
7 505 389 559 550 31141 0 0 1 standing 
7 506 390 562 550 31142 0 0 1 standing 
7 507 390 565 551 31143 0 0 1 standing 
7 508 391 568 551 31144 0 0 1 standing 
7 509 391 571 552 31145 0 0 1 standing 
7 510 392 573 552 31146 0 0 1 standing 
7 511 392 576 552 31147 0 0 1 standing 
7 512 393 579 553 31148 0 0 1 standing 
7 513 393 582 553 31149 0 0 1 standing 
8 585 390 680 543 31130 0 0 0 standing 
8 589 389 680 542 31131 0 0 1 standing 
8 594 389 681 542 31132 0 0 1 standing 
8 598 389 682 542 31133 0 0 1 standing 
8 603 389 683 542 31134 0 0 1 standing 
8 607 389 684 542 31135 0 0 1 standing 
8 612 388 685 542 31136 0 0 1 standing 
8 616 388 686 542 31137 0 0 1 standing 
8 621 388 687 542 31138 0 0 1 standing 
8 625 388 688 542 31139 0 0 1 standing 
8 630 388 689 542 31140 0 0 0 standing 
8 630 388 689 542 31141 0 0 1 standing 
8 631 388 690 543 31142 0 0 1 standing 
8 632 388 691 543 31143 0 0 1 standing 
8 633 389 691 544 31144 0 0 1 standing 
8 634 389 692 544 31145 0 0 1 standing 
8 634 389 693 545 31146 0 0 1 standing 
8 635 390 693 545 31147 0 0 1 standing 
8 636 390 694 546 31148 0 0 1 standing 
8 637 390 695 546 31149 0 0 1 standing 
9 772 339 831 468 31130 0 1 0 standing 
9 779 340 838 469 31131 0 1 1 standing 
9 786 341 845 470 31132 0 1 1 standing 
9 794 342 853 471 31133 0 1 1 standing 
9 801 343 860 472 31134 0 1 1 standing 
9 809 344 868 474 31135 0 1 1 standing 
9 816 345 875 475 31136 0 1 1 standing 
9 823 346 882 476 31137 0 1 1 standing 
9 831 347 890 477 31138 0 1 1 standing 
9 838 348 897 478 31139 0 1 1 standing 
9 846 350 905 480 31140 0 1 0 standing 
9 848 350 908 480 31141 0 1 1 standing 
9 851 350 912 480 31142 0 1 1 standing 
9 853 350 916 481 31143 0 1 1 standing 
9 856 351 919 481 31144 0 1 1 standing 
9 858 351 923 482 31145 0 1 1 standing 
9 861 351 927 482 31146 0 1 1 standing 
9 863 352 930 482 31147 0 1 1 standing 
9 866 352 934 483 31148 0 1 1 standing 
9 868 352 938 483 31149 0 1 1 standing 
10 786 456 894 602 31130 0 1 0 standing 
10 797 454 903 601 31131 0 1 1 standing 
10 808 452 912 600 31132 0 1 1 standing 
10 819 450 921 599 31133 0 1 1 standing 
10 830 448 930 598 31134 0 1 1 standing 
10 841 446 939 597 31135 0 1 1 standing 
10 852 444 948 596 31136 0 1 1 standing 
10 863 442 958 595 31137 0 1 0 standing 
10 869 440 962 595 31138 0 1 1 standing 
10 875 439 967 595 31139 0 1 1 standing 
10 882 438 972 595 31140 0 1 0 standing 
10 885 435 976 593 31141 0 1 1 standing 
10 888 433 980 592 31142 0 1 1 standing 
10 892 431 984 590 31143 0 1 1 standing 
10 895 429 988 589 31144 0 1 1 standing 
10 899 427 993 588 31145 0 1 0 standing 
10 901 425 994 585 31146 0 1 1 standing 
10 904 424 996 583 31147 0 1 1 standing 
10 906 422 998 580 31148 0 1 1 standing 
10 909 421 1000 578 31149 0 1 1 standing 
11 1000 387 1058 569 31130 0 1 0 standing 
11 1002 389 1060 568 31131 0 1 1 standing 
11 1004 392 1062 568 31132 0 1 1 standing 
11 1007 394 1064 567 31133 0 1 1 standing 
11 1009 397 1067 567 31134 0 1 1 standing 
11 1012 400 1069 567 31135 0 1 1 standing 
11 1014 402 1071 566 31136 0 1 1 standing 
11 1016 405 1074 566 31137 0 1 1 standing 
11 1019 407 1076 565 31138 0 1 1 standing 
11 1021 410 1078 565 31139 0 1 1 standing 
11 1024 413 1081 565 31140 0 1 0 standing 
11 1021 413 1079 564 31141 0 1 1 standing 
11 1018 413 1077 563 31142 0 1 1 standing 
11 1015 413 1075 562 31143 0 1 1 standing 
11 1013 413 1073 561 31144 0 1 1 standing 
11 1010 414 1071 560 31145 0 1 1 standing 
11 1007 414 1069 559 31146 0 1 1 standing 
11 1005 414 1067 558 31147 0 1 1 standing 
11 1002 414 1065 557 31148 0 1 1 standing 
11 999 414 1063 556 31149 0 1 1 standing 
