0 181 326 245 485 51215 0 0 0 standing 
0 182 326 246 485 51216 0 0 1 standing 
0 183 326 247 485 51217 0 0 1 standing 
0 184 327 248 486 51218 0 0 1 standing 
0 185 327 249 486 51219 0 0 1 standing 
0 186 327 250 487 51220 0 0 1 standing 
0 187 328 251 487 51221 0 0 1 standing 
0 188 328 252 487 51222 0 0 1 standing 
0 189 328 253 488 51223 0 0 1 standing 
0 190 329 254 488 51224 0 0 1 standing 
0 191 329 256 489 51225 0 0 1 standing 
0 192 329 257 489 51226 0 0 1 standing 
0 193 330 258 489 51227 0 0 1 standing 
0 194 330 259 490 51228 0 0 1 standing 
0 195 330 260 490 51229 0 0 1 standing 
0 196 331 261 491 51230 0 0 1 standing 
0 197 331 262 491 51231 0 0 1 standing 
0 198 331 263 491 51232 0 0 1 standing 
0 199 332 264 492 51233 0 0 1 standing 
0 200 332 265 492 51234 0 0 1 standing 
1 342 446 407 561 51215 0 0 0 standing 
1 344 443 409 560 51216 0 0 1 standing 
1 347 441 412 560 51217 0 0 1 standing 
1 350 438 414 560 51218 0 0 1 standing 
1 352 436 417 560 51219 0 0 1 standing 
1 355 434 420 560 51220 0 0 1 standing 
1 358 431 422 559 51221 0 0 1 standing 
1 360 429 425 559 51222 0 0 1 standing 
1 363 426 427 559 51223 0 0 1 standing 
1 366 424 430 559 51224 0 0 1 standing 
1 369 422 433 559 51225 0 0 0 standing 
1 370 420 435 560 51226 0 0 1 standing 
1 371 418 438 562 51227 0 0 1 standing 
1 372 417 441 564 51228 0 0 1 standing 
1 373 415 444 566 51229 0 0 1 standing 
1 374 414 447 568 51230 0 0 1 standing 
1 375 412 449 569 51231 0 0 1 standing 
1 376 410 452 571 51232 0 0 1 standing 
1 377 409 455 573 51233 0 0 1 standing 
1 378 407 458 575 51234 0 0 1 standing 
2 280 554 437 636 51215 0 0 0 standing 
2 280 553 437 635 51216 0 0 1 falling 
2 280 552 437 634 51217 0 0 1 falling 
2 281 552 438 634 51218 0 0 1 falling 
2 281 551 438 633 51219 0 0 1 falling 
2 282 551 439 633 51220 0 0 1 falling 
2 282 550 439 632 51221 0 0 1 falling 
2 283 549 440 632 51222 0 0 1 falling 
2 283 549 440 631 51223 0 0 1 falling 
2 284 548 441 631 51224 0 0 1 falling 
2 284 548 441 630 51225 0 0 1 falling 
2 284 547 441 629 51226 0 0 1 falling 
2 285 546 442 629 51227 0 0 1 falling 
2 285 546 442 628 51228 0 0 1 falling 
2 286 545 443 628 51229 0 0 1 falling 
2 286 545 443 627 51230 0 0 1 falling 
2 287 544 444 627 51231 0 0 1 falling 
2 287 543 444 626 51232 0 0 1 falling 
2 288 543 445 626 51233 0 0 1 falling 
2 288 542 445 625 51234 0 0 1 falling 
3 440 296 509 446 51215 0 0 0 falling 
3 440 295 509 445 51216 0 0 1 standing 
3 440 294 509 444 51217 0 0 1 standing 
3 440 293 509 443 51218 0 0 1 standing 
3 440 292 509 442 51219 0 0 1 standing 
3 440 291 509 442 51220 0 0 1 standing 
3 440 290 509 441 51221 0 0 1 standing 
3 440 289 509 440 51222 0 0 1 standing 
3 440 288 509 439 51223 0 0 1 standing 
3 440 287 509 438 51224 0 0 1 standing 
3 441 287 510 438 51225 0 0 0 standing 
3 441 287 510 438 51226 0 0 1 standing 
3 442 287 511 438 51227 0 0 1 standing 
3 443 287 512 438 51228 0 0 1 standing 
3 444 288 513 439 51229 0 0 1 standing 
3 445 288 514 439 51230 0 0 1 standing 
3 446 288 515 439 51231 0 0 1 standing 
3 447 289 516 440 51232 0 0 1 standing 
3 448 289 517 440 51233 0 0 1 standing 
3 449 289 518 440 51234 0 0 1 standing 
4 686 398 739 577 51215 0 1 0 standing 
4 689 395 742 574 51216 0 1 1 standing 
4 693 392 746 571 51217 0 1 1 standing 
4 696 389 749 569 51218 0 1 1 standing 
4 700 387 753 566 51219 0 1 1 standing 
4 704 384 757 564 51220 0 1 1 standing 
4 707 381 760 561 51221 0 1 1 standing 
4 711 379 764 558 51222 0 1 1 standing 
4 714 376 767 556 51223 0 1 1 standing 
4 718 373 771 553 51224 0 1 1 standing 
4 722 371 775 551 51225 0 1 0 standing 
4 726 370 781 550 51226 0 1 1 standing 
4 731 370 787 549 51227 0 1 1 standing 
4 736 369 793 549 51228 0 1 1 standing 
4 741 369 799 548 51229 0 1 1 standing 
4 746 369 805 548 51230 0 1 1 standing 
4 750 368 811 547 51231 0 1 1 standing 
4 755 368 817 546 51232 0 1 1 standing 
4 760 367 823 546 51233 0 1 1 standing 
4 765 367 829 545 51234 0 1 1 standing 
5 850 332 910 488 51215 0 1 0 standing 
5 850 331 910 487 51216 0 1 1 standing 
5 850 331 910 487 51217 0 1 1 standing 
5 850 331 910 487 51218 0 1 1 standing 
5 851 331 910 487 51219 0 1 1 standing 
5 851 331 911 487 51220 0 1 1 standing 
5 851 331 911 487 51221 0 1 1 standing 
5 851 331 911 487 51222 0 1 1 standing 
5 852 331 911 487 51223 0 1 1 standing 
5 852 331 911 487 51224 0 1 1 standing 
5 852 331 912 487 51225 0 1 1 standing 
5 852 330 912 487 51226 0 1 1 standing 
5 853 330 912 487 51227 0 1 1 standing 
5 853 330 912 487 51228 0 1 1 standing 
5 853 330 912 487 51229 0 1 1 standing 
5 853 330 913 487 51230 0 1 1 standing 
5 854 330 913 487 51231 0 1 1 standing 
5 854 330 913 487 51232 0 1 1 standing 
5 854 330 913 487 51233 0 1 1 standing 
5 854 330 913 487 51234 0 1 1 standing 
6 1031 336 1105 483 51215 0 1 0 standing 
6 1026 335 1100 482 51216 0 1 1 standing 
6 1021 335 1095 482 51217 0 1 1 standing 
6 1017 334 1090 481 51218 0 1 1 standing 
6 1012 334 1086 481 51219 0 1 1 standing 
6 1008 333 1081 481 51220 0 1 1 standing 
6 1003 333 1076 480 51221 0 1 1 standing 
6 998 332 1072 480 51222 0 1 1 standing 
6 994 332 1067 479 51223 0 1 1 standing 
6 989 331 1062 479 51224 0 1 1 standing 
6 985 331 1058 479 51225 0 1 0 standing 
6 983 332 1056 480 51226 0 1 1 standing 
6 981 333 1054 481 51227 0 1 1 standing 
6 980 334 1052 482 51228 0 1 1 standing 
6 978 336 1050 484 51229 0 1 1 standing 
6 977 337 1049 485 51230 0 1 1 standing 
6 975 338 1047 486 51231 0 1 1 standing 
6 973 340 1045 488 51232 0 1 1 standing 
6 972 341 1043 489 51233 0 1 1 standing 
6 970 342 1041 490 51234 0 1 1 standing 
7 295 342 370 497 51215 0 0 0 standing 
7 293 340 368 496 51216 0 0 1 standing 
7 292 339 367 495 51217 0 0 1 standing 
7 291 338 366 494 51218 0 0 1 standing 
7 290 337 365 493 51219 0 0 1 standing 
7 289 336 364 492 51220 0 0 1 standing 
7 287 335 362 491 51221 0 0 1 standing 
7 286 334 361 490 51222 0 0 1 standing 
7 285 333 360 489 51223 0 0 1 standing 
7 284 332 359 488 51224 0 0 1 standing 
7 283 331 358 487 51225 0 0 0 standing 
7 284 330 359 489 51226 0 0 1 standing 
7 285 330 360 491 51227 0 0 1 standing 
7 286 330 361 493 51228 0 0 1 standing 
7 287 330 362 495 51229 0 0 1 standing 
7 289 330 364 497 51230 0 0 1 standing 
7 290 329 365 499 51231 0 0 1 standing 
7 291 329 366 501 51232 0 0 1 standing 
7 292 329 367 503 51233 0 0 1 standing 
7 293 329 368 505 51234 0 0 1 standing 
8 463 329 516 498 51215 0 0 0 standing 
8 462 329 515 498 51216 0 0 1 standing 
8 461 329 514 498 51217 0 0 1 standing 
8 460 329 513 498 51218 0 0 1 standing 
8 460 329 513 498 51219 0 0 1 standing 
8 459 329 512 498 51220 0 0 1 standing 
8 458 329 511 498 51221 0 0 1 standing 
8 458 329 511 498 51222 0 0 1 standing 
8 457 329 510 498 51223 0 0 1 standing 
8 456 329 509 498 51224 0 0 1 standing 
8 456 329 509 498 51225 0 0 0 standing 
8 455 329 508 498 51226 0 0 1 standing 
8 454 329 507 498 51227 0 0 1 standing 
8 453 329 506 498 51228 0 0 1 standing 
8 452 329 505 498 51229 0 0 1 standing 
8 451 329 504 498 51230 0 0 1 standing 
8 450 329 503 498 51231 0 0 1 standing 
8 449 329 502 498 51232 0 0 1 standing 
8 448 329 501 498 51233 0 0 1 standing 
8 447 329 500 498 51234 0 0 1 standing 
9 696 379 744 542 51215 0 1 0 standing 
9 696 377 744 540 51216 0 1 1 standing 
9 697 376 745 539 51217 0 1 1 standing 
9 697 374 745 537 51218 0 1 1 standing 
9 698 373 746 536 51219 0 1 1 standing 
9 699 372 747 535 51220 0 1 1 standing 
9 699 370 747 533 51221 0 1 1 standing 
9 700 369 748 532 51222 0 1 1 standing 
9 700 367 748 530 51223 0 1 1 standing 
9 701 366 749 529 51224 0 1 1 standing 
9 702 365 750 528 51225 0 1 0 standing 
9 704 364 753 527 51226 0 1 1 standing 
9 706 363 757 527 51227 0 1 1 standing 
9 708 362 760 527 51228 0 1 1 standing 
9 710 361 764 527 51229 0 1 1 standing 
9 712 360 768 527 51230 0 1 1 standing 
9 714 359 771 527 51231 0 1 1 standing 
9 716 358 775 527 51232 0 1 1 standing 
9 718 357 778 527 51233 0 1 1 standing 
9 720 356 782 527 51234 0 1 1 standing 
10 743 342 799 497 51215 0 1 0 standing 
10 747 342 803 497 51216 0 1 1 standing 
10 751 342 807 497 51217 0 1 1 standing 
10 755 342 812 497 51218 0 1 1 standing 
10 760 342 816 497 51219 0 1 1 standing 
10 764 342 821 498 51220 0 1 1 standing 
10 768 342 825 498 51221 0 1 1 standing 
10 773 342 829 498 51222 0 1 1 standing 
10 777 342 834 498 51223 0 1 1 standing 
10 781 342 838 498 51224 0 1 1 standing 
10 786 343 843 499 51225 0 1 0 standing 
10 787 343 844 499 51226 0 1 1 standing 
10 789 343 846 499 51227 0 1 1 standing 
10 790 343 847 499 51228 0 1 1 standing 
10 792 343 849 499 51229 0 1 1 standing 
10 793 343 850 499 51230 0 1 1 standing 
10 795 343 852 499 51231 0 1 1 standing 
10 796 343 853 499 51232 0 1 1 standing 
10 798 343 855 499 51233 0 1 1 standing 
10 799 343 856 499 51234 0 1 1 standing 
11 920 391 996 555 51215 0 1 0 standing 
11 915 389 991 553 51216 0 1 1 standing 
11 911 388 987 552 51217 0 1 1 standing 
11 907 387 983 551 51218 0 1 1 standing 
11 903 386 979 550 51219 0 1 1 standing 
11 899 385 975 549 51220 0 1 1 standing 
11 894 384 970 547 51221 0 1 1 standing 
11 890 383 966 546 51222 0 1 1 standing 
11 886 382 962 545 51223 0 1 1 standing 
11 882 381 958 544 51224 0 1 1 standing 
11 878 380 954 543 51225 0 1 0 standing 
11 876 379 952 542 51226 0 1 1 standing 
11 874 379 951 542 51227 0 1 1 standing 
11 873 379 949 542 51228 0 1 1 standing 
11 871 378 948 541 51229 0 1 1 standing 
11 870 378 946 541 51230 0 1 1 standing 
11 868 378 945 541 51231 0 1 1 standing 
11 866 377 943 540 51232 0 1 1 standing 
11 865 377 942 540 51233 0 1 1 standing 
11 863 377 940 540 51234 0 1 1 standing 
