0 923 408 994 521 52830 0 1 0 digging 
0 919 409 990 521 52831 0 1 1 digging 
0 915 410 986 522 52832 0 1 1 digging 
0 912 412 982 523 52833 0 1 1 digging 
0 908 413 978 524 52834 0 1 1 digging 
0 905 415 975 525 52835 0 1 0 digging 
0 893 414 963 524 52836 0 1 1 digging 
0 881 413 951 523 52837 0 1 1 digging 
0 870 413 940 522 52838 0 1 1 digging 
0 858 412 928 521 52839 0 1 1 digging 
0 847 412 917 520 52840 0 1 0 digging 
0 823 412 893 519 52841 0 1 1 digging 
0 799 413 869 518 52842 0 1 1 digging 
0 775 414 845 517 52843 0 1 1 digging 
0 751 415 821 516 52844 0 1 1 digging 
0 728 416 797 516 52845 0 1 0 digging 
0 710 417 781 516 52846 0 1 1 digging 
0 693 418 766 516 52847 0 1 1 digging 
0 675 419 750 516 52848 0 1 1 digging 
0 658 420 735 516 52849 0 1 1 digging 
1 1050 442 1115 545 52830 0 1 0 digging 
1 1042 441 1107 544 52831 0 1 1 digging 
1 1034 440 1099 543 52832 0 1 1 digging 
1 1026 439 1091 542 52833 0 1 1 digging 
1 1018 438 1083 541 52834 0 1 1 digging 
1 1011 437 1076 541 52835 0 1 0 digging 
1 997 435 1062 540 52836 0 1 1 digging 
1 984 434 1049 539 52837 0 1 1 digging 
1 970 432 1035 538 52838 0 1 1 digging 
1 957 431 1022 537 52839 0 1 0 digging 
1 935 429 998 535 52840 0 1 1 digging 
1 913 428 975 534 52841 0 1 1 digging 
1 891 426 952 533 52842 0 1 1 digging 
1 869 425 929 531 52843 0 1 1 digging 
1 848 423 906 530 52844 0 1 1 digging 
1 826 422 883 529 52845 0 1 1 digging 
1 804 420 860 527 52846 0 1 1 digging 
1 782 419 837 526 52847 0 1 1 digging 
1 761 418 814 525 52848 0 1 0 digging 
1 748 418 801 524 52849 0 1 1 digging 
2 972 491 1053 629 52830 0 0 0 digging 
2 971 492 1050 630 52831 0 0 1 standing 
2 970 493 1047 631 52832 0 0 1 standing 
2 969 494 1045 632 52833 0 0 1 standing 
2 968 495 1042 633 52834 0 0 1 standing 
2 967 497 1040 634 52835 0 0 1 standing 
2 966 498 1037 635 52836 0 0 1 standing 
2 965 499 1034 636 52837 0 0 1 standing 
2 964 500 1032 637 52838 0 0 1 standing 
2 963 501 1029 638 52839 0 0 1 standing 
2 962 503 1027 640 52840 0 0 0 standing 
2 940 500 1005 638 52841 0 0 1 standing 
2 919 497 984 637 52842 0 0 1 standing 
2 898 494 963 635 52843 0 0 1 standing 
2 877 491 942 634 52844 0 0 1 standing 
2 856 488 921 632 52845 0 0 1 standing 
2 835 485 899 631 52846 0 0 1 standing 
2 814 482 878 629 52847 0 0 1 standing 
2 793 479 857 628 52848 0 0 1 standing 
2 772 476 836 626 52849 0 0 1 standing 
3 637 462 692 613 52830 0 0 0 standing 
3 625 458 682 609 52831 0 0 1 standing 
3 613 454 672 605 52832 0 0 1 standing 
3 601 450 662 601 52833 0 0 1 standing 
3 589 446 652 597 52834 0 0 1 standing 
3 577 442 642 593 52835 0 0 1 standing 
3 565 438 632 589 52836 0 0 1 standing 
3 553 434 622 585 52837 0 0 1 standing 
3 541 430 612 581 52838 0 0 1 standing 
3 529 426 602 577 52839 0 0 1 standing 
3 518 423 592 573 52840 0 0 0 standing 
3 499 429 571 577 52841 0 0 1 standing 
3 480 436 551 582 52842 0 0 1 standing 
3 461 442 530 587 52843 0 0 1 standing 
3 442 449 510 592 52844 0 0 1 standing 
3 423 455 489 597 52845 0 0 1 standing 
3 404 462 469 602 52846 0 0 1 standing 
3 385 468 448 607 52847 0 0 1 standing 
3 366 475 428 612 52848 0 0 1 standing 
3 347 481 407 617 52849 0 0 1 standing 
4 637 371 675 495 52830 0 0 0 standing 
4 627 371 667 495 52831 0 0 1 standing 
4 618 372 660 495 52832 0 0 1 standing 
4 609 372 653 496 52833 0 0 1 standing 
4 600 373 645 496 52834 0 0 1 standing 
4 591 373 638 497 52835 0 0 1 standing 
4 581 374 631 497 52836 0 0 1 standing 
4 572 374 623 497 52837 0 0 1 standing 
4 563 375 616 498 52838 0 0 1 standing 
4 554 375 609 498 52839 0 0 1 standing 
4 545 376 602 499 52840 0 0 0 standing 
4 524 375 581 500 52841 0 0 1 standing 
4 504 375 560 501 52842 0 0 1 standing 
4 483 375 540 502 52843 0 0 1 standing 
4 463 375 519 503 52844 0 0 1 standing 
4 443 375 499 504 52845 0 0 1 standing 
4 422 375 478 505 52846 0 0 1 standing 
4 402 375 457 506 52847 0 0 1 standing 
4 381 375 437 507 52848 0 0 1 standing 
4 361 375 416 508 52849 0 0 1 standing 
5 674 379 708 482 52830 0 0 0 standing 
5 665 377 700 481 52831 0 0 1 standing 
5 656 376 692 481 52832 0 0 1 standing 
5 647 375 684 480 52833 0 0 1 standing 
5 638 374 676 480 52834 0 0 1 standing 
5 629 373 668 479 52835 0 0 1 standing 
5 620 372 660 479 52836 0 0 1 standing 
5 611 371 652 478 52837 0 0 1 standing 
5 602 370 644 478 52838 0 0 1 standing 
5 593 369 636 477 52839 0 0 1 standing 
5 584 368 629 477 52840 0 0 0 standing 
5 564 367 610 477 52841 0 0 1 standing 
5 545 367 592 478 52842 0 0 1 standing 
5 525 366 573 478 52843 0 0 1 standing 
5 506 366 555 479 52844 0 0 1 standing 
5 487 366 537 480 52845 0 0 1 standing 
5 467 365 518 480 52846 0 0 1 standing 
5 448 365 500 481 52847 0 0 1 standing 
5 428 364 481 481 52848 0 0 1 standing 
5 409 364 463 482 52849 0 0 1 standing 
6 592 469 625 605 52830 0 0 0 standing 
6 581 468 615 604 52831 0 0 1 standing 
6 571 468 606 604 52832 0 0 1 standing 
6 561 468 597 604 52833 0 0 1 standing 
6 551 468 588 603 52834 0 0 1 standing 
6 541 468 579 603 52835 0 0 1 standing 
6 531 467 569 603 52836 0 0 1 standing 
6 521 467 560 602 52837 0 0 1 standing 
6 511 467 551 602 52838 0 0 1 standing 
6 501 467 542 602 52839 0 0 1 standing 
6 491 467 533 602 52840 0 0 0 standing 
6 468 467 511 602 52841 0 0 1 standing 
6 446 467 489 602 52842 0 0 1 standing 
6 423 467 467 602 52843 0 0 1 standing 
6 401 467 445 602 52844 0 0 1 standing 
6 378 468 423 602 52845 0 0 1 standing 
6 356 468 401 602 52846 0 0 1 standing 
6 333 468 379 602 52847 0 0 1 standing 
6 311 468 357 602 52848 0 0 1 standing 
6 288 468 335 602 52849 0 0 1 standing 
7 562 435 609 582 52830 0 0 0 standing 
7 550 435 597 582 52831 0 0 1 jumping 
7 539 435 586 582 52832 0 0 1 jumping 
7 528 435 575 582 52833 0 0 1 jumping 
7 516 435 563 582 52834 0 0 1 jumping 
7 505 436 552 583 52835 0 0 1 jumping 
7 494 436 541 583 52836 0 0 1 jumping 
7 482 436 529 583 52837 0 0 1 jumping 
7 471 436 518 583 52838 0 0 1 jumping 
7 460 436 507 583 52839 0 0 1 jumping 
7 449 437 496 584 52840 0 0 0 jumping 
7 425 436 472 583 52841 0 0 1 jumping 
7 402 436 449 583 52842 0 0 1 jumping 
7 379 436 426 583 52843 0 0 1 jumping 
7 356 435 403 582 52844 0 0 1 jumping 
7 333 435 380 582 52845 0 0 1 jumping 
7 310 435 357 582 52846 0 0 1 jumping 
7 287 434 334 581 52847 0 0 1 jumping 
7 264 434 311 581 52848 0 0 1 jumping 
7 241 434 288 581 52849 0 0 1 jumping 
8 504 350 556 466 52830 0 0 0 jumping 
8 494 349 546 465 52831 0 0 1 standing 
8 485 349 537 465 52832 0 0 1 standing 
8 475 349 527 465 52833 0 0 1 standing 
8 466 349 518 465 52834 0 0 1 standing 
8 457 349 509 465 52835 0 0 1 standing 
8 447 348 499 464 52836 0 0 1 standing 
8 438 348 490 464 52837 0 0 1 standing 
8 428 348 480 464 52838 0 0 1 standing 
8 419 348 471 464 52839 0 0 1 standing 
8 410 348 462 464 52840 0 0 0 standing 
8 388 349 440 465 52841 0 0 1 standing 
8 366 351 418 467 52842 0 0 1 standing 
8 344 353 396 469 52843 0 0 1 standing 
8 322 355 374 471 52844 0 0 1 standing 
8 301 357 353 473 52845 0 0 1 standing 
8 279 359 331 475 52846 0 0 1 standing 
8 257 361 309 477 52847 0 0 1 standing 
8 235 363 287 479 52848 0 0 1 standing 
8 213 365 265 481 52849 0 0 1 standing 
9 419 432 471 543 52830 0 0 0 standing 
9 408 431 462 543 52831 0 0 1 standing 
9 398 431 453 544 52832 0 0 1 standing 
9 388 431 445 545 52833 0 0 1 standing 
9 378 430 436 546 52834 0 0 1 standing 
9 368 430 428 547 52835 0 0 1 standing 
9 358 430 419 547 52836 0 0 1 standing 
9 348 429 410 548 52837 0 0 1 standing 
9 338 429 402 549 52838 0 0 1 standing 
9 328 429 393 550 52839 0 0 1 standing 
9 318 429 385 551 52840 0 0 0 standing 
9 295 430 363 552 52841 0 0 1 standing 
9 272 432 341 554 52842 0 0 1 standing 
9 249 434 319 555 52843 0 0 1 standing 
9 226 436 297 557 52844 0 0 1 standing 
9 204 438 275 558 52845 0 0 1 standing 
9 181 440 253 560 52846 0 0 1 standing 
9 158 442 231 561 52847 0 0 1 standing 
9 135 444 209 563 52848 0 0 1 standing 
9 112 446 187 564 52849 0 0 1 standing 
10 350 462 459 604 52830 0 0 0 standing 
10 353 462 456 606 52831 0 0 1 standing 
10 356 463 454 608 52832 0 0 1 standing 
10 359 463 452 610 52833 0 0 1 standing 
10 363 464 450 612 52834 0 0 1 standing 
10 366 465 448 614 52835 0 0 1 standing 
10 369 465 446 616 52836 0 0 1 standing 
10 373 466 444 618 52837 0 0 1 standing 
10 376 466 442 620 52838 0 0 1 standing 
10 379 467 440 622 52839 0 0 1 standing 
10 383 468 438 625 52840 0 0 0 standing 
10 367 471 423 626 52841 0 0 1 standing 
10 351 475 408 628 52842 0 0 1 standing 
10 335 478 393 630 52843 0 0 1 standing 
10 320 482 378 632 52844 0 0 1 standing 
10 304 485 363 634 52845 0 0 1 standing 
10 288 489 348 635 52846 0 0 1 standing 
10 273 492 333 637 52847 0 0 1 standing 
10 257 496 318 639 52848 0 0 1 standing 
10 241 499 303 641 52849 0 0 1 standing 
11 389 413 450 533 52830 0 0 0 standing 
11 377 412 440 533 52831 0 0 1 standing 
11 366 412 430 533 52832 0 0 1 standing 
11 354 412 420 533 52833 0 0 1 standing 
11 343 411 411 533 52834 0 0 1 standing 
11 332 411 401 533 52835 0 0 1 standing 
11 320 411 391 533 52836 0 0 1 standing 
11 309 410 382 533 52837 0 0 1 standing 
11 297 410 372 533 52838 0 0 1 standing 
11 286 410 362 533 52839 0 0 1 standing 
11 275 410 353 534 52840 0 0 0 standing 
11 251 411 328 535 52841 0 0 1 standing 
11 227 412 304 536 52842 0 0 1 standing 
11 203 413 279 537 52843 0 0 1 standing 
11 179 414 255 538 52844 0 0 1 standing 
11 155 416 231 539 52845 0 0 1 standing 
11 131 417 206 540 52846 0 0 1 standing 
11 107 418 182 541 52847 0 0 1 standing 
11 83 419 157 542 52848 0 0 1 standing 
11 59 420 133 543 52849 0 0 1 standing 
