0 1015 381 1069 490 114775 0 0 0 standing 
0 1002 383 1062 488 114776 0 0 1 standing 
0 989 385 1055 486 114777 0 0 1 standing 
0 976 387 1048 485 114778 0 0 0 standing 
0 965 387 1039 485 114779 0 0 1 standing 
0 954 387 1030 486 114780 0 0 1 standing 
0 943 388 1022 487 114781 0 0 0 standing 
0 934 387 1011 485 114782 0 0 1 standing 
0 925 386 1000 484 114783 0 0 1 standing 
0 916 385 990 483 114784 0 0 0 standing 
0 904 383 975 481 114785 0 0 1 standing 
0 893 382 961 480 114786 0 0 1 standing 
0 882 381 947 479 114787 0 0 0 standing 
0 870 382 932 480 114788 0 0 1 standing 
0 859 384 917 481 114789 0 0 1 standing 
0 848 386 902 483 114790 0 0 0 standing 
0 837 386 893 483 114791 0 0 1 standing 
0 826 386 885 484 114792 0 0 1 standing 
0 815 387 877 484 114793 0 0 1 standing 
0 804 387 869 485 114794 0 0 1 standing 
1 1108 417 1166 537 114775 0 0 0 standing 
1 1102 417 1162 535 114776 0 0 1 standing 
1 1096 417 1158 533 114777 0 0 1 standing 
1 1091 417 1154 532 114778 0 0 0 standing 
1 1085 416 1154 532 114779 0 0 1 standing 
1 1080 415 1154 533 114780 0 0 1 standing 
1 1075 414 1154 534 114781 0 0 0 standing 
1 1067 415 1151 534 114782 0 0 1 standing 
1 1059 416 1148 534 114783 0 0 1 standing 
1 1052 417 1146 534 114784 0 0 0 standing 
1 1047 416 1139 532 114785 0 0 1 standing 
1 1042 415 1132 530 114786 0 0 1 standing 
1 1037 415 1126 528 114787 0 0 0 standing 
1 1036 416 1118 527 114788 0 0 1 standing 
1 1036 417 1111 527 114789 0 0 1 standing 
1 1036 418 1104 527 114790 0 0 0 standing 
1 1033 419 1102 529 114791 0 0 1 standing 
1 1030 420 1100 531 114792 0 0 1 standing 
1 1027 421 1099 533 114793 0 0 1 standing 
1 1024 422 1097 535 114794 0 0 1 standing 
2 1047 490 1108 606 114775 0 0 0 standing 
2 1042 492 1102 604 114776 0 0 1 standing 
2 1037 494 1096 602 114777 0 0 1 standing 
2 1032 496 1091 601 114778 0 0 0 standing 
2 1024 497 1084 605 114779 0 0 1 standing 
2 1016 498 1078 609 114780 0 0 1 standing 
2 1008 500 1072 614 114781 0 0 0 standing 
2 1003 501 1066 615 114782 0 0 1 standing 
2 999 502 1060 616 114783 0 0 1 standing 
2 995 504 1054 618 114784 0 0 0 standing 
2 986 504 1045 618 114785 0 0 1 standing 
2 978 505 1037 619 114786 0 0 1 standing 
2 970 506 1029 620 114787 0 0 1 standing 
2 961 507 1020 621 114788 0 0 1 standing 
2 953 508 1012 622 114789 0 0 1 standing 
2 945 509 1004 623 114790 0 0 0 standing 
2 939 509 996 623 114791 0 0 1 standing 
2 933 509 988 623 114792 0 0 1 standing 
2 927 509 980 623 114793 0 0 1 standing 
2 921 509 972 623 114794 0 0 1 standing 
3 691 386 749 500 114775 0 0 0 standing 
3 685 385 742 501 114776 0 0 1 standing 
3 679 385 735 502 114777 0 0 1 standing 
3 674 385 728 503 114778 0 0 0 standing 
3 666 386 719 505 114779 0 0 1 standing 
3 659 387 710 508 114780 0 0 1 standing 
3 652 388 702 511 114781 0 0 0 standing 
3 645 389 700 514 114782 0 0 1 standing 
3 638 390 698 517 114783 0 0 1 standing 
3 632 392 697 520 114784 0 0 0 standing 
3 626 392 691 520 114785 0 0 1 standing 
3 621 392 685 520 114786 0 0 1 standing 
3 616 392 679 521 114787 0 0 1 standing 
3 610 392 673 521 114788 0 0 1 standing 
3 605 392 667 521 114789 0 0 1 standing 
3 600 393 662 522 114790 0 0 0 standing 
3 593 393 659 521 114791 0 0 1 standing 
3 587 393 656 521 114792 0 0 1 standing 
3 581 393 653 520 114793 0 0 1 standing 
3 575 393 650 520 114794 0 0 1 standing 
4 474 503 544 646 114775 0 1 0 standing 
4 466 495 539 646 114776 0 1 1 jumping 
4 458 487 535 646 114777 0 1 1 jumping 
4 451 480 531 646 114778 0 1 0 jumping 
4 447 471 527 636 114779 0 1 1 jumping 
4 444 462 523 626 114780 0 1 1 jumping 
4 441 454 520 616 114781 0 1 0 jumping 
4 439 447 519 612 114782 0 1 1 jumping 
4 437 440 519 609 114783 0 1 1 jumping 
4 435 433 518 606 114784 0 1 1 jumping 
4 434 426 518 603 114785 0 1 1 jumping 
4 432 419 517 600 114786 0 1 1 jumping 
4 430 412 517 597 114787 0 1 1 jumping 
4 429 406 517 594 114788 0 1 0 jumping 
4 428 412 515 596 114789 0 1 1 jumping 
4 428 418 513 599 114790 0 1 1 jumping 
4 428 425 512 602 114791 0 1 1 jumping 
4 427 431 510 605 114792 0 1 1 jumping 
4 427 438 509 608 114793 0 1 1 jumping 
4 427 444 507 611 114794 0 1 1 jumping 
5 680 495 755 616 114775 0 1 0 jumping 
5 671 493 739 614 114776 0 1 1 blocking 
5 662 492 724 612 114777 0 1 1 blocking 
5 653 491 709 611 114778 0 1 0 blocking 
5 646 476 703 611 114779 0 1 1 blocking 
5 640 462 697 611 114780 0 1 1 blocking 
5 634 448 691 611 114781 0 1 1 blocking 
5 627 433 685 611 114782 0 1 1 blocking 
5 621 419 679 611 114783 0 1 1 blocking 
5 615 405 673 612 114784 0 1 0 blocking 
5 604 403 662 604 114785 0 1 1 blocking 
5 594 402 652 597 114786 0 1 1 blocking 
5 584 401 642 590 114787 0 1 1 blocking 
5 574 400 632 583 114788 0 1 1 blocking 
5 564 399 622 576 114789 0 1 0 blocking 
5 554 401 617 577 114790 0 1 1 blocking 
5 545 403 613 579 114791 0 1 1 blocking 
5 535 405 608 581 114792 0 1 1 blocking 
5 526 407 604 583 114793 0 1 0 blocking 
5 526 413 604 589 114794 0 1 1 blocking 
6 686 437 759 563 114775 0 1 0 blocking 
6 677 439 747 566 114776 0 1 1 blocking 
6 669 441 735 569 114777 0 1 1 blocking 
6 661 443 723 572 114778 0 1 0 blocking 
6 655 443 717 572 114779 0 1 1 blocking 
6 650 443 711 572 114780 0 1 1 blocking 
6 645 444 705 572 114781 0 1 0 blocking 
6 635 434 695 573 114782 0 1 1 blocking 
6 626 424 685 575 114783 0 1 1 blocking 
6 616 414 675 577 114784 0 1 1 blocking 
6 607 404 665 579 114785 0 1 1 blocking 
6 598 395 656 581 114786 0 1 0 blocking 
6 586 389 644 575 114787 0 1 1 blocking 
6 575 384 633 570 114788 0 1 1 blocking 
6 564 379 622 565 114789 0 1 0 blocking 
6 559 379 617 565 114790 0 1 1 blocking 
6 554 380 612 566 114791 0 1 1 blocking 
6 549 381 607 567 114792 0 1 0 blocking 
6 539 387 597 573 114793 0 1 1 blocking 
6 529 394 587 580 114794 0 1 1 blocking 
7 441 407 510 537 114775 0 0 0 blocking 
7 441 404 507 537 114776 0 0 1 standing 
7 441 401 504 537 114777 0 0 1 standing 
7 442 399 502 538 114778 0 0 0 standing 
7 440 401 501 541 114779 0 0 1 standing 
7 438 403 500 545 114780 0 0 1 standing 
7 436 405 500 549 114781 0 0 0 standing 
7 434 407 493 545 114782 0 0 1 standing 
7 433 409 487 541 114783 0 0 1 standing 
7 432 411 481 538 114784 0 0 0 standing 
7 427 410 481 540 114785 0 0 1 standing 
7 423 410 481 542 114786 0 0 1 standing 
7 419 410 482 545 114787 0 0 0 standing 
7 413 409 472 545 114788 0 0 1 standing 
7 408 408 462 545 114789 0 0 1 standing 
7 403 408 452 545 114790 0 0 0 standing 
7 399 409 452 546 114791 0 0 1 standing 
7 395 411 452 547 114792 0 0 1 standing 
7 392 413 452 548 114793 0 0 1 standing 
7 388 415 452 549 114794 0 0 1 standing 
8 108 441 162 573 114775 0 0 0 standing 
8 106 441 162 573 114776 0 0 1 moving 
8 105 441 162 574 114777 0 0 1 moving 
8 104 442 163 575 114778 0 0 0 moving 
8 97 444 167 576 114779 0 0 1 moving 
8 90 447 172 577 114780 0 0 1 moving 
8 84 450 177 578 114781 0 0 0 moving 
8 80 449 170 578 114782 0 0 1 moving 
8 76 449 163 578 114783 0 0 1 moving 
8 72 449 157 578 114784 0 0 0 moving 
8 75 449 150 578 114785 0 0 1 moving 
8 78 449 144 578 114786 0 0 1 moving 
8 81 450 138 578 114787 0 0 0 moving 
8 79 449 134 576 114788 0 0 1 moving 
8 77 448 131 574 114789 0 0 1 moving 
8 76 447 128 572 114790 0 0 0 moving 
8 74 449 125 574 114791 0 0 1 moving 
8 72 452 123 576 114792 0 0 1 moving 
8 70 455 120 578 114793 0 0 1 moving 
8 68 458 118 580 114794 0 0 1 moving 
9 532 425 591 583 114775 0 0 0 moving 
9 522 435 582 583 114776 0 0 1 standing 
9 512 445 574 583 114777 0 0 1 standing 
9 502 455 566 583 114778 0 0 0 standing 
9 487 454 557 583 114779 0 0 1 standing 
9 472 454 549 583 114780 0 0 1 standing 
9 457 454 541 583 114781 0 0 0 standing 
9 450 452 532 576 114782 0 0 1 standing 
9 443 451 523 570 114783 0 0 1 standing 
9 436 450 514 564 114784 0 0 0 standing 
9 415 453 486 570 114785 0 0 1 standing 
9 394 456 458 576 114786 0 0 1 standing 
9 373 459 431 583 114787 0 0 0 standing 
9 353 461 419 588 114788 0 0 1 standing 
9 334 463 408 593 114789 0 0 1 standing 
9 315 465 397 599 114790 0 0 0 standing 
9 307 466 388 599 114791 0 0 1 standing 
9 300 468 380 600 114792 0 0 1 standing 
9 292 470 372 601 114793 0 0 1 standing 
9 285 472 364 602 114794 0 0 1 standing 
10 501 342 570 481 114775 0 0 0 standing 
10 501 350 573 475 114776 0 0 1 standing 
10 502 358 577 469 114777 0 0 1 standing 
10 503 366 581 463 114778 0 0 0 standing 
10 506 366 578 463 114779 0 0 1 standing 
10 510 366 575 464 114780 0 0 1 standing 
10 514 366 572 465 114781 0 0 0 standing 
10 510 366 571 467 114782 0 0 1 standing 
10 506 366 571 469 114783 0 0 1 standing 
10 502 367 571 472 114784 0 0 0 standing 
10 492 365 561 474 114785 0 0 1 standing 
10 483 363 552 476 114786 0 0 1 standing 
10 474 361 543 478 114787 0 0 0 standing 
10 466 360 532 479 114788 0 0 1 standing 
10 459 360 522 481 114789 0 0 1 standing 
10 452 360 512 483 114790 0 0 0 standing 
10 447 360 506 483 114791 0 0 1 standing 
10 442 360 501 483 114792 0 0 1 standing 
10 437 360 496 483 114793 0 0 1 standing 
10 432 360 491 483 114794 0 0 1 standing 
11 529 376 582 513 114775 0 0 0 standing 
11 523 379 576 516 114776 0 0 1 jumping 
11 517 382 570 519 114777 0 0 1 jumping 
11 511 386 565 523 114778 0 0 0 jumping 
11 505 391 562 527 114779 0 0 1 jumping 
11 499 397 559 532 114780 0 0 1 jumping 
11 494 403 556 537 114781 0 0 0 jumping 
11 483 418 545 545 114782 0 0 1 jumping 
11 472 433 535 553 114783 0 0 1 jumping 
11 461 448 525 562 114784 0 0 0 jumping 
11 462 446 522 560 114785 0 0 1 jumping 
11 463 444 519 558 114786 0 0 1 jumping 
11 464 443 517 557 114787 0 0 0 jumping 
11 459 441 515 560 114788 0 0 1 jumping 
11 454 440 513 563 114789 0 0 1 jumping 
11 450 439 512 567 114790 0 0 0 jumping 
11 446 438 510 568 114791 0 0 1 jumping 
11 442 438 508 570 114792 0 0 1 jumping 
11 439 437 506 572 114793 0 0 1 jumping 
11 435 437 504 574 114794 0 0 1 jumping 
