0 817 460 873 634 56715 0 1 0 spiking 
0 814 455 882 628 56716 0 1 1 spiking 
0 812 451 891 622 56717 0 1 1 spiking 
0 810 447 900 616 56718 0 1 1 spiking 
0 808 443 909 610 56719 0 1 0 spiking 
0 810 437 906 605 56720 0 1 1 spiking 
0 812 431 903 600 56721 0 1 1 spiking 
0 814 426 900 596 56722 0 1 1 spiking 
0 816 420 897 591 56723 0 1 1 spiking 
0 819 415 895 587 56724 0 1 0 spiking 
0 827 424 905 593 56725 0 1 1 spiking 
0 836 434 915 600 56726 0 1 1 spiking 
0 844 443 925 607 56727 0 1 1 spiking 
0 853 453 936 614 56728 0 1 1 spiking 
0 862 462 946 620 56729 0 1 1 spiking 
0 870 472 956 627 56730 0 1 1 spiking 
0 879 481 966 634 56731 0 1 1 spiking 
0 888 491 977 641 56732 0 1 0 spiking 
0 899 499 992 651 56733 0 1 1 spiking 
0 910 508 1008 661 56734 0 1 1 spiking 
1 683 445 732 599 56715 0 1 0 spiking 
1 688 437 739 597 56716 0 1 1 blocking 
1 694 430 746 595 56717 0 1 1 blocking 
1 700 423 753 594 56718 0 1 1 blocking 
1 705 416 760 592 56719 0 1 1 blocking 
1 711 409 767 590 56720 0 1 1 blocking 
1 717 402 775 589 56721 0 1 0 blocking 
1 721 405 780 588 56722 0 1 1 blocking 
1 725 408 785 587 56723 0 1 1 blocking 
1 729 411 791 586 56724 0 1 1 blocking 
1 733 414 796 585 56725 0 1 1 blocking 
1 738 417 802 584 56726 0 1 0 blocking 
1 742 421 813 588 56727 0 1 1 blocking 
1 747 426 825 593 56728 0 1 1 blocking 
1 751 431 837 597 56729 0 1 1 blocking 
1 756 436 849 602 56730 0 1 0 blocking 
1 770 439 862 605 56731 0 1 1 blocking 
1 785 443 876 609 56732 0 1 1 blocking 
1 800 446 889 612 56733 0 1 1 blocking 
1 815 450 903 616 56734 0 1 1 blocking 
2 668 476 724 622 56715 0 1 0 blocking 
2 675 460 731 620 56716 0 1 1 blocking 
2 683 445 738 618 56717 0 1 1 blocking 
2 691 430 745 616 56718 0 1 1 blocking 
2 699 415 753 614 56719 0 1 0 blocking 
2 707 415 761 612 56720 0 1 1 blocking 
2 715 415 769 610 56721 0 1 1 blocking 
2 723 416 777 608 56722 0 1 1 blocking 
2 731 416 785 606 56723 0 1 1 blocking 
2 739 416 793 604 56724 0 1 1 blocking 
2 747 417 802 602 56725 0 1 0 blocking 
2 758 419 813 607 56726 0 1 1 blocking 
2 769 421 824 612 56727 0 1 1 blocking 
2 780 423 835 617 56728 0 1 1 blocking 
2 791 425 846 622 56729 0 1 1 blocking 
2 802 427 857 627 56730 0 1 1 blocking 
2 813 429 868 632 56731 0 1 1 blocking 
2 825 431 879 638 56732 0 1 0 blocking 
2 836 443 891 643 56733 0 1 1 blocking 
2 848 456 903 648 56734 0 1 1 blocking 
3 481 419 547 508 56715 0 0 0 blocking 
3 487 417 555 507 56716 0 0 1 waiting 
3 493 416 563 506 56717 0 0 1 waiting 
3 500 415 572 505 56718 0 0 0 waiting 
3 507 411 578 504 56719 0 0 1 waiting 
3 514 407 585 504 56720 0 0 1 waiting 
3 521 403 592 504 56721 0 0 0 waiting 
3 529 403 600 504 56722 0 0 1 waiting 
3 538 403 609 504 56723 0 0 1 waiting 
3 547 403 618 504 56724 0 0 0 waiting 
3 557 405 628 507 56725 0 0 1 waiting 
3 567 407 638 510 56726 0 0 1 waiting 
3 578 410 648 513 56727 0 0 0 waiting 
3 587 411 657 512 56728 0 0 1 waiting 
3 597 413 667 511 56729 0 0 1 waiting 
3 607 415 677 511 56730 0 0 0 waiting 
3 621 413 692 511 56731 0 0 1 waiting 
3 635 411 707 511 56732 0 0 1 waiting 
3 649 409 723 511 56733 0 0 1 waiting 
3 663 407 738 511 56734 0 0 1 waiting 
4 741 436 794 567 56715 0 0 0 waiting 
4 750 442 803 573 56716 0 0 1 spiking 
4 760 448 813 580 56717 0 0 1 spiking 
4 770 455 823 587 56718 0 0 0 spiking 
4 775 455 826 586 56719 0 0 1 spiking 
4 780 455 829 586 56720 0 0 1 spiking 
4 786 455 833 586 56721 0 0 0 spiking 
4 791 455 838 586 56722 0 0 1 spiking 
4 796 455 843 586 56723 0 0 1 spiking 
4 802 455 849 586 56724 0 0 0 spiking 
4 811 453 855 586 56725 0 0 1 spiking 
4 820 452 861 586 56726 0 0 1 spiking 
4 830 451 867 587 56727 0 0 0 spiking 
4 841 451 878 587 56728 0 0 1 spiking 
4 852 451 889 587 56729 0 0 1 spiking 
4 864 452 901 588 56730 0 0 0 spiking 
4 878 453 916 584 56731 0 0 1 spiking 
4 892 454 931 581 56732 0 0 1 spiking 
4 906 455 946 577 56733 0 0 1 spiking 
4 920 456 961 574 56734 0 0 1 spiking 
5 756 421 824 567 56715 0 0 0 spiking 
5 759 422 822 564 56716 0 0 1 spiking 
5 762 423 820 561 56717 0 0 1 spiking 
5 766 425 818 558 56718 0 0 0 spiking 
5 774 423 825 555 56719 0 0 1 spiking 
5 782 421 833 552 56720 0 0 1 spiking 
5 790 419 841 550 56721 0 0 0 spiking 
5 797 417 848 548 56722 0 0 1 spiking 
5 804 415 855 546 56723 0 0 1 spiking 
5 812 413 863 544 56724 0 0 0 spiking 
5 820 411 872 534 56725 0 0 1 spiking 
5 829 410 881 525 56726 0 0 1 spiking 
5 838 409 890 516 56727 0 0 0 spiking 
5 849 411 904 517 56728 0 0 1 spiking 
5 860 413 919 519 56729 0 0 1 spiking 
5 871 415 934 521 56730 0 0 0 spiking 
5 885 412 949 524 56731 0 0 1 spiking 
5 899 410 964 528 56732 0 0 1 spiking 
5 914 408 979 532 56733 0 0 1 spiking 
5 928 406 994 536 56734 0 0 1 spiking 
6 656 433 713 557 56715 0 0 0 spiking 
6 658 435 714 558 56716 0 0 1 standing 
6 661 437 715 560 56717 0 0 1 standing 
6 664 439 717 562 56718 0 0 0 standing 
6 668 440 721 564 56719 0 0 1 standing 
6 672 441 725 566 56720 0 0 1 standing 
6 676 443 729 568 56721 0 0 0 standing 
6 675 444 732 571 56722 0 0 1 standing 
6 674 446 735 574 56723 0 0 1 standing 
6 673 448 738 577 56724 0 0 0 standing 
6 678 450 743 579 56725 0 0 1 standing 
6 683 452 748 581 56726 0 0 1 standing 
6 688 454 753 583 56727 0 0 0 standing 
6 694 455 761 583 56728 0 0 1 standing 
6 700 456 769 583 56729 0 0 1 standing 
6 706 457 777 584 56730 0 0 0 standing 
6 718 454 787 582 56731 0 0 1 standing 
6 731 451 797 581 56732 0 0 1 standing 
6 744 448 807 580 56733 0 0 1 standing 
6 757 445 817 579 56734 0 0 1 standing 
7 967 438 1027 558 56715 0 0 0 standing 
7 965 441 1025 557 56716 0 0 1 moving 
7 964 444 1024 556 56717 0 0 1 moving 
7 963 448 1023 555 56718 0 0 0 moving 
7 962 449 1027 559 56719 0 0 1 moving 
7 962 450 1031 563 56720 0 0 1 moving 
7 962 451 1035 568 56721 0 0 0 moving 
7 968 451 1036 568 56722 0 0 1 moving 
7 975 451 1037 568 56723 0 0 1 moving 
7 982 452 1039 569 56724 0 0 0 moving 
7 986 453 1042 572 56725 0 0 1 moving 
7 990 455 1045 576 56726 0 0 1 moving 
7 995 457 1048 580 56727 0 0 0 moving 
7 999 461 1054 583 56728 0 0 1 moving 
7 1003 465 1060 586 56729 0 0 1 moving 
7 1007 469 1067 590 56730 0 0 0 moving 
7 1022 469 1082 592 56731 0 0 1 moving 
7 1038 470 1097 594 56732 0 0 1 moving 
7 1053 471 1113 596 56733 0 0 1 moving 
7 1069 472 1128 598 56734 0 0 1 moving 
8 1059 414 1101 526 56715 0 0 0 moving 
8 1066 414 1107 530 56716 0 0 1 standing 
8 1073 414 1114 534 56717 0 0 1 standing 
8 1080 415 1121 538 56718 0 0 0 standing 
8 1083 416 1127 540 56719 0 0 1 standing 
8 1086 417 1134 542 56720 0 0 1 standing 
8 1090 419 1141 544 56721 0 0 0 standing 
8 1095 419 1145 544 56722 0 0 1 standing 
8 1100 419 1149 545 56723 0 0 1 standing 
8 1105 420 1154 546 56724 0 0 0 standing 
8 1111 422 1161 548 56725 0 0 1 standing 
8 1118 425 1169 550 56726 0 0 1 standing 
8 1125 428 1177 552 56727 0 0 0 standing 
8 1131 433 1186 557 56728 0 0 1 standing 
8 1138 438 1195 562 56729 0 0 1 standing 
8 1145 443 1204 568 56730 0 0 0 standing 
8 1161 444 1218 570 56731 0 0 1 standing 
8 1178 445 1233 572 56732 0 0 1 standing 
8 1195 446 1247 574 56733 0 0 1 standing 
8 1212 447 1262 576 56734 0 0 1 standing 
9 983 360 1034 466 56715 0 0 0 standing 
9 978 360 1037 471 56716 0 0 1 moving 
9 973 360 1040 476 56717 0 0 1 moving 
9 968 361 1043 482 56718 0 0 0 moving 
9 974 360 1043 481 56719 0 0 1 moving 
9 980 359 1043 481 56720 0 0 1 moving 
9 986 358 1043 481 56721 0 0 0 moving 
9 990 358 1045 477 56722 0 0 1 moving 
9 994 358 1047 474 56723 0 0 1 moving 
9 998 358 1050 471 56724 0 0 0 moving 
9 994 359 1054 474 56725 0 0 1 moving 
9 990 360 1058 478 56726 0 0 1 moving 
9 986 361 1062 482 56727 0 0 0 moving 
9 989 367 1067 487 56728 0 0 1 moving 
9 992 373 1072 492 56729 0 0 1 moving 
9 996 379 1078 498 56730 0 0 0 moving 
9 1011 381 1092 499 56731 0 0 1 moving 
9 1027 384 1107 501 56732 0 0 1 moving 
9 1043 386 1122 502 56733 0 0 1 moving 
9 1059 389 1137 504 56734 0 0 1 moving 
10 319 511 378 633 56715 0 0 0 moving 
10 319 513 383 634 56716 0 0 1 waiting 
10 319 515 388 635 56717 0 0 1 waiting 
10 320 518 393 637 56718 0 0 0 waiting 
10 325 520 397 636 56719 0 0 1 waiting 
10 330 522 401 636 56720 0 0 1 waiting 
10 335 524 406 636 56721 0 0 0 waiting 
10 342 523 411 635 56722 0 0 1 waiting 
10 350 522 417 635 56723 0 0 1 waiting 
10 358 521 423 635 56724 0 0 0 waiting 
10 364 521 431 635 56725 0 0 1 waiting 
10 370 521 439 635 56726 0 0 1 waiting 
10 377 521 448 635 56727 0 0 0 waiting 
10 388 518 459 634 56728 0 0 1 waiting 
10 399 515 470 633 56729 0 0 1 waiting 
10 411 512 481 633 56730 0 0 0 waiting 
10 429 509 499 630 56731 0 0 1 waiting 
10 448 507 518 627 56732 0 0 1 waiting 
10 466 504 536 624 56733 0 0 1 waiting 
10 485 502 555 621 56734 0 0 1 waiting 
11 265 439 317 551 56715 0 0 0 waiting 
11 272 439 324 550 56716 0 0 1 waiting 
11 279 439 332 549 56717 0 0 1 waiting 
11 287 440 340 548 56718 0 0 0 waiting 
11 293 439 346 547 56719 0 0 1 waiting 
11 299 438 352 547 56720 0 0 1 waiting 
11 305 437 358 547 56721 0 0 0 waiting 
11 310 437 367 546 56722 0 0 1 waiting 
11 315 437 376 546 56723 0 0 1 waiting 
11 320 437 385 546 56724 0 0 0 waiting 
11 326 438 395 546 56725 0 0 1 waiting 
11 333 440 405 546 56726 0 0 1 waiting 
11 340 442 415 547 56727 0 0 0 waiting 
11 349 444 426 546 56728 0 0 1 waiting 
11 358 446 437 545 56729 0 0 1 waiting 
11 367 448 448 544 56730 0 0 0 waiting 
11 381 445 460 543 56731 0 0 1 waiting 
11 395 442 473 543 56732 0 0 1 waiting 
11 410 439 485 542 56733 0 0 1 waiting 
11 424 436 498 542 56734 0 0 1 waiting 
