0 864 294 934 426 18395 0 0 0 moving 
0 869 294 939 426 18396 0 0 1 moving 
0 875 295 945 427 18397 0 0 1 moving 
0 880 295 950 427 18398 0 0 1 moving 
0 886 296 956 428 18399 0 0 0 moving 
0 882 298 957 429 18400 0 0 1 moving 
0 879 300 958 431 18401 0 0 1 moving 
0 875 302 959 433 18402 0 0 1 moving 
0 872 304 960 435 18403 0 0 1 moving 
0 869 307 962 437 18404 0 0 0 moving 
0 868 305 959 436 18405 0 0 1 moving 
0 867 304 957 436 18406 0 0 1 moving 
0 867 302 955 435 18407 0 0 1 moving 
0 866 301 953 435 18408 0 0 1 moving 
0 865 299 950 435 18409 0 0 1 moving 
0 865 298 948 434 18410 0 0 1 moving 
0 864 296 946 434 18411 0 0 1 moving 
0 864 295 944 434 18412 0 0 0 moving 
0 861 295 938 436 18413 0 0 1 moving 
0 859 295 933 438 18414 0 0 1 moving 
1 1060 412 1119 571 18395 0 0 0 moving 
1 1066 412 1125 571 18396 0 0 1 standing 
1 1073 412 1132 571 18397 0 0 1 standing 
1 1080 412 1139 571 18398 0 0 1 standing 
1 1086 412 1145 571 18399 0 0 1 standing 
1 1093 412 1152 571 18400 0 0 1 standing 
1 1100 412 1159 571 18401 0 0 0 standing 
1 1103 412 1162 571 18402 0 0 1 standing 
1 1106 413 1165 572 18403 0 0 1 standing 
1 1109 413 1168 572 18404 0 0 1 standing 
1 1113 414 1172 573 18405 0 0 1 standing 
1 1116 414 1175 573 18406 0 0 1 standing 
1 1119 415 1178 574 18407 0 0 1 standing 
1 1122 415 1181 574 18408 0 0 1 standing 
1 1126 416 1185 575 18409 0 0 0 standing 
1 1133 417 1192 576 18410 0 0 1 standing 
1 1140 418 1199 577 18411 0 0 1 standing 
1 1147 419 1206 578 18412 0 0 1 standing 
1 1154 420 1213 579 18413 0 0 1 standing 
1 1161 422 1220 581 18414 0 0 0 standing 
2 981 375 1074 464 18395 0 0 0 standing 
2 989 374 1082 463 18396 0 0 1 falling 
2 998 374 1090 463 18397 0 0 1 falling 
2 1006 374 1098 463 18398 0 0 1 falling 
2 1015 374 1106 463 18399 0 0 1 falling 
2 1024 374 1114 463 18400 0 0 0 falling 
2 1026 374 1116 463 18401 0 0 1 falling 
2 1029 374 1119 463 18402 0 0 1 falling 
2 1032 374 1122 463 18403 0 0 1 falling 
2 1035 374 1125 463 18404 0 0 1 falling 
2 1038 374 1128 463 18405 0 0 0 falling 
2 1045 369 1129 464 18406 0 0 1 falling 
2 1052 364 1130 465 18407 0 0 1 falling 
2 1059 360 1132 467 18408 0 0 0 falling 
2 1062 360 1135 467 18409 0 0 1 falling 
2 1065 360 1138 467 18410 0 0 1 falling 
2 1068 360 1141 467 18411 0 0 1 falling 
2 1072 361 1144 468 18412 0 0 0 falling 
2 1073 357 1145 468 18413 0 0 1 falling 
2 1074 353 1146 469 18414 0 0 1 falling 
3 785 382 841 537 18395 0 0 0 falling 
3 790 382 846 537 18396 0 0 1 standing 
3 795 382 852 538 18397 0 0 1 standing 
3 801 382 857 539 18398 0 0 1 standing 
3 806 382 863 540 18399 0 0 1 standing 
3 812 382 869 541 18400 0 0 0 standing 
3 814 382 871 541 18401 0 0 1 standing 
3 816 382 873 541 18402 0 0 1 standing 
3 818 382 875 541 18403 0 0 1 standing 
3 820 382 877 541 18404 0 0 1 standing 
3 823 382 880 541 18405 0 0 0 standing 
3 825 382 882 541 18406 0 0 1 standing 
3 827 382 884 541 18407 0 0 1 standing 
3 830 382 887 541 18408 0 0 1 standing 
3 832 382 889 541 18409 0 0 1 standing 
3 834 382 891 541 18410 0 0 1 standing 
3 837 383 894 542 18411 0 0 0 standing 
3 837 383 894 542 18412 0 0 1 standing 
3 838 383 895 542 18413 0 0 1 standing 
3 838 383 895 542 18414 0 0 1 standing 
4 864 462 959 654 18395 0 0 0 standing 
4 871 462 962 653 18396 0 0 1 moving 
4 878 462 965 653 18397 0 0 1 moving 
4 885 463 969 653 18398 0 0 1 moving 
4 892 463 972 653 18399 0 0 1 moving 
4 899 464 976 653 18400 0 0 0 moving 
4 897 464 974 651 18401 0 0 1 moving 
4 895 464 972 649 18402 0 0 1 moving 
4 893 464 971 648 18403 0 0 1 moving 
4 891 464 969 646 18404 0 0 1 moving 
4 890 465 968 645 18405 0 0 0 moving 
4 888 462 967 642 18406 0 0 1 moving 
4 886 459 966 639 18407 0 0 1 moving 
4 884 456 965 637 18408 0 0 1 moving 
4 882 453 965 634 18409 0 0 1 moving 
4 880 450 964 632 18410 0 0 1 moving 
4 878 447 963 629 18411 0 0 1 moving 
4 876 444 963 626 18412 0 0 1 moving 
4 874 441 962 624 18413 0 0 1 moving 
4 872 438 961 621 18414 0 0 1 moving 
5 738 380 791 566 18395 0 0 0 moving 
5 741 378 802 559 18396 0 0 1 standing 
5 744 377 813 553 18397 0 0 1 standing 
5 748 376 825 547 18398 0 0 0 standing 
5 752 373 825 544 18399 0 0 1 standing 
5 757 371 826 542 18400 0 0 1 standing 
5 761 369 827 539 18401 0 0 1 standing 
5 766 367 828 537 18402 0 0 0 standing 
5 769 366 830 536 18403 0 0 1 standing 
5 772 365 832 535 18404 0 0 1 standing 
5 775 365 835 535 18405 0 0 0 standing 
5 779 365 839 535 18406 0 0 1 standing 
5 784 365 844 535 18407 0 0 1 standing 
5 789 365 849 535 18408 0 0 0 standing 
5 788 365 855 534 18409 0 0 1 standing 
5 788 365 862 534 18410 0 0 1 standing 
5 788 365 868 534 18411 0 0 1 standing 
5 788 365 875 534 18412 0 0 0 standing 
5 788 365 875 534 18413 0 0 1 standing 
5 788 365 875 534 18414 0 0 1 standing 
6 647 364 715 490 18395 0 1 0 standing 
6 641 356 717 489 18396 0 1 1 spiking 
6 636 349 720 489 18397 0 1 1 spiking 
6 630 342 723 489 18398 0 1 1 spiking 
6 625 334 725 488 18399 0 1 1 spiking 
6 619 327 728 488 18400 0 1 1 spiking 
6 614 320 731 488 18401 0 1 0 spiking 
6 611 325 729 490 18402 0 1 1 spiking 
6 609 330 728 492 18403 0 1 1 spiking 
6 606 335 727 494 18404 0 1 1 spiking 
6 604 341 726 497 18405 0 1 0 spiking 
6 603 344 724 498 18406 0 1 1 spiking 
6 602 348 723 500 18407 0 1 1 spiking 
6 602 351 721 501 18408 0 1 1 spiking 
6 601 355 720 503 18409 0 1 1 spiking 
6 601 358 718 504 18410 0 1 1 spiking 
6 600 362 717 506 18411 0 1 1 spiking 
6 600 366 716 508 18412 0 1 0 spiking 
6 599 363 710 506 18413 0 1 1 spiking 
6 599 361 705 505 18414 0 1 1 spiking 
7 635 376 698 528 18395 0 0 0 spiking 
7 640 375 705 527 18396 0 0 1 moving 
7 646 375 713 526 18397 0 0 1 moving 
7 651 374 721 526 18398 0 0 1 moving 
7 657 374 729 525 18399 0 0 1 moving 
7 662 373 737 524 18400 0 0 1 moving 
7 668 373 745 524 18401 0 0 0 moving 
7 667 370 745 520 18402 0 0 1 moving 
7 667 367 745 517 18403 0 0 1 moving 
7 666 364 745 513 18404 0 0 1 moving 
7 666 361 745 510 18405 0 0 0 moving 
7 665 360 743 509 18406 0 0 1 moving 
7 665 360 742 509 18407 0 0 1 moving 
7 665 359 741 508 18408 0 0 1 moving 
7 665 359 739 508 18409 0 0 1 moving 
7 665 358 738 507 18410 0 0 1 moving 
7 665 358 737 507 18411 0 0 1 moving 
7 665 357 736 506 18412 0 0 1 moving 
7 665 357 734 506 18413 0 0 1 moving 
7 665 356 733 505 18414 0 0 1 moving 
8 615 448 698 602 18395 0 0 0 moving 
8 620 449 707 603 18396 0 0 1 moving 
8 625 450 716 605 18397 0 0 1 moving 
8 630 451 726 607 18398 0 0 0 moving 
8 623 450 725 605 18399 0 0 1 moving 
8 616 450 725 604 18400 0 0 1 moving 
8 609 450 724 602 18401 0 0 1 moving 
8 603 450 724 601 18402 0 0 0 moving 
8 601 451 717 609 18403 0 0 1 moving 
8 600 453 711 618 18404 0 0 1 moving 
8 599 455 705 627 18405 0 0 0 moving 
8 598 455 695 626 18406 0 0 1 moving 
8 598 455 685 625 18407 0 0 1 moving 
8 598 455 676 625 18408 0 0 0 moving 
8 592 458 670 627 18409 0 0 1 moving 
8 586 461 664 629 18410 0 0 1 moving 
8 580 464 658 631 18411 0 0 1 moving 
8 575 467 653 634 18412 0 0 1 moving 
8 569 470 647 636 18413 0 0 1 moving 
8 563 473 641 638 18414 0 0 1 moving 
9 403 363 486 485 18395 0 0 0 moving 
9 407 365 491 486 18396 0 0 1 falling 
9 411 368 496 487 18397 0 0 1 falling 
9 416 370 501 488 18398 0 0 1 falling 
9 420 373 507 489 18399 0 0 1 falling 
9 425 375 512 491 18400 0 0 1 falling 
9 429 378 517 492 18401 0 0 1 falling 
9 433 380 523 493 18402 0 0 1 falling 
9 438 383 528 494 18403 0 0 1 falling 
9 442 385 533 495 18404 0 0 1 falling 
9 447 388 539 497 18405 0 0 0 falling 
9 446 387 545 496 18406 0 0 1 falling 
9 446 387 552 495 18407 0 0 1 falling 
9 446 387 558 494 18408 0 0 1 falling 
9 446 387 565 494 18409 0 0 0 falling 
9 451 388 565 495 18410 0 0 1 falling 
9 456 389 565 497 18411 0 0 1 falling 
9 461 390 565 498 18412 0 0 1 falling 
9 467 391 565 500 18413 0 0 0 falling 
9 472 394 563 502 18414 0 0 1 falling 
10 335 455 407 594 18395 0 0 0 falling 
10 345 454 423 593 18396 0 0 1 moving 
10 355 454 439 593 18397 0 0 1 moving 
10 365 453 456 592 18398 0 0 1 moving 
10 375 453 472 592 18399 0 0 1 moving 
10 385 452 488 591 18400 0 0 1 moving 
10 396 452 505 591 18401 0 0 0 moving 
10 408 451 514 590 18402 0 0 1 moving 
10 420 451 523 589 18403 0 0 1 moving 
10 433 451 533 589 18404 0 0 1 moving 
10 445 451 542 588 18405 0 0 1 moving 
10 458 451 552 588 18406 0 0 1 moving 
10 470 451 561 587 18407 0 0 1 moving 
10 483 451 571 587 18408 0 0 0 moving 
10 489 449 577 585 18409 0 0 1 moving 
10 496 447 584 584 18410 0 0 1 moving 
10 502 445 591 583 18411 0 0 1 moving 
10 509 443 598 582 18412 0 0 1 moving 
10 516 442 605 581 18413 0 0 0 moving 
10 525 441 604 580 18414 0 0 1 moving 
11 209 386 295 543 18395 0 0 0 moving 
11 219 386 301 543 18396 0 0 1 standing 
11 229 387 307 544 18397 0 0 1 standing 
11 239 387 313 545 18398 0 0 1 standing 
11 249 388 320 546 18399 0 0 0 standing 
11 247 387 319 545 18400 0 0 1 standing 
11 245 387 319 545 18401 0 0 1 standing 
11 243 387 319 545 18402 0 0 1 standing 
11 241 387 319 545 18403 0 0 1 standing 
11 240 387 319 544 18404 0 0 1 standing 
11 238 387 319 544 18405 0 0 1 standing 
11 236 387 319 544 18406 0 0 1 standing 
11 234 387 319 544 18407 0 0 1 standing 
11 233 387 319 544 18408 0 0 0 standing 
11 234 387 321 543 18409 0 0 1 standing 
11 235 387 324 543 18410 0 0 1 standing 
11 236 387 327 543 18411 0 0 1 standing 
11 237 387 330 543 18412 0 0 1 standing 
11 238 387 332 543 18413 0 0 1 standing 
11 239 387 335 543 18414 0 0 1 standing 
