0 802 406 853 556 14895 1 0 1 setting 
0 802 406 853 556 14896 1 0 1 setting 
0 802 406 853 556 14897 0 1 0 setting 
0 803 403 852 555 14898 0 1 1 setting 
0 804 401 852 554 14899 0 1 1 setting 
0 805 398 852 553 14900 0 1 1 setting 
0 806 396 852 552 14901 0 1 1 setting 
0 808 394 852 552 14902 0 1 0 setting 
0 809 386 856 551 14903 0 1 1 setting 
0 810 378 860 550 14904 0 1 1 setting 
0 811 370 865 550 14905 0 1 0 setting 
0 812 370 871 547 14906 0 1 1 setting 
0 814 371 877 544 14907 0 1 1 setting 
0 816 371 883 541 14908 0 1 1 setting 
0 818 372 889 539 14909 0 1 0 setting 
0 818 372 889 539 14910 0 1 1 setting 
0 818 372 889 539 14911 0 1 1 setting 
0 818 372 889 539 14912 0 1 1 setting 
0 818 372 889 539 14913 0 1 1 setting 
0 818 372 889 539 14914 0 1 1 setting 
1 881 348 938 505 14895 1 0 1 setting 
1 881 348 938 505 14896 1 0 1 standing 
1 881 348 938 505 14897 0 0 0 standing 
1 880 348 937 504 14898 0 0 1 standing 
1 879 348 936 504 14899 0 0 1 standing 
1 878 348 936 503 14900 0 0 1 standing 
1 877 348 935 503 14901 0 0 1 standing 
1 877 348 935 503 14902 0 0 0 standing 
1 879 348 938 503 14903 0 0 1 standing 
1 882 348 941 503 14904 0 0 1 standing 
1 885 349 945 503 14905 0 0 0 standing 
1 889 349 950 503 14906 0 0 1 standing 
1 894 350 955 503 14907 0 0 1 standing 
1 899 350 960 503 14908 0 0 1 standing 
1 904 351 965 504 14909 0 0 0 standing 
1 904 351 965 504 14910 0 0 1 standing 
1 904 351 965 504 14911 0 0 1 standing 
1 904 351 965 504 14912 0 0 1 standing 
1 904 351 965 504 14913 0 0 1 standing 
1 904 351 965 504 14914 0 0 1 standing 
2 578 320 642 459 14895 1 0 1 standing 
2 579 320 643 459 14896 1 0 1 standing 
2 580 320 644 459 14897 0 0 0 standing 
2 584 319 649 456 14898 0 0 1 standing 
2 588 318 655 454 14899 0 0 1 standing 
2 592 318 661 452 14900 0 0 0 standing 
2 596 317 666 449 14901 0 0 1 standing 
2 600 316 672 446 14902 0 0 1 standing 
2 604 315 678 443 14903 0 0 0 standing 
2 613 314 687 441 14904 0 0 1 standing 
2 623 313 697 440 14905 0 0 1 standing 
2 633 313 707 439 14906 0 0 1 standing 
2 643 312 717 437 14907 0 0 1 standing 
2 653 311 727 436 14908 0 0 1 standing 
2 663 311 737 435 14909 0 0 0 standing 
2 663 311 737 435 14910 0 0 1 standing 
2 663 311 737 435 14911 0 0 1 standing 
2 663 311 737 435 14912 0 0 1 standing 
2 663 311 737 435 14913 0 0 1 standing 
2 663 311 737 435 14914 0 0 1 standing 
3 526 423 622 589 14895 1 0 1 standing 
3 526 423 622 589 14896 1 0 1 standing 
3 526 423 622 589 14897 0 0 0 standing 
3 537 421 634 587 14898 0 0 1 standing 
3 549 420 646 586 14899 0 0 1 standing 
3 561 419 658 584 14900 0 0 1 standing 
3 572 418 670 583 14901 0 0 1 standing 
3 584 417 682 581 14902 0 0 1 standing 
3 596 416 695 580 14903 0 0 0 standing 
3 606 413 703 577 14904 0 0 1 standing 
3 616 411 711 574 14905 0 0 1 standing 
3 626 408 719 572 14906 0 0 1 standing 
3 636 406 727 569 14907 0 0 1 standing 
3 646 403 735 566 14908 0 0 1 standing 
3 656 401 743 564 14909 0 0 0 standing 
3 656 401 743 564 14910 0 0 1 standing 
3 656 401 743 564 14911 0 0 1 standing 
3 656 401 743 564 14912 0 0 1 standing 
3 656 401 743 564 14913 0 0 1 standing 
3 656 401 743 564 14914 0 0 1 standing 
4 437 494 505 676 14895 1 0 1 standing 
4 437 494 505 676 14896 1 0 1 standing 
4 437 494 505 676 14897 0 0 0 standing 
4 439 496 516 680 14898 0 0 1 standing 
4 441 498 527 684 14899 0 0 1 standing 
4 444 500 538 689 14900 0 0 0 standing 
4 455 502 549 691 14901 0 0 1 standing 
4 466 504 560 693 14902 0 0 1 standing 
4 477 507 571 696 14903 0 0 1 standing 
4 488 509 582 698 14904 0 0 1 standing 
4 500 511 594 701 14905 0 0 1 standing 
4 511 514 605 703 14906 0 0 1 standing 
4 522 516 616 706 14907 0 0 1 standing 
4 533 518 627 708 14908 0 0 1 standing 
4 545 521 639 711 14909 0 0 0 standing 
4 545 521 639 711 14910 0 0 1 standing 
4 545 521 639 711 14911 0 0 1 standing 
4 545 521 639 711 14912 0 0 1 standing 
4 545 521 639 711 14913 0 0 1 standing 
4 545 521 639 711 14914 0 0 1 standing 
5 503 354 559 492 14895 1 0 1 standing 
5 503 354 559 492 14896 1 0 1 standing 
5 503 354 559 492 14897 0 0 0 standing 
5 491 354 554 493 14898 0 0 1 standing 
5 479 354 549 495 14899 0 0 1 standing 
5 467 354 544 497 14900 0 0 1 standing 
5 455 355 539 499 14901 0 0 0 standing 
5 455 354 536 499 14902 0 0 1 standing 
5 455 354 534 499 14903 0 0 1 standing 
5 455 353 531 499 14904 0 0 1 standing 
5 455 353 529 499 14905 0 0 1 standing 
5 455 352 526 499 14906 0 0 1 standing 
5 455 352 524 499 14907 0 0 1 standing 
5 455 351 521 499 14908 0 0 1 standing 
5 456 351 519 500 14909 0 0 0 standing 
5 456 351 519 500 14910 0 0 1 standing 
5 456 351 519 500 14911 0 0 1 standing 
5 456 351 519 500 14912 0 0 1 standing 
5 456 351 519 500 14913 0 0 1 standing 
5 456 351 519 500 14914 0 0 1 standing 
6 191 428 249 574 14895 1 0 1 standing 
6 191 428 249 574 14896 1 0 1 standing 
6 191 428 249 574 14897 0 0 0 standing 
6 194 428 251 575 14898 0 0 1 standing 
6 197 428 254 576 14899 0 0 1 standing 
6 200 428 256 578 14900 0 0 1 standing 
6 203 428 259 579 14901 0 0 1 standing 
6 207 428 262 581 14902 0 0 0 standing 
6 212 428 269 581 14903 0 0 1 standing 
6 218 429 276 581 14904 0 0 1 standing 
6 223 429 283 581 14905 0 0 1 standing 
6 229 430 290 582 14906 0 0 0 standing 
6 235 430 290 582 14907 0 0 1 standing 
6 241 431 291 583 14908 0 0 1 standing 
6 247 432 292 584 14909 0 0 0 standing 
6 247 432 292 584 14910 0 0 1 standing 
6 247 432 292 584 14911 0 0 1 standing 
6 247 432 292 584 14912 0 0 1 standing 
6 247 432 292 584 14913 0 0 1 standing 
6 247 432 292 584 14914 0 0 1 standing 
7 228 353 271 517 14895 1 0 1 standing 
7 228 353 271 517 14896 1 0 1 standing 
7 228 353 272 517 14897 0 0 0 standing 
7 228 354 273 519 14898 0 0 1 standing 
7 229 355 274 521 14899 0 0 1 standing 
7 229 357 275 523 14900 0 0 1 standing 
7 230 358 276 525 14901 0 0 1 standing 
7 231 360 278 528 14902 0 0 0 standing 
7 237 362 284 529 14903 0 0 1 standing 
7 243 364 290 531 14904 0 0 1 standing 
7 249 366 296 532 14905 0 0 1 standing 
7 255 368 302 534 14906 0 0 1 standing 
7 261 370 308 535 14907 0 0 1 standing 
7 267 372 314 537 14908 0 0 1 standing 
7 274 375 321 539 14909 0 0 0 standing 
7 274 375 321 539 14910 0 0 1 standing 
7 274 375 321 539 14911 0 0 1 standing 
7 274 375 321 539 14912 0 0 1 standing 
7 274 375 321 539 14913 0 0 1 standing 
7 274 375 321 539 14914 0 0 1 standing 
8 225 344 267 489 14895 1 0 1 standing 
8 225 344 267 489 14896 1 0 1 standing 
8 225 344 267 489 14897 0 0 0 standing 
8 226 345 270 490 14898 0 0 1 standing 
8 227 346 273 491 14899 0 0 1 standing 
8 229 347 277 492 14900 0 0 1 standing 
8 230 348 280 493 14901 0 0 1 standing 
8 232 349 284 494 14902 0 0 0 standing 
8 236 350 289 496 14903 0 0 1 standing 
8 241 351 295 498 14904 0 0 1 standing 
8 245 352 301 500 14905 0 0 1 standing 
8 250 353 307 503 14906 0 0 1 standing 
8 254 354 313 505 14907 0 0 1 standing 
8 259 355 319 507 14908 0 0 1 standing 
8 264 356 325 510 14909 0 0 0 standing 
8 264 356 325 510 14910 0 0 1 standing 
8 264 356 325 510 14911 0 0 1 standing 
8 264 356 325 510 14912 0 0 1 standing 
8 264 356 325 510 14913 0 0 1 standing 
8 264 356 325 510 14914 0 0 1 standing 
9 0 449 71 603 14895 1 0 1 standing 
9 0 449 71 603 14896 1 0 1 standing 
9 0 449 72 603 14897 0 0 0 standing 
9 0 451 71 603 14898 0 0 1 standing 
9 0 454 71 603 14899 0 0 1 standing 
9 0 456 71 603 14900 0 0 1 standing 
9 0 459 71 603 14901 0 0 0 standing 
9 0 457 67 604 14902 0 0 1 standing 
9 0 455 64 605 14903 0 0 1 standing 
9 0 453 60 606 14904 0 0 1 standing 
9 0 451 57 607 14905 0 0 1 standing 
9 0 449 54 608 14906 0 0 1 standing 
9 0 447 50 609 14907 0 0 1 standing 
9 0 445 47 610 14908 0 0 1 standing 
9 0 444 44 611 14909 0 0 0 standing 
9 0 444 44 611 14910 0 0 1 standing 
9 0 444 44 611 14911 0 0 1 standing 
9 0 444 44 611 14912 0 0 1 standing 
9 0 444 44 611 14913 0 0 1 standing 
9 0 444 44 611 14914 0 0 1 standing 
10 0 356 32 490 14895 1 0 1 standing 
10 0 356 30 490 14896 1 0 1 standing 
10 0 356 29 490 14897 1 0 1 standing 
10 0 356 27 490 14898 1 0 1 standing 
10 0 356 26 490 14899 1 0 1 standing 
10 0 356 25 490 14900 1 0 1 standing 
10 0 356 23 490 14901 1 0 1 standing 
10 0 356 22 490 14902 1 0 1 standing 
10 0 356 20 490 14903 1 0 1 standing 
10 0 356 19 490 14904 1 0 1 standing 
10 0 357 18 491 14905 0 0 0 standing 
10 0 355 25 489 14906 0 0 1 standing 
10 0 354 33 487 14907 0 0 1 standing 
10 0 353 41 485 14908 0 0 1 standing 
10 0 352 49 484 14909 0 0 0 standing 
10 0 352 49 484 14910 0 0 1 standing 
10 0 352 49 484 14911 0 0 1 standing 
10 0 352 49 484 14912 0 0 1 standing 
10 0 352 49 484 14913 0 0 1 standing 
10 0 352 49 484 14914 0 0 1 standing 
