0 215 522 287 618 48680 0 0 0 falling 
0 214 521 286 618 48681 0 0 1 falling 
0 213 521 285 618 48682 0 0 1 falling 
0 213 521 285 618 48683 0 0 1 falling 
0 212 521 284 618 48684 0 0 1 falling 
0 212 521 284 618 48685 0 0 1 falling 
0 211 521 283 618 48686 0 0 1 falling 
0 210 521 282 618 48687 0 0 1 falling 
0 210 521 282 618 48688 0 0 1 falling 
0 209 521 281 618 48689 0 0 1 falling 
0 209 521 281 618 48690 0 0 0 falling 
0 206 520 278 619 48691 0 0 1 falling 
0 203 519 275 620 48692 0 0 1 falling 
0 200 519 272 621 48693 0 0 1 falling 
0 198 518 269 622 48694 0 0 1 falling 
0 195 518 266 624 48695 0 0 1 falling 
0 192 517 263 625 48696 0 0 1 falling 
0 190 516 260 626 48697 0 0 1 falling 
0 187 516 257 627 48698 0 0 1 falling 
0 184 515 254 628 48699 0 0 1 falling 
1 283 325 334 461 48680 0 0 0 falling 
1 281 324 332 460 48681 0 0 1 standing 
1 280 324 331 460 48682 0 0 1 standing 
1 278 324 330 460 48683 0 0 1 standing 
1 277 324 328 460 48684 0 0 1 standing 
1 276 324 327 460 48685 0 0 1 standing 
1 274 323 326 460 48686 0 0 1 standing 
1 273 323 324 460 48687 0 0 1 standing 
1 271 323 323 460 48688 0 0 1 standing 
1 270 323 322 460 48689 0 0 1 standing 
1 269 323 321 460 48690 0 0 0 standing 
1 266 323 318 460 48691 0 0 1 standing 
1 264 323 316 460 48692 0 0 1 standing 
1 261 323 313 460 48693 0 0 1 standing 
1 259 323 311 460 48694 0 0 1 standing 
1 257 323 309 460 48695 0 0 1 standing 
1 254 323 306 460 48696 0 0 1 standing 
1 252 323 304 460 48697 0 0 1 standing 
1 249 323 301 460 48698 0 0 1 standing 
1 247 323 299 460 48699 0 0 1 standing 
2 564 366 611 525 48680 0 0 0 standing 
2 564 365 611 524 48681 0 0 1 standing 
2 564 364 611 524 48682 0 0 1 standing 
2 564 363 611 523 48683 0 0 1 standing 
2 564 362 611 523 48684 0 0 1 standing 
2 565 362 612 522 48685 0 0 1 standing 
2 565 361 612 522 48686 0 0 1 standing 
2 565 360 612 521 48687 0 0 1 standing 
2 565 359 612 521 48688 0 0 1 standing 
2 565 358 612 520 48689 0 0 1 standing 
2 566 358 613 520 48690 0 0 0 standing 
2 565 357 612 519 48691 0 0 1 standing 
2 564 356 611 518 48692 0 0 1 standing 
2 563 355 610 517 48693 0 0 1 standing 
2 562 355 609 516 48694 0 0 1 standing 
2 561 354 608 516 48695 0 0 1 standing 
2 560 353 607 515 48696 0 0 1 standing 
2 559 353 606 514 48697 0 0 1 standing 
2 558 352 605 513 48698 0 0 1 standing 
2 557 351 604 512 48699 0 0 1 standing 
3 636 315 696 468 48680 0 0 0 standing 
3 634 314 694 468 48681 0 0 1 standing 
3 633 314 693 468 48682 0 0 1 standing 
3 632 314 692 468 48683 0 0 1 standing 
3 630 314 690 468 48684 0 0 1 standing 
3 629 314 689 468 48685 0 0 1 standing 
3 628 314 688 468 48686 0 0 1 standing 
3 626 314 686 468 48687 0 0 1 standing 
3 625 314 685 468 48688 0 0 1 standing 
3 624 314 684 468 48689 0 0 1 standing 
3 623 314 683 468 48690 0 0 1 standing 
3 621 314 681 468 48691 0 0 1 standing 
3 620 314 680 468 48692 0 0 1 standing 
3 619 314 679 468 48693 0 0 1 standing 
3 617 314 677 468 48694 0 0 1 standing 
3 616 314 676 468 48695 0 0 1 standing 
3 615 314 675 468 48696 0 0 1 standing 
3 613 314 673 468 48697 0 0 1 standing 
3 612 314 672 468 48698 0 0 1 standing 
3 611 314 671 468 48699 0 0 1 standing 
4 757 422 833 573 48680 0 1 0 standing 
4 760 420 836 571 48681 0 1 1 standing 
4 763 419 839 570 48682 0 1 1 standing 
4 767 417 843 568 48683 0 1 1 standing 
4 770 416 846 567 48684 0 1 1 standing 
4 774 414 850 566 48685 0 1 1 standing 
4 777 413 853 564 48686 0 1 1 standing 
4 780 411 856 563 48687 0 1 1 standing 
4 784 410 860 561 48688 0 1 1 standing 
4 787 408 863 560 48689 0 1 1 standing 
4 791 407 867 559 48690 0 1 0 standing 
4 792 405 868 557 48691 0 1 1 standing 
4 794 404 870 555 48692 0 1 1 standing 
4 796 402 872 554 48693 0 1 1 standing 
4 797 401 874 552 48694 0 1 1 standing 
4 799 399 876 551 48695 0 1 1 standing 
4 801 398 877 549 48696 0 1 1 standing 
4 802 396 879 547 48697 0 1 1 standing 
4 804 395 881 546 48698 0 1 1 standing 
4 806 393 883 544 48699 0 1 1 standing 
5 979 433 1036 579 48680 0 1 0 standing 
5 979 431 1036 577 48681 0 1 1 standing 
5 979 430 1036 576 48682 0 1 1 standing 
5 979 428 1036 575 48683 0 1 1 standing 
5 979 427 1036 574 48684 0 1 1 standing 
5 979 426 1036 573 48685 0 1 1 standing 
5 979 424 1036 572 48686 0 1 1 standing 
5 979 423 1036 571 48687 0 1 1 standing 
5 979 421 1036 570 48688 0 1 1 standing 
5 979 420 1036 569 48689 0 1 1 standing 
5 979 419 1036 568 48690 0 1 0 standing 
5 977 417 1034 566 48691 0 1 1 standing 
5 975 415 1032 564 48692 0 1 1 standing 
5 973 413 1030 562 48693 0 1 1 standing 
5 971 411 1028 560 48694 0 1 1 standing 
5 969 410 1026 559 48695 0 1 1 standing 
5 967 408 1024 557 48696 0 1 1 standing 
5 965 406 1022 555 48697 0 1 1 standing 
5 963 404 1020 553 48698 0 1 1 standing 
5 961 402 1018 551 48699 0 1 1 standing 
6 881 345 925 483 48680 0 1 0 standing 
6 883 344 927 482 48681 0 1 1 standing 
6 885 344 930 482 48682 0 1 1 standing 
6 887 343 932 482 48683 0 1 1 standing 
6 890 343 935 481 48684 0 1 1 standing 
6 892 343 937 481 48685 0 1 1 standing 
6 894 342 940 481 48686 0 1 1 standing 
6 897 342 942 480 48687 0 1 1 standing 
6 899 341 945 480 48688 0 1 1 standing 
6 901 341 947 480 48689 0 1 1 standing 
6 904 341 950 480 48690 0 1 0 standing 
6 905 341 951 480 48691 0 1 1 standing 
6 906 342 952 481 48692 0 1 1 standing 
6 907 342 953 481 48693 0 1 1 standing 
6 908 343 954 482 48694 0 1 1 standing 
6 909 344 955 483 48695 0 1 1 standing 
6 910 344 956 483 48696 0 1 1 standing 
6 911 345 957 484 48697 0 1 1 standing 
6 912 345 958 484 48698 0 1 1 standing 
6 913 346 959 485 48699 0 1 1 standing 
7 298 438 382 601 48680 0 0 0 standing 
7 296 437 380 600 48681 0 0 1 standing 
7 294 436 378 599 48682 0 0 1 standing 
7 292 435 376 598 48683 0 0 1 standing 
7 290 434 374 597 48684 0 0 1 standing 
7 289 433 373 596 48685 0 0 1 standing 
7 287 432 371 595 48686 0 0 1 standing 
7 285 431 369 594 48687 0 0 1 standing 
7 283 430 367 593 48688 0 0 1 standing 
7 281 429 365 592 48689 0 0 1 standing 
7 280 428 364 591 48690 0 0 0 standing 
7 279 427 361 591 48691 0 0 1 standing 
7 279 427 358 592 48692 0 0 1 standing 
7 279 427 355 593 48693 0 0 1 standing 
7 279 427 353 594 48694 0 0 1 standing 
7 279 427 350 595 48695 0 0 1 standing 
7 279 427 347 595 48696 0 0 1 standing 
7 279 427 345 596 48697 0 0 1 standing 
7 279 427 342 597 48698 0 0 1 standing 
7 279 427 339 598 48699 0 0 1 standing 
8 586 314 640 467 48680 0 0 0 standing 
8 585 313 639 466 48681 0 0 1 standing 
8 584 313 638 466 48682 0 0 1 standing 
8 584 312 638 465 48683 0 0 1 standing 
8 583 312 637 465 48684 0 0 1 standing 
8 583 311 637 465 48685 0 0 1 standing 
8 582 311 636 464 48686 0 0 1 standing 
8 581 310 635 464 48687 0 0 1 standing 
8 581 310 635 463 48688 0 0 1 standing 
8 580 309 634 463 48689 0 0 1 standing 
8 580 309 634 463 48690 0 0 0 standing 
8 576 308 630 462 48691 0 0 1 standing 
8 572 307 626 461 48692 0 0 1 standing 
8 568 307 622 461 48693 0 0 1 standing 
8 565 306 618 460 48694 0 0 1 standing 
8 561 306 615 460 48695 0 0 1 standing 
8 557 305 611 459 48696 0 0 1 standing 
8 554 304 607 458 48697 0 0 1 standing 
8 550 304 603 458 48698 0 0 1 standing 
8 546 303 599 457 48699 0 0 1 standing 
9 754 378 826 535 48680 0 1 0 standing 
9 757 376 829 533 48681 0 1 1 standing 
9 761 375 832 531 48682 0 1 1 standing 
9 764 373 836 530 48683 0 1 1 standing 
9 768 372 839 528 48684 0 1 1 standing 
9 771 370 843 527 48685 0 1 1 standing 
9 775 369 846 525 48686 0 1 1 standing 
9 778 367 849 523 48687 0 1 1 standing 
9 782 366 853 522 48688 0 1 1 standing 
9 785 364 856 520 48689 0 1 1 standing 
9 789 363 860 519 48690 0 1 0 standing 
9 791 362 862 518 48691 0 1 1 standing 
9 794 361 865 517 48692 0 1 1 standing 
9 796 360 867 516 48693 0 1 1 standing 
9 799 359 870 515 48694 0 1 1 standing 
9 801 358 872 514 48695 0 1 1 standing 
9 804 357 875 513 48696 0 1 1 standing 
9 806 356 877 512 48697 0 1 1 standing 
9 809 355 880 511 48698 0 1 1 standing 
9 811 354 882 510 48699 0 1 1 standing 
10 853 349 923 470 48680 0 1 0 standing 
10 860 347 930 468 48681 0 1 1 standing 
10 867 346 937 466 48682 0 1 1 standing 
10 874 344 944 464 48683 0 1 1 standing 
10 881 343 951 463 48684 0 1 1 standing 
10 889 341 959 461 48685 0 1 1 standing 
10 896 340 966 459 48686 0 1 1 standing 
10 903 338 973 458 48687 0 1 1 standing 
10 910 337 980 456 48688 0 1 1 standing 
10 917 335 987 454 48689 0 1 1 standing 
10 925 334 995 453 48690 0 1 0 standing 
10 928 335 998 454 48691 0 1 1 standing 
10 931 337 1001 456 48692 0 1 1 standing 
10 934 338 1004 458 48693 0 1 1 standing 
10 937 340 1007 459 48694 0 1 1 standing 
10 940 342 1010 461 48695 0 1 1 standing 
10 943 343 1013 463 48696 0 1 1 standing 
10 946 345 1016 464 48697 0 1 1 standing 
10 949 346 1019 466 48698 0 1 1 standing 
10 952 348 1022 468 48699 0 1 1 standing 
11 1008 386 1061 517 48680 0 1 0 standing 
11 1007 386 1060 517 48681 0 1 1 standing 
11 1006 386 1059 517 48682 0 1 1 standing 
11 1005 386 1058 517 48683 0 1 1 standing 
11 1004 386 1057 517 48684 0 1 1 standing 
11 1003 386 1056 517 48685 0 1 1 standing 
11 1002 386 1055 517 48686 0 1 1 standing 
11 1001 386 1054 517 48687 0 1 1 standing 
11 1000 386 1053 517 48688 0 1 1 standing 
11 999 386 1052 517 48689 0 1 1 standing 
11 998 386 1051 517 48690 0 1 1 standing 
11 997 386 1050 517 48691 0 1 1 standing 
11 996 386 1049 517 48692 0 1 1 standing 
11 995 386 1048 517 48693 0 1 1 standing 
11 994 386 1047 517 48694 0 1 1 standing 
11 993 386 1046 517 48695 0 1 1 standing 
11 992 386 1045 517 48696 0 1 1 standing 
11 991 386 1044 517 48697 0 1 1 standing 
11 990 386 1043 517 48698 0 1 1 standing 
11 989 386 1042 517 48699 0 1 1 standing 
