0 87 375 151 529 30455 0 0 0 standing 
0 81 375 145 530 30456 0 0 1 standing 
0 75 376 139 531 30457 0 0 1 standing 
0 69 377 133 532 30458 0 0 1 standing 
0 63 378 127 533 30459 0 0 1 standing 
0 57 379 121 534 30460 0 0 1 standing 
0 51 380 115 535 30461 0 0 1 standing 
0 45 381 109 536 30462 0 0 1 standing 
0 39 382 103 537 30463 0 0 1 standing 
0 33 383 97 538 30464 0 0 1 standing 
0 28 384 92 539 30465 0 0 0 standing 
0 25 384 90 539 30466 0 0 1 standing 
0 23 385 88 540 30467 0 0 1 standing 
0 21 386 86 540 30468 0 0 1 standing 
0 18 387 84 541 30469 0 0 1 standing 
0 16 388 83 542 30470 0 0 1 standing 
0 14 388 81 542 30471 0 0 1 standing 
0 11 389 79 543 30472 0 0 1 standing 
0 9 390 77 543 30473 0 0 1 standing 
0 7 391 75 544 30474 0 0 1 standing 
1 297 356 367 493 30455 0 0 0 standing 
1 295 356 363 493 30456 0 0 1 standing 
1 294 356 359 493 30457 0 0 1 standing 
1 292 356 355 493 30458 0 0 1 standing 
1 291 356 352 493 30459 0 0 1 standing 
1 289 357 348 493 30460 0 0 1 standing 
1 288 357 344 493 30461 0 0 1 standing 
1 286 357 341 493 30462 0 0 1 standing 
1 285 357 337 493 30463 0 0 1 standing 
1 283 357 333 493 30464 0 0 1 standing 
1 282 358 330 494 30465 0 0 0 standing 
1 280 358 328 494 30466 0 0 1 standing 
1 279 358 327 494 30467 0 0 1 standing 
1 277 358 325 494 30468 0 0 1 standing 
1 276 358 324 494 30469 0 0 1 standing 
1 275 358 323 494 30470 0 0 1 standing 
1 273 358 321 494 30471 0 0 1 standing 
1 272 358 320 494 30472 0 0 1 standing 
1 270 358 318 494 30473 0 0 1 standing 
1 269 358 317 494 30474 0 0 1 standing 
2 434 462 513 625 30455 0 0 0 standing 
2 428 461 505 627 30456 0 0 1 standing 
2 422 461 497 629 30457 0 0 1 standing 
2 416 461 489 631 30458 0 0 1 standing 
2 411 461 481 633 30459 0 0 1 standing 
2 405 461 474 635 30460 0 0 1 standing 
2 399 461 466 637 30461 0 0 1 standing 
2 394 461 458 639 30462 0 0 1 standing 
2 388 461 450 641 30463 0 0 1 standing 
2 382 461 442 643 30464 0 0 1 standing 
2 377 461 435 646 30465 0 0 0 standing 
2 377 461 435 646 30466 0 0 1 standing 
2 377 461 435 646 30467 0 0 1 standing 
2 377 461 435 646 30468 0 0 1 standing 
2 377 461 435 646 30469 0 0 1 standing 
2 377 461 435 646 30470 0 0 1 standing 
2 377 461 435 646 30471 0 0 1 standing 
2 377 461 435 646 30472 0 0 1 standing 
2 377 461 435 646 30473 0 0 1 standing 
2 377 461 435 646 30474 0 0 1 standing 
3 661 498 716 657 30455 0 1 0 standing 
3 658 497 715 657 30456 0 1 1 standing 
3 656 496 714 657 30457 0 1 1 standing 
3 654 495 713 657 30458 0 1 1 standing 
3 652 494 713 657 30459 0 1 1 standing 
3 650 493 712 657 30460 0 1 1 standing 
3 647 492 711 657 30461 0 1 1 standing 
3 645 491 711 657 30462 0 1 1 standing 
3 643 490 710 657 30463 0 1 1 standing 
3 641 489 709 657 30464 0 1 1 standing 
3 639 488 709 657 30465 0 1 0 standing 
3 642 487 711 656 30466 0 1 1 standing 
3 646 486 714 655 30467 0 1 1 standing 
3 650 485 716 654 30468 0 1 1 standing 
3 654 484 719 653 30469 0 1 1 standing 
3 658 483 722 652 30470 0 1 1 standing 
3 661 482 724 651 30471 0 1 1 standing 
3 665 481 727 650 30472 0 1 1 standing 
3 669 480 729 649 30473 0 1 1 standing 
3 673 479 732 648 30474 0 1 1 standing 
4 734 385 788 542 30455 0 1 0 standing 
4 732 385 786 543 30456 0 1 1 standing 
4 730 386 784 544 30457 0 1 1 standing 
4 728 387 782 545 30458 0 1 1 standing 
4 726 387 780 546 30459 0 1 1 standing 
4 725 388 778 548 30460 0 1 1 standing 
4 723 389 776 549 30461 0 1 1 standing 
4 721 389 774 550 30462 0 1 1 standing 
4 719 390 772 551 30463 0 1 1 standing 
4 717 391 770 552 30464 0 1 1 standing 
4 716 392 769 554 30465 0 1 0 standing 
4 715 392 768 554 30466 0 1 1 standing 
4 715 393 768 555 30467 0 1 1 standing 
4 714 394 767 556 30468 0 1 1 standing 
4 714 395 767 557 30469 0 1 1 standing 
4 714 396 767 558 30470 0 1 1 standing 
4 713 397 766 559 30471 0 1 1 standing 
4 713 398 766 560 30472 0 1 1 standing 
4 712 399 765 561 30473 0 1 1 standing 
4 712 400 765 562 30474 0 1 1 standing 
5 896 321 946 469 30455 0 1 0 standing 
5 892 321 942 469 30456 0 1 1 standing 
5 888 321 939 470 30457 0 1 1 standing 
5 885 322 935 470 30458 0 1 1 standing 
5 881 322 932 471 30459 0 1 1 standing 
5 878 323 928 471 30460 0 1 1 standing 
5 874 323 925 472 30461 0 1 1 standing 
5 870 323 921 472 30462 0 1 1 standing 
5 867 324 918 473 30463 0 1 1 standing 
5 863 324 914 473 30464 0 1 1 standing 
5 860 325 911 474 30465 0 1 0 standing 
5 858 325 909 474 30466 0 1 1 standing 
5 857 326 908 475 30467 0 1 1 standing 
5 856 327 907 476 30468 0 1 1 standing 
5 855 328 906 476 30469 0 1 1 standing 
5 854 329 905 477 30470 0 1 1 standing 
5 853 329 904 478 30471 0 1 1 standing 
5 852 330 903 478 30472 0 1 1 standing 
5 851 331 902 479 30473 0 1 1 standing 
5 850 332 901 480 30474 0 1 1 standing 
6 553 355 607 494 30455 0 0 0 standing 
6 549 355 603 494 30456 0 0 1 standing 
6 545 355 599 495 30457 0 0 1 standing 
6 541 356 595 495 30458 0 0 1 standing 
6 538 356 592 496 30459 0 0 1 standing 
6 534 357 588 496 30460 0 0 1 standing 
6 530 357 584 497 30461 0 0 1 standing 
6 527 357 581 497 30462 0 0 1 standing 
6 523 358 577 498 30463 0 0 1 standing 
6 519 358 573 498 30464 0 0 1 standing 
6 516 359 570 499 30465 0 0 0 standing 
6 513 359 567 499 30466 0 0 1 standing 
6 511 359 565 499 30467 0 0 1 standing 
6 509 359 563 499 30468 0 0 1 standing 
6 506 359 560 499 30469 0 0 1 standing 
6 504 359 558 499 30470 0 0 1 standing 
6 502 359 556 499 30471 0 0 1 standing 
6 499 359 553 499 30472 0 0 1 standing 
6 497 359 551 499 30473 0 0 1 standing 
6 495 359 549 499 30474 0 0 1 standing 
7 277 465 338 624 30455 0 0 0 standing 
7 275 464 337 624 30456 0 0 1 standing 
7 274 464 337 624 30457 0 0 1 standing 
7 273 464 337 624 30458 0 0 1 standing 
7 272 464 337 624 30459 0 0 1 standing 
7 271 464 337 624 30460 0 0 1 standing 
7 270 464 337 624 30461 0 0 1 standing 
7 269 464 337 624 30462 0 0 1 standing 
7 268 464 337 624 30463 0 0 1 standing 
7 267 464 337 624 30464 0 0 1 standing 
7 266 464 337 624 30465 0 0 0 standing 
7 264 463 335 623 30466 0 0 1 standing 
7 262 463 333 623 30467 0 0 1 standing 
7 260 462 331 623 30468 0 0 1 standing 
7 258 462 329 623 30469 0 0 1 standing 
7 257 462 328 623 30470 0 0 1 standing 
7 255 461 326 622 30471 0 0 1 standing 
7 253 461 324 622 30472 0 0 1 standing 
7 251 460 322 622 30473 0 0 1 standing 
7 249 460 320 622 30474 0 0 1 standing 
8 574 457 634 607 30455 0 0 0 standing 
8 570 455 630 605 30456 0 0 1 standing 
8 567 454 627 604 30457 0 0 1 standing 
8 564 453 624 603 30458 0 0 1 standing 
8 561 451 621 601 30459 0 0 1 standing 
8 558 450 618 600 30460 0 0 1 standing 
8 554 449 614 599 30461 0 0 1 standing 
8 551 447 611 597 30462 0 0 1 standing 
8 548 446 608 596 30463 0 0 1 standing 
8 545 445 605 595 30464 0 0 1 standing 
8 542 444 602 594 30465 0 0 0 standing 
8 540 443 600 593 30466 0 0 1 standing 
8 539 443 599 593 30467 0 0 1 standing 
8 537 442 597 592 30468 0 0 1 standing 
8 536 442 596 592 30469 0 0 1 standing 
8 535 441 595 591 30470 0 0 1 standing 
8 533 441 593 591 30471 0 0 1 standing 
8 532 440 592 590 30472 0 0 1 standing 
8 530 440 590 590 30473 0 0 1 standing 
8 529 439 589 589 30474 0 0 1 standing 
9 753 441 823 593 30455 0 1 0 standing 
9 753 439 821 592 30456 0 1 1 standing 
9 754 438 820 592 30457 0 1 1 standing 
9 754 437 818 591 30458 0 1 1 standing 
9 755 435 817 591 30459 0 1 1 standing 
9 755 434 816 591 30460 0 1 1 standing 
9 756 433 814 590 30461 0 1 1 standing 
9 756 431 813 590 30462 0 1 1 standing 
9 757 430 811 589 30463 0 1 1 standing 
9 757 429 810 589 30464 0 1 1 standing 
9 758 428 809 589 30465 0 1 0 standing 
9 758 429 808 590 30466 0 1 1 standing 
9 758 430 808 592 30467 0 1 1 standing 
9 758 431 808 594 30468 0 1 1 standing 
9 758 432 808 595 30469 0 1 1 standing 
9 758 434 808 597 30470 0 1 1 standing 
9 758 435 807 599 30471 0 1 1 standing 
9 758 436 807 600 30472 0 1 1 standing 
9 758 437 807 602 30473 0 1 1 standing 
9 758 438 807 604 30474 0 1 1 standing 
10 808 359 860 516 30455 0 1 0 standing 
10 806 359 858 516 30456 0 1 1 standing 
10 804 360 857 517 30457 0 1 1 standing 
10 803 361 855 518 30458 0 1 1 standing 
10 801 362 854 519 30459 0 1 1 standing 
10 800 363 852 520 30460 0 1 1 standing 
10 798 364 851 521 30461 0 1 1 standing 
10 796 365 849 522 30462 0 1 1 standing 
10 795 366 848 523 30463 0 1 1 standing 
10 793 367 846 524 30464 0 1 1 standing 
10 792 368 845 525 30465 0 1 0 standing 
10 791 368 844 524 30466 0 1 1 standing 
10 790 368 843 524 30467 0 1 1 standing 
10 789 368 842 523 30468 0 1 1 standing 
10 788 369 841 523 30469 0 1 1 standing 
10 787 369 840 523 30470 0 1 1 standing 
10 786 369 839 522 30471 0 1 1 standing 
10 785 370 838 522 30472 0 1 1 standing 
10 784 370 837 521 30473 0 1 1 standing 
10 783 370 836 521 30474 0 1 1 standing 
11 924 387 1012 554 30455 0 1 0 standing 
11 919 389 1003 554 30456 0 1 1 standing 
11 915 391 994 554 30457 0 1 1 standing 
11 910 393 985 555 30458 0 1 1 standing 
11 906 396 977 555 30459 0 1 1 standing 
11 901 398 968 556 30460 0 1 1 standing 
11 897 400 959 556 30461 0 1 1 standing 
11 892 403 951 556 30462 0 1 1 standing 
11 888 405 942 557 30463 0 1 1 standing 
11 883 407 933 557 30464 0 1 1 standing 
11 879 410 925 558 30465 0 1 0 standing 
11 874 410 923 557 30466 0 1 1 standing 
11 870 410 922 557 30467 0 1 1 standing 
11 866 410 921 557 30468 0 1 1 standing 
11 862 410 919 557 30469 0 1 1 standing 
11 858 410 918 557 30470 0 1 1 standing 
11 853 410 917 557 30471 0 1 1 standing 
11 849 410 915 557 30472 0 1 1 standing 
11 845 410 914 557 30473 0 1 1 standing 
11 841 410 913 557 30474 0 1 1 standing 
