0 1133 373 1198 526 20580 0 0 0 standing 
0 1116 374 1183 526 20581 0 0 1 standing 
0 1100 375 1169 527 20582 0 0 1 standing 
0 1084 376 1155 527 20583 0 0 1 standing 
0 1068 377 1140 528 20584 0 0 1 standing 
0 1052 378 1126 528 20585 0 0 1 standing 
0 1036 379 1112 529 20586 0 0 1 standing 
0 1020 380 1098 530 20587 0 0 0 standing 
0 1024 379 1098 529 20588 0 0 1 standing 
0 1029 379 1098 528 20589 0 0 1 standing 
0 1033 378 1098 527 20590 0 0 1 standing 
0 1038 378 1098 526 20591 0 0 1 standing 
0 1043 378 1098 526 20592 0 0 0 standing 
0 1050 379 1109 527 20593 0 0 1 standing 
0 1058 380 1120 528 20594 0 0 1 standing 
0 1065 381 1132 529 20595 0 0 1 standing 
0 1073 382 1143 530 20596 0 0 1 standing 
0 1080 383 1154 531 20597 0 0 1 standing 
0 1088 384 1166 533 20598 0 0 0 standing 
0 1097 384 1175 533 20599 0 0 1 standing 
1 1059 453 1130 596 20580 0 0 0 standing 
1 1037 451 1112 593 20581 0 0 1 moving 
1 1015 449 1094 590 20582 0 0 1 moving 
1 993 447 1076 588 20583 0 0 1 moving 
1 972 445 1058 585 20584 0 0 1 moving 
1 950 443 1040 583 20585 0 0 1 moving 
1 928 441 1022 580 20586 0 0 1 moving 
1 907 439 1005 578 20587 0 0 0 moving 
1 906 434 1004 577 20588 0 0 1 moving 
1 905 429 1003 576 20589 0 0 1 moving 
1 904 424 1002 575 20590 0 0 1 moving 
1 904 420 1001 575 20591 0 0 0 moving 
1 904 419 995 574 20592 0 0 1 moving 
1 905 418 990 574 20593 0 0 1 moving 
1 906 417 984 573 20594 0 0 1 moving 
1 907 417 979 573 20595 0 0 0 moving 
1 908 416 984 572 20596 0 0 1 moving 
1 909 415 989 572 20597 0 0 1 moving 
1 910 415 994 571 20598 0 0 1 moving 
1 911 414 999 571 20599 0 0 1 moving 
2 941 342 1013 467 20580 0 0 0 moving 
2 924 341 996 466 20581 0 0 1 standing 
2 907 340 979 466 20582 0 0 1 standing 
2 890 340 962 466 20583 0 0 1 standing 
2 874 339 945 465 20584 0 0 1 standing 
2 857 339 928 465 20585 0 0 1 standing 
2 840 338 911 465 20586 0 0 1 standing 
2 824 338 894 465 20587 0 0 0 standing 
2 828 336 895 465 20588 0 0 1 standing 
2 832 334 897 465 20589 0 0 1 standing 
2 836 333 899 465 20590 0 0 1 standing 
2 840 331 901 465 20591 0 0 1 standing 
2 844 330 903 465 20592 0 0 0 standing 
2 850 329 914 464 20593 0 0 1 standing 
2 857 328 925 464 20594 0 0 1 standing 
2 863 327 936 463 20595 0 0 1 standing 
2 870 326 947 463 20596 0 0 1 standing 
2 877 325 958 463 20597 0 0 0 standing 
2 881 324 962 462 20598 0 0 1 standing 
2 885 323 966 461 20599 0 0 1 standing 
3 685 312 749 455 20580 0 0 0 standing 
3 669 311 734 453 20581 0 0 1 standing 
3 653 310 720 452 20582 0 0 1 standing 
3 638 309 705 451 20583 0 0 1 standing 
3 622 308 691 450 20584 0 0 1 standing 
3 606 307 676 448 20585 0 0 1 standing 
3 591 306 662 447 20586 0 0 1 standing 
3 575 305 647 446 20587 0 0 1 standing 
3 560 305 633 445 20588 0 0 0 standing 
3 564 304 637 444 20589 0 0 1 standing 
3 569 303 641 443 20590 0 0 1 standing 
3 574 303 645 443 20591 0 0 0 standing 
3 583 302 656 442 20592 0 0 1 standing 
3 592 302 668 442 20593 0 0 1 standing 
3 601 302 680 442 20594 0 0 1 standing 
3 611 302 692 441 20595 0 0 1 standing 
3 620 302 704 441 20596 0 0 1 standing 
3 629 301 715 441 20597 0 0 1 standing 
3 638 301 727 441 20598 0 0 1 standing 
3 648 301 739 440 20599 0 0 1 standing 
4 564 275 640 435 20580 0 0 0 standing 
4 546 283 622 444 20581 0 0 1 standing 
4 528 291 605 453 20582 0 0 1 standing 
4 511 299 587 462 20583 0 0 1 standing 
4 493 307 570 471 20584 0 0 1 standing 
4 476 315 552 480 20585 0 0 1 standing 
4 458 323 535 489 20586 0 0 1 standing 
4 441 331 518 498 20587 0 0 0 standing 
4 443 331 514 498 20588 0 0 1 standing 
4 445 331 511 499 20589 0 0 1 standing 
4 448 332 508 500 20590 0 0 0 standing 
4 455 331 517 498 20591 0 0 1 standing 
4 463 330 526 496 20592 0 0 1 standing 
4 470 329 535 494 20593 0 0 1 standing 
4 478 328 545 492 20594 0 0 1 standing 
4 486 327 554 490 20595 0 0 1 standing 
4 493 326 563 488 20596 0 0 1 standing 
4 501 325 573 486 20597 0 0 1 standing 
4 508 324 582 484 20598 0 0 1 standing 
4 516 323 591 482 20599 0 0 1 standing 
5 457 285 523 417 20580 0 0 0 standing 
5 446 286 518 417 20581 0 0 1 standing 
5 436 287 514 418 20582 0 0 1 standing 
5 425 288 509 419 20583 0 0 1 standing 
5 415 290 505 420 20584 0 0 0 standing 
5 401 291 486 421 20585 0 0 1 standing 
5 388 292 468 423 20586 0 0 1 standing 
5 375 293 450 424 20587 0 0 1 standing 
5 362 295 432 426 20588 0 0 0 standing 
5 362 294 433 427 20589 0 0 1 standing 
5 362 294 435 428 20590 0 0 1 standing 
5 362 293 437 429 20591 0 0 1 standing 
5 362 293 439 431 20592 0 0 0 standing 
5 373 291 451 430 20593 0 0 1 standing 
5 384 289 463 430 20594 0 0 1 standing 
5 396 287 475 430 20595 0 0 0 standing 
5 402 287 477 430 20596 0 0 1 standing 
5 409 288 479 430 20597 0 0 1 standing 
5 415 288 481 430 20598 0 0 1 standing 
5 422 289 484 431 20599 0 0 0 standing 
6 307 348 405 485 20580 0 0 0 standing 
6 294 351 389 488 20581 0 0 1 standing 
6 281 354 373 491 20582 0 0 1 standing 
6 268 357 358 495 20583 0 0 1 standing 
6 255 361 342 498 20584 0 0 1 standing 
6 242 364 326 501 20585 0 0 1 standing 
6 229 367 311 505 20586 0 0 1 standing 
6 216 370 295 508 20587 0 0 1 standing 
6 203 374 280 512 20588 0 0 0 standing 
6 209 373 286 511 20589 0 0 1 standing 
6 216 373 293 511 20590 0 0 1 standing 
6 222 372 300 510 20591 0 0 1 standing 
6 229 372 307 510 20592 0 0 1 standing 
6 235 371 313 510 20593 0 0 1 standing 
6 242 371 320 509 20594 0 0 1 standing 
6 248 370 327 509 20595 0 0 1 standing 
6 255 370 334 509 20596 0 0 0 standing 
6 262 369 341 508 20597 0 0 1 standing 
6 269 368 348 507 20598 0 0 1 standing 
6 276 368 355 507 20599 0 0 0 standing 
7 407 376 467 525 20580 0 0 0 standing 
7 396 375 463 524 20581 0 0 1 standing 
7 386 375 460 524 20582 0 0 1 standing 
7 375 375 457 523 20583 0 0 1 standing 
7 365 375 454 523 20584 0 0 0 standing 
7 353 375 437 523 20585 0 0 1 standing 
7 342 375 421 523 20586 0 0 1 standing 
7 330 375 405 523 20587 0 0 1 standing 
7 319 375 389 523 20588 0 0 0 standing 
7 324 374 394 522 20589 0 0 1 standing 
7 330 374 400 522 20590 0 0 1 standing 
7 335 373 405 521 20591 0 0 1 standing 
7 341 373 411 521 20592 0 0 1 standing 
7 347 373 417 521 20593 0 0 0 standing 
7 357 372 427 521 20594 0 0 1 standing 
7 367 372 437 521 20595 0 0 1 standing 
7 378 372 448 521 20596 0 0 0 standing 
7 388 375 454 519 20597 0 0 1 standing 
7 398 378 461 518 20598 0 0 1 standing 
7 408 381 467 517 20599 0 0 1 standing 
8 510 427 597 558 20580 0 1 0 standing 
8 490 428 577 557 20581 0 1 1 digging 
8 471 430 558 556 20582 0 1 1 digging 
8 451 431 538 555 20583 0 1 1 digging 
8 432 433 519 554 20584 0 1 1 digging 
8 412 434 500 553 20585 0 1 1 digging 
8 393 436 480 552 20586 0 1 1 digging 
8 373 437 461 551 20587 0 1 1 digging 
8 354 439 442 551 20588 0 1 0 digging 
8 362 441 449 550 20589 0 1 1 digging 
8 371 443 457 550 20590 0 1 1 digging 
8 380 445 465 550 20591 0 1 1 digging 
8 389 447 472 550 20592 0 1 1 digging 
8 397 449 480 549 20593 0 1 1 digging 
8 406 451 488 549 20594 0 1 1 digging 
8 415 453 495 549 20595 0 1 1 digging 
8 424 455 503 549 20596 0 1 1 digging 
8 433 458 511 549 20597 0 1 0 digging 
8 433 458 511 549 20598 0 1 1 digging 
8 433 458 511 549 20599 0 1 1 digging 
9 651 266 703 467 20580 0 0 0 digging 
9 634 267 687 465 20581 0 0 1 blocking 
9 617 268 671 463 20582 0 0 1 blocking 
9 600 269 655 461 20583 0 0 1 blocking 
9 583 270 639 459 20584 0 0 1 blocking 
9 566 271 623 457 20585 0 0 1 blocking 
9 549 272 607 455 20586 0 0 1 blocking 
9 533 274 592 454 20587 0 0 0 blocking 
9 531 279 589 456 20588 0 0 1 blocking 
9 529 284 586 459 20589 0 0 1 blocking 
9 527 289 583 462 20590 0 0 1 blocking 
9 526 295 581 465 20591 0 0 0 blocking 
9 537 301 591 469 20592 0 0 1 blocking 
9 549 308 602 473 20593 0 0 1 blocking 
9 561 315 613 478 20594 0 0 1 blocking 
9 573 321 624 482 20595 0 0 1 blocking 
9 585 328 635 486 20596 0 0 1 blocking 
9 597 335 646 491 20597 0 0 0 blocking 
9 604 333 657 489 20598 0 0 1 blocking 
9 611 332 669 488 20599 0 0 1 blocking 
10 478 458 564 617 20580 0 1 0 blocking 
10 465 460 553 615 20581 0 1 1 digging 
10 453 462 542 613 20582 0 1 1 digging 
10 441 464 531 611 20583 0 1 1 digging 
10 429 467 521 610 20584 0 1 0 digging 
10 417 469 505 609 20585 0 1 1 digging 
10 405 472 490 609 20586 0 1 1 digging 
10 393 475 474 608 20587 0 1 1 digging 
10 381 478 459 608 20588 0 1 0 digging 
10 380 477 464 607 20589 0 1 1 digging 
10 380 477 470 606 20590 0 1 1 digging 
10 380 477 476 605 20591 0 1 0 digging 
10 386 479 485 605 20592 0 1 1 digging 
10 393 481 494 605 20593 0 1 1 digging 
10 399 483 503 605 20594 0 1 1 digging 
10 406 485 512 605 20595 0 1 1 digging 
10 412 487 521 606 20596 0 1 1 digging 
10 419 489 530 606 20597 0 1 1 digging 
10 425 491 539 606 20598 0 1 1 digging 
10 432 493 548 606 20599 0 1 1 digging 
11 684 416 746 605 20580 0 0 0 digging 
11 671 418 743 600 20581 0 0 1 standing 
11 659 421 740 595 20582 0 0 1 standing 
11 646 424 737 590 20583 0 0 1 standing 
11 634 427 734 585 20584 0 0 0 standing 
11 613 430 716 581 20585 0 0 1 standing 
11 592 434 698 577 20586 0 0 1 standing 
11 572 438 681 574 20587 0 0 0 standing 
11 576 436 683 574 20588 0 0 1 standing 
11 580 435 686 574 20589 0 0 1 standing 
11 585 434 689 574 20590 0 0 1 standing 
11 589 433 692 574 20591 0 0 1 standing 
11 594 432 695 574 20592 0 0 0 standing 
11 603 430 703 573 20593 0 0 1 standing 
11 612 428 712 573 20594 0 0 1 standing 
11 622 426 720 572 20595 0 0 1 standing 
11 631 424 729 572 20596 0 0 1 standing 
11 641 423 738 572 20597 0 0 0 standing 
11 644 421 741 574 20598 0 0 1 standing 
11 647 420 745 576 20599 0 0 1 standing 
