0 1054 512 1128 649 60510 0 1 0 setting 
0 1032 504 1107 644 60511 0 1 1 setting 
0 1011 497 1087 640 60512 0 1 1 setting 
0 989 490 1066 636 60513 0 1 1 setting 
0 968 482 1046 631 60514 0 1 1 setting 
0 947 475 1026 627 60515 0 1 1 setting 
0 925 468 1005 623 60516 0 1 1 setting 
0 904 460 985 618 60517 0 1 1 setting 
0 882 453 964 614 60518 0 1 1 setting 
0 861 446 944 610 60519 0 1 1 setting 
0 840 439 924 606 60520 0 1 0 setting 
0 832 444 915 607 60521 0 1 1 setting 
0 825 449 907 608 60522 0 1 1 setting 
0 818 454 898 609 60523 0 1 1 setting 
0 811 459 890 610 60524 0 1 1 setting 
0 804 464 881 611 60525 0 1 1 setting 
0 797 470 873 613 60526 0 1 0 setting 
0 795 473 871 612 60527 0 1 1 setting 
0 793 477 870 612 60528 0 1 1 setting 
0 791 481 869 612 60529 0 1 1 setting 
1 1246 450 1278 589 60510 0 0 0 setting 
1 1220 449 1261 587 60511 0 0 1 digging 
1 1194 449 1244 586 60512 0 0 1 digging 
1 1169 449 1227 585 60513 0 0 0 digging 
1 1145 448 1203 584 60514 0 0 1 digging 
1 1121 447 1179 583 60515 0 0 1 digging 
1 1098 446 1155 582 60516 0 0 0 digging 
1 1077 446 1136 580 60517 0 0 1 digging 
1 1056 446 1118 578 60518 0 0 1 digging 
1 1036 446 1100 577 60519 0 0 0 digging 
1 1018 445 1083 575 60520 0 0 1 digging 
1 1000 444 1066 574 60521 0 0 1 digging 
1 983 443 1049 573 60522 0 0 0 digging 
1 965 444 1035 572 60523 0 0 1 digging 
1 948 445 1022 571 60524 0 0 1 digging 
1 931 446 1009 570 60525 0 0 0 digging 
1 924 446 1001 568 60526 0 0 1 digging 
1 918 446 993 567 60527 0 0 1 digging 
1 911 447 986 565 60528 0 0 1 digging 
1 905 447 978 564 60529 0 0 1 digging 
2 777 404 842 531 60510 0 0 0 digging 
2 744 408 812 530 60511 0 0 1 blocking 
2 711 412 783 529 60512 0 0 1 blocking 
2 679 416 754 528 60513 0 0 0 blocking 
2 652 417 727 532 60514 0 0 1 blocking 
2 625 418 700 536 60515 0 0 1 blocking 
2 599 419 673 540 60516 0 0 0 blocking 
2 578 420 652 540 60517 0 0 1 blocking 
2 557 421 631 540 60518 0 0 1 blocking 
2 537 423 610 541 60519 0 0 0 blocking 
2 522 421 592 541 60520 0 0 1 blocking 
2 507 420 574 541 60521 0 0 1 blocking 
2 493 419 556 541 60522 0 0 0 blocking 
2 480 419 543 541 60523 0 0 1 blocking 
2 468 419 531 541 60524 0 0 1 blocking 
2 456 419 519 541 60525 0 0 0 blocking 
2 448 420 512 540 60526 0 0 1 blocking 
2 441 421 506 539 60527 0 0 1 blocking 
2 434 422 500 539 60528 0 0 0 blocking 
2 434 422 500 539 60529 0 0 1 blocking 
3 1025 404 1094 521 60510 0 0 0 blocking 
3 1003 403 1069 519 60511 0 0 1 standing 
3 982 402 1044 517 60512 0 0 1 standing 
3 961 401 1020 516 60513 0 0 0 standing 
3 943 400 998 515 60514 0 0 1 standing 
3 925 399 976 514 60515 0 0 1 standing 
3 907 399 954 513 60516 0 0 0 standing 
3 888 396 940 515 60517 0 0 1 standing 
3 869 393 926 518 60518 0 0 1 standing 
3 850 391 913 521 60519 0 0 0 standing 
3 835 387 895 517 60520 0 0 1 standing 
3 820 384 878 513 60521 0 0 1 standing 
3 805 381 861 510 60522 0 0 0 standing 
3 792 380 851 504 60523 0 0 1 standing 
3 780 380 841 499 60524 0 0 1 standing 
3 768 380 831 494 60525 0 0 0 standing 
3 761 380 829 493 60526 0 0 1 standing 
3 754 380 827 492 60527 0 0 1 standing 
3 748 380 825 492 60528 0 0 0 standing 
3 748 380 825 492 60529 0 0 1 standing 
4 1122 496 1183 608 60510 0 0 0 standing 
4 1100 496 1165 608 60511 0 0 1 digging 
4 1078 496 1148 608 60512 0 0 1 digging 
4 1057 496 1131 609 60513 0 0 0 digging 
4 1039 495 1109 608 60514 0 0 1 digging 
4 1021 494 1087 607 60515 0 0 1 digging 
4 1003 494 1066 606 60516 0 0 0 digging 
4 986 493 1049 605 60517 0 0 1 digging 
4 969 493 1033 604 60518 0 0 1 digging 
4 952 493 1017 604 60519 0 0 0 digging 
4 943 490 1004 604 60520 0 0 1 digging 
4 935 487 992 604 60521 0 0 1 digging 
4 927 484 980 604 60522 0 0 0 digging 
4 920 483 974 603 60523 0 0 1 digging 
4 913 482 968 602 60524 0 0 1 digging 
4 906 482 963 602 60525 0 0 0 digging 
4 906 483 966 604 60526 0 0 1 digging 
4 906 484 969 607 60527 0 0 1 digging 
4 906 485 973 609 60528 0 0 1 digging 
4 906 486 976 612 60529 0 0 1 digging 
5 923 461 996 592 60510 0 0 0 digging 
5 898 459 978 590 60511 0 0 1 standing 
5 874 458 960 588 60512 0 0 1 standing 
5 850 457 942 587 60513 0 0 0 standing 
5 835 455 922 583 60514 0 0 1 standing 
5 820 453 902 579 60515 0 0 1 standing 
5 806 451 883 575 60516 0 0 0 standing 
5 794 449 866 574 60517 0 0 1 standing 
5 783 448 849 574 60518 0 0 1 standing 
5 772 447 832 574 60519 0 0 0 standing 
5 760 446 822 574 60520 0 0 1 standing 
5 748 445 812 575 60521 0 0 1 standing 
5 736 444 803 576 60522 0 0 0 standing 
5 725 445 795 574 60523 0 0 1 standing 
5 715 447 787 573 60524 0 0 1 standing 
5 705 449 779 572 60525 0 0 0 standing 
5 698 449 776 572 60526 0 0 1 standing 
5 691 449 774 572 60527 0 0 1 standing 
5 684 449 772 572 60528 0 0 1 standing 
5 677 449 770 572 60529 0 0 1 standing 
6 652 452 700 589 60510 0 0 0 standing 
6 627 454 675 591 60511 0 0 1 standing 
6 602 456 650 594 60512 0 0 1 standing 
6 578 458 626 597 60513 0 0 0 standing 
6 558 457 605 607 60514 0 0 1 standing 
6 538 457 585 618 60515 0 0 1 standing 
6 518 457 565 629 60516 0 0 0 standing 
6 498 459 546 628 60517 0 0 1 standing 
6 479 461 527 627 60518 0 0 1 standing 
6 460 464 509 626 60519 0 0 0 standing 
6 444 464 494 626 60520 0 0 1 standing 
6 428 464 479 626 60521 0 0 1 standing 
6 413 465 465 626 60522 0 0 0 standing 
6 402 466 454 627 60523 0 0 1 standing 
6 391 468 443 628 60524 0 0 1 standing 
6 381 470 433 629 60525 0 0 0 standing 
6 375 470 429 628 60526 0 0 1 standing 
6 369 470 426 627 60527 0 0 1 standing 
6 364 470 423 627 60528 0 0 0 standing 
6 364 470 423 627 60529 0 0 1 standing 
7 646 431 700 580 60510 0 0 0 standing 
7 623 430 677 579 60511 0 0 1 standing 
7 600 429 654 578 60512 0 0 1 standing 
7 578 429 632 578 60513 0 0 0 standing 
7 556 428 610 577 60514 0 0 1 standing 
7 535 428 589 577 60515 0 0 1 standing 
7 514 428 568 577 60516 0 0 0 standing 
7 495 427 551 580 60517 0 0 1 standing 
7 477 427 534 584 60518 0 0 1 standing 
7 459 427 517 588 60519 0 0 0 standing 
7 443 426 502 587 60520 0 0 1 standing 
7 428 425 487 586 60521 0 0 1 standing 
7 413 424 473 585 60522 0 0 0 standing 
7 401 422 461 583 60523 0 0 1 standing 
7 390 420 450 581 60524 0 0 1 standing 
7 379 419 439 580 60525 0 0 0 standing 
7 374 418 435 579 60526 0 0 1 standing 
7 369 417 431 578 60527 0 0 1 standing 
7 365 416 427 577 60528 0 0 0 standing 
7 365 416 427 577 60529 0 0 1 standing 
8 605 439 651 575 60510 0 0 0 standing 
8 583 436 629 572 60511 0 0 1 standing 
8 561 433 607 569 60512 0 0 1 standing 
8 539 431 585 567 60513 0 0 0 standing 
8 521 430 567 566 60514 0 0 1 standing 
8 503 429 549 566 60515 0 0 1 standing 
8 486 429 532 566 60516 0 0 0 standing 
8 469 429 515 561 60517 0 0 1 standing 
8 452 429 499 556 60518 0 0 1 standing 
8 436 430 483 552 60519 0 0 0 standing 
8 424 430 471 552 60520 0 0 1 standing 
8 412 430 459 552 60521 0 0 1 standing 
8 400 430 447 552 60522 0 0 0 standing 
8 389 429 436 553 60523 0 0 1 standing 
8 379 428 425 555 60524 0 0 1 standing 
8 369 428 415 557 60525 0 0 0 standing 
8 363 429 409 558 60526 0 0 1 standing 
8 358 430 404 559 60527 0 0 1 standing 
8 353 431 399 560 60528 0 0 0 standing 
8 353 431 399 560 60529 0 0 1 standing 
9 450 464 497 581 60510 0 0 0 standing 
9 425 465 472 581 60511 0 0 1 standing 
9 401 466 448 582 60512 0 0 1 standing 
9 377 468 424 583 60513 0 0 0 standing 
9 354 468 401 582 60514 0 0 1 standing 
9 332 468 379 582 60515 0 0 1 standing 
9 310 469 357 582 60516 0 0 0 standing 
9 290 470 339 592 60517 0 0 1 standing 
9 271 472 322 603 60518 0 0 1 standing 
9 252 474 305 614 60519 0 0 0 standing 
9 234 474 284 614 60520 0 0 1 standing 
9 216 474 263 614 60521 0 0 1 standing 
9 199 475 243 615 60522 0 0 0 standing 
9 184 477 229 617 60523 0 0 1 standing 
9 169 479 215 619 60524 0 0 1 standing 
9 155 482 202 622 60525 0 0 0 standing 
9 146 485 194 625 60526 0 0 1 standing 
9 137 488 186 628 60527 0 0 1 standing 
9 129 491 179 631 60528 0 0 0 standing 
9 129 491 179 631 60529 0 0 1 standing 
10 347 444 393 567 60510 0 0 0 standing 
10 319 443 365 572 60511 0 0 1 standing 
10 291 443 337 577 60512 0 0 1 standing 
10 264 443 309 582 60513 0 0 0 standing 
10 232 444 288 583 60514 0 0 1 standing 
10 200 446 267 584 60515 0 0 1 standing 
10 169 448 247 586 60516 0 0 0 standing 
10 144 450 227 589 60517 0 0 1 standing 
10 119 452 207 592 60518 0 0 1 standing 
10 95 455 187 596 60519 0 0 0 standing 
10 78 453 165 594 60520 0 0 1 standing 
10 62 452 144 592 60521 0 0 1 standing 
10 46 451 123 591 60522 0 0 0 standing 
10 33 452 101 591 60523 0 0 1 standing 
10 21 453 79 592 60524 0 0 1 standing 
10 9 454 58 593 60525 0 0 0 standing 
10 6 454 49 593 60526 0 0 1 standing 
10 3 454 41 593 60527 0 0 1 standing 
10 0 454 33 593 60528 0 0 0 standing 
10 0 454 33 593 60529 0 0 1 standing 
11 121 510 218 658 60510 0 0 0 standing 
11 110 508 194 655 60511 0 0 1 moving 
11 100 507 170 653 60512 0 0 1 moving 
11 90 506 147 651 60513 0 0 0 moving 
11 72 503 139 650 60514 0 0 1 moving 
11 54 500 132 650 60515 0 0 1 moving 
11 37 497 125 650 60516 0 0 0 moving 
11 24 495 108 646 60517 0 0 1 moving 
11 12 494 91 642 60518 0 0 1 moving 
11 0 493 75 639 60519 0 0 0 moving 
11 0 499 64 635 60520 0 0 1 moving 
11 0 505 53 631 60521 0 0 1 moving 
11 0 511 43 628 60522 1 0 0 moving 
11 31 518 76 634 60523 1 0 1 moving 
11 63 526 109 640 60524 1 0 1 moving 
11 95 534 142 646 60525 1 0 0 moving 
11 95 534 142 646 60526 1 0 1 moving 
11 95 534 142 646 60527 1 0 1 moving 
11 95 534 142 646 60528 1 0 1 moving 
11 95 534 142 646 60529 1 0 1 moving 
