0 937 418 1024 573 34360 0 1 0 setting 
0 941 419 1027 574 34361 0 1 1 setting 
0 946 420 1031 575 34362 0 1 1 setting 
0 951 422 1035 576 34363 0 1 1 setting 
0 956 423 1038 577 34364 0 1 1 setting 
0 961 425 1042 578 34365 0 1 1 setting 
0 966 426 1046 579 34366 0 1 1 setting 
0 971 428 1049 580 34367 0 1 1 setting 
0 976 429 1053 581 34368 0 1 1 setting 
0 981 431 1057 582 34369 0 1 1 setting 
0 986 432 1061 583 34370 0 1 1 setting 
0 990 433 1064 584 34371 0 1 1 setting 
0 995 435 1068 585 34372 0 1 1 setting 
0 1000 436 1072 586 34373 0 1 1 setting 
0 1005 438 1075 587 34374 0 1 1 setting 
0 1010 439 1079 588 34375 0 1 1 setting 
0 1015 441 1083 589 34376 0 1 1 setting 
0 1020 442 1086 590 34377 0 1 1 setting 
0 1025 444 1090 591 34378 0 1 1 setting 
0 1030 445 1094 592 34379 0 1 1 setting 
1 517 399 566 544 34360 0 0 0 setting 
1 510 402 562 542 34361 0 0 1 standing 
1 503 405 559 540 34362 0 0 1 standing 
1 497 408 556 539 34363 0 0 0 standing 
1 490 407 549 538 34364 0 0 1 standing 
1 484 407 543 538 34365 0 0 1 standing 
1 478 407 537 538 34366 0 0 0 standing 
1 471 407 526 536 34367 0 0 1 standing 
1 465 408 516 534 34368 0 0 1 standing 
1 459 409 506 532 34369 0 0 0 standing 
1 450 407 501 532 34370 0 0 1 standing 
1 442 405 496 532 34371 0 0 1 standing 
1 434 404 491 533 34372 0 0 0 standing 
1 429 403 490 532 34373 0 0 1 standing 
1 425 402 490 532 34374 0 0 1 standing 
1 421 401 490 532 34375 0 0 0 standing 
1 420 400 487 532 34376 0 0 1 standing 
1 419 399 485 532 34377 0 0 1 standing 
1 418 398 483 533 34378 0 0 0 standing 
1 418 398 483 533 34379 0 0 1 standing 
2 636 390 702 523 34360 0 0 0 standing 
2 629 388 695 523 34361 0 0 1 standing 
2 623 387 688 524 34362 0 0 1 standing 
2 617 386 682 525 34363 0 0 0 standing 
2 610 386 675 523 34364 0 0 1 standing 
2 604 386 668 522 34365 0 0 1 standing 
2 598 386 662 521 34366 0 0 0 standing 
2 594 386 653 519 34367 0 0 1 standing 
2 590 386 645 518 34368 0 0 1 standing 
2 586 386 637 517 34369 0 0 0 standing 
2 580 384 630 517 34370 0 0 1 standing 
2 574 383 623 517 34371 0 0 1 standing 
2 569 382 616 518 34372 0 0 0 standing 
2 566 382 613 518 34373 0 0 1 standing 
2 564 382 610 518 34374 0 0 1 standing 
2 562 382 607 518 34375 0 0 0 standing 
2 562 383 607 518 34376 0 0 1 standing 
2 562 384 607 518 34377 0 0 1 standing 
2 562 386 607 518 34378 0 0 0 standing 
2 562 386 607 518 34379 0 0 1 standing 
3 730 461 805 616 34360 0 0 0 standing 
3 730 462 804 618 34361 0 0 1 standing 
3 730 463 803 620 34362 0 0 1 standing 
3 731 464 802 623 34363 0 0 0 standing 
3 730 463 801 622 34364 0 0 1 standing 
3 729 462 800 622 34365 0 0 1 standing 
3 729 462 800 622 34366 0 0 1 standing 
3 728 461 799 622 34367 0 0 1 standing 
3 727 460 798 622 34368 0 0 1 standing 
3 727 460 798 622 34369 0 0 0 standing 
3 723 459 793 617 34370 0 0 1 standing 
3 719 458 789 613 34371 0 0 1 standing 
3 715 458 785 609 34372 0 0 0 standing 
3 715 456 782 606 34373 0 0 1 standing 
3 715 454 780 603 34374 0 0 1 standing 
3 715 452 778 601 34375 0 0 0 standing 
3 714 450 775 599 34376 0 0 1 standing 
3 714 449 773 598 34377 0 0 1 standing 
3 713 447 770 597 34378 0 0 1 standing 
3 713 446 768 596 34379 0 0 1 standing 
4 762 447 803 588 34360 0 0 0 standing 
4 749 446 800 587 34361 0 0 1 standing 
4 736 446 797 586 34362 0 0 1 standing 
4 724 446 794 585 34363 0 0 0 standing 
4 723 446 790 584 34364 0 0 1 standing 
4 722 446 786 584 34365 0 0 1 standing 
4 721 446 782 584 34366 0 0 1 standing 
4 720 446 778 583 34367 0 0 1 standing 
4 719 446 774 583 34368 0 0 1 standing 
4 718 446 771 583 34369 0 0 0 standing 
4 714 446 769 582 34370 0 0 1 standing 
4 710 446 767 582 34371 0 0 1 standing 
4 706 446 765 582 34372 0 0 0 standing 
4 706 445 765 581 34373 0 0 1 standing 
4 706 444 765 581 34374 0 0 1 standing 
4 706 444 765 581 34375 0 0 0 standing 
4 706 444 765 581 34376 0 0 1 standing 
4 707 444 766 581 34377 0 0 1 standing 
4 707 444 766 581 34378 0 0 1 standing 
4 708 444 767 581 34379 0 0 1 standing 
5 740 375 804 501 34360 0 0 0 standing 
5 733 374 800 500 34361 0 0 1 standing 
5 726 374 796 500 34362 0 0 1 standing 
5 720 374 792 500 34363 0 0 0 standing 
5 723 372 785 500 34364 0 0 1 standing 
5 726 371 778 500 34365 0 0 1 standing 
5 730 370 771 501 34366 0 0 0 standing 
5 727 370 768 501 34367 0 0 1 standing 
5 724 370 765 501 34368 0 0 1 standing 
5 722 370 763 502 34369 0 0 1 standing 
5 719 370 760 502 34370 0 0 1 standing 
5 716 370 757 502 34371 0 0 1 standing 
5 714 371 755 503 34372 0 0 0 standing 
5 713 372 754 504 34373 0 0 1 standing 
5 713 373 754 505 34374 0 0 1 standing 
5 713 374 754 506 34375 0 0 0 standing 
5 714 374 757 506 34376 0 0 1 standing 
5 716 375 761 506 34377 0 0 1 standing 
5 718 375 765 507 34378 0 0 1 standing 
5 720 376 769 507 34379 0 0 1 standing 
6 872 376 921 507 34360 0 0 0 standing 
6 867 374 917 505 34361 0 0 1 standing 
6 862 372 913 503 34362 0 0 1 standing 
6 857 371 910 502 34363 0 0 0 standing 
6 852 373 907 504 34364 0 0 1 standing 
6 848 375 904 506 34365 0 0 1 standing 
6 844 377 902 508 34366 0 0 0 standing 
6 838 377 895 506 34367 0 0 1 standing 
6 832 378 889 504 34368 0 0 1 standing 
6 826 379 883 503 34369 0 0 0 standing 
6 822 378 877 504 34370 0 0 1 standing 
6 818 377 871 505 34371 0 0 1 standing 
6 814 376 865 506 34372 0 0 0 standing 
6 814 378 863 505 34373 0 0 1 standing 
6 814 380 861 505 34374 0 0 1 standing 
6 814 382 859 505 34375 0 0 0 standing 
6 812 382 858 505 34376 0 0 1 standing 
6 811 382 857 506 34377 0 0 1 standing 
6 809 382 856 507 34378 0 0 1 standing 
6 808 382 855 508 34379 0 0 1 standing 
7 438 437 492 598 34360 0 0 0 standing 
7 429 437 483 596 34361 0 0 1 standing 
7 420 438 474 594 34362 0 0 1 standing 
7 412 439 465 592 34363 0 0 0 standing 
7 403 438 456 592 34364 0 0 1 standing 
7 395 437 448 592 34365 0 0 1 standing 
7 387 437 440 592 34366 0 0 0 standing 
7 381 437 435 592 34367 0 0 1 standing 
7 375 437 431 592 34368 0 0 1 standing 
7 369 437 427 592 34369 0 0 0 standing 
7 364 437 423 592 34370 0 0 1 standing 
7 360 437 420 592 34371 0 0 1 standing 
7 356 437 417 592 34372 0 0 0 standing 
7 353 437 413 590 34373 0 0 1 standing 
7 350 437 409 588 34374 0 0 1 standing 
7 347 437 406 587 34375 0 0 0 standing 
7 346 436 407 586 34376 0 0 1 standing 
7 345 436 408 585 34377 0 0 1 standing 
7 344 436 409 585 34378 0 0 0 standing 
7 344 436 409 585 34379 0 0 1 standing 
8 450 382 499 501 34360 0 0 0 standing 
8 444 380 493 500 34361 0 0 1 standing 
8 438 378 487 499 34362 0 0 1 standing 
8 433 377 481 498 34363 0 0 0 standing 
8 427 376 476 497 34364 0 0 1 standing 
8 421 375 471 497 34365 0 0 1 standing 
8 415 374 467 497 34366 0 0 0 standing 
8 411 374 461 497 34367 0 0 1 standing 
8 407 374 455 497 34368 0 0 1 standing 
8 404 374 450 497 34369 0 0 0 standing 
8 400 374 447 497 34370 0 0 1 standing 
8 396 374 444 497 34371 0 0 1 standing 
8 392 374 441 498 34372 0 0 0 standing 
8 389 374 439 498 34373 0 0 1 standing 
8 386 375 438 499 34374 0 0 1 standing 
8 383 376 437 500 34375 0 0 0 standing 
8 379 377 433 501 34376 0 0 1 standing 
8 376 378 430 502 34377 0 0 1 standing 
8 373 380 427 504 34378 0 0 0 standing 
8 373 380 427 504 34379 0 0 1 standing 
9 292 395 345 496 34360 0 0 0 standing 
9 286 390 337 497 34361 0 0 1 standing 
9 281 386 329 498 34362 0 0 1 standing 
9 276 382 322 500 34363 0 0 0 standing 
9 270 380 316 499 34364 0 0 1 standing 
9 265 378 310 499 34365 0 0 1 standing 
9 260 376 305 499 34366 0 0 0 standing 
9 255 373 299 496 34367 0 0 1 standing 
9 251 370 293 493 34368 0 0 1 standing 
9 247 368 287 491 34369 0 0 0 standing 
9 240 368 283 492 34370 0 0 1 standing 
9 234 369 279 493 34371 0 0 1 standing 
9 228 370 275 495 34372 0 0 0 standing 
9 226 370 273 495 34373 0 0 1 standing 
9 224 370 271 495 34374 0 0 1 standing 
9 222 370 269 495 34375 0 0 0 standing 
9 222 370 269 495 34376 0 0 1 standing 
9 222 370 269 495 34377 0 0 1 standing 
9 222 370 269 495 34378 0 0 1 standing 
9 222 370 269 495 34379 0 0 1 standing 
10 203 435 248 599 34360 0 0 0 standing 
10 196 433 240 598 34361 0 0 1 standing 
10 189 432 232 598 34362 0 0 1 standing 
10 182 431 224 598 34363 0 0 0 standing 
10 176 431 218 598 34364 0 0 1 standing 
10 171 431 212 598 34365 0 0 1 standing 
10 166 431 207 598 34366 0 0 0 standing 
10 161 431 202 594 34367 0 0 1 standing 
10 157 432 197 591 34368 0 0 1 standing 
10 153 433 193 588 34369 0 0 0 standing 
10 148 433 190 588 34370 0 0 1 standing 
10 143 433 187 588 34371 0 0 1 standing 
10 139 434 184 588 34372 0 0 0 standing 
10 137 433 182 587 34373 0 0 1 standing 
10 136 432 181 587 34374 0 0 1 standing 
10 135 432 180 587 34375 0 0 0 standing 
10 135 432 180 587 34376 0 0 1 standing 
10 135 432 180 587 34377 0 0 1 standing 
10 135 432 180 587 34378 0 0 1 standing 
10 135 432 180 587 34379 0 0 1 standing 
11 50 394 102 531 34360 0 0 0 standing 
11 47 394 106 532 34361 0 0 1 standing 
11 45 394 110 533 34362 0 0 1 standing 
11 43 394 115 535 34363 0 0 0 standing 
11 39 394 114 535 34364 0 0 1 standing 
11 35 394 113 535 34365 0 0 1 standing 
11 32 394 113 536 34366 0 0 0 standing 
11 30 393 109 534 34367 0 0 1 standing 
11 28 392 105 533 34368 0 0 1 standing 
11 26 391 101 532 34369 0 0 0 standing 
11 28 391 103 532 34370 0 0 1 standing 
11 31 391 106 532 34371 0 0 1 standing 
11 34 392 109 533 34372 0 0 0 standing 
11 40 391 108 532 34373 0 0 1 standing 
11 46 391 107 531 34374 0 0 1 standing 
11 53 391 107 530 34375 0 0 0 standing 
11 55 391 111 529 34376 0 0 1 standing 
11 58 391 116 529 34377 0 0 1 standing 
11 61 391 121 528 34378 0 0 1 standing 
11 64 391 126 528 34379 0 0 1 standing 
