0 78 420 161 549 14075 0 0 0 waiting 
0 80 421 163 550 14076 0 0 1 waiting 
0 83 423 166 551 14077 0 0 1 waiting 
0 86 425 169 553 14078 0 0 0 waiting 
0 84 426 167 554 14079 0 0 1 waiting 
0 82 428 165 556 14080 0 0 1 waiting 
0 80 430 163 558 14081 0 0 0 waiting 
0 81 428 164 556 14082 0 0 1 waiting 
0 82 426 165 554 14083 0 0 1 waiting 
0 83 425 166 553 14084 0 0 0 waiting 
0 85 423 168 554 14085 0 0 1 waiting 
0 87 421 170 555 14086 0 0 1 waiting 
0 90 420 172 556 14087 0 0 0 waiting 
0 96 421 177 557 14088 0 0 1 waiting 
0 102 423 182 558 14089 0 0 1 waiting 
0 108 425 188 559 14090 0 0 1 waiting 
0 115 427 193 560 14091 0 0 1 waiting 
0 121 428 198 561 14092 0 0 1 waiting 
0 127 430 204 562 14093 0 0 1 waiting 
0 133 432 209 563 14094 0 0 1 waiting 
1 123 458 219 594 14075 0 0 0 waiting 
1 124 460 230 597 14076 0 0 1 moving 
1 125 462 241 601 14077 0 0 1 moving 
1 127 465 253 605 14078 0 0 0 moving 
1 135 462 258 604 14079 0 0 1 moving 
1 143 460 264 604 14080 0 0 1 moving 
1 151 458 270 604 14081 0 0 0 moving 
1 167 458 278 606 14082 0 0 1 moving 
1 183 458 287 609 14083 0 0 1 moving 
1 199 458 295 612 14084 0 0 1 moving 
1 215 458 304 615 14085 0 0 1 moving 
1 231 458 312 618 14086 0 0 1 moving 
1 247 458 321 621 14087 0 0 0 moving 
1 254 460 328 622 14088 0 0 1 moving 
1 261 463 335 623 14089 0 0 1 moving 
1 269 466 343 625 14090 0 0 0 moving 
1 276 466 355 624 14091 0 0 1 moving 
1 284 466 367 623 14092 0 0 1 moving 
1 291 466 380 622 14093 0 0 1 moving 
1 299 466 392 621 14094 0 0 1 moving 
2 318 366 422 476 14075 0 0 0 moving 
2 328 368 429 477 14076 0 0 1 waiting 
2 338 371 436 479 14077 0 0 1 waiting 
2 349 374 444 481 14078 0 0 0 waiting 
2 352 373 442 482 14079 0 0 1 waiting 
2 355 373 441 483 14080 0 0 1 waiting 
2 358 373 440 484 14081 0 0 0 waiting 
2 359 372 438 483 14082 0 0 1 waiting 
2 361 372 436 483 14083 0 0 1 waiting 
2 363 372 435 483 14084 0 0 0 waiting 
2 357 372 438 483 14085 0 0 1 waiting 
2 351 372 441 483 14086 0 0 1 waiting 
2 346 372 444 484 14087 0 0 0 waiting 
2 344 373 441 486 14088 0 0 1 waiting 
2 343 374 439 488 14089 0 0 1 waiting 
2 342 375 437 491 14090 0 0 0 waiting 
2 346 376 440 491 14091 0 0 1 waiting 
2 350 378 443 492 14092 0 0 1 waiting 
2 354 380 447 493 14093 0 0 1 waiting 
2 358 382 450 494 14094 0 0 1 waiting 
3 561 380 620 513 14075 0 0 0 waiting 
3 558 376 619 509 14076 0 0 1 standing 
3 556 373 618 505 14077 0 0 1 standing 
3 554 370 618 501 14078 0 0 0 standing 
3 544 369 612 500 14079 0 0 1 standing 
3 534 368 607 499 14080 0 0 1 standing 
3 524 367 602 498 14081 0 0 0 standing 
3 514 366 602 494 14082 0 0 1 standing 
3 505 365 602 491 14083 0 0 1 standing 
3 496 365 602 488 14084 0 0 0 standing 
3 497 365 590 489 14085 0 0 1 standing 
3 498 365 578 490 14086 0 0 1 standing 
3 500 365 567 491 14087 0 0 0 standing 
3 494 364 562 491 14088 0 0 1 standing 
3 488 364 557 491 14089 0 0 1 standing 
3 483 364 553 492 14090 0 0 0 standing 
3 479 363 554 490 14091 0 0 1 standing 
3 475 363 556 488 14092 0 0 1 standing 
3 471 362 557 487 14093 0 0 1 standing 
3 467 362 559 485 14094 0 0 1 standing 
4 595 441 643 569 14075 0 1 0 standing 
4 597 433 645 567 14076 0 1 1 blocking 
4 599 425 647 565 14077 0 1 1 blocking 
4 602 418 649 564 14078 0 1 1 blocking 
4 604 410 652 562 14079 0 1 1 blocking 
4 607 403 654 561 14080 0 1 1 blocking 
4 609 395 656 559 14081 0 1 1 blocking 
4 611 387 659 557 14082 0 1 1 blocking 
4 614 380 661 556 14083 0 1 1 blocking 
4 616 372 663 554 14084 0 1 1 blocking 
4 619 365 666 553 14085 0 1 0 blocking 
4 618 367 669 555 14086 0 1 1 blocking 
4 617 370 672 557 14087 0 1 1 blocking 
4 616 373 675 560 14088 0 1 1 blocking 
4 615 375 679 562 14089 0 1 1 blocking 
4 614 378 682 565 14090 0 1 1 blocking 
4 613 381 685 567 14091 0 1 1 blocking 
4 612 383 689 569 14092 0 1 1 blocking 
4 611 386 692 572 14093 0 1 1 blocking 
4 610 389 695 574 14094 0 1 1 blocking 
5 590 494 645 623 14075 0 1 0 blocking 
5 593 482 648 618 14076 0 1 1 blocking 
5 597 471 651 613 14077 0 1 1 blocking 
5 601 460 655 608 14078 0 1 1 blocking 
5 604 449 658 603 14079 0 1 1 blocking 
5 608 438 662 598 14080 0 1 1 blocking 
5 612 427 665 593 14081 0 1 1 blocking 
5 615 416 668 588 14082 0 1 1 blocking 
5 619 405 672 583 14083 0 1 1 blocking 
5 623 394 675 578 14084 0 1 1 blocking 
5 627 383 679 574 14085 0 1 0 blocking 
5 630 387 682 578 14086 0 1 1 blocking 
5 633 392 685 583 14087 0 1 1 blocking 
5 636 396 688 588 14088 0 1 1 blocking 
5 639 401 691 592 14089 0 1 1 blocking 
5 642 406 694 597 14090 0 1 1 blocking 
5 645 410 697 602 14091 0 1 1 blocking 
5 648 415 700 606 14092 0 1 1 blocking 
5 651 419 703 611 14093 0 1 1 blocking 
5 654 424 706 616 14094 0 1 1 blocking 
6 709 378 770 533 14075 0 0 0 blocking 
6 710 379 771 533 14076 0 0 1 moving 
6 711 381 773 533 14077 0 0 1 moving 
6 712 382 775 533 14078 0 0 1 moving 
6 713 384 777 533 14079 0 0 1 moving 
6 714 385 778 533 14080 0 0 1 moving 
6 715 387 780 533 14081 0 0 1 moving 
6 716 388 782 533 14082 0 0 1 moving 
6 717 390 784 533 14083 0 0 1 moving 
6 718 391 785 533 14084 0 0 1 moving 
6 719 393 787 534 14085 0 0 1 moving 
6 720 394 789 534 14086 0 0 1 moving 
6 721 396 791 534 14087 0 0 1 moving 
6 722 397 792 534 14088 0 0 1 moving 
6 723 399 794 534 14089 0 0 1 moving 
6 724 400 796 534 14090 0 0 1 moving 
6 725 402 798 534 14091 0 0 1 moving 
6 726 403 799 534 14092 0 0 1 moving 
6 727 405 801 534 14093 0 0 1 moving 
6 728 406 803 534 14094 0 0 1 moving 
7 695 418 761 621 14075 0 1 0 moving 
7 696 415 763 615 14076 0 1 1 spiking 
7 698 413 766 609 14077 0 1 1 spiking 
7 700 411 769 604 14078 0 1 1 spiking 
7 701 409 771 598 14079 0 1 1 spiking 
7 703 407 774 593 14080 0 1 1 spiking 
7 705 405 777 587 14081 0 1 1 spiking 
7 706 403 779 581 14082 0 1 1 spiking 
7 708 401 782 576 14083 0 1 1 spiking 
7 710 399 785 570 14084 0 1 1 spiking 
7 712 397 788 565 14085 0 1 0 spiking 
7 715 404 791 572 14086 0 1 1 spiking 
7 719 412 795 580 14087 0 1 1 spiking 
7 722 419 798 587 14088 0 1 1 spiking 
7 726 427 802 595 14089 0 1 1 spiking 
7 730 435 806 603 14090 0 1 1 spiking 
7 733 442 809 610 14091 0 1 1 spiking 
7 737 450 813 618 14092 0 1 1 spiking 
7 740 457 816 625 14093 0 1 1 spiking 
7 744 465 820 633 14094 0 1 1 spiking 
8 799 315 848 443 14075 0 0 0 spiking 
8 800 316 851 444 14076 0 0 1 standing 
8 802 317 854 445 14077 0 0 1 standing 
8 804 319 858 446 14078 0 0 0 standing 
8 804 318 857 447 14079 0 0 1 standing 
8 804 318 857 448 14080 0 0 1 standing 
8 804 318 857 449 14081 0 0 1 standing 
8 804 318 857 450 14082 0 0 1 standing 
8 805 318 856 451 14083 0 0 1 standing 
8 805 318 856 452 14084 0 0 1 standing 
8 805 318 856 453 14085 0 0 1 standing 
8 805 318 856 454 14086 0 0 1 standing 
8 806 318 856 456 14087 0 0 0 standing 
8 807 319 860 457 14088 0 0 1 standing 
8 808 321 865 458 14089 0 0 1 standing 
8 809 323 870 459 14090 0 0 1 standing 
8 811 325 875 461 14091 0 0 1 standing 
8 812 326 879 462 14092 0 0 1 standing 
8 813 328 884 463 14093 0 0 1 standing 
8 814 330 889 464 14094 0 0 1 standing 
9 866 381 926 515 14075 0 0 0 standing 
9 863 384 926 523 14076 0 0 1 moving 
9 861 387 926 531 14077 0 0 1 moving 
9 859 390 926 540 14078 0 0 0 moving 
9 860 393 926 541 14079 0 0 1 moving 
9 861 397 926 543 14080 0 0 1 moving 
9 862 401 926 545 14081 0 0 0 moving 
9 860 405 923 547 14082 0 0 1 moving 
9 858 409 921 549 14083 0 0 1 moving 
9 856 414 919 552 14084 0 0 0 moving 
9 849 413 913 553 14085 0 0 1 moving 
9 842 413 907 554 14086 0 0 1 moving 
9 835 413 901 556 14087 0 0 0 moving 
9 830 415 902 558 14088 0 0 1 moving 
9 825 417 903 560 14089 0 0 1 moving 
9 821 419 904 562 14090 0 0 0 moving 
9 816 423 904 564 14091 0 0 1 moving 
9 812 427 905 567 14092 0 0 1 moving 
9 808 431 906 570 14093 0 0 0 moving 
9 810 432 905 570 14094 0 0 1 moving 
10 923 413 973 560 14075 0 0 0 moving 
10 930 413 984 563 14076 0 0 1 moving 
10 937 414 995 567 14077 0 0 1 moving 
10 944 415 1006 571 14078 0 0 0 moving 
10 951 415 1022 570 14079 0 0 1 moving 
10 958 416 1038 569 14080 0 0 1 moving 
10 966 417 1054 568 14081 0 0 0 moving 
10 971 416 1056 568 14082 0 0 1 moving 
10 977 416 1058 568 14083 0 0 1 moving 
10 982 415 1060 568 14084 0 0 1 moving 
10 988 415 1062 568 14085 0 0 1 moving 
10 993 414 1064 568 14086 0 0 1 moving 
10 999 414 1066 569 14087 0 0 0 moving 
10 998 413 1065 570 14088 0 0 1 moving 
10 998 412 1065 572 14089 0 0 1 moving 
10 998 411 1065 574 14090 0 0 0 moving 
10 1002 413 1067 576 14091 0 0 1 moving 
10 1007 416 1069 578 14092 0 0 1 moving 
10 1012 419 1071 580 14093 0 0 1 moving 
10 1017 422 1073 582 14094 0 0 1 moving 
11 1152 363 1207 494 14075 0 0 0 moving 
11 1151 365 1210 500 14076 0 0 1 moving 
11 1151 368 1214 507 14077 0 0 1 moving 
11 1151 371 1218 514 14078 0 0 0 moving 
11 1151 373 1216 516 14079 0 0 1 moving 
11 1151 376 1215 519 14080 0 0 1 moving 
11 1151 379 1214 522 14081 0 0 1 moving 
11 1151 381 1213 524 14082 0 0 1 moving 
11 1152 384 1212 527 14083 0 0 1 moving 
11 1152 387 1211 530 14084 0 0 1 moving 
11 1152 389 1210 532 14085 0 0 1 moving 
11 1152 392 1209 535 14086 0 0 1 moving 
11 1153 395 1208 538 14087 0 0 0 moving 
11 1155 393 1210 536 14088 0 0 1 moving 
11 1157 391 1212 535 14089 0 0 1 moving 
11 1160 390 1215 534 14090 0 0 0 moving 
11 1161 393 1217 538 14091 0 0 1 moving 
11 1163 396 1219 543 14092 0 0 1 moving 
11 1164 399 1221 547 14093 0 0 1 moving 
11 1166 402 1223 552 14094 0 0 1 moving 
