0 167 449 248 570 114755 0 0 0 standing 
0 160 448 241 569 114756 0 0 1 standing 
0 153 447 234 569 114757 0 0 1 standing 
0 147 446 227 568 114758 0 0 1 standing 
0 140 445 220 568 114759 0 0 1 standing 
0 134 445 214 568 114760 0 0 0 standing 
0 132 444 210 568 114761 0 0 1 standing 
0 131 443 206 569 114762 0 0 1 standing 
0 130 442 202 569 114763 0 0 1 standing 
0 129 441 198 570 114764 0 0 1 standing 
0 128 441 195 571 114765 0 0 0 standing 
0 124 441 192 571 114766 0 0 1 standing 
0 120 441 190 571 114767 0 0 1 standing 
0 116 442 188 571 114768 0 0 1 standing 
0 112 442 186 571 114769 0 0 1 standing 
0 108 442 184 571 114770 0 0 1 standing 
0 105 443 182 572 114771 0 0 0 standing 
0 107 442 179 570 114772 0 0 1 standing 
0 109 441 177 569 114773 0 0 1 standing 
0 111 440 175 568 114774 0 0 1 standing 
1 355 420 460 538 114755 0 1 0 standing 
1 359 418 459 535 114756 0 1 1 moving 
1 364 416 458 532 114757 0 1 1 moving 
1 368 414 457 529 114758 0 1 1 moving 
1 373 412 456 526 114759 0 1 1 moving 
1 378 411 455 524 114760 0 1 0 moving 
1 376 410 461 523 114761 0 1 1 moving 
1 375 409 468 522 114762 0 1 1 moving 
1 374 408 475 521 114763 0 1 1 moving 
1 373 407 482 520 114764 0 1 0 moving 
1 381 406 482 524 114765 0 1 1 moving 
1 389 405 483 528 114766 0 1 1 moving 
1 397 405 484 532 114767 0 1 0 moving 
1 403 405 486 532 114768 0 1 1 moving 
1 410 405 489 532 114769 0 1 1 moving 
1 417 405 491 532 114770 0 1 1 moving 
1 424 406 494 533 114771 0 1 0 moving 
1 427 407 497 533 114772 0 1 1 moving 
1 431 408 500 534 114773 0 1 1 moving 
1 434 409 503 534 114774 0 1 1 moving 
2 448 526 566 648 114755 0 1 0 moving 
2 442 523 558 646 114756 0 1 1 moving 
2 436 520 550 645 114757 0 1 1 moving 
2 431 517 542 644 114758 0 1 0 moving 
2 430 516 540 644 114759 0 1 1 moving 
2 430 516 539 644 114760 0 1 1 moving 
2 429 515 538 644 114761 0 1 1 moving 
2 429 515 537 644 114762 0 1 0 moving 
2 425 516 532 645 114763 0 1 1 moving 
2 421 518 527 646 114764 0 1 1 moving 
2 417 520 523 648 114765 0 1 0 moving 
2 423 518 523 647 114766 0 1 1 moving 
2 429 517 523 646 114767 0 1 1 moving 
2 435 516 523 645 114768 0 1 1 moving 
2 441 515 524 644 114769 0 1 1 moving 
2 447 513 524 643 114770 0 1 1 moving 
2 453 512 524 642 114771 0 1 1 moving 
2 459 511 524 641 114772 0 1 1 moving 
2 465 510 525 641 114773 0 1 0 moving 
2 464 509 529 640 114774 0 1 1 moving 
3 541 379 619 477 114755 0 1 0 moving 
3 532 377 612 475 114756 0 1 1 moving 
3 523 376 605 473 114757 0 1 1 moving 
3 515 375 598 471 114758 0 1 0 moving 
3 511 373 594 469 114759 0 1 1 moving 
3 508 372 591 467 114760 0 1 1 moving 
3 505 371 587 465 114761 0 1 1 moving 
3 501 370 584 463 114762 0 1 1 moving 
3 498 369 580 461 114763 0 1 1 moving 
3 495 368 577 459 114764 0 1 0 moving 
3 495 367 575 459 114765 0 1 1 moving 
3 495 367 573 459 114766 0 1 1 moving 
3 496 367 572 460 114767 0 1 0 moving 
3 496 362 570 458 114768 0 1 1 moving 
3 496 358 569 457 114769 0 1 1 moving 
3 496 353 567 455 114770 0 1 1 moving 
3 496 349 566 454 114771 0 1 1 moving 
3 497 345 565 453 114772 0 1 0 moving 
3 498 345 565 457 114773 0 1 1 moving 
3 499 345 565 462 114774 0 1 1 moving 
4 579 435 662 552 114755 0 1 0 moving 
4 580 427 657 552 114756 0 1 1 standing 
4 581 419 652 552 114757 0 1 1 standing 
4 582 411 648 553 114758 0 1 0 standing 
4 583 414 646 556 114759 0 1 1 standing 
4 585 418 645 559 114760 0 1 1 standing 
4 587 422 643 563 114761 0 1 1 standing 
4 589 426 642 566 114762 0 1 1 standing 
4 591 430 641 570 114763 0 1 0 standing 
4 586 425 636 564 114764 0 1 1 standing 
4 582 420 631 559 114765 0 1 1 standing 
4 577 415 626 554 114766 0 1 1 standing 
4 573 410 621 549 114767 0 1 1 standing 
4 568 405 616 544 114768 0 1 1 standing 
4 564 400 611 539 114769 0 1 1 standing 
4 559 395 606 534 114770 0 1 1 standing 
4 555 390 601 529 114771 0 1 1 standing 
4 550 385 596 524 114772 0 1 1 standing 
4 546 380 592 519 114773 0 1 0 standing 
4 546 380 592 519 114774 0 1 1 standing 
5 664 456 727 582 114755 0 1 0 standing 
5 657 445 719 578 114756 0 1 1 setting 
5 650 435 711 575 114757 0 1 1 setting 
5 643 425 704 572 114758 0 1 1 setting 
5 636 415 696 569 114759 0 1 1 setting 
5 629 405 689 566 114760 0 1 0 setting 
5 621 401 681 561 114761 0 1 1 setting 
5 613 397 673 556 114762 0 1 1 setting 
5 606 393 666 552 114763 0 1 1 setting 
5 598 389 658 547 114764 0 1 1 setting 
5 591 385 651 543 114765 0 1 0 setting 
5 585 387 645 547 114766 0 1 1 setting 
5 579 389 639 551 114767 0 1 1 setting 
5 573 392 633 555 114768 0 1 1 setting 
5 567 394 627 559 114769 0 1 1 setting 
5 561 397 621 563 114770 0 1 1 setting 
5 555 399 615 567 114771 0 1 1 setting 
5 550 402 610 571 114772 0 1 0 setting 
5 543 410 600 575 114773 0 1 1 setting 
5 537 418 590 579 114774 0 1 1 setting 
6 1158 477 1229 591 114755 0 0 0 setting 
6 1153 476 1224 591 114756 0 0 1 standing 
6 1149 476 1219 592 114757 0 0 1 standing 
6 1145 476 1214 593 114758 0 0 0 standing 
6 1140 476 1208 592 114759 0 0 1 standing 
6 1135 477 1203 592 114760 0 0 1 standing 
6 1130 478 1197 592 114761 0 0 1 standing 
6 1125 478 1192 591 114762 0 0 1 standing 
6 1120 479 1186 591 114763 0 0 1 standing 
6 1115 480 1181 591 114764 0 0 0 standing 
6 1109 481 1174 592 114765 0 0 1 standing 
6 1103 482 1168 593 114766 0 0 1 standing 
6 1097 483 1162 594 114767 0 0 1 standing 
6 1091 485 1155 595 114768 0 0 1 standing 
6 1085 486 1149 596 114769 0 0 1 standing 
6 1080 487 1143 598 114770 0 0 1 standing 
6 1074 488 1137 599 114771 0 0 1 standing 
6 1068 490 1130 600 114772 0 0 1 standing 
6 1062 491 1124 601 114773 0 0 1 standing 
6 1056 492 1118 602 114774 0 0 1 standing 
7 1194 418 1254 551 114755 0 0 0 standing 
7 1194 418 1254 551 114756 0 0 1 standing 
7 1194 418 1254 551 114757 0 0 1 standing 
7 1194 418 1254 551 114758 0 0 0 standing 
7 1188 417 1249 549 114759 0 0 1 standing 
7 1182 417 1244 548 114760 0 0 1 standing 
7 1177 417 1240 547 114761 0 0 1 standing 
7 1171 417 1235 546 114762 0 0 1 standing 
7 1166 417 1231 545 114763 0 0 1 standing 
7 1160 417 1226 544 114764 0 0 1 standing 
7 1155 417 1222 543 114765 0 0 0 standing 
7 1150 417 1216 542 114766 0 0 1 standing 
7 1145 417 1211 542 114767 0 0 1 standing 
7 1140 417 1206 541 114768 0 0 1 standing 
7 1135 418 1200 541 114769 0 0 1 standing 
7 1131 418 1195 540 114770 0 0 1 standing 
7 1126 418 1190 540 114771 0 0 1 standing 
7 1121 419 1184 539 114772 0 0 1 standing 
7 1116 419 1179 539 114773 0 0 1 standing 
7 1111 419 1174 538 114774 0 0 1 standing 
8 1150 390 1206 505 114755 0 0 0 standing 
8 1143 389 1199 504 114756 0 0 1 standing 
8 1137 388 1192 503 114757 0 0 1 standing 
8 1131 387 1185 502 114758 0 0 1 standing 
8 1124 386 1179 501 114759 0 0 1 standing 
8 1118 385 1172 500 114760 0 0 1 standing 
8 1112 384 1165 499 114761 0 0 1 standing 
8 1105 383 1159 498 114762 0 0 1 standing 
8 1099 382 1152 497 114763 0 0 1 standing 
8 1093 381 1145 496 114764 0 0 1 standing 
8 1087 380 1139 495 114765 0 0 0 standing 
8 1080 380 1131 494 114766 0 0 1 standing 
8 1073 380 1124 493 114767 0 0 1 standing 
8 1066 380 1117 492 114768 0 0 1 standing 
8 1059 380 1110 491 114769 0 0 1 standing 
8 1052 380 1103 491 114770 0 0 1 standing 
8 1045 380 1096 490 114771 0 0 1 standing 
8 1038 380 1089 489 114772 0 0 1 standing 
8 1031 380 1082 488 114773 0 0 1 standing 
8 1024 380 1075 487 114774 0 0 1 standing 
9 842 457 890 592 114755 0 0 0 standing 
9 833 458 881 592 114756 0 0 1 standing 
9 825 459 873 593 114757 0 0 1 standing 
9 817 461 865 593 114758 0 0 1 standing 
9 809 462 857 594 114759 0 0 1 standing 
9 801 464 849 594 114760 0 0 1 standing 
9 793 465 840 595 114761 0 0 1 standing 
9 785 466 832 595 114762 0 0 1 standing 
9 777 468 824 596 114763 0 0 1 standing 
9 769 469 816 596 114764 0 0 1 standing 
9 761 471 808 597 114765 0 0 0 standing 
9 753 473 802 599 114766 0 0 1 standing 
9 746 475 796 602 114767 0 0 1 standing 
9 738 477 791 604 114768 0 0 1 standing 
9 731 479 785 607 114769 0 0 1 standing 
9 724 482 780 609 114770 0 0 1 standing 
9 716 484 774 612 114771 0 0 1 standing 
9 709 486 768 614 114772 0 0 1 standing 
9 701 488 763 617 114773 0 0 1 standing 
9 694 490 757 619 114774 0 0 1 standing 
10 826 422 887 563 114755 0 0 0 standing 
10 819 422 879 563 114756 0 0 1 standing 
10 812 422 872 563 114757 0 0 1 standing 
10 805 423 864 564 114758 0 0 1 standing 
10 798 423 857 564 114759 0 0 1 standing 
10 792 424 850 565 114760 0 0 1 standing 
10 785 424 842 565 114761 0 0 1 standing 
10 778 424 835 565 114762 0 0 1 standing 
10 771 425 827 566 114763 0 0 1 standing 
10 764 425 820 566 114764 0 0 1 standing 
10 758 426 813 567 114765 0 0 0 standing 
10 751 427 806 567 114766 0 0 1 standing 
10 745 428 800 567 114767 0 0 1 standing 
10 738 430 794 567 114768 0 0 1 standing 
10 732 431 788 568 114769 0 0 1 standing 
10 725 433 782 568 114770 0 0 1 standing 
10 719 434 776 568 114771 0 0 1 standing 
10 712 435 770 569 114772 0 0 1 standing 
10 706 437 764 569 114773 0 0 1 standing 
10 699 438 758 569 114774 0 0 1 standing 
11 834 382 894 495 114755 0 0 0 standing 
11 826 381 886 494 114756 0 0 1 standing 
11 819 381 878 494 114757 0 0 1 standing 
11 811 381 870 493 114758 0 0 1 standing 
11 804 381 862 493 114759 0 0 1 standing 
11 796 381 855 492 114760 0 0 1 standing 
11 789 380 847 492 114761 0 0 1 standing 
11 781 380 839 491 114762 0 0 1 standing 
11 774 380 831 491 114763 0 0 1 standing 
11 766 380 823 490 114764 0 0 1 standing 
11 759 380 816 490 114765 0 0 0 standing 
11 752 380 809 490 114766 0 0 1 standing 
11 745 380 802 490 114767 0 0 1 standing 
11 738 381 795 491 114768 0 0 1 standing 
11 732 381 789 491 114769 0 0 1 standing 
11 725 382 782 492 114770 0 0 1 standing 
11 718 382 775 492 114771 0 0 1 standing 
11 712 382 769 492 114772 0 0 1 standing 
11 705 383 762 493 114773 0 0 1 standing 
11 698 383 755 493 114774 0 0 1 standing 
