0 1091 440 1148 554 114580 0 0 0 standing 
0 1082 439 1140 553 114581 0 0 1 standing 
0 1074 438 1132 552 114582 0 0 1 standing 
0 1066 438 1124 551 114583 0 0 0 standing 
0 1054 435 1122 552 114584 0 0 1 standing 
0 1042 433 1120 553 114585 0 0 1 standing 
0 1030 431 1118 554 114586 0 0 0 standing 
0 1025 428 1106 550 114587 0 0 1 standing 
0 1020 426 1095 546 114588 0 0 1 standing 
0 1016 424 1084 543 114589 0 0 0 standing 
0 1010 424 1071 539 114590 0 0 1 standing 
0 1004 424 1059 536 114591 0 0 1 standing 
0 998 425 1047 533 114592 0 0 0 standing 
0 983 423 1031 535 114593 0 0 1 standing 
0 968 422 1016 537 114594 0 0 1 standing 
0 953 421 1001 539 114595 0 0 0 standing 
0 929 422 979 537 114596 0 0 1 standing 
0 906 423 958 535 114597 0 0 1 standing 
0 882 424 936 534 114598 0 0 1 standing 
0 859 425 915 532 114599 0 0 1 standing 
1 956 386 1014 488 114580 0 0 0 standing 
1 949 387 1007 488 114581 0 0 1 standing 
1 942 388 1001 488 114582 0 0 1 standing 
1 936 389 995 488 114583 0 0 0 standing 
1 929 389 990 488 114584 0 0 1 standing 
1 922 389 985 488 114585 0 0 1 standing 
1 916 389 980 488 114586 0 0 0 standing 
1 916 389 979 486 114587 0 0 1 standing 
1 917 390 978 485 114588 0 0 1 standing 
1 918 391 977 484 114589 0 0 0 standing 
1 916 391 973 486 114590 0 0 1 standing 
1 914 392 969 488 114591 0 0 1 standing 
1 913 393 966 490 114592 0 0 0 standing 
1 903 394 961 489 114593 0 0 1 standing 
1 893 395 956 488 114594 0 0 1 standing 
1 884 397 951 487 114595 0 0 0 standing 
1 867 398 938 487 114596 0 0 1 standing 
1 851 400 925 488 114597 0 0 1 standing 
1 835 402 912 488 114598 0 0 1 standing 
1 819 404 899 489 114599 0 0 1 standing 
2 1042 483 1101 597 114580 0 0 0 standing 
2 1035 483 1092 597 114581 0 0 1 standing 
2 1028 483 1084 597 114582 0 0 1 standing 
2 1022 483 1076 597 114583 0 0 0 standing 
2 1016 479 1070 595 114584 0 0 1 standing 
2 1010 476 1064 593 114585 0 0 1 standing 
2 1005 473 1058 592 114586 0 0 1 standing 
2 999 469 1052 590 114587 0 0 1 standing 
2 993 466 1046 588 114588 0 0 1 standing 
2 988 463 1041 587 114589 0 0 0 standing 
2 976 462 1031 579 114590 0 0 1 standing 
2 964 462 1021 572 114591 0 0 1 standing 
2 952 462 1011 565 114592 0 0 0 standing 
2 940 464 996 565 114593 0 0 1 standing 
2 928 466 981 565 114594 0 0 1 standing 
2 917 468 966 565 114595 0 0 0 standing 
2 897 464 948 563 114596 0 0 1 standing 
2 878 460 931 562 114597 0 0 1 standing 
2 859 457 913 561 114598 0 0 1 standing 
2 840 453 896 560 114599 0 0 1 standing 
3 586 392 649 557 114580 0 0 0 standing 
3 583 405 643 561 114581 0 0 1 standing 
3 580 418 637 566 114582 0 0 1 standing 
3 578 431 631 571 114583 0 0 0 standing 
3 566 434 624 569 114584 0 0 1 standing 
3 554 438 618 568 114585 0 0 1 standing 
3 543 442 612 567 114586 0 0 0 standing 
3 534 441 606 568 114587 0 0 1 standing 
3 525 441 601 569 114588 0 0 1 standing 
3 517 441 596 571 114589 0 0 0 standing 
3 503 438 576 571 114590 0 0 1 standing 
3 489 435 557 571 114591 0 0 1 standing 
3 476 432 538 571 114592 0 0 0 standing 
3 456 430 518 570 114593 0 0 1 standing 
3 436 429 498 570 114594 0 0 1 standing 
3 416 428 479 570 114595 0 0 0 standing 
3 391 429 454 570 114596 0 0 1 standing 
3 366 430 429 571 114597 0 0 1 standing 
3 342 431 405 572 114598 0 0 1 standing 
3 317 432 380 573 114599 0 0 1 standing 
4 528 384 623 528 114580 0 0 0 standing 
4 527 383 613 526 114581 0 0 1 standing 
4 526 382 603 525 114582 0 0 1 standing 
4 526 381 594 524 114583 0 0 0 standing 
4 519 383 600 524 114584 0 0 1 standing 
4 512 385 606 524 114585 0 0 1 standing 
4 505 388 613 525 114586 0 0 0 standing 
4 504 394 609 532 114587 0 0 1 standing 
4 504 401 605 539 114588 0 0 1 standing 
4 504 408 602 546 114589 0 0 0 standing 
4 507 416 595 560 114590 0 0 1 standing 
4 510 425 588 574 114591 0 0 1 standing 
4 514 434 581 588 114592 0 0 0 standing 
4 503 442 578 587 114593 0 0 1 standing 
4 493 450 575 586 114594 0 0 1 standing 
4 483 458 572 586 114595 0 0 0 standing 
4 472 460 554 587 114596 0 0 1 standing 
4 462 462 536 588 114597 0 0 1 standing 
4 451 464 519 590 114598 0 0 1 standing 
4 441 466 501 591 114599 0 0 1 standing 
5 697 381 765 503 114580 0 0 0 standing 
5 691 379 757 501 114581 0 0 1 blocking 
5 685 377 749 499 114582 0 0 1 blocking 
5 679 375 741 498 114583 0 0 1 blocking 
5 673 373 733 496 114584 0 0 1 blocking 
5 667 371 725 494 114585 0 0 1 blocking 
5 662 370 717 493 114586 0 0 0 blocking 
5 658 371 709 491 114587 0 0 1 blocking 
5 654 373 702 490 114588 0 0 1 blocking 
5 651 375 695 489 114589 0 0 0 blocking 
5 642 373 687 487 114590 0 0 1 blocking 
5 633 372 679 486 114591 0 0 1 blocking 
5 625 371 671 485 114592 0 0 1 blocking 
5 616 370 663 483 114593 0 0 1 blocking 
5 607 369 655 482 114594 0 0 1 blocking 
5 599 368 648 481 114595 0 0 0 blocking 
5 581 368 634 483 114596 0 0 1 blocking 
5 563 368 620 485 114597 0 0 1 blocking 
5 545 368 606 487 114598 0 0 1 blocking 
5 527 368 592 489 114599 0 0 1 blocking 
6 701 384 745 564 114580 0 1 0 blocking 
6 692 384 736 563 114581 0 1 1 blocking 
6 684 384 728 562 114582 0 1 1 blocking 
6 676 384 720 562 114583 0 1 0 blocking 
6 667 384 716 561 114584 0 1 1 blocking 
6 659 384 712 560 114585 0 1 1 blocking 
6 650 384 708 559 114586 0 1 1 blocking 
6 642 384 704 558 114587 0 1 1 blocking 
6 634 385 700 558 114588 0 1 0 blocking 
6 629 388 688 563 114589 0 1 1 blocking 
6 624 391 676 568 114590 0 1 1 blocking 
6 619 394 665 573 114591 0 1 1 blocking 
6 614 397 653 578 114592 0 1 1 blocking 
6 609 400 642 583 114593 0 1 0 blocking 
6 596 403 635 583 114594 0 1 1 blocking 
6 583 406 629 584 114595 0 1 1 blocking 
6 570 409 623 585 114596 0 1 0 blocking 
6 547 412 599 586 114597 0 1 1 blocking 
6 525 416 576 588 114598 0 1 1 blocking 
6 503 419 553 590 114599 0 1 1 blocking 
7 698 475 782 599 114580 0 0 0 blocking 
7 692 477 771 601 114581 0 0 1 standing 
7 687 479 761 603 114582 0 0 1 standing 
7 682 481 751 605 114583 0 0 0 standing 
7 674 480 738 607 114584 0 0 1 standing 
7 667 480 726 610 114585 0 0 1 standing 
7 659 479 714 613 114586 0 0 1 standing 
7 652 479 702 616 114587 0 0 0 standing 
7 647 477 696 616 114588 0 0 1 standing 
7 642 475 690 616 114589 0 0 1 standing 
7 637 473 684 617 114590 0 0 1 standing 
7 632 471 678 617 114591 0 0 1 standing 
7 628 470 672 618 114592 0 0 0 standing 
7 616 469 665 616 114593 0 0 1 standing 
7 605 469 659 614 114594 0 0 1 standing 
7 594 469 653 613 114595 0 0 0 standing 
7 578 471 640 615 114596 0 0 1 standing 
7 562 473 628 617 114597 0 0 1 standing 
7 546 475 616 619 114598 0 0 1 standing 
7 530 477 604 621 114599 0 0 1 standing 
8 468 359 536 464 114580 0 0 0 standing 
8 475 362 543 465 114581 0 0 1 moving 
8 483 366 550 467 114582 0 0 1 moving 
8 491 370 558 469 114583 0 0 0 moving 
8 493 370 557 467 114584 0 0 1 moving 
8 495 370 557 465 114585 0 0 1 moving 
8 497 370 557 464 114586 0 0 0 moving 
8 497 368 560 464 114587 0 0 1 moving 
8 497 367 563 464 114588 0 0 1 moving 
8 497 366 567 465 114589 0 0 0 moving 
8 495 368 563 466 114590 0 0 1 moving 
8 493 370 559 468 114591 0 0 1 moving 
8 492 373 556 470 114592 0 0 0 moving 
8 481 372 546 471 114593 0 0 1 moving 
8 470 371 537 473 114594 0 0 1 moving 
8 460 371 528 475 114595 0 0 0 moving 
8 442 366 509 473 114596 0 0 1 moving 
8 425 362 491 472 114597 0 0 1 moving 
8 408 357 473 471 114598 0 0 1 moving 
8 391 353 455 470 114599 0 0 1 moving 
9 418 400 501 541 114580 0 1 0 moving 
9 418 391 508 529 114581 0 1 1 spiking 
9 419 382 515 518 114582 0 1 1 spiking 
9 420 373 523 507 114583 0 1 1 spiking 
9 421 364 530 496 114584 0 1 1 spiking 
9 422 355 538 485 114585 0 1 0 spiking 
9 425 352 537 483 114586 0 1 1 spiking 
9 428 349 537 482 114587 0 1 1 spiking 
9 432 347 537 481 114588 0 1 1 spiking 
9 435 344 536 480 114589 0 1 1 spiking 
9 439 342 536 479 114590 0 1 1 spiking 
9 442 339 536 478 114591 0 1 1 spiking 
9 446 337 536 477 114592 0 1 0 spiking 
9 439 340 530 479 114593 0 1 1 spiking 
9 432 343 525 481 114594 0 1 1 spiking 
9 425 346 520 484 114595 0 1 1 spiking 
9 418 349 514 486 114596 0 1 1 spiking 
9 411 352 509 488 114597 0 1 1 spiking 
9 404 356 504 491 114598 0 1 0 spiking 
9 392 361 489 496 114599 0 1 1 spiking 
10 457 517 526 647 114580 0 0 0 spiking 
10 459 513 533 646 114581 0 0 1 standing 
10 461 510 540 645 114582 0 0 1 standing 
10 464 507 548 645 114583 0 0 0 standing 
10 466 503 546 645 114584 0 0 1 standing 
10 468 499 545 645 114585 0 0 1 standing 
10 470 496 544 645 114586 0 0 0 standing 
10 471 491 540 641 114587 0 0 1 standing 
10 472 486 536 638 114588 0 0 1 standing 
10 473 482 532 635 114589 0 0 0 standing 
10 471 478 533 633 114590 0 0 1 standing 
10 470 474 534 631 114591 0 0 1 standing 
10 469 470 536 629 114592 0 0 0 standing 
10 461 468 527 627 114593 0 0 1 standing 
10 453 467 518 625 114594 0 0 1 standing 
10 446 466 509 623 114595 0 0 0 standing 
10 427 467 495 624 114596 0 0 1 standing 
10 409 469 481 625 114597 0 0 1 standing 
10 391 470 467 626 114598 0 0 1 standing 
10 373 472 453 627 114599 0 0 1 standing 
11 171 420 245 519 114580 0 0 0 standing 
11 170 419 241 519 114581 0 0 1 standing 
11 170 418 237 520 114582 0 0 1 standing 
11 170 417 234 521 114583 0 0 1 standing 
11 169 416 230 521 114584 0 0 1 standing 
11 169 415 226 522 114585 0 0 1 standing 
11 169 414 223 523 114586 0 0 0 standing 
11 162 412 218 523 114587 0 0 1 standing 
11 156 411 214 523 114588 0 0 1 standing 
11 150 410 210 523 114589 0 0 0 standing 
11 145 407 206 524 114590 0 0 1 standing 
11 140 405 202 525 114591 0 0 1 standing 
11 135 403 198 526 114592 0 0 0 standing 
11 129 401 186 526 114593 0 0 1 standing 
11 123 400 174 527 114594 0 0 1 standing 
11 118 399 162 528 114595 0 0 0 standing 
11 100 400 144 530 114596 0 0 1 standing 
11 83 401 126 532 114597 0 0 1 standing 
11 65 402 109 534 114598 0 0 1 standing 
11 48 403 91 536 114599 0 0 1 standing 
