0 169 470 246 615 46510 0 0 0 moving 
0 162 467 239 612 46511 0 0 1 moving 
0 155 465 233 610 46512 0 0 1 moving 
0 149 463 226 608 46513 0 0 1 moving 
0 142 461 220 606 46514 0 0 1 moving 
0 135 459 213 604 46515 0 0 1 moving 
0 129 457 207 602 46516 0 0 1 moving 
0 122 455 200 600 46517 0 0 1 moving 
0 115 453 194 598 46518 0 0 1 moving 
0 109 451 188 596 46519 0 0 0 moving 
0 101 449 176 594 46520 0 0 1 moving 
0 93 448 165 593 46521 0 0 1 moving 
0 86 447 154 591 46522 0 0 1 moving 
0 78 446 142 590 46523 0 0 1 moving 
0 71 445 131 588 46524 0 0 1 moving 
0 63 444 120 587 46525 0 0 1 moving 
0 56 443 109 586 46526 0 0 0 moving 
0 55 444 116 587 46527 0 0 1 moving 
0 55 446 124 589 46528 0 0 1 moving 
0 54 447 131 591 46529 0 0 1 moving 
1 470 332 536 462 46510 0 0 0 moving 
1 459 330 520 460 46511 0 0 1 standing 
1 448 328 505 458 46512 0 0 1 standing 
1 437 326 490 457 46513 0 0 0 standing 
1 421 327 476 459 46514 0 0 1 standing 
1 405 328 462 461 46515 0 0 1 standing 
1 389 329 449 463 46516 0 0 1 standing 
1 373 330 435 465 46517 0 0 1 standing 
1 357 331 421 467 46518 0 0 1 standing 
1 341 332 408 470 46519 0 0 0 standing 
1 324 336 392 472 46520 0 0 1 standing 
1 308 340 377 475 46521 0 0 1 standing 
1 292 344 362 478 46522 0 0 1 standing 
1 275 349 347 480 46523 0 0 1 standing 
1 259 353 332 483 46524 0 0 1 standing 
1 243 357 317 486 46525 0 0 1 standing 
1 227 362 302 489 46526 0 0 0 standing 
1 224 359 297 489 46527 0 0 1 standing 
1 221 356 293 489 46528 0 0 1 standing 
1 218 353 289 489 46529 0 0 1 standing 
2 546 283 615 418 46510 0 0 0 standing 
2 536 283 605 418 46511 0 0 1 spiking 
2 527 284 596 419 46512 0 0 1 spiking 
2 518 284 587 419 46513 0 0 1 spiking 
2 509 285 578 420 46514 0 0 1 spiking 
2 500 285 569 420 46515 0 0 1 spiking 
2 491 286 560 421 46516 0 0 1 spiking 
2 482 286 551 421 46517 0 0 1 spiking 
2 473 287 542 422 46518 0 0 1 spiking 
2 464 287 533 422 46519 0 0 1 spiking 
2 455 288 524 423 46520 0 0 0 spiking 
2 439 292 510 426 46521 0 0 1 spiking 
2 423 296 496 430 46522 0 0 1 spiking 
2 407 300 482 433 46523 0 0 1 spiking 
2 391 304 468 437 46524 0 0 1 spiking 
2 375 308 454 440 46525 0 0 1 spiking 
2 359 312 440 444 46526 0 0 0 spiking 
2 352 311 434 444 46527 0 0 1 spiking 
2 345 311 429 444 46528 0 0 1 spiking 
2 338 311 424 444 46529 0 0 1 spiking 
3 585 379 699 533 46510 0 0 0 spiking 
3 576 381 688 537 46511 0 0 1 standing 
3 568 383 677 541 46512 0 0 1 standing 
3 560 386 666 545 46513 0 0 0 standing 
3 548 386 651 546 46514 0 0 1 standing 
3 537 387 636 548 46515 0 0 1 standing 
3 526 387 621 550 46516 0 0 1 standing 
3 515 388 606 552 46517 0 0 1 standing 
3 504 388 591 554 46518 0 0 1 standing 
3 493 389 577 556 46519 0 0 0 standing 
3 479 392 561 557 46520 0 0 1 standing 
3 465 395 546 559 46521 0 0 1 standing 
3 452 399 530 561 46522 0 0 1 standing 
3 438 402 515 563 46523 0 0 1 standing 
3 425 406 499 565 46524 0 0 1 standing 
3 411 409 484 567 46525 0 0 1 standing 
3 398 413 469 569 46526 0 0 0 standing 
3 395 409 470 568 46527 0 0 1 standing 
3 393 406 471 568 46528 0 0 1 standing 
3 390 403 472 568 46529 0 0 1 standing 
4 476 286 545 402 46510 0 1 0 standing 
4 476 280 548 403 46511 0 1 1 spiking 
4 477 274 551 404 46512 0 1 1 spiking 
4 478 268 555 406 46513 0 1 1 spiking 
4 479 262 558 407 46514 0 1 1 spiking 
4 480 257 562 409 46515 0 1 0 spiking 
4 475 267 554 411 46516 0 1 1 spiking 
4 470 277 546 414 46517 0 1 1 spiking 
4 465 287 539 417 46518 0 1 1 spiking 
4 460 297 531 420 46519 0 1 1 spiking 
4 455 307 524 423 46520 0 1 0 spiking 
4 447 313 515 430 46521 0 1 1 spiking 
4 439 319 507 438 46522 0 1 1 spiking 
4 431 325 499 446 46523 0 1 1 spiking 
4 423 331 491 453 46524 0 1 1 spiking 
4 415 337 483 461 46525 0 1 1 spiking 
4 408 343 475 469 46526 0 1 0 spiking 
4 412 346 479 475 46527 0 1 1 spiking 
4 416 350 483 481 46528 0 1 1 spiking 
4 420 353 487 487 46529 0 1 1 spiking 
5 484 420 550 583 46510 0 0 0 spiking 
5 478 419 544 582 46511 0 0 1 standing 
5 472 418 538 581 46512 0 0 1 standing 
5 467 417 533 580 46513 0 0 0 standing 
5 458 415 524 576 46514 0 0 1 standing 
5 450 414 515 573 46515 0 0 1 standing 
5 441 413 507 569 46516 0 0 1 standing 
5 433 412 498 566 46517 0 0 1 standing 
5 424 411 489 562 46518 0 0 1 standing 
5 416 410 481 559 46519 0 0 0 standing 
5 400 410 465 559 46520 0 0 1 standing 
5 384 410 449 559 46521 0 0 1 standing 
5 368 411 433 560 46522 0 0 1 standing 
5 353 411 418 560 46523 0 0 1 standing 
5 337 412 402 561 46524 0 0 1 standing 
5 321 412 386 561 46525 0 0 1 standing 
5 306 413 371 562 46526 0 0 0 standing 
5 302 409 368 562 46527 0 0 1 standing 
5 299 406 365 562 46528 0 0 1 standing 
5 296 402 362 562 46529 0 0 1 standing 
6 1174 298 1252 457 46510 0 0 0 standing 
6 1165 298 1241 456 46511 0 0 1 standing 
6 1157 298 1230 456 46512 0 0 1 standing 
6 1148 298 1219 456 46513 0 0 1 standing 
6 1140 298 1208 456 46514 0 0 1 standing 
6 1132 298 1198 456 46515 0 0 0 standing 
6 1118 298 1186 455 46516 0 0 1 standing 
6 1105 298 1174 455 46517 0 0 1 standing 
6 1091 298 1162 455 46518 0 0 1 standing 
6 1078 298 1150 455 46519 0 0 0 standing 
6 1061 298 1135 455 46520 0 0 1 standing 
6 1044 298 1120 455 46521 0 0 1 standing 
6 1027 298 1105 455 46522 0 0 1 standing 
6 1010 298 1090 455 46523 0 0 1 standing 
6 994 299 1075 456 46524 0 0 0 standing 
6 984 298 1062 455 46525 0 0 1 standing 
6 974 298 1049 455 46526 0 0 1 standing 
6 965 298 1036 455 46527 0 0 0 standing 
6 967 297 1035 454 46528 0 0 1 standing 
6 970 296 1034 454 46529 0 0 1 standing 
7 1146 458 1239 596 46510 0 0 0 standing 
7 1144 457 1231 595 46511 0 0 1 waiting 
7 1142 456 1223 594 46512 0 0 1 waiting 
7 1140 456 1215 593 46513 0 0 1 waiting 
7 1138 455 1207 592 46514 0 0 1 waiting 
7 1137 455 1199 591 46515 0 0 0 waiting 
7 1126 454 1189 590 46516 0 0 1 waiting 
7 1116 453 1180 590 46517 0 0 1 waiting 
7 1105 452 1171 589 46518 0 0 1 waiting 
7 1095 452 1162 589 46519 0 0 0 waiting 
7 1077 451 1144 588 46520 0 0 1 waiting 
7 1059 451 1127 587 46521 0 0 1 waiting 
7 1041 451 1109 586 46522 0 0 1 waiting 
7 1023 451 1092 586 46523 0 0 0 waiting 
7 1011 448 1085 583 46524 0 0 1 waiting 
7 999 445 1079 580 46525 0 0 1 waiting 
7 987 442 1072 577 46526 0 0 1 waiting 
7 976 439 1066 574 46527 0 0 0 waiting 
7 976 439 1071 574 46528 0 0 1 waiting 
7 976 440 1076 575 46529 0 0 1 waiting 
8 752 314 804 510 46510 0 1 0 waiting 
8 738 306 793 504 46511 0 1 1 blocking 
8 724 298 782 498 46512 0 1 1 blocking 
8 710 290 771 493 46513 0 1 1 blocking 
8 696 282 760 487 46514 0 1 1 blocking 
8 682 274 749 481 46515 0 1 1 blocking 
8 669 267 739 476 46516 0 1 0 blocking 
8 657 272 724 474 46517 0 1 1 blocking 
8 646 278 710 473 46518 0 1 1 blocking 
8 635 284 696 471 46519 0 1 1 blocking 
8 624 289 681 470 46520 0 1 1 blocking 
8 613 295 667 468 46521 0 1 1 blocking 
8 602 301 653 467 46522 0 1 0 blocking 
8 590 304 640 470 46523 0 1 1 blocking 
8 578 308 628 473 46524 0 1 1 blocking 
8 567 311 615 476 46525 0 1 1 blocking 
8 555 315 603 479 46526 0 1 1 blocking 
8 544 319 591 483 46527 0 1 0 blocking 
8 543 335 591 489 46528 0 1 1 blocking 
8 543 351 592 495 46529 0 1 1 blocking 
9 753 292 798 493 46510 0 1 0 blocking 
9 740 290 785 489 46511 0 1 1 blocking 
9 728 289 773 486 46512 0 1 1 blocking 
9 715 288 761 483 46513 0 1 1 blocking 
9 703 287 749 479 46514 0 1 1 blocking 
9 690 286 736 476 46515 0 1 1 blocking 
9 678 285 724 473 46516 0 1 1 blocking 
9 665 283 712 469 46517 0 1 1 blocking 
9 653 282 700 466 46518 0 1 1 blocking 
9 640 281 687 463 46519 0 1 1 blocking 
9 628 280 675 459 46520 0 1 1 blocking 
9 615 279 663 456 46521 0 1 1 blocking 
9 603 278 651 453 46522 0 1 0 blocking 
9 592 284 641 457 46523 0 1 1 blocking 
9 581 290 632 461 46524 0 1 1 blocking 
9 570 297 623 465 46525 0 1 1 blocking 
9 559 303 614 469 46526 0 1 1 blocking 
9 549 310 605 473 46527 0 1 0 blocking 
9 544 316 600 477 46528 0 1 1 blocking 
9 539 323 595 481 46529 0 1 1 blocking 
10 1200 366 1279 495 46510 1 0 0 blocking 
10 1203 366 1279 494 46511 1 0 1 blocking 
10 1207 366 1279 494 46512 1 0 1 blocking 
10 1211 366 1279 494 46513 1 0 1 blocking 
10 1214 366 1279 494 46514 1 0 1 blocking 
10 1218 366 1279 494 46515 1 0 1 blocking 
10 1222 366 1279 494 46516 1 0 1 blocking 
10 1225 366 1279 494 46517 1 0 1 blocking 
10 1229 366 1279 494 46518 1 0 1 blocking 
10 1233 366 1279 494 46519 1 0 1 blocking 
10 1236 366 1279 494 46520 1 0 1 blocking 
10 1240 366 1279 494 46521 1 0 1 blocking 
10 1244 366 1279 494 46522 1 0 1 blocking 
10 1248 366 1279 494 46523 0 0 0 blocking 
10 1239 364 1279 492 46524 0 0 1 blocking 
10 1230 363 1279 491 46525 0 0 1 blocking 
10 1221 362 1279 490 46526 0 0 1 blocking 
10 1212 361 1279 489 46527 0 0 0 blocking 
10 1208 362 1279 491 46528 0 0 1 blocking 
10 1204 364 1279 493 46529 0 0 1 blocking 
11 756 301 802 503 46510 0 1 0 blocking 
11 743 299 789 498 46511 0 1 1 blocking 
11 730 297 776 494 46512 0 1 1 blocking 
11 717 295 763 490 46513 0 1 1 blocking 
11 704 294 750 486 46514 0 1 1 blocking 
11 691 292 737 481 46515 0 1 1 blocking 
11 678 290 724 477 46516 0 1 1 blocking 
11 665 288 711 473 46517 0 1 1 blocking 
11 652 287 698 469 46518 0 1 1 blocking 
11 639 285 685 464 46519 0 1 1 blocking 
11 626 283 672 460 46520 0 1 1 blocking 
11 613 281 659 456 46521 0 1 1 blocking 
11 600 280 647 452 46522 0 1 0 blocking 
11 589 286 639 457 46523 0 1 1 blocking 
11 579 293 631 462 46524 0 1 1 blocking 
11 568 299 623 467 46525 0 1 1 blocking 
11 558 306 615 472 46526 0 1 1 blocking 
11 548 313 607 478 46527 0 1 0 blocking 
11 543 319 602 483 46528 0 1 1 blocking 
11 538 326 597 489 46529 0 1 1 blocking 
