0 1057 399 1116 518 51715 0 0 0 digging 
0 1046 399 1107 518 51716 0 0 1 digging 
0 1036 399 1099 518 51717 0 0 1 digging 
0 1026 399 1090 518 51718 0 0 1 digging 
0 1016 399 1082 518 51719 0 0 1 digging 
0 1006 399 1073 518 51720 0 0 1 digging 
0 996 399 1065 518 51721 0 0 0 digging 
0 986 399 1056 516 51722 0 0 1 digging 
0 976 399 1047 514 51723 0 0 1 digging 
0 966 399 1038 513 51724 0 0 0 digging 
0 955 400 1027 512 51725 0 0 1 digging 
0 944 401 1017 511 51726 0 0 1 digging 
0 934 402 1007 511 51727 0 0 0 digging 
0 921 405 993 510 51728 0 0 1 digging 
0 909 408 979 510 51729 0 0 1 digging 
0 897 411 966 510 51730 0 0 0 digging 
0 885 411 955 510 51731 0 0 1 digging 
0 873 411 944 510 51732 0 0 1 digging 
0 861 411 933 510 51733 0 0 1 digging 
0 849 411 922 510 51734 0 0 1 digging 
1 1197 437 1263 567 51715 0 0 0 digging 
1 1189 436 1255 565 51716 0 0 1 standing 
1 1182 435 1247 564 51717 0 0 1 standing 
1 1175 434 1239 563 51718 0 0 0 standing 
1 1168 433 1232 560 51719 0 0 1 standing 
1 1161 432 1225 557 51720 0 0 1 standing 
1 1154 431 1218 554 51721 0 0 0 standing 
1 1145 433 1215 555 51722 0 0 1 standing 
1 1136 435 1213 557 51723 0 0 1 standing 
1 1127 437 1211 559 51724 0 0 0 standing 
1 1118 437 1202 556 51725 0 0 1 standing 
1 1109 437 1193 554 51726 0 0 1 standing 
1 1100 438 1184 552 51727 0 0 0 standing 
1 1087 439 1171 551 51728 0 0 1 standing 
1 1074 441 1158 551 51729 0 0 1 standing 
1 1062 443 1146 551 51730 0 0 0 standing 
1 1050 441 1134 550 51731 0 0 1 standing 
1 1038 439 1122 550 51732 0 0 1 standing 
1 1026 437 1111 549 51733 0 0 1 standing 
1 1014 435 1099 549 51734 0 0 1 standing 
2 1167 516 1242 635 51715 0 0 0 standing 
2 1159 516 1232 634 51716 0 0 1 standing 
2 1151 516 1222 633 51717 0 0 1 standing 
2 1143 517 1212 632 51718 0 0 0 standing 
2 1133 516 1205 630 51719 0 0 1 standing 
2 1123 515 1198 629 51720 0 0 1 standing 
2 1113 514 1191 628 51721 0 0 0 standing 
2 1098 512 1178 628 51722 0 0 1 standing 
2 1084 511 1166 628 51723 0 0 1 standing 
2 1070 510 1154 628 51724 0 0 0 standing 
2 1055 507 1139 627 51725 0 0 1 standing 
2 1041 505 1125 626 51726 0 0 1 standing 
2 1027 503 1111 626 51727 0 0 0 standing 
2 1012 503 1091 623 51728 0 0 1 standing 
2 997 503 1071 620 51729 0 0 1 standing 
2 982 504 1051 618 51730 0 0 0 standing 
2 967 501 1037 618 51731 0 0 1 standing 
2 952 498 1023 618 51732 0 0 1 standing 
2 937 495 1009 618 51733 0 0 1 standing 
2 922 492 995 618 51734 0 0 1 standing 
3 764 400 821 518 51715 0 0 0 standing 
3 756 399 813 516 51716 0 0 1 standing 
3 748 399 806 514 51717 0 0 1 standing 
3 741 399 799 512 51718 0 0 1 standing 
3 733 398 791 510 51719 0 0 1 standing 
3 725 398 784 508 51720 0 0 1 standing 
3 718 398 777 507 51721 0 0 0 standing 
3 710 397 769 507 51722 0 0 1 standing 
3 703 397 761 507 51723 0 0 1 standing 
3 696 397 754 507 51724 0 0 0 standing 
3 685 398 745 506 51725 0 0 1 standing 
3 674 399 736 505 51726 0 0 1 standing 
3 664 400 727 505 51727 0 0 0 standing 
3 657 402 721 510 51728 0 0 1 standing 
3 650 405 716 515 51729 0 0 1 standing 
3 643 408 711 520 51730 0 0 0 standing 
3 632 408 701 520 51731 0 0 1 standing 
3 621 408 691 521 51732 0 0 1 standing 
3 610 409 681 522 51733 0 0 1 standing 
3 599 409 671 523 51734 0 0 1 standing 
4 756 442 809 573 51715 0 1 0 standing 
4 745 440 798 573 51716 0 1 1 blocking 
4 735 438 788 574 51717 0 1 1 blocking 
4 725 436 777 574 51718 0 1 1 blocking 
4 715 434 767 575 51719 0 1 1 blocking 
4 705 432 757 575 51720 0 1 1 blocking 
4 695 430 746 576 51721 0 1 1 blocking 
4 685 428 736 576 51722 0 1 1 blocking 
4 675 426 726 577 51723 0 1 1 blocking 
4 665 424 715 577 51724 0 1 1 blocking 
4 655 422 705 578 51725 0 1 1 blocking 
4 645 420 695 579 51726 0 1 0 blocking 
4 635 422 685 581 51727 0 1 1 blocking 
4 626 425 676 584 51728 0 1 1 blocking 
4 616 428 667 587 51729 0 1 1 blocking 
4 607 430 658 589 51730 0 1 1 blocking 
4 597 433 648 592 51731 0 1 1 blocking 
4 588 436 639 595 51732 0 1 1 blocking 
4 578 438 630 597 51733 0 1 1 blocking 
4 569 441 621 600 51734 0 1 1 blocking 
5 745 506 809 632 51715 0 1 0 blocking 
5 734 497 798 629 51716 0 1 1 blocking 
5 724 489 787 626 51717 0 1 1 blocking 
5 713 480 776 623 51718 0 1 1 blocking 
5 703 472 766 621 51719 0 1 1 blocking 
5 693 464 755 618 51720 0 1 1 blocking 
5 682 455 744 615 51721 0 1 1 blocking 
5 672 447 734 613 51722 0 1 1 blocking 
5 661 438 723 610 51723 0 1 1 blocking 
5 651 430 712 607 51724 0 1 1 blocking 
5 641 422 702 605 51725 0 1 0 blocking 
5 628 417 689 600 51726 0 1 1 blocking 
5 615 413 676 595 51727 0 1 1 blocking 
5 602 409 663 590 51728 0 1 0 blocking 
5 587 409 651 589 51729 0 1 1 blocking 
5 572 409 639 588 51730 0 1 1 blocking 
5 558 410 628 588 51731 0 1 0 blocking 
5 551 413 621 588 51732 0 1 1 blocking 
5 544 417 614 589 51733 0 1 1 blocking 
5 537 421 607 589 51734 0 1 1 blocking 
6 601 424 666 636 51715 0 1 0 blocking 
6 596 424 661 631 51716 0 1 1 spiking 
6 591 425 656 626 51717 0 1 1 spiking 
6 586 426 652 621 51718 0 1 1 spiking 
6 581 427 647 616 51719 0 1 1 spiking 
6 576 428 642 611 51720 0 1 1 spiking 
6 572 428 638 607 51721 0 1 1 spiking 
6 567 429 633 602 51722 0 1 1 spiking 
6 562 430 628 597 51723 0 1 1 spiking 
6 557 431 624 592 51724 0 1 1 spiking 
6 552 432 619 587 51725 0 1 1 spiking 
6 548 433 615 583 51726 0 1 0 spiking 
6 540 438 607 588 51727 0 1 1 spiking 
6 532 443 599 593 51728 0 1 1 spiking 
6 525 448 592 598 51729 0 1 1 spiking 
6 517 453 584 603 51730 0 1 1 spiking 
6 509 458 576 608 51731 0 1 1 spiking 
6 502 463 569 613 51732 0 1 1 spiking 
6 494 468 561 618 51733 0 1 1 spiking 
6 486 473 553 623 51734 0 1 1 spiking 
7 479 337 518 436 51715 0 0 0 spiking 
7 475 336 519 437 51716 0 0 1 moving 
7 471 336 520 439 51717 0 0 1 moving 
7 467 336 521 441 51718 0 0 0 moving 
7 461 336 520 442 51719 0 0 1 moving 
7 455 337 519 443 51720 0 0 1 moving 
7 450 338 518 445 51721 0 0 0 moving 
7 447 338 512 448 51722 0 0 1 moving 
7 445 338 506 451 51723 0 0 1 moving 
7 443 338 501 455 51724 0 0 0 moving 
7 439 338 496 455 51725 0 0 1 moving 
7 435 338 492 456 51726 0 0 1 moving 
7 431 338 488 457 51727 0 0 0 moving 
7 424 337 483 455 51728 0 0 1 moving 
7 417 337 478 453 51729 0 0 1 moving 
7 411 337 474 451 51730 0 0 0 moving 
7 404 339 467 454 51731 0 0 1 moving 
7 398 341 460 457 51732 0 0 1 moving 
7 392 344 453 461 51733 0 0 1 moving 
7 386 346 446 464 51734 0 0 1 moving 
8 514 430 562 554 51715 0 0 0 moving 
8 509 431 560 556 51716 0 0 1 standing 
8 504 432 558 558 51717 0 0 1 standing 
8 499 433 556 561 51718 0 0 0 standing 
8 495 433 551 560 51719 0 0 1 standing 
8 492 434 546 559 51720 0 0 1 standing 
8 489 435 541 558 51721 0 0 0 standing 
8 485 437 542 557 51722 0 0 1 standing 
8 481 440 544 557 51723 0 0 1 standing 
8 478 443 546 557 51724 0 0 0 standing 
8 472 448 544 560 51725 0 0 1 standing 
8 467 453 543 563 51726 0 0 1 standing 
8 462 458 542 567 51727 0 0 0 standing 
8 455 461 532 567 51728 0 0 1 standing 
8 448 464 523 567 51729 0 0 1 standing 
8 441 468 514 567 51730 0 0 0 standing 
8 431 469 503 567 51731 0 0 1 standing 
8 421 470 492 567 51732 0 0 1 standing 
8 411 472 481 568 51733 0 0 1 standing 
8 401 473 470 568 51734 0 0 1 standing 
9 491 436 550 608 51715 0 0 0 standing 
9 473 446 538 613 51716 0 0 1 standing 
9 455 456 527 618 51717 0 0 1 standing 
9 437 466 516 623 51718 0 0 0 standing 
9 424 477 503 623 51719 0 0 1 standing 
9 411 488 490 623 51720 0 0 1 standing 
9 399 499 477 623 51721 0 0 0 standing 
9 391 500 461 625 51722 0 0 1 standing 
9 383 501 445 627 51723 0 0 1 standing 
9 376 502 429 630 51724 0 0 0 standing 
9 358 504 414 630 51725 0 0 1 standing 
9 340 506 400 631 51726 0 0 1 standing 
9 322 508 386 632 51727 0 0 0 standing 
9 302 509 372 634 51728 0 0 1 standing 
9 282 510 359 636 51729 0 0 1 standing 
9 263 511 346 639 51730 0 0 0 standing 
9 250 510 333 640 51731 0 0 1 standing 
9 237 510 320 642 51732 0 0 1 standing 
9 224 510 308 643 51733 0 0 1 standing 
9 211 510 295 645 51734 0 0 1 standing 
10 302 497 391 646 51715 0 0 0 standing 
10 304 494 383 641 51716 0 0 1 moving 
10 306 492 375 637 51717 0 0 1 moving 
10 308 490 367 633 51718 0 0 0 moving 
10 306 485 362 632 51719 0 0 1 moving 
10 305 480 357 631 51720 0 0 1 moving 
10 304 476 352 631 51721 0 0 0 moving 
10 298 472 347 625 51722 0 0 1 moving 
10 292 469 343 619 51723 0 0 1 moving 
10 286 466 339 613 51724 0 0 0 moving 
10 283 466 334 609 51725 0 0 1 moving 
10 280 467 330 605 51726 0 0 1 moving 
10 277 468 326 602 51727 0 0 0 moving 
10 267 465 316 602 51728 0 0 1 moving 
10 257 462 307 603 51729 0 0 1 moving 
10 248 460 298 604 51730 0 0 0 moving 
10 241 459 294 603 51731 0 0 1 moving 
10 234 458 290 602 51732 0 0 1 moving 
10 227 457 286 601 51733 0 0 1 moving 
10 220 456 282 600 51734 0 0 1 moving 
11 236 423 289 537 51715 0 0 0 moving 
11 228 421 284 535 51716 0 0 1 standing 
11 220 420 280 534 51717 0 0 1 standing 
11 213 419 276 533 51718 0 0 0 standing 
11 202 417 268 533 51719 0 0 1 standing 
11 191 416 260 533 51720 0 0 1 standing 
11 181 415 253 534 51721 0 0 0 standing 
11 177 413 247 533 51722 0 0 1 standing 
11 174 412 241 533 51723 0 0 1 standing 
11 171 411 235 533 51724 0 0 0 standing 
11 164 410 227 532 51725 0 0 1 standing 
11 158 409 219 531 51726 0 0 1 standing 
11 152 408 211 531 51727 0 0 0 standing 
11 143 410 202 530 51728 0 0 1 standing 
11 134 413 193 530 51729 0 0 1 standing 
11 126 416 185 530 51730 0 0 0 standing 
11 119 416 179 532 51731 0 0 1 standing 
11 112 416 173 534 51732 0 0 1 standing 
11 105 416 167 536 51733 0 0 1 standing 
11 98 416 161 538 51734 0 0 1 standing 
