0 1056 419 1138 547 60580 0 0 0 standing 
0 1055 416 1133 547 60581 0 0 1 standing 
0 1055 414 1128 547 60582 0 0 1 standing 
0 1055 412 1124 547 60583 0 0 1 standing 
0 1055 410 1119 547 60584 0 0 1 standing 
0 1055 408 1114 547 60585 0 0 1 standing 
0 1055 406 1110 547 60586 0 0 0 standing 
0 1056 408 1116 546 60587 0 0 1 standing 
0 1058 410 1122 546 60588 0 0 1 standing 
0 1060 412 1128 545 60589 0 0 1 standing 
0 1062 414 1134 545 60590 0 0 1 standing 
0 1064 416 1140 544 60591 0 0 1 standing 
0 1066 418 1146 544 60592 0 0 0 standing 
0 1066 416 1145 544 60593 0 0 1 standing 
0 1066 414 1145 544 60594 0 0 1 standing 
0 1066 412 1145 544 60595 0 0 1 standing 
0 1066 410 1145 544 60596 0 0 1 standing 
0 1066 409 1145 544 60597 0 0 0 standing 
0 1067 409 1143 543 60598 0 0 1 standing 
0 1069 409 1141 543 60599 0 0 1 standing 
1 925 360 987 499 60580 0 0 0 standing 
1 919 360 983 499 60581 0 0 1 standing 
1 914 360 979 499 60582 0 0 1 standing 
1 909 360 975 499 60583 0 0 1 standing 
1 904 360 971 499 60584 0 0 1 standing 
1 899 360 967 499 60585 0 0 1 standing 
1 894 361 964 499 60586 0 0 0 standing 
1 895 361 963 499 60587 0 0 1 standing 
1 896 361 962 499 60588 0 0 1 standing 
1 897 361 961 499 60589 0 0 1 standing 
1 898 361 960 500 60590 0 0 0 standing 
1 895 362 958 500 60591 0 0 1 standing 
1 893 363 956 500 60592 0 0 1 standing 
1 891 364 955 500 60593 0 0 1 standing 
1 889 365 953 500 60594 0 0 1 standing 
1 887 366 952 500 60595 0 0 1 standing 
1 885 367 950 501 60596 0 0 1 standing 
1 883 368 949 501 60597 0 0 1 standing 
1 881 369 947 501 60598 0 0 1 standing 
1 879 370 946 501 60599 0 0 1 standing 
2 921 504 1004 653 60580 0 0 0 standing 
2 915 500 995 653 60581 0 0 1 standing 
2 909 496 986 653 60582 0 0 1 standing 
2 903 492 977 653 60583 0 0 1 standing 
2 897 488 968 653 60584 0 0 1 standing 
2 891 484 959 653 60585 0 0 1 standing 
2 886 480 950 654 60586 0 0 0 standing 
2 884 480 949 650 60587 0 0 1 standing 
2 882 480 948 647 60588 0 0 1 standing 
2 880 480 948 643 60589 0 0 1 standing 
2 878 480 947 640 60590 0 0 1 standing 
2 876 480 946 636 60591 0 0 1 standing 
2 874 480 946 633 60592 0 0 0 standing 
2 872 479 942 632 60593 0 0 1 standing 
2 870 478 939 632 60594 0 0 1 standing 
2 868 478 936 631 60595 0 0 1 standing 
2 866 477 933 631 60596 0 0 1 standing 
2 864 476 929 630 60597 0 0 1 standing 
2 862 476 926 630 60598 0 0 1 standing 
2 860 475 923 629 60599 0 0 1 standing 
3 1246 487 1277 634 60580 0 0 0 standing 
3 1241 485 1273 632 60581 0 0 1 standing 
3 1236 484 1270 631 60582 0 0 1 standing 
3 1231 483 1266 630 60583 0 0 1 standing 
3 1226 482 1263 628 60584 0 0 1 standing 
3 1221 481 1259 627 60585 0 0 1 standing 
3 1216 479 1256 626 60586 0 0 1 standing 
3 1211 478 1252 624 60587 0 0 1 standing 
3 1206 477 1249 623 60588 0 0 1 standing 
3 1201 476 1245 622 60589 0 0 1 standing 
3 1196 475 1242 621 60590 0 0 0 standing 
3 1194 475 1242 620 60591 0 0 1 standing 
3 1193 475 1242 620 60592 0 0 1 standing 
3 1192 475 1242 620 60593 0 0 1 standing 
3 1191 475 1242 620 60594 0 0 1 standing 
3 1190 475 1242 620 60595 0 0 1 standing 
3 1189 475 1242 620 60596 0 0 1 standing 
3 1188 475 1242 620 60597 0 0 1 standing 
3 1187 475 1242 620 60598 0 0 1 standing 
3 1186 475 1242 620 60599 0 0 1 standing 
4 701 396 773 511 60580 0 0 0 standing 
4 688 394 765 510 60581 0 0 1 standing 
4 676 392 757 509 60582 0 0 1 standing 
4 664 391 749 508 60583 0 0 1 standing 
4 651 389 741 507 60584 0 0 1 standing 
4 639 387 733 506 60585 0 0 1 standing 
4 627 386 725 505 60586 0 0 0 standing 
4 622 383 713 503 60587 0 0 1 standing 
4 617 380 702 501 60588 0 0 1 standing 
4 612 377 690 499 60589 0 0 1 standing 
4 608 374 679 498 60590 0 0 0 standing 
4 605 373 672 495 60591 0 0 1 standing 
4 603 372 665 493 60592 0 0 1 standing 
4 600 371 658 491 60593 0 0 1 standing 
4 598 370 652 489 60594 0 0 0 standing 
4 586 369 645 487 60595 0 0 1 standing 
4 575 368 638 486 60596 0 0 1 standing 
4 564 368 632 485 60597 0 0 1 standing 
4 553 367 625 483 60598 0 0 1 standing 
4 542 366 618 482 60599 0 0 1 standing 
5 543 413 629 513 60580 0 1 0 standing 
5 538 415 623 512 60581 0 1 1 digging 
5 533 417 617 512 60582 0 1 1 digging 
5 528 419 611 512 60583 0 1 1 digging 
5 524 422 606 512 60584 0 1 1 digging 
5 519 424 600 512 60585 0 1 1 digging 
5 514 426 594 512 60586 0 1 1 digging 
5 509 428 588 512 60587 0 1 1 digging 
5 505 431 583 512 60588 0 1 0 digging 
5 502 435 579 515 60589 0 1 1 digging 
5 500 439 575 518 60590 0 1 1 digging 
5 498 444 571 521 60591 0 1 1 digging 
5 496 448 567 525 60592 0 1 1 digging 
5 494 452 563 528 60593 0 1 1 digging 
5 492 457 560 531 60594 0 1 1 digging 
5 489 461 556 534 60595 0 1 1 digging 
5 487 465 552 538 60596 0 1 1 digging 
5 485 470 548 541 60597 0 1 1 digging 
5 483 474 544 544 60598 0 1 1 digging 
5 481 478 540 547 60599 0 1 1 digging 
6 399 468 475 577 60580 0 0 0 digging 
6 391 467 466 577 60581 0 0 1 standing 
6 384 467 457 577 60582 0 0 1 standing 
6 377 466 448 577 60583 0 0 1 standing 
6 370 466 439 578 60584 0 0 0 standing 
6 368 464 435 576 60585 0 0 1 standing 
6 366 462 431 575 60586 0 0 1 standing 
6 364 461 428 574 60587 0 0 1 standing 
6 362 459 424 573 60588 0 0 1 standing 
6 360 457 420 572 60589 0 0 1 standing 
6 359 456 417 571 60590 0 0 0 standing 
6 358 454 415 571 60591 0 0 1 standing 
6 357 453 414 571 60592 0 0 1 standing 
6 356 451 413 571 60593 0 0 1 standing 
6 355 450 412 571 60594 0 0 1 standing 
6 354 449 411 571 60595 0 0 1 standing 
6 353 447 410 571 60596 0 0 1 standing 
6 352 446 409 571 60597 0 0 1 standing 
6 351 444 408 571 60598 0 0 1 standing 
6 350 443 407 571 60599 0 0 1 standing 
7 482 499 575 627 60580 0 0 0 standing 
7 477 497 570 625 60581 0 0 1 standing 
7 472 495 565 623 60582 0 0 1 standing 
7 467 494 560 622 60583 0 0 1 standing 
7 462 492 555 620 60584 0 0 1 standing 
7 457 491 550 619 60585 0 0 0 standing 
7 458 490 551 618 60586 0 0 1 standing 
7 459 489 552 617 60587 0 0 1 standing 
7 460 488 553 616 60588 0 0 1 standing 
7 461 487 554 615 60589 0 0 1 standing 
7 463 486 556 614 60590 0 0 0 standing 
7 469 485 560 613 60591 0 0 1 standing 
7 476 485 565 612 60592 0 0 1 standing 
7 482 484 570 612 60593 0 0 1 standing 
7 489 484 575 611 60594 0 0 1 standing 
7 496 484 580 611 60595 0 0 0 standing 
7 499 483 584 610 60596 0 0 1 standing 
7 502 483 589 610 60597 0 0 1 standing 
7 505 482 594 610 60598 0 0 1 standing 
7 508 482 599 610 60599 0 0 1 standing 
8 830 392 871 574 60580 0 0 0 standing 
8 823 395 864 574 60581 0 0 1 standing 
8 817 399 858 575 60582 0 0 1 standing 
8 810 402 851 575 60583 0 0 1 standing 
8 804 406 845 576 60584 0 0 0 standing 
8 801 410 841 577 60585 0 0 1 standing 
8 798 414 838 578 60586 0 0 1 standing 
8 795 418 835 580 60587 0 0 1 standing 
8 792 422 832 581 60588 0 0 1 standing 
8 789 426 829 582 60589 0 0 1 standing 
8 786 431 826 584 60590 0 0 0 standing 
8 784 429 825 581 60591 0 0 1 standing 
8 783 427 825 578 60592 0 0 1 standing 
8 781 425 825 575 60593 0 0 1 standing 
8 780 424 825 572 60594 0 0 0 standing 
8 774 424 820 571 60595 0 0 1 standing 
8 769 425 816 570 60596 0 0 1 standing 
8 764 425 812 569 60597 0 0 1 standing 
8 758 426 807 568 60598 0 0 1 standing 
8 753 426 803 567 60599 0 0 1 standing 
9 797 441 850 584 60580 0 0 0 standing 
9 789 442 845 584 60581 0 0 1 standing 
9 782 444 841 584 60582 0 0 1 standing 
9 775 445 837 584 60583 0 0 1 standing 
9 768 447 833 585 60584 0 0 1 standing 
9 761 449 829 585 60585 0 0 1 standing 
9 754 450 825 585 60586 0 0 1 standing 
9 747 452 821 585 60587 0 0 1 standing 
9 740 454 817 586 60588 0 0 0 standing 
9 739 454 814 585 60589 0 0 1 standing 
9 739 454 812 585 60590 0 0 1 standing 
9 738 454 810 585 60591 0 0 1 standing 
9 738 454 808 585 60592 0 0 1 standing 
9 738 454 806 585 60593 0 0 0 standing 
9 734 455 800 585 60594 0 0 1 standing 
9 730 456 795 586 60595 0 0 1 standing 
9 727 457 790 587 60596 0 0 1 standing 
9 723 458 784 588 60597 0 0 1 standing 
9 720 459 779 589 60598 0 0 1 standing 
9 716 460 774 590 60599 0 0 1 standing 
10 879 439 924 572 60580 0 0 0 standing 
10 873 437 918 570 60581 0 0 1 standing 
10 867 435 912 568 60582 0 0 1 standing 
10 861 433 906 566 60583 0 0 1 standing 
10 855 431 900 564 60584 0 0 1 standing 
10 849 429 894 562 60585 0 0 1 standing 
10 843 427 888 560 60586 0 0 1 standing 
10 838 425 883 558 60587 0 0 0 standing 
10 839 426 884 559 60588 0 0 1 standing 
10 840 427 885 560 60589 0 0 1 standing 
10 841 428 886 561 60590 0 0 0 standing 
10 839 427 884 561 60591 0 0 1 standing 
10 838 426 883 561 60592 0 0 1 standing 
10 837 426 881 561 60593 0 0 1 standing 
10 835 425 880 561 60594 0 0 1 standing 
10 834 425 879 561 60595 0 0 1 standing 
10 833 424 877 561 60596 0 0 1 standing 
10 831 423 876 561 60597 0 0 1 standing 
10 830 423 874 561 60598 0 0 1 standing 
10 829 422 873 561 60599 0 0 1 standing 
11 882 465 948 599 60580 0 0 0 standing 
11 877 466 942 599 60581 0 0 1 standing 
11 873 468 937 599 60582 0 0 1 standing 
11 869 470 932 599 60583 0 0 1 standing 
11 864 471 926 599 60584 0 0 1 standing 
11 860 473 921 600 60585 0 0 1 standing 
11 856 475 916 600 60586 0 0 1 standing 
11 851 476 910 600 60587 0 0 1 standing 
11 847 478 905 600 60588 0 0 1 standing 
11 843 480 900 600 60589 0 0 1 standing 
11 839 482 895 601 60590 0 0 0 standing 
11 837 481 895 602 60591 0 0 1 standing 
11 836 481 895 603 60592 0 0 1 standing 
11 835 481 895 605 60593 0 0 1 standing 
11 833 481 896 606 60594 0 0 1 standing 
11 832 481 896 608 60595 0 0 1 standing 
11 831 481 896 609 60596 0 0 1 standing 
11 829 481 897 610 60597 0 0 1 standing 
11 828 481 897 612 60598 0 0 1 standing 
11 827 481 897 613 60599 0 0 1 standing 
