0 915 320 987 471 51835 0 1 0 spiking 
0 914 313 983 461 51836 0 1 1 spiking 
0 913 307 980 451 51837 0 1 1 spiking 
0 912 301 977 441 51838 0 1 0 spiking 
0 911 296 973 439 51839 0 1 1 spiking 
0 910 291 970 438 51840 0 1 1 spiking 
0 909 286 966 437 51841 0 1 1 spiking 
0 909 281 963 436 51842 0 1 0 spiking 
0 905 292 960 433 51843 0 1 1 spiking 
0 901 304 957 430 51844 0 1 1 spiking 
0 897 316 954 428 51845 0 1 0 spiking 
0 900 321 963 433 51846 0 1 1 spiking 
0 904 327 972 438 51847 0 1 1 spiking 
0 907 332 981 444 51848 0 1 1 spiking 
0 911 338 990 449 51849 0 1 1 spiking 
0 914 343 999 454 51850 0 1 1 spiking 
0 918 349 1008 460 51851 0 1 0 spiking 
0 926 353 1018 466 51852 0 1 1 spiking 
0 934 357 1028 473 51853 0 1 1 spiking 
0 942 361 1038 480 51854 0 1 1 spiking 
1 666 375 710 520 51835 0 1 0 spiking 
1 673 360 717 515 51836 0 1 1 blocking 
1 680 346 724 511 51837 0 1 1 blocking 
1 687 331 731 506 51838 0 1 1 blocking 
1 695 317 738 502 51839 0 1 0 blocking 
1 702 314 745 497 51840 0 1 1 blocking 
1 710 312 753 492 51841 0 1 1 blocking 
1 717 309 760 487 51842 0 1 1 blocking 
1 725 307 768 482 51843 0 1 1 blocking 
1 732 304 775 477 51844 0 1 1 blocking 
1 740 302 783 473 51845 0 1 0 blocking 
1 752 303 796 474 51846 0 1 1 blocking 
1 765 305 810 476 51847 0 1 1 blocking 
1 777 307 823 477 51848 0 1 1 blocking 
1 790 309 837 479 51849 0 1 1 blocking 
1 803 311 851 481 51850 0 1 1 blocking 
1 815 312 864 482 51851 0 1 1 blocking 
1 828 314 878 484 51852 0 1 1 blocking 
1 840 316 891 485 51853 0 1 1 blocking 
1 853 318 905 487 51854 0 1 1 blocking 
2 660 398 713 537 51835 0 1 0 blocking 
2 667 389 720 533 51836 0 1 1 blocking 
2 674 381 727 529 51837 0 1 1 blocking 
2 681 372 734 525 51838 0 1 1 blocking 
2 688 364 741 522 51839 0 1 1 blocking 
2 696 356 748 518 51840 0 1 1 blocking 
2 703 347 755 514 51841 0 1 1 blocking 
2 710 339 762 511 51842 0 1 1 blocking 
2 717 330 769 507 51843 0 1 1 blocking 
2 724 322 776 503 51844 0 1 1 blocking 
2 732 314 784 500 51845 0 1 0 blocking 
2 742 313 796 495 51846 0 1 1 blocking 
2 753 313 808 491 51847 0 1 1 blocking 
2 763 312 820 487 51848 0 1 1 blocking 
2 774 312 832 482 51849 0 1 1 blocking 
2 784 311 844 478 51850 0 1 1 blocking 
2 795 311 857 474 51851 0 1 0 blocking 
2 817 316 876 476 51852 0 1 1 blocking 
2 839 322 895 478 51853 0 1 1 blocking 
2 861 327 914 480 51854 0 1 1 blocking 
3 776 446 828 564 51835 0 0 0 blocking 
3 780 445 832 563 51836 0 0 1 standing 
3 784 444 836 563 51837 0 0 1 standing 
3 789 444 841 563 51838 0 0 0 standing 
3 795 442 846 562 51839 0 0 1 standing 
3 801 441 852 561 51840 0 0 1 standing 
3 807 440 858 561 51841 0 0 0 standing 
3 814 439 865 561 51842 0 0 1 standing 
3 822 438 873 562 51843 0 0 1 standing 
3 830 437 881 563 51844 0 0 0 standing 
3 839 435 892 562 51845 0 0 1 standing 
3 848 434 904 562 51846 0 0 1 standing 
3 857 433 916 562 51847 0 0 0 standing 
3 867 432 927 564 51848 0 0 1 standing 
3 878 431 938 566 51849 0 0 1 standing 
3 889 430 949 568 51850 0 0 0 standing 
3 906 429 965 568 51851 0 0 1 standing 
3 923 428 982 568 51852 0 0 1 standing 
3 940 428 999 569 51853 0 0 1 standing 
3 957 427 1016 569 51854 0 0 1 standing 
4 840 425 919 556 51835 0 0 0 standing 
4 845 426 921 555 51836 0 0 1 standing 
4 850 427 923 554 51837 0 0 1 standing 
4 856 429 926 553 51838 0 0 0 standing 
4 860 427 928 552 51839 0 0 1 standing 
4 864 426 930 551 51840 0 0 1 standing 
4 868 425 933 550 51841 0 0 0 standing 
4 877 425 941 547 51842 0 0 1 standing 
4 886 426 950 544 51843 0 0 1 standing 
4 895 427 959 542 51844 0 0 0 standing 
4 906 429 971 543 51845 0 0 1 standing 
4 917 431 984 545 51846 0 0 1 standing 
4 928 433 997 547 51847 0 0 0 standing 
4 937 437 1010 551 51848 0 0 1 standing 
4 946 441 1023 555 51849 0 0 1 standing 
4 955 445 1037 559 51850 0 0 0 standing 
4 972 443 1056 559 51851 0 0 1 standing 
4 990 442 1075 560 51852 0 0 1 standing 
4 1007 441 1094 561 51853 0 0 1 standing 
4 1025 440 1113 562 51854 0 0 1 standing 
5 857 511 930 651 51835 0 0 0 standing 
5 853 509 925 647 51836 0 0 1 moving 
5 849 507 920 643 51837 0 0 1 moving 
5 845 505 916 640 51838 0 0 0 moving 
5 845 504 916 639 51839 0 0 1 moving 
5 846 503 917 638 51840 0 0 1 moving 
5 847 502 918 637 51841 0 0 0 moving 
5 854 501 918 636 51842 0 0 1 moving 
5 861 500 919 636 51843 0 0 1 moving 
5 868 499 920 636 51844 0 0 0 moving 
5 867 499 927 632 51845 0 0 1 moving 
5 866 499 934 628 51846 0 0 1 moving 
5 865 499 941 624 51847 0 0 0 moving 
5 874 498 950 623 51848 0 0 1 moving 
5 883 497 960 623 51849 0 0 1 moving 
5 893 497 970 623 51850 0 0 0 moving 
5 909 496 984 623 51851 0 0 1 moving 
5 926 495 998 624 51852 0 0 1 moving 
5 942 495 1012 624 51853 0 0 1 moving 
5 959 494 1026 625 51854 0 0 1 moving 
6 962 468 1005 601 51835 0 0 0 moving 
6 959 468 1011 601 51836 0 0 1 standing 
6 956 469 1017 601 51837 0 0 1 standing 
6 953 470 1024 602 51838 0 0 0 standing 
6 957 470 1026 601 51839 0 0 1 standing 
6 962 470 1029 601 51840 0 0 1 standing 
6 967 470 1032 601 51841 0 0 0 standing 
6 972 469 1031 602 51842 0 0 1 standing 
6 977 468 1031 603 51843 0 0 1 standing 
6 983 467 1031 604 51844 0 0 0 standing 
6 990 467 1041 602 51845 0 0 1 standing 
6 997 468 1051 600 51846 0 0 1 standing 
6 1004 469 1061 598 51847 0 0 0 standing 
6 1013 472 1074 601 51848 0 0 1 standing 
6 1022 475 1088 604 51849 0 0 1 standing 
6 1032 478 1102 607 51850 0 0 0 standing 
6 1050 476 1121 606 51851 0 0 1 standing 
6 1068 474 1140 606 51852 0 0 1 standing 
6 1086 473 1159 605 51853 0 0 1 standing 
6 1104 471 1178 605 51854 0 0 1 standing 
7 980 421 1057 542 51835 0 0 0 standing 
7 987 422 1063 542 51836 0 0 1 moving 
7 995 423 1069 543 51837 0 0 1 moving 
7 1003 425 1075 544 51838 0 0 0 moving 
7 1005 421 1079 544 51839 0 0 1 moving 
7 1007 417 1083 544 51840 0 0 1 moving 
7 1010 413 1087 544 51841 0 0 0 moving 
7 1015 412 1092 543 51842 0 0 1 moving 
7 1021 411 1097 543 51843 0 0 1 moving 
7 1027 411 1103 543 51844 0 0 0 moving 
7 1035 410 1107 542 51845 0 0 1 moving 
7 1044 409 1112 541 51846 0 0 1 moving 
7 1053 409 1117 540 51847 0 0 0 moving 
7 1064 407 1122 539 51848 0 0 1 moving 
7 1075 405 1127 539 51849 0 0 1 moving 
7 1087 403 1133 539 51850 0 0 0 moving 
7 1101 405 1146 541 51851 0 0 1 moving 
7 1116 407 1160 543 51852 0 0 1 moving 
7 1131 410 1173 546 51853 0 0 1 moving 
7 1146 412 1187 548 51854 0 0 1 moving 
8 620 490 701 618 51835 0 0 0 moving 
8 621 486 700 615 51836 0 0 1 standing 
8 622 482 700 612 51837 0 0 1 standing 
8 623 479 700 610 51838 0 0 0 standing 
8 620 477 701 606 51839 0 0 1 standing 
8 618 476 702 602 51840 0 0 1 standing 
8 616 475 703 598 51841 0 0 0 standing 
8 610 476 706 596 51842 0 0 1 standing 
8 605 477 709 594 51843 0 0 1 standing 
8 600 479 712 592 51844 0 0 0 standing 
8 610 479 717 592 51845 0 0 1 standing 
8 621 480 723 592 51846 0 0 1 standing 
8 632 481 729 593 51847 0 0 0 standing 
8 644 481 736 594 51848 0 0 1 standing 
8 656 481 744 595 51849 0 0 1 standing 
8 668 482 752 596 51850 0 0 0 standing 
8 685 481 769 596 51851 0 0 1 standing 
8 702 481 786 596 51852 0 0 1 standing 
8 720 481 803 597 51853 0 0 1 standing 
8 737 481 820 597 51854 0 0 1 standing 
9 276 461 359 603 51835 0 0 0 standing 
9 284 461 371 602 51836 0 0 1 standing 
9 292 462 383 601 51837 0 0 1 standing 
9 301 463 395 601 51838 0 0 0 standing 
9 309 464 403 602 51839 0 0 1 standing 
9 317 465 411 603 51840 0 0 1 standing 
9 326 467 420 604 51841 0 0 0 standing 
9 337 467 427 602 51842 0 0 1 standing 
9 348 468 434 601 51843 0 0 1 standing 
9 359 469 442 600 51844 0 0 0 standing 
9 373 469 452 600 51845 0 0 1 standing 
9 388 469 462 600 51846 0 0 1 standing 
9 403 470 472 600 51847 0 0 0 standing 
9 416 470 486 600 51848 0 0 1 standing 
9 430 470 500 600 51849 0 0 1 standing 
9 444 470 514 601 51850 0 0 0 standing 
9 460 468 530 600 51851 0 0 1 standing 
9 477 467 547 600 51852 0 0 1 standing 
9 494 465 564 600 51853 0 0 1 standing 
9 511 464 581 600 51854 0 0 1 standing 
10 284 397 336 496 51835 0 0 0 standing 
10 290 395 341 494 51836 0 0 1 standing 
10 296 393 347 492 51837 0 0 1 standing 
10 302 391 353 490 51838 0 0 0 standing 
10 307 391 357 487 51839 0 0 1 standing 
10 312 391 361 484 51840 0 0 1 standing 
10 318 391 366 482 51841 0 0 0 standing 
10 328 389 373 482 51842 0 0 1 standing 
10 338 387 380 482 51843 0 0 1 standing 
10 349 385 388 482 51844 0 0 0 standing 
10 362 385 402 480 51845 0 0 1 standing 
10 375 385 416 478 51846 0 0 1 standing 
10 389 386 430 476 51847 0 0 0 standing 
10 402 386 443 476 51848 0 0 1 standing 
10 415 386 456 476 51849 0 0 1 standing 
10 429 386 470 476 51850 0 0 0 standing 
10 447 387 489 476 51851 0 0 1 standing 
10 465 388 508 476 51852 0 0 1 standing 
10 483 389 527 476 51853 0 0 1 standing 
10 501 390 546 476 51854 0 0 1 standing 
11 176 448 235 570 51835 0 0 0 standing 
11 181 448 244 569 51836 0 0 1 standing 
11 186 448 253 568 51837 0 0 1 standing 
11 192 449 263 568 51838 0 0 0 standing 
11 202 446 272 567 51839 0 0 1 standing 
11 212 443 282 567 51840 0 0 1 standing 
11 222 441 292 567 51841 0 0 0 standing 
11 240 440 302 565 51842 0 0 1 standing 
11 258 439 312 564 51843 0 0 1 standing 
11 276 439 323 563 51844 0 0 0 standing 
11 293 439 339 561 51845 0 0 1 standing 
11 310 439 356 559 51846 0 0 1 standing 
11 327 439 373 558 51847 0 0 0 standing 
11 343 439 390 556 51848 0 0 1 standing 
11 360 439 407 554 51849 0 0 1 standing 
11 377 440 424 553 51850 0 0 0 standing 
11 396 438 442 553 51851 0 0 1 standing 
11 415 437 461 553 51852 0 0 1 standing 
11 434 436 480 553 51853 0 0 1 standing 
11 453 435 499 553 51854 0 0 1 standing 
