0 406 458 483 572 93600 0 1 0 moving 
0 405 456 483 570 93601 0 1 1 moving 
0 405 455 483 568 93602 0 1 1 moving 
0 404 453 483 567 93603 0 1 1 moving 
0 404 452 483 565 93604 0 1 1 moving 
0 403 450 483 564 93605 0 1 1 moving 
0 403 449 483 562 93606 0 1 1 moving 
0 402 447 483 560 93607 0 1 1 moving 
0 402 446 483 559 93608 0 1 1 moving 
0 401 444 483 557 93609 0 1 1 moving 
0 401 443 483 556 93610 0 1 0 moving 
0 399 440 478 555 93611 0 1 1 moving 
0 397 437 474 554 93612 0 1 1 moving 
0 395 434 469 553 93613 0 1 1 moving 
0 393 432 465 552 93614 0 1 1 moving 
0 392 429 460 551 93615 0 1 1 moving 
0 390 426 456 550 93616 0 1 1 moving 
0 388 424 451 549 93617 0 1 1 moving 
0 386 421 447 548 93618 0 1 1 moving 
0 384 418 442 547 93619 0 1 1 moving 
1 528 359 606 469 93600 0 1 0 moving 
1 532 359 606 468 93601 0 1 1 moving 
1 537 359 607 468 93602 0 1 1 moving 
1 541 359 607 468 93603 0 1 1 moving 
1 546 359 608 468 93604 0 1 1 moving 
1 551 359 609 468 93605 0 1 0 moving 
1 548 359 610 468 93606 0 1 1 moving 
1 545 360 611 469 93607 0 1 1 moving 
1 542 360 612 469 93608 0 1 1 moving 
1 539 361 613 470 93609 0 1 1 moving 
1 536 362 614 471 93610 0 1 0 moving 
1 538 362 610 471 93611 0 1 1 moving 
1 541 362 606 471 93612 0 1 1 moving 
1 543 362 602 471 93613 0 1 1 moving 
1 546 362 598 471 93614 0 1 0 moving 
1 540 362 596 471 93615 0 1 1 moving 
1 535 363 595 472 93616 0 1 1 moving 
1 529 363 594 472 93617 0 1 1 moving 
1 524 364 593 473 93618 0 1 1 moving 
1 518 364 592 473 93619 0 1 1 moving 
2 717 441 786 571 93600 0 1 0 moving 
2 713 439 781 570 93601 0 1 1 setting 
2 709 437 777 570 93602 0 1 1 setting 
2 705 436 773 570 93603 0 1 1 setting 
2 701 434 769 570 93604 0 1 1 setting 
2 698 433 765 570 93605 0 1 0 setting 
2 689 431 756 570 93606 0 1 1 setting 
2 680 429 747 570 93607 0 1 1 setting 
2 672 427 738 571 93608 0 1 1 setting 
2 663 425 729 571 93609 0 1 1 setting 
2 655 424 720 572 93610 0 1 0 setting 
2 640 427 705 572 93611 0 1 1 setting 
2 625 430 690 573 93612 0 1 1 setting 
2 610 433 675 574 93613 0 1 1 setting 
2 595 436 660 575 93614 0 1 1 setting 
2 580 439 645 576 93615 0 1 1 setting 
2 565 442 630 577 93616 0 1 1 setting 
2 550 445 615 578 93617 0 1 1 setting 
2 535 448 600 579 93618 0 1 1 setting 
2 520 451 585 580 93619 0 1 1 setting 
3 743 425 814 539 93600 0 1 0 setting 
3 740 425 805 539 93601 0 1 1 setting 
3 738 425 796 540 93602 0 1 1 setting 
3 735 426 788 540 93603 0 1 1 setting 
3 733 426 779 541 93604 0 1 1 setting 
3 731 427 771 542 93605 0 1 0 setting 
3 720 417 765 539 93606 0 1 1 setting 
3 709 408 759 536 93607 0 1 1 setting 
3 698 398 753 533 93608 0 1 1 setting 
3 687 389 747 530 93609 0 1 1 setting 
3 676 380 742 528 93610 0 1 0 setting 
3 667 379 733 525 93611 0 1 1 setting 
3 658 378 724 523 93612 0 1 1 setting 
3 649 378 715 520 93613 0 1 1 setting 
3 640 377 706 518 93614 0 1 1 setting 
3 631 377 697 515 93615 0 1 1 setting 
3 622 376 688 513 93616 0 1 1 setting 
3 613 375 679 510 93617 0 1 1 setting 
3 604 375 670 508 93618 0 1 1 setting 
3 595 374 661 505 93619 0 1 1 setting 
4 538 469 602 611 93600 0 0 0 setting 
4 540 468 603 610 93601 0 0 1 standing 
4 542 467 605 609 93602 0 0 1 standing 
4 544 466 607 609 93603 0 0 1 standing 
4 547 466 608 608 93604 0 0 1 standing 
4 549 465 610 608 93605 0 0 1 standing 
4 551 464 612 607 93606 0 0 1 standing 
4 554 464 613 606 93607 0 0 1 standing 
4 556 463 615 606 93608 0 0 1 standing 
4 558 462 617 605 93609 0 0 1 standing 
4 561 462 619 605 93610 0 0 0 standing 
4 559 461 616 604 93611 0 0 1 standing 
4 557 461 613 603 93612 0 0 1 standing 
4 555 460 610 603 93613 0 0 1 standing 
4 553 460 607 602 93614 0 0 1 standing 
4 551 460 604 602 93615 0 0 1 standing 
4 549 459 601 601 93616 0 0 1 standing 
4 547 459 598 600 93617 0 0 1 standing 
4 545 458 595 600 93618 0 0 1 standing 
4 543 458 592 599 93619 0 0 1 standing 
5 555 477 636 554 93600 0 0 0 standing 
5 552 474 629 554 93601 0 0 1 falling 
5 549 471 623 554 93602 0 0 1 falling 
5 546 469 616 554 93603 0 0 1 falling 
5 543 466 610 554 93604 0 0 1 falling 
5 541 464 604 554 93605 0 0 0 falling 
5 535 461 597 555 93606 0 0 1 falling 
5 529 459 590 556 93607 0 0 1 falling 
5 523 457 584 557 93608 0 0 1 falling 
5 517 455 577 558 93609 0 0 1 falling 
5 512 453 571 560 93610 0 0 0 falling 
5 501 451 560 560 93611 0 0 1 falling 
5 491 450 550 560 93612 0 0 1 falling 
5 481 448 539 560 93613 0 0 1 falling 
5 470 447 529 560 93614 0 0 1 falling 
5 460 445 518 561 93615 0 0 1 falling 
5 450 444 508 561 93616 0 0 1 falling 
5 439 442 497 561 93617 0 0 1 falling 
5 429 441 487 561 93618 0 0 1 falling 
5 419 439 476 561 93619 0 0 1 falling 
6 908 440 968 594 93600 0 0 0 falling 
6 910 439 968 594 93601 0 0 1 standing 
6 912 438 968 595 93602 0 0 1 standing 
6 914 438 968 595 93603 0 0 1 standing 
6 916 437 968 596 93604 0 0 1 standing 
6 918 437 969 597 93605 0 0 0 standing 
6 917 435 966 596 93606 0 0 1 standing 
6 916 433 963 595 93607 0 0 1 standing 
6 915 431 961 595 93608 0 0 1 standing 
6 914 429 958 594 93609 0 0 1 standing 
6 914 427 956 594 93610 0 0 0 standing 
6 908 431 950 594 93611 0 0 1 standing 
6 903 435 945 594 93612 0 0 1 standing 
6 898 439 940 594 93613 0 0 1 standing 
6 893 444 935 594 93614 0 0 1 standing 
6 888 448 930 594 93615 0 0 1 standing 
6 883 452 924 594 93616 0 0 1 standing 
6 878 457 919 594 93617 0 0 1 standing 
6 873 461 914 594 93618 0 0 1 standing 
6 868 465 909 594 93619 0 0 1 standing 
7 876 409 916 549 93600 0 0 0 standing 
7 873 410 913 549 93601 0 0 1 standing 
7 870 411 910 550 93602 0 0 1 standing 
7 867 412 907 550 93603 0 0 1 standing 
7 864 413 904 551 93604 0 0 1 standing 
7 861 415 901 552 93605 0 0 0 standing 
7 854 414 894 551 93606 0 0 1 standing 
7 847 413 887 551 93607 0 0 1 standing 
7 840 413 880 550 93608 0 0 1 standing 
7 833 412 873 550 93609 0 0 1 standing 
7 826 412 866 550 93610 0 0 0 standing 
7 814 412 856 548 93611 0 0 1 standing 
7 803 413 847 547 93612 0 0 1 standing 
7 791 414 837 546 93613 0 0 1 standing 
7 780 414 828 545 93614 0 0 1 standing 
7 769 415 818 544 93615 0 0 1 standing 
7 757 416 809 543 93616 0 0 1 standing 
7 746 416 799 542 93617 0 0 1 standing 
7 734 417 790 541 93618 0 0 1 standing 
7 723 418 780 540 93619 0 0 1 standing 
8 876 365 916 501 93600 0 0 0 standing 
8 870 365 910 501 93601 0 0 1 standing 
8 864 366 904 502 93602 0 0 1 standing 
8 858 366 898 503 93603 0 0 1 standing 
8 852 367 892 504 93604 0 0 1 standing 
8 846 368 887 505 93605 0 0 0 standing 
8 837 367 878 504 93606 0 0 1 standing 
8 829 366 870 503 93607 0 0 1 standing 
8 821 366 861 503 93608 0 0 1 standing 
8 813 365 853 502 93609 0 0 1 standing 
8 805 365 845 502 93610 0 0 0 standing 
8 795 365 835 500 93611 0 0 1 standing 
8 786 366 826 499 93612 0 0 1 standing 
8 776 366 816 497 93613 0 0 1 standing 
8 767 367 807 496 93614 0 0 1 standing 
8 758 367 798 495 93615 0 0 1 standing 
8 748 368 788 493 93616 0 0 1 standing 
8 739 368 779 492 93617 0 0 1 standing 
8 729 369 769 490 93618 0 0 1 standing 
8 720 369 760 489 93619 0 0 1 standing 
9 1013 470 1088 591 93600 0 0 0 standing 
9 1015 468 1087 591 93601 0 0 1 standing 
9 1018 467 1086 591 93602 0 0 1 standing 
9 1021 466 1086 592 93603 0 0 1 standing 
9 1024 465 1085 592 93604 0 0 1 standing 
9 1027 464 1085 593 93605 0 0 0 standing 
9 1024 464 1083 594 93606 0 0 1 standing 
9 1021 464 1081 596 93607 0 0 1 standing 
9 1018 464 1079 597 93608 0 0 1 standing 
9 1015 464 1077 599 93609 0 0 1 standing 
9 1012 464 1075 601 93610 0 0 0 standing 
9 1006 462 1068 599 93611 0 0 1 standing 
9 1001 461 1062 598 93612 0 0 1 standing 
9 995 460 1055 596 93613 0 0 1 standing 
9 990 459 1049 595 93614 0 0 1 standing 
9 985 458 1042 594 93615 0 0 1 standing 
9 979 456 1036 592 93616 0 0 1 standing 
9 974 455 1029 591 93617 0 0 1 standing 
9 968 454 1023 589 93618 0 0 1 standing 
9 963 453 1016 588 93619 0 0 1 standing 
10 1049 427 1090 546 93600 0 0 0 standing 
10 1045 427 1091 546 93601 0 0 1 standing 
10 1041 428 1092 547 93602 0 0 1 standing 
10 1037 429 1093 548 93603 0 0 1 standing 
10 1033 430 1094 549 93604 0 0 1 standing 
10 1030 431 1095 550 93605 0 0 0 standing 
10 1032 429 1092 548 93606 0 0 1 standing 
10 1034 428 1089 547 93607 0 0 1 standing 
10 1036 426 1086 545 93608 0 0 1 standing 
10 1038 425 1083 544 93609 0 0 1 standing 
10 1040 424 1081 543 93610 0 0 0 standing 
10 1034 422 1075 540 93611 0 0 1 standing 
10 1029 421 1069 538 93612 0 0 1 standing 
10 1023 419 1064 536 93613 0 0 1 standing 
10 1018 418 1058 533 93614 0 0 1 standing 
10 1012 416 1053 531 93615 0 0 1 standing 
10 1007 415 1047 529 93616 0 0 1 standing 
10 1001 413 1041 526 93617 0 0 1 standing 
10 996 412 1036 524 93618 0 0 1 standing 
10 990 410 1030 522 93619 0 0 1 standing 
11 1004 398 1066 513 93600 0 0 0 standing 
11 1002 393 1064 511 93601 0 0 1 standing 
11 1000 389 1063 510 93602 0 0 1 standing 
11 998 385 1061 508 93603 0 0 1 standing 
11 996 381 1060 507 93604 0 0 1 standing 
11 995 377 1059 506 93605 0 0 0 standing 
11 992 375 1056 507 93606 0 0 1 standing 
11 989 374 1053 509 93607 0 0 1 standing 
11 986 373 1050 510 93608 0 0 1 standing 
11 983 372 1047 512 93609 0 0 1 standing 
11 980 371 1045 514 93610 0 0 0 standing 
11 972 373 1037 513 93611 0 0 1 standing 
11 964 375 1029 513 93612 0 0 1 standing 
11 956 377 1021 513 93613 0 0 1 standing 
11 948 379 1013 512 93614 0 0 1 standing 
11 940 381 1005 512 93615 0 0 1 standing 
11 932 383 997 512 93616 0 0 1 standing 
11 924 385 989 511 93617 0 0 1 standing 
11 916 387 981 511 93618 0 0 1 standing 
11 908 389 973 511 93619 0 0 1 standing 
