0 589 389 647 493 96805 0 1 0 setting 
0 598 382 656 490 96806 0 1 1 setting 
0 607 375 665 488 96807 0 1 1 setting 
0 616 368 674 485 96808 0 1 1 setting 
0 625 362 683 483 96809 0 1 1 setting 
0 635 355 692 481 96810 0 1 1 setting 
0 644 348 701 478 96811 0 1 1 setting 
0 653 342 710 476 96812 0 1 1 setting 
0 662 335 719 473 96813 0 1 1 setting 
0 671 328 728 471 96814 0 1 1 setting 
0 681 322 737 469 96815 0 1 0 setting 
0 689 322 746 469 96816 0 1 1 setting 
0 697 323 756 470 96817 0 1 1 setting 
0 706 323 765 470 96818 0 1 1 setting 
0 714 324 775 471 96819 0 1 1 setting 
0 723 325 785 472 96820 0 1 1 setting 
0 731 325 794 472 96821 0 1 1 setting 
0 739 326 804 473 96822 0 1 1 setting 
0 748 326 813 473 96823 0 1 1 setting 
0 756 327 823 474 96824 0 1 1 setting 
1 648 346 715 460 96805 0 1 0 setting 
1 647 346 713 460 96806 0 1 1 moving 
1 647 347 712 461 96807 0 1 1 moving 
1 647 348 710 461 96808 0 1 1 moving 
1 646 349 709 462 96809 0 1 1 moving 
1 646 350 708 463 96810 0 1 1 moving 
1 646 350 706 463 96811 0 1 1 moving 
1 645 351 705 464 96812 0 1 1 moving 
1 645 352 703 464 96813 0 1 1 moving 
1 645 353 702 465 96814 0 1 1 moving 
1 645 354 701 466 96815 0 1 0 moving 
1 646 348 701 466 96816 0 1 1 moving 
1 647 343 702 466 96817 0 1 1 moving 
1 648 338 703 466 96818 0 1 1 moving 
1 649 333 704 466 96819 0 1 1 moving 
1 650 328 705 466 96820 0 1 1 moving 
1 651 323 706 466 96821 0 1 1 moving 
1 652 318 707 466 96822 0 1 1 moving 
1 653 313 708 466 96823 0 1 1 moving 
1 654 308 709 466 96824 0 1 1 moving 
2 869 521 947 670 96805 0 1 0 moving 
2 870 522 950 670 96806 0 1 1 moving 
2 871 523 953 670 96807 0 1 1 moving 
2 872 524 956 670 96808 0 1 1 moving 
2 873 526 960 671 96809 0 1 1 moving 
2 874 527 963 671 96810 0 1 1 moving 
2 875 528 966 671 96811 0 1 1 moving 
2 876 530 970 672 96812 0 1 1 moving 
2 877 531 973 672 96813 0 1 1 moving 
2 878 532 976 672 96814 0 1 1 moving 
2 880 534 980 673 96815 0 1 0 moving 
2 877 534 976 673 96816 0 1 1 moving 
2 874 535 972 674 96817 0 1 1 moving 
2 871 536 968 675 96818 0 1 1 moving 
2 868 537 964 676 96819 0 1 1 moving 
2 865 538 960 677 96820 0 1 1 moving 
2 862 538 956 677 96821 0 1 1 moving 
2 859 539 952 678 96822 0 1 1 moving 
2 856 540 948 679 96823 0 1 1 moving 
2 853 541 944 680 96824 0 1 1 moving 
3 423 449 496 602 96805 0 0 0 moving 
3 426 447 499 600 96806 0 0 1 standing 
3 430 446 503 599 96807 0 0 1 standing 
3 434 445 507 598 96808 0 0 0 standing 
3 439 444 512 598 96809 0 0 1 standing 
3 444 444 517 598 96810 0 0 1 standing 
3 449 444 523 598 96811 0 0 0 standing 
3 453 444 527 598 96812 0 0 1 standing 
3 457 444 532 598 96813 0 0 1 standing 
3 461 445 537 599 96814 0 0 0 standing 
3 464 444 539 598 96815 0 0 1 standing 
3 467 444 541 598 96816 0 0 1 standing 
3 471 444 543 598 96817 0 0 0 standing 
3 475 447 547 597 96818 0 0 1 standing 
3 480 450 552 597 96819 0 0 1 standing 
3 485 454 557 597 96820 0 0 0 standing 
3 491 456 560 596 96821 0 0 1 standing 
3 497 458 563 596 96822 0 0 1 standing 
3 504 460 566 596 96823 0 0 1 standing 
3 510 462 569 596 96824 0 0 1 standing 
4 429 421 487 554 96805 0 0 0 standing 
4 435 418 493 551 96806 0 0 1 standing 
4 441 416 500 549 96807 0 0 1 standing 
4 448 414 507 547 96808 0 0 0 standing 
4 452 413 512 546 96809 0 0 1 standing 
4 456 413 517 546 96810 0 0 1 standing 
4 461 413 522 546 96811 0 0 0 standing 
4 464 413 525 546 96812 0 0 1 standing 
4 467 413 528 546 96813 0 0 1 standing 
4 470 413 531 546 96814 0 0 0 standing 
4 474 413 535 546 96815 0 0 1 standing 
4 478 414 539 547 96816 0 0 1 standing 
4 482 415 543 548 96817 0 0 0 standing 
4 486 419 547 552 96818 0 0 1 standing 
4 490 423 551 556 96819 0 0 1 standing 
4 494 428 555 561 96820 0 0 0 standing 
4 500 429 559 560 96821 0 0 1 standing 
4 507 430 564 559 96822 0 0 1 standing 
4 514 432 569 559 96823 0 0 1 standing 
4 521 433 574 558 96824 0 0 1 standing 
5 851 391 928 511 96805 0 0 0 standing 
5 857 393 931 513 96806 0 0 1 moving 
5 863 395 934 515 96807 0 0 1 moving 
5 870 397 938 518 96808 0 0 0 moving 
5 872 401 943 520 96809 0 0 1 moving 
5 875 405 949 522 96810 0 0 1 moving 
5 878 409 955 525 96811 0 0 0 moving 
5 877 410 955 526 96812 0 0 1 moving 
5 876 411 956 527 96813 0 0 1 moving 
5 876 412 957 529 96814 0 0 0 moving 
5 878 413 954 529 96815 0 0 1 moving 
5 881 414 951 530 96816 0 0 1 moving 
5 884 415 948 531 96817 0 0 0 moving 
5 882 415 948 530 96818 0 0 1 moving 
5 881 415 948 530 96819 0 0 1 moving 
5 880 415 949 530 96820 0 0 0 moving 
5 876 414 950 532 96821 0 0 1 moving 
5 873 414 951 534 96822 0 0 1 moving 
5 870 413 952 536 96823 0 0 1 moving 
5 867 413 953 538 96824 0 0 1 moving 
6 853 447 920 553 96805 0 0 0 moving 
6 851 446 921 552 96806 0 0 1 moving 
6 849 446 922 552 96807 0 0 1 moving 
6 847 446 923 552 96808 0 0 0 moving 
6 845 443 922 551 96809 0 0 1 moving 
6 843 441 922 551 96810 0 0 1 moving 
6 842 439 922 551 96811 0 0 0 moving 
6 844 439 918 550 96812 0 0 1 moving 
6 846 439 914 550 96813 0 0 1 moving 
6 848 439 911 550 96814 0 0 0 moving 
6 844 437 906 554 96815 0 0 1 moving 
6 840 436 902 558 96816 0 0 1 moving 
6 836 435 898 563 96817 0 0 0 moving 
6 833 435 897 562 96818 0 0 1 moving 
6 831 435 897 562 96819 0 0 1 moving 
6 829 435 897 562 96820 0 0 0 moving 
6 827 437 892 563 96821 0 0 1 moving 
6 826 439 887 564 96822 0 0 1 moving 
6 824 442 882 565 96823 0 0 1 moving 
6 823 444 877 566 96824 0 0 1 moving 
7 922 339 1000 454 96805 0 0 0 moving 
7 922 342 999 454 96806 0 0 1 moving 
7 922 345 999 454 96807 0 0 1 moving 
7 922 349 999 454 96808 0 0 0 moving 
7 918 348 992 454 96809 0 0 1 moving 
7 914 347 985 454 96810 0 0 1 moving 
7 911 347 979 454 96811 0 0 0 moving 
7 910 347 977 455 96812 0 0 1 moving 
7 909 347 975 456 96813 0 0 1 moving 
7 909 348 974 457 96814 0 0 1 moving 
7 908 348 972 458 96815 0 0 1 moving 
7 907 348 970 459 96816 0 0 1 moving 
7 907 349 969 460 96817 0 0 0 moving 
7 905 350 964 460 96818 0 0 1 moving 
7 904 352 959 460 96819 0 0 1 moving 
7 903 354 954 460 96820 0 0 0 moving 
7 902 354 956 460 96821 0 0 1 moving 
7 902 354 958 461 96822 0 0 1 moving 
7 901 355 961 461 96823 0 0 1 moving 
7 901 355 963 462 96824 0 0 1 moving 
8 432 391 491 522 96805 0 0 0 moving 
8 437 391 496 522 96806 0 0 1 standing 
8 442 391 501 522 96807 0 0 1 standing 
8 448 391 507 522 96808 0 0 0 standing 
8 451 390 510 520 96809 0 0 1 standing 
8 454 389 513 518 96810 0 0 1 standing 
8 458 388 517 517 96811 0 0 0 standing 
8 464 388 523 517 96812 0 0 1 standing 
8 470 388 530 517 96813 0 0 1 standing 
8 476 388 537 517 96814 0 0 0 standing 
8 479 388 540 517 96815 0 0 1 standing 
8 482 388 543 517 96816 0 0 1 standing 
8 486 389 547 517 96817 0 0 0 standing 
8 491 388 548 516 96818 0 0 1 standing 
8 497 387 549 515 96819 0 0 1 standing 
8 503 387 551 514 96820 0 0 0 standing 
8 508 388 556 515 96821 0 0 1 standing 
8 513 389 561 516 96822 0 0 1 standing 
8 519 391 567 518 96823 0 0 1 standing 
8 524 392 572 519 96824 0 0 1 standing 
9 133 501 226 630 96805 0 0 0 standing 
9 134 501 227 629 96806 0 0 1 waiting 
9 136 501 229 629 96807 0 0 1 waiting 
9 138 501 231 629 96808 0 0 0 waiting 
9 141 503 234 629 96809 0 0 1 waiting 
9 145 505 237 629 96810 0 0 1 waiting 
9 149 508 241 630 96811 0 0 0 waiting 
9 152 507 244 630 96812 0 0 1 waiting 
9 156 507 248 630 96813 0 0 1 waiting 
9 160 507 252 630 96814 0 0 0 waiting 
9 163 507 251 630 96815 0 0 1 waiting 
9 166 507 250 630 96816 0 0 1 waiting 
9 169 507 250 630 96817 0 0 0 waiting 
9 170 506 252 630 96818 0 0 1 waiting 
9 171 505 254 631 96819 0 0 1 waiting 
9 173 505 256 632 96820 0 0 0 waiting 
9 176 505 257 633 96821 0 0 1 waiting 
9 179 505 259 634 96822 0 0 1 waiting 
9 183 506 260 635 96823 0 0 1 waiting 
9 186 506 262 636 96824 0 0 1 waiting 
10 166 407 230 519 96805 0 0 0 waiting 
10 171 405 235 518 96806 0 0 1 waiting 
10 176 403 240 518 96807 0 0 1 waiting 
10 182 402 245 518 96808 0 0 0 waiting 
10 187 402 250 518 96809 0 0 1 waiting 
10 193 403 256 518 96810 0 0 1 waiting 
10 199 404 262 518 96811 0 0 0 waiting 
10 201 402 267 517 96812 0 0 1 waiting 
10 204 401 272 516 96813 0 0 1 waiting 
10 207 400 277 516 96814 0 0 0 waiting 
10 210 400 278 515 96815 0 0 1 waiting 
10 214 400 280 515 96816 0 0 1 waiting 
10 218 400 282 515 96817 0 0 0 waiting 
10 223 399 286 516 96818 0 0 1 waiting 
10 228 398 291 517 96819 0 0 1 waiting 
10 233 398 296 518 96820 0 0 0 waiting 
10 238 398 300 517 96821 0 0 1 waiting 
10 243 399 305 517 96822 0 0 1 waiting 
10 248 399 310 517 96823 0 0 1 waiting 
10 253 400 315 517 96824 0 0 1 waiting 
11 19 446 83 589 96805 0 0 0 waiting 
11 21 445 85 588 96806 0 0 1 standing 
11 23 445 87 588 96807 0 0 1 standing 
11 26 445 90 588 96808 0 0 0 standing 
11 27 444 91 587 96809 0 0 1 standing 
11 29 443 93 586 96810 0 0 1 standing 
11 31 443 95 586 96811 0 0 0 standing 
11 34 443 98 586 96812 0 0 1 standing 
11 38 443 102 586 96813 0 0 1 standing 
11 42 443 106 586 96814 0 0 0 standing 
11 43 441 107 585 96815 0 0 1 standing 
11 44 439 108 584 96816 0 0 1 standing 
11 46 438 109 583 96817 0 0 0 standing 
11 46 437 105 582 96818 0 0 1 standing 
11 46 436 101 581 96819 0 0 1 standing 
11 46 435 98 580 96820 0 0 0 standing 
11 47 435 99 579 96821 0 0 1 standing 
11 49 435 101 578 96822 0 0 1 standing 
11 50 435 102 578 96823 0 0 1 standing 
11 52 435 104 577 96824 0 0 1 standing 
